3.5,0,"[0.00564, 0.00144, 0.01929, 0.00323, 0.00357, 0.00475, 0.01441, 0.05422, 0.00524, 0.00532, 0.00541, 0.00555, 0.01126, 0.00597, 0.01839, 0.0312, 0.00663, 0.00671, 0.00709, 0.02323, 0.00786, 0.0079, 0.016, 0.0082, 0.00848, 0.01716, 0.01728, 0.0087, 0.00882, 0.00882, 0.00898, 0.01805, 0.00927, 0.00935, 0.01004, 0.08172, 0.01032, 0.01053, 0.01061, 0.01067, 0.05474, 0.04403, 0.05505, 0.07715, 0.01118, 0.02308, 0.05792]","[]","[]",47,0
3.5,1,"[0.00054, 0.00148, 0.00469, 0.00579, 0.00312, 0.00356, 0.00792, 0.07943, 0.01368, 0.00468, 0.00492, 0.00502, 0.01689, 0.02365, 0.00619, 0.00663, 0.02722, 0.02793, 0.01412, 0.03531, 0.03154, 0.07518, 0.00852, 0.01745, 0.00875, 0.03552, 0.04499, 0.00901, 0.00959, 0.0097, 0.00981, 0.00994, 0.00999, 0.03064, 0.01042, 0.01084, 0.06859, 0.00306, 0.00195, 0.02721, 0.00249, 0.00926]","[0.38186]","[37]",42,1
3.5,2,"[0.0031, 0.00627, 0.00328, 0.00744, 0.00748, 0.01577, 0.0847, 0.00538, 0.00561, 0.01241, 0.00624, 0.00715, 0.00729, 0.05196, 0.01497, 0.01565, 0.01594, 0.00797, 0.00812, 0.05919, 0.00846, 0.04388, 0.00268, 0.03073, 0.00567, 0.0032, 0.01176, 0.00427, 0.005, 0.00552, 0.01127, 0.01773, 0.00596, 0.07163, 0.00072, 0.01402, 0.00379, 0.01628, 0.02255, 0.03444, 0.03074, 0.00694, 0.00129, 0.01722, 0.00528, 0.01395, 0.01806, 0.00769, 0.00459, 0.0049, 0.00516, 0.00534, 0.00534, 0.02278, 0.01731, 0.00586, 0.00588, 0.00597, 0.00637, 0.00656, 0.00665, 0.02001, 0.00672, 0.00678, 0.00686, 0.02761, 0.00717, 0.00745, 0.01519, 0.02454, 0.00828, 0.0091, 0.00933, 0.0096, 0.00979, 0.00984, 0.02089, 0.04194, 0.01052]","[0.3368, 0.25028, 0.32252]","[21, 13, 8]",79,3
3.5,3,"[0.00095, 0.00232, 0.00982, 0.00309, 0.01547, 0.00649, 0.00346, 0.01267, 0.01719, 0.02287, 0.00492, 0.00588, 0.00592, 0.04388, 0.00268, 0.03073, 0.00567, 0.0032, 0.01176, 0.00427, 0.005, 0.00552, 0.01127, 0.01773, 0.00596, 0.07163, 0.00289, 0.02562, 0.00925, 0.00474, 0.00498, 0.03255, 0.06073, 0.00713, 0.0153, 0.00769, 0.00254, 0.01502, 0.00642, 0.00757, 0.00398, 0.01231, 0.03451, 0.01379, 0.01892, 0.00474, 0.00503, 0.01161, 0.024, 0.00601, 0.00616, 0.00677, 0.02137, 0.02855, 0.08813, 0.00819, 0.00866, 0.03501, 0.04492, 0.0183, 0.00934, 0.00949, 0.00955, 0.04837, 0.00021, 0.01923, 0.00303, 0.03156, 0.01833, 0.0046, 0.0049, 0.01, 0.00524, 0.00579, 0.01164, 0.01406, 0.01491]","[0.3094, 0.25794, 0.25311, 0.21417]","[13, 13, 10, 28]",77,4
3.5,4,"[0.00364, 0.01871, 0.00356, 0.02623, 0.00426, 0.00487, 0.0272, 0.00559, 0.00577, 0.02318, 0.006, 0.0061, 0.03099, 0.01254, 0.03809, 0.00636, 0.00659, 0.01333, 0.00794, 0.01612, 0.0166, 0.00889, 0.00919, 0.04777, 0.00963, 0.06813, 0.00361, 0.00198, 0.00505, 0.02521, 0.006, 0.01895, 0.00661, 0.00686, 0.06979, 0.00815, 0.00839, 0.00869, 0.00883, 0.09114, 0.00914, 0.02093, 0.01065, 0.05431, 0.03272, 0.01095, 0.01098, 0.01137, 0.0002, 0.00191, 0.01426, 0.00165, 0.00669, 0.0206, 0.0128, 0.01549, 0.01168]","[0.31603, 0.25127]","[26, 22]",57,2
3.5,5,"[0.003, 0.03788, 0.00322, 0.00454, 0.04742, 0.00622, 0.0252, 0.04452, 0.0387, 0.00725, 0.00766, 0.00766, 0.00815, 0.00834, 0.01705, 0.00872, 0.00876, 0.09819, 0.06283, 0.01806, 0.00908, 0.03664, 0.01007, 0.01009, 0.00254, 0.01502, 0.00642, 0.00757, 0.00398, 0.01231, 0.03451, 0.01379, 0.01892, 0.00474, 0.00503, 0.01161, 0.024, 0.00601, 0.00616, 0.00677, 0.02137, 0.02855, 0.08813, 0.00819, 0.02094, 0.04388, 0.01174, 0.00244, 0.00254, 0.01118, 0.00421, 0.00511, 0.00512, 0.00533, 0.03265, 0.00594, 0.0127, 0.00638, 0.05392, 0.00677, 0.02062, 0.00319, 0.00118, 0.00552]","[0.24326, 0.22923, 0.23869]","[24, 20, 17]",64,3
3.5,6,"[0.00163, 0.01333, 0.00431, 0.04383, 0.00451, 0.00465, 0.00474, 0.07838, 0.01049, 0.0273, 0.01117, 0.01183, 0.00656, 0.01373, 0.00692, 0.0144, 0.00736, 0.00744, 0.06108, 0.02387, 0.03995, 0.01612, 0.00806, 0.00841, 0.0179, 0.02704, 0.02908, 0.00983, 0.00992, 0.00995, 0.01032, 0.01046, 0.01106, 0.05538, 0.02228, 0.01119, 0.00153, 0.002, 0.00272, 0.00334, 0.00475, 0.01558, 0.0053, 0.05456, 0.01246, 0.07166, 0.02697, 0.02778, 0.00758, 0.00768, 0.00822, 0.00823, 0.0437]","[0.20585]","[36]",53,1
3.5,7,"[0.04413, 0.00923, 0.00268, 0.03033, 0.00406, 0.01273, 0.00471, 0.01455, 0.0054, 0.04991, 0.02545, 0.00688, 0.00693, 0.04388, 0.00268, 0.03073, 0.00567, 0.0032, 0.01176, 0.00427, 0.005, 0.00552, 0.01127, 0.01773, 0.00596, 0.07163, 0.00289, 0.02562, 0.00925, 0.00474, 0.00498, 0.03255, 0.06073, 0.00713, 0.0153, 0.00769, 0.00153, 0.002, 0.00272, 0.00334, 0.00475, 0.01558, 0.0053, 0.05456, 0.01246, 0.07166, 0.02697, 0.02778, 0.00758, 0.00768, 0.00822, 0.00823, 0.0437]","[0.21092, 0.25794, 0.23042]","[13, 13, 10]",53,3
3.5,8,"[0.01987, 0.0051, 0.00231, 0.00171, 0.00839, 0.0061, 0.01435, 0.00426, 0.00563, 0.01157, 0.00606, 0.01222, 0.00633, 0.05213, 0.01383, 0.014, 0.00723, 0.01474, 0.03034, 0.00767, 0.03166, 0.00863, 0.00864, 0.04375, 0.04388, 0.00268, 0.03073, 0.00567, 0.0032, 0.01176, 0.00427, 0.005, 0.00552, 0.01127, 0.01773, 0.00596, 0.07163, 0.00289, 0.02562, 0.00925, 0.00474, 0.00498, 0.03255, 0.06073, 0.00713, 0.0153, 0.00769, 0.00153, 0.002, 0.00272, 0.00334, 0.00475, 0.01558, 0.0053, 0.05456, 0.01246, 0.07166, 0.02697, 0.02778, 0.00758, 0.00768, 0.00822, 0.00823, 0.0437]","[0.2013, 0.25794, 0.23042]","[24, 13, 10]",64,3
3.5,9,"[0.00478, 0.0024, 0.0089, 0.01319, 0.00343, 0.00418, 0.05841, 0.00546, 0.00597, 0.03811, 0.00671, 0.00681, 0.0069, 0.00709, 0.02928, 0.01509, 0.00261, 0.01247, 0.00548, 0.0061, 0.00634, 0.00714, 0.05102, 0.00731, 0.06921, 0.00776, 0.06371, 0.00796, 0.04037, 0.04983]","[0.23616]","[16]",30,1
3.5,10,"[0.00489, 0.00266, 0.00398, 0.01459, 0.02594, 0.02814, 0.00597, 0.00632, 0.05806, 0.01312, 0.04957, 0.05802, 0.0073, 0.0516, 0.00743, 0.07447, 0.02328, 0.00781, 0.00797, 0.00799, 0.008, 0.00831, 0.00868, 0.07983, 0.01794, 0.00916, 0.01894, 0.00954, 0.00963, 0.03905, 0.01034, 0.01034, 0.01039, 0.07343, 0.03191, 0.02165, 0.05584]","[]","[]",37,0
3.5,11,"[0.00155, 0.00123, 0.00895, 0.00303, 0.01555, 0.00316, 0.00323, 0.00355, 0.00389, 0.00539, 0.08068, 0.00599, 0.02094, 0.04388, 0.01174, 0.00244, 0.00254, 0.01118, 0.00421, 0.00511, 0.00512, 0.00533, 0.03265, 0.00594, 0.0127, 0.00638, 0.05392, 0.00677, 0.02062, 0.00254, 0.01502, 0.00642, 0.00757, 0.00398, 0.01231, 0.03451, 0.01379, 0.01892, 0.00474, 0.00503, 0.01161, 0.024, 0.00601, 0.00616, 0.00677, 0.02137, 0.02855, 0.08813, 0.00819, 0.00866, 0.03501, 0.04492, 0.0183, 0.00934, 0.00949, 0.00289, 0.02562, 0.00925, 0.00474, 0.00498, 0.03255, 0.06073, 0.00713, 0.0153, 0.00769, 0.01667, 0.03334, 0.07563]","[0.2006, 0.22923, 0.25311]","[12, 17, 26]",68,3
3.5,12,"[0.00096, 0.02018, 0.00287, 0.01192, 0.00329, 0.00745, 0.00429, 0.00863, 0.00436, 0.00485, 0.00548, 0.00558, 0.02345, 0.01843, 0.02567, 0.00661, 0.00704, 0.00712, 0.00749, 0.00767, 0.06907, 0.00129, 0.01722, 0.00528, 0.01395, 0.01806, 0.00769, 0.00459, 0.0049, 0.00516, 0.00534, 0.00534, 0.02278, 0.01731, 0.00586, 0.00588, 0.00597, 0.00637, 0.00656, 0.00665, 0.02001, 0.00672, 0.00678, 0.00686, 0.02761, 0.00717, 0.00745, 0.01519, 0.02454, 0.00828, 0.0091, 0.00933, 0.0096, 0.00979, 0.00984, 0.02089, 0.04194, 0.01052, 0.0107, 0.01085, 0.01126, 0.05631]","[0.21108]","[21]",62,1
3.5,13,"[0.00384, 0.00146, 0.00151, 0.00181, 0.06506, 0.0551, 0.00457, 0.08617, 0.00543, 0.00567, 0.0655, 0.01275, 0.00661, 0.00072, 0.01402, 0.00379, 0.01628, 0.02255, 0.03444, 0.03074, 0.00694, 0.00129, 0.01722, 0.00528, 0.01395, 0.01806, 0.00769, 0.00459, 0.0049, 0.00516, 0.00534, 0.00534, 0.02278, 0.01731, 0.00586, 0.00588, 0.00597, 0.00637, 0.00656, 0.00665, 0.02001, 0.00672, 0.00678, 0.00686, 0.02761, 0.00717, 0.00745, 0.01519, 0.02454, 0.00828, 0.0091, 0.00933, 0.0096, 0.00979, 0.00984, 0.02089, 0.04194, 0.01052, 0.0107, 0.01085, 0.01126, 0.05631]","[0.21687, 0.32252]","[13, 8]",62,2
3.5,14,"[0.00094, 0.01309, 0.00363, 0.02609, 0.01371, 0.00802, 0.00804, 0.00868, 0.04561, 0.0191, 0.00966, 0.02903, 0.01031, 0.02069, 0.0324, 0.04513, 0.01129, 0.01172, 0.01253, 0.03856, 0.0265, 0.01334, 0.01349, 0.01369, 0.01426, 0.01475, 0.04435, 0.01564, 0.01578, 0.00361, 0.00198, 0.00505, 0.02521, 0.006, 0.01895, 0.00661, 0.00686, 0.06979, 0.00815, 0.00839, 0.00869, 0.00883, 0.09114, 0.00914, 0.02093, 0.01065, 0.05431, 0.03272, 0.01095, 0.01098, 0.01137, 0.0002, 0.00191, 0.01426, 0.00165, 0.00669, 0.0206, 0.0128, 0.01549, 0.01168, 0.00611, 0.06234]","[0.28622, 0.25127]","[29, 22]",62,2
3.5,15,"[0.00065, 0.00217, 0.01547, 0.03872, 0.00333, 0.00374, 0.00444, 0.05088, 0.00978, 0.01058, 0.00541, 0.00552, 0.00558, 0.02478, 0.00663, 0.00681, 0.00686, 0.00705, 0.02197, 0.01546, 0.01595, 0.00838, 0.04267, 0.04388, 0.00268, 0.03073, 0.00567, 0.0032, 0.01176, 0.00427, 0.005, 0.00552, 0.01127, 0.01773, 0.00596, 0.07163, 0.00289, 0.02562, 0.00925, 0.00474, 0.00498, 0.03255, 0.06073, 0.00713, 0.0153, 0.00769, 0.00254, 0.01502, 0.00642, 0.00757, 0.00398, 0.01231, 0.03451, 0.01379, 0.01892]","[0.22647, 0.25794, 0.25311]","[23, 13, 10]",55,3
3.5,16,"[0.00168, 0.00207, 0.00333, 0.01385, 0.01162, 0.0085, 0.00549, 0.02277, 0.00591, 0.00604, 0.01902, 0.01972, 0.00678, 0.01363, 0.02776, 0.00729, 0.0078, 0.00811, 0.00813, 0.01694, 0.01705, 0.01736, 0.00912, 0.00984, 0.01983, 0.03048, 0.06244, 0.0105, 0.00257, 0.00311, 0.00381, 0.00433, 0.04542, 0.00606, 0.06022, 0.0871, 0.00814, 0.03283, 0.03499, 0.00884, 0.0454, 0.05467]","[0.22585]","[28]",42,1
3.5,17,"[0.00174, 0.00325, 0.00333, 0.0034, 0.00687, 0.00471, 0.00479, 0.0445, 0.00651, 0.00686, 0.007, 0.00711, 0.00112, 0.0016, 0.00192, 0.01808, 0.00731, 0.00666, 0.00353, 0.01079, 0.00361, 0.02004, 0.03369, 0.00433, 0.00435, 0.02215, 0.00458, 0.00577, 0.01214, 0.01968, 0.04759, 0.00712, 0.0219, 0.01462, 0.00289, 0.02562, 0.00925, 0.00474, 0.00498, 0.03255, 0.06073, 0.00713, 0.0153, 0.00769, 0.04388, 0.00268, 0.03073, 0.00567, 0.0032, 0.01176, 0.00427, 0.005, 0.00552, 0.01127, 0.01773, 0.00596, 0.07163, 0.00072, 0.01402, 0.00379, 0.01628, 0.02255, 0.03444, 0.03074, 0.00694, 0.00129]","[0.20604, 0.24496, 0.25794, 0.25028, 0.32252]","[12, 22, 10, 13, 8]",66,5
3.5,18,"[0.00958, 0.01152, 0.00509, 0.00518, 0.00279, 0.00327, 0.0079, 0.01752, 0.00474, 0.02046, 0.01181, 0.00646, 0.04749, 0.02738, 0.00824, 0.00873, 0.00926, 0.02911, 0.00974, 0.04896, 0.00254, 0.01502, 0.00642, 0.00757, 0.00398, 0.01231, 0.03451, 0.01379, 0.01892, 0.00474, 0.00503, 0.01161, 0.024, 0.00601, 0.00616, 0.00677, 0.02137, 0.02855, 0.08813, 0.00819, 0.02094, 0.04388, 0.01174, 0.00244, 0.00254, 0.01118, 0.00421, 0.00511, 0.00512, 0.00533, 0.03265, 0.00594, 0.0127, 0.00638, 0.05392, 0.00677, 0.02062, 0.00319, 0.00118, 0.00552, 0.00337, 0.01847, 0.00395]","[0.21511, 0.22923, 0.23869]","[20, 20, 17]",63,3
3.5,19,"[0.00254, 0.0029, 0.02789, 0.00704, 0.00399, 0.00467, 0.01407, 0.00482, 0.00508, 0.02938, 0.00644, 0.02593, 0.04563, 0.0267, 0.08871, 0.00743, 0.0835, 0.00784, 0.02363, 0.03151, 0.00878, 0.00894, 0.00902, 0.00306, 0.00195, 0.02721, 0.00249, 0.00926, 0.00362, 0.01119, 0.00614, 0.04469, 0.00678, 0.00688, 0.01388, 0.02686, 0.00293, 0.00603, 0.00363, 0.00372, 0.0039, 0.00441, 0.00447, 0.00484, 0.00537, 0.01137, 0.02672, 0.05422, 0.01373, 0.00708, 0.00725, 0.00767, 0.00261, 0.01247]","[0.35201, 0.20413, 0.20081]","[23, 12, 17]",54,3
3.5,20,"[0.01167, 0.00326, 0.00176, 0.03623, 0.00674, 0.01549, 0.0039, 0.00405, 0.00816, 0.00491, 0.00579, 0.00594, 0.04801, 0.00657, 0.00658, 0.0066, 0.02152, 0.00722, 0.00739, 0.0074, 0.00748, 0.00768, 0.00797, 0.008, 0.00808, 0.00306, 0.00195, 0.02721, 0.00249, 0.00926, 0.00362, 0.01119, 0.00614, 0.04469, 0.00678, 0.00688, 0.01388, 0.00104, 0.02008, 0.0198, 0.00412, 0.005, 0.02517, 0.01722, 0.02373, 0.01187, 0.00671, 0.00682]","[0.21175, 0.23258]","[25, 12]",48,2
3.5,21,"[0.0021, 0.00219, 0.00443, 0.00371, 0.00415, 0.02539, 0.00981, 0.03502, 0.01011, 0.09481, 0.0073, 0.00731, 0.00254, 0.01502, 0.00642, 0.00757, 0.00398, 0.01231, 0.03451, 0.01379, 0.01892, 0.00474, 0.00503, 0.01161, 0.024, 0.00601, 0.00616, 0.00677, 0.02137, 0.02855, 0.08813, 0.00819, 0.02094, 0.04388, 0.01174, 0.00244, 0.00254, 0.01118, 0.00421, 0.00511, 0.00512, 0.00533, 0.03265, 0.00594, 0.0127, 0.00638, 0.05392, 0.00677, 0.02062, 0.00319, 0.00118, 0.00552, 0.00337, 0.01847, 0.00395, 0.0041, 0.00411, 0.05089]","[0.32708, 0.22923, 0.23869]","[12, 20, 17]",58,3
3.5,22,"[0.0239, 0.00518, 0.00276, 0.01283, 0.01982, 0.01535, 0.00398, 0.0042, 0.00936, 0.01454, 0.0049, 0.00554, 0.00559, 0.04371, 0.00625, 0.01961, 0.01982, 0.01988, 0.00674, 0.03431, 0.00693, 0.00737, 0.09778, 0.00753, 0.04388, 0.00268, 0.03073, 0.00567, 0.0032, 0.01176, 0.00427, 0.005, 0.00552, 0.01127, 0.01773, 0.00596, 0.07163, 0.00289, 0.02562, 0.00925, 0.00474, 0.00498, 0.03255, 0.06073, 0.00713, 0.0153, 0.00769, 0.00254, 0.01502, 0.00642, 0.00757, 0.00398, 0.01231, 0.03451]","[0.2735, 0.25794, 0.25311]","[24, 13, 10]",54,3
3.5,23,"[0.00165, 0.00353, 0.00369, 0.00396, 0.00485, 0.0244, 0.05091, 0.0051, 0.05151, 0.00599, 0.00694, 0.00714, 0.00775, 0.00836, 0.08615, 0.05193, 0.00869, 0.01758, 0.03698, 0.00951, 0.0097, 0.00989, 0.06938, 0.06965, 0.00361, 0.00198, 0.00505, 0.02521, 0.006, 0.01895, 0.00661, 0.00686, 0.06979, 0.00815, 0.00839, 0.00869, 0.00883, 0.09114, 0.00914, 0.02093, 0.01065, 0.05431, 0.03272, 0.01095, 0.01098, 0.01137, 0.0002, 0.00191, 0.01426, 0.00165, 0.00669, 0.0206, 0.0128, 0.01549, 0.01168, 0.00611, 0.06234]","[0.32459, 0.25127]","[24, 22]",57,2
3.5,24,"[0.00258, 0.00726, 0.00772, 0.00389, 0.00408, 0.04522, 0.00961, 0.00531, 0.00533, 0.05084, 0.00632, 0.00682, 0.007, 0.01412, 0.02222, 0.00742, 0.00306, 0.00195, 0.02721, 0.00249, 0.00926, 0.00362, 0.01119, 0.00614, 0.04469, 0.00678, 0.00688, 0.01388, 0.02686, 0.00293, 0.00603, 0.00363, 0.00372, 0.0039, 0.00441, 0.00447, 0.00484, 0.00537, 0.01137, 0.02672, 0.05422, 0.01373, 0.00708, 0.00725, 0.00767, 0.00261, 0.01247, 0.00548, 0.0061, 0.00634, 0.00714, 0.05102, 0.00731, 0.06921, 0.00776, 0.06371, 0.00796, 0.04037, 0.04983]","[0.48059, 0.20413, 0.20081]","[16, 12, 17]",59,3
3.5,25,"[0.00659, 0.01233, 0.00446, 0.0046, 0.01459, 0.00622, 0.01335, 0.00738, 0.00752, 0.00774, 0.00809, 0.01619, 0.02539, 0.01702, 0.00852, 0.00868, 0.00871, 0.05328, 0.03582, 0.00931, 0.00955, 0.00985, 0.00999, 0.02021, 0.01012, 0.01054, 0.01064, 0.01086, 0.03526, 0.01199, 0.0121, 0.01232, 0.01232, 0.01245, 0.04997, 0.00129, 0.01722, 0.00528, 0.01395, 0.01806, 0.00769, 0.00459, 0.0049, 0.00516, 0.00534, 0.00534, 0.02278, 0.01731, 0.00586, 0.00588, 0.00597, 0.00637, 0.00656, 0.00665, 0.02001, 0.00672, 0.00678, 0.00686, 0.02761, 0.00717, 0.00745, 0.01519, 0.02454, 0.00828, 0.0091, 0.00933, 0.0096, 0.00979, 0.00984, 0.02089, 0.04194, 0.01052]","[0.20127]","[35]",72,1
3.5,26,"[0.00175, 0.02153, 0.00453, 0.02382, 0.00387, 0.00452, 0.00479, 0.00503, 0.00531, 0.05029, 0.01692, 0.09817, 0.00429, 0.00273, 0.00308, 0.00354, 0.00759, 0.00448, 0.00478, 0.00293, 0.00603, 0.00363, 0.00372, 0.0039, 0.00441, 0.00447, 0.00484, 0.00537, 0.01137, 0.02672, 0.05422, 0.01373, 0.00708, 0.00725, 0.00767, 0.00306, 0.00195, 0.02721, 0.00249, 0.00926, 0.00362, 0.01119, 0.00614, 0.04469, 0.00678, 0.00688, 0.01388, 0.00743, 0.00834, 0.02506, 0.00929, 0.01864]","[0.20569, 0.21384, 0.20413]","[12, 7, 16]",52,3
3.5,27,"[0.00176, 0.00484, 0.003, 0.0033, 0.00401, 0.00417, 0.0093, 0.05638, 0.00564, 0.00592, 0.0899, 0.08469, 0.00667, 0.02731, 0.02898, 0.06877, 0.01539, 0.01548, 0.0157, 0.03218, 0.0189, 0.01015, 0.01033, 0.01039, 0.01045, 0.02117, 0.0106, 0.04415, 0.01105, 0.00319, 0.00118, 0.00552, 0.00337, 0.01847, 0.00395, 0.0041, 0.00411, 0.05089]","[0.23913]","[29]",38,1
3.5,28,"[0.01496, 0.00506, 0.00253, 0.00287, 0.00595, 0.00324, 0.00984, 0.0068, 0.00862, 0.05178, 0.00432, 0.04638, 0.04447, 0.03549, 0.06563, 0.01866, 0.00629, 0.02043, 0.0073, 0.00752, 0.03014, 0.01541, 0.02329, 0.01694, 0.03418, 0.00927, 0.02964, 0.01011, 0.0417, 0.04232, 0.0106, 0.01076, 0.00306, 0.00195, 0.02721, 0.00249, 0.00926, 0.00362, 0.01119, 0.00614, 0.04469, 0.00678, 0.00688, 0.01388, 0.02686, 0.00293, 0.00603, 0.00363, 0.00372, 0.0039, 0.00441, 0.00447, 0.00484, 0.00537, 0.01137, 0.02672, 0.05422, 0.01373, 0.00708, 0.00725, 0.00767]","[0.2537, 0.20413]","[32, 12]",61,2
3.5,29,"[0.00156, 0.00175, 0.0093, 0.02139, 0.00341, 0.05757, 0.00379, 0.00403, 0.00869, 0.0045, 0.00453, 0.00461, 0.00467, 0.02402, 0.01819, 0.01282, 0.04627, 0.0069, 0.01466, 0.00763, 0.00769, 0.03144, 0.00803, 0.0164, 0.00825, 0.01856, 0.00935, 0.00956, 0.00983, 0.01968, 0.00998, 0.01023, 0.01033, 0.01033, 0.0105, 0.00153, 0.002, 0.00272, 0.00334, 0.00475, 0.01558, 0.0053, 0.05456, 0.01246, 0.07166, 0.02697, 0.02778, 0.00758, 0.00768, 0.00822, 0.00823, 0.0437]","[0.21769]","[35]",52,1
3.5,30,"[0.00306, 0.00178, 0.01708, 0.01388, 0.00343, 0.00367, 0.01553, 0.03927, 0.00875, 0.005, 0.00507, 0.0105, 0.01069, 0.02772, 0.05581, 0.03514, 0.00593, 0.00617, 0.00627, 0.0264, 0.00668, 0.00745, 0.00756, 0.00763, 0.0309, 0.02347, 0.00816, 0.00917, 0.0092, 0.00967, 0.0097, 0.01965, 0.00985, 0.01023, 0.06215, 0.01045, 0.00254, 0.01502, 0.00642]","[0.22404]","[36]",39,1
3.5,31,"[0.00067, 0.00233, 0.00318, 0.02476, 0.01104, 0.00381, 0.03264, 0.01425, 0.01047, 0.00532, 0.0055, 0.00582, 0.01801, 0.00618, 0.00625, 0.01269, 0.00662, 0.0069, 0.00758, 0.01517, 0.01566, 0.00798, 0.00807, 0.04972, 0.03475, 0.00881, 0.00306, 0.00195, 0.02721, 0.00249, 0.00926, 0.00362, 0.01119, 0.00614, 0.04469, 0.00678, 0.00688, 0.01388, 0.02686, 0.00293, 0.00603, 0.00363, 0.00372, 0.0039, 0.00441, 0.00447, 0.00484, 0.00537, 0.01137, 0.02672, 0.05422, 0.01373, 0.00708, 0.00725, 0.00767, 0.00261, 0.01247, 0.00548, 0.0061, 0.00634, 0.00714, 0.05102, 0.00731, 0.06921, 0.00776, 0.06371]","[0.25221, 0.20413, 0.20081]","[26, 12, 17]",66,3
3.5,32,"[0.00164, 0.00111, 0.00141, 0.00216, 0.0047, 0.01006, 0.00448, 0.02748, 0.00477, 0.00488, 0.00511, 0.06208, 0.05099, 0.06438, 0.04616, 0.00681, 0.06125, 0.00789, 0.00797, 0.00801, 0.0081, 0.00812, 0.00854, 0.04315, 0.00891, 0.01786, 0.01801, 0.00909, 0.00918, 0.04675, 0.09466, 0.00963, 0.00964, 0.00361, 0.00198, 0.00505, 0.02521, 0.006, 0.01895, 0.00661, 0.00686, 0.06979, 0.00815, 0.00839, 0.00869, 0.00883, 0.09114, 0.00914, 0.02093, 0.01065, 0.05431, 0.03272, 0.01095, 0.01098, 0.01137, 0.0002, 0.00191]","[0.26038, 0.25127]","[33, 22]",57,2
3.5,33,"[0.00232, 0.00335, 0.05069, 0.01015, 0.00532, 0.00537, 0.05059, 0.01132, 0.00688, 0.01385, 0.00734, 0.02204, 0.00752, 0.00772, 0.00491, 0.00273, 0.00647, 0.00751, 0.06979, 0.00524, 0.00557, 0.00582, 0.07146, 0.00716, 0.00761, 0.00788, 0.00806, 0.01661, 0.00834, 0.00908, 0.03001, 0.01001, 0.01011, 0.04137, 0.01052, 0.01084, 0.01088, 0.01096, 0.01111, 0.01119, 0.04478, 0.01168, 0.03581, 0.01211, 0.01211, 0.01216, 0.02436, 0.01223, 0.01227, 0.01229, 0.07815]","[0.20129]","[14]",51,1
3.5,34,"[0.002, 0.00271, 0.02424, 0.00346, 0.00507, 0.00515, 0.0053, 0.00539, 0.00542, 0.00577, 0.00689, 0.014, 0.00729, 0.00742, 0.06722, 0.00783, 0.00794, 0.02529, 0.01698, 0.09517, 0.06168, 0.01807, 0.00254, 0.01502, 0.00642, 0.00757, 0.00398, 0.01231, 0.03451, 0.01379, 0.01892, 0.00474, 0.00503, 0.01161, 0.024, 0.00601, 0.00616, 0.00677, 0.02137, 0.02855, 0.08813, 0.00819, 0.02094, 0.04388, 0.01174, 0.00244, 0.00254, 0.01118, 0.00421, 0.00511, 0.00512, 0.00533, 0.03265, 0.00594, 0.0127, 0.00638, 0.05392, 0.00677, 0.02062, 0.00319, 0.00118, 0.00552, 0.00337, 0.01847, 0.00395, 0.0041, 0.00411, 0.05089]","[0.28077, 0.22923, 0.23869]","[22, 20, 17]",68,3
3.5,35,"[0.00359, 0.0087, 0.00473, 0.006, 0.00328, 0.04681, 0.00385, 0.07132, 0.00925, 0.00471, 0.00478, 0.00532, 0.01088, 0.01716, 0.01168, 0.02353, 0.01801, 0.0444, 0.0131, 0.00698, 0.01482, 0.00754, 0.00756, 0.09899, 0.00789, 0.02094, 0.04388, 0.01174, 0.00244, 0.00254, 0.01118, 0.00421, 0.00511, 0.00512, 0.00533, 0.03265, 0.00594, 0.0127, 0.00638, 0.05392, 0.00677, 0.02062, 0.00254, 0.01502, 0.00642, 0.00757, 0.00398, 0.01231, 0.03451, 0.01379, 0.01892, 0.00474, 0.00503, 0.01161, 0.024, 0.00601]","[0.2085, 0.22923]","[25, 17]",56,2
3.5,36,"[0.02014, 0.00367, 0.00371, 0.00421, 0.00438, 0.01054, 0.06498, 0.07053, 0.02055, 0.0157, 0.00825, 0.04388, 0.00268, 0.03073, 0.00567, 0.0032, 0.01176, 0.00427, 0.005, 0.00552, 0.01127, 0.01773, 0.00596, 0.07163, 0.00289, 0.02562, 0.00925, 0.00474, 0.00498, 0.03255, 0.06073, 0.00713, 0.0153, 0.00769, 0.00254, 0.01502, 0.00642, 0.00757, 0.00398, 0.01231, 0.03451, 0.01379, 0.01892, 0.00474, 0.00503, 0.01161, 0.024, 0.00601, 0.00616, 0.00677, 0.02137, 0.02855, 0.08813, 0.00819, 0.00866, 0.03501, 0.04492, 0.0183, 0.00934, 0.00949, 0.00955, 0.04837, 0.00021, 0.01923, 0.00303, 0.03156, 0.01833, 0.0046, 0.0049, 0.01, 0.00524, 0.00579, 0.01164, 0.01406, 0.01491, 0.00766]","[0.25548, 0.25794, 0.25311, 0.21417]","[11, 13, 10, 28]",76,4
3.5,37,"[0.00168, 0.0048, 0.01175, 0.00588, 0.04388, 0.00268, 0.03073, 0.00567, 0.0032, 0.01176, 0.00427, 0.005, 0.00552, 0.01127, 0.01773, 0.00596, 0.07163, 0.00289, 0.02562, 0.00925, 0.00474, 0.00498, 0.03255, 0.06073, 0.00713, 0.0153, 0.00769, 0.00254, 0.01502, 0.00642, 0.00757, 0.00398, 0.01231, 0.03451, 0.01379, 0.01892, 0.00474, 0.00503, 0.01161, 0.024, 0.00601, 0.00616, 0.00677, 0.02137, 0.02855, 0.08813, 0.00819, 0.00866, 0.03501, 0.04492, 0.0183, 0.00934, 0.00949, 0.00955, 0.04837, 0.00021, 0.01923, 0.00303, 0.03156, 0.01833, 0.0046, 0.0049, 0.01, 0.00524, 0.00579, 0.01164, 0.01406, 0.01491, 0.00766]","[0.20022, 0.25794, 0.25311, 0.21417]","[4, 13, 10, 28]",69,4
3.5,38,"[0.02128, 0.00162, 0.00172, 0.00403, 0.00445, 0.01146, 0.00529, 0.065, 0.03859, 0.00371, 0.02497, 0.01334, 0.00977, 0.01537, 0.04833, 0.09545, 0.00652, 0.01387, 0.0071, 0.00711, 0.02974, 0.00758, 0.00774, 0.02418, 0.00832, 0.00849, 0.00861, 0.01801, 0.00254, 0.01502, 0.00642, 0.00757, 0.00398, 0.01231, 0.03451, 0.01379, 0.01892, 0.00474, 0.00503, 0.01161, 0.024, 0.00601, 0.00616, 0.00677, 0.02137, 0.02855, 0.08813, 0.00819, 0.00866, 0.03501, 0.04492, 0.0183, 0.00934, 0.00949]","[0.25051, 0.21417]","[28, 26]",54,2
3.5,39,"[0.00836, 0.00619, 0.00649, 0.00396, 0.00421, 0.06034, 0.00515, 0.00606, 0.00612, 0.00634, 0.03821, 0.09741, 0.00709, 0.01431, 0.01484, 0.02336, 0.00844, 0.08483, 0.0687, 0.01733, 0.00886, 0.00891, 0.0981, 0.01822, 0.00912, 0.01844, 0.01866, 0.01872, 0.00948, 0.00976, 0.01983, 0.07962, 0.01008, 0.04388, 0.00268, 0.03073, 0.00567, 0.0032, 0.01176, 0.00427, 0.005, 0.00552, 0.01127, 0.01773, 0.00596, 0.07163, 0.00289, 0.02562, 0.00925, 0.00474, 0.00498, 0.03255, 0.06073, 0.00713, 0.0153, 0.00769, 0.00254]","[0.22891, 0.25794, 0.25311]","[33, 13, 10]",57,3
3.5,40,"[0.0013, 0.02742, 0.00199, 0.00281, 0.00603, 0.00958, 0.00345, 0.00717, 0.00362, 0.01129, 0.00429, 0.0088, 0.00917, 0.00473, 0.00021, 0.01923, 0.00303, 0.03156, 0.01833, 0.0046, 0.0049, 0.01, 0.00524, 0.00579, 0.01164, 0.00254, 0.01502, 0.00642, 0.00757, 0.00398, 0.01231, 0.03451, 0.01379, 0.01892, 0.00474, 0.00503, 0.01161, 0.024, 0.00601, 0.00616, 0.00677, 0.02137, 0.02855, 0.08813, 0.00819, 0.02094, 0.04388, 0.01174, 0.00244, 0.00254, 0.01118]","[0.25683, 0.21417, 0.22923]","[14, 11, 20]",51,3
3.5,41,"[0.00097, 0.00264, 0.00271, 0.00314, 0.00711, 0.00376, 0.00413, 0.00939, 0.01879, 0.00793, 0.0087, 0.00907, 0.00911, 0.03646, 0.00947, 0.01934, 0.02917, 0.01036, 0.01052, 0.02137, 0.01069, 0.04279, 0.02151, 0.02151, 0.00072, 0.01402, 0.00379, 0.01628, 0.02255, 0.03444, 0.03074, 0.00694, 0.04388, 0.00268, 0.03073, 0.00567, 0.0032, 0.01176, 0.00427, 0.005, 0.00552, 0.01127, 0.01773, 0.00596, 0.07163, 0.00289, 0.02562, 0.00925, 0.00474, 0.00498, 0.03255, 0.06073, 0.00713, 0.0153, 0.00769, 0.00254, 0.01502, 0.00642, 0.00757, 0.00398, 0.01231, 0.03451, 0.01379, 0.01892, 0.00474, 0.00503, 0.01161, 0.024, 0.00601, 0.00616, 0.00677, 0.02137, 0.02855, 0.08813, 0.00819, 0.00866, 0.03501, 0.04492, 0.0183, 0.00934]","[0.24383, 0.25028, 0.25794, 0.25311]","[24, 8, 13, 10]",80,4
3.5,42,"[0.00283, 0.00565, 0.01738, 0.02382, 0.00604, 0.00604, 0.00608, 0.00621, 0.0063, 0.03243, 0.0071, 0.02963, 0.00768, 0.02435, 0.05344, 0.00919, 0.03796, 0.01906, 0.00958, 0.00971, 0.05928, 0.00989, 0.04978, 0.01037, 0.03145, 0.01063, 0.01113, 0.07927, 0.01163, 0.01165, 0.01177, 0.00254, 0.01502, 0.00642, 0.00757, 0.00398, 0.01231, 0.03451, 0.01379, 0.01892, 0.00474, 0.00503, 0.01161, 0.024, 0.00601, 0.00616, 0.00677, 0.02137, 0.02855, 0.08813, 0.00819, 0.02094, 0.04388, 0.01174, 0.00244, 0.00254, 0.01118, 0.00421, 0.00511, 0.00512, 0.00533, 0.03265, 0.00594, 0.0127, 0.00638, 0.05392, 0.00677, 0.02062, 0.00319, 0.00118, 0.00552, 0.00337, 0.01847, 0.00395, 0.0041, 0.00411, 0.05089]","[0.24794, 0.22923, 0.23869]","[31, 20, 17]",77,3
3.5,43,"[0.0007, 0.00114, 0.00145, 0.0063, 0.00323, 0.03957, 0.05346, 0.02028, 0.01028, 0.00545, 0.06036, 0.01227, 0.00727, 0.0073, 0.00736, 0.00754, 0.00775, 0.00798, 0.00832, 0.00907, 0.00921, 0.00952, 0.00967, 0.00306, 0.00195, 0.02721, 0.00249, 0.00926, 0.00362, 0.01119, 0.00614, 0.04469, 0.00678, 0.00688, 0.01388, 0.02686, 0.00293, 0.00603, 0.00363, 0.00372, 0.0039, 0.00441, 0.00447, 0.00484, 0.00537, 0.01137, 0.02672, 0.05422, 0.01373, 0.00708, 0.00725, 0.00767, 0.00261, 0.01247, 0.00548, 0.0061, 0.00634, 0.00714, 0.05102, 0.00731, 0.06921, 0.00776, 0.06371, 0.00796]","[0.219, 0.20413, 0.20081]","[23, 12, 17]",64,3
3.5,44,"[0.00152, 0.0033, 0.00268, 0.0028, 0.01551, 0.0037, 0.00416, 0.05928, 0.0379, 0.00548, 0.01122, 0.00567, 0.05874, 0.00604, 0.04864, 0.00612, 0.01295, 0.02832, 0.00749, 0.01527, 0.00361, 0.00198, 0.00505, 0.02521, 0.006, 0.01895, 0.00661, 0.00686, 0.06979, 0.00815, 0.00839, 0.00869, 0.00883, 0.09114, 0.00914, 0.02093, 0.01065, 0.05431, 0.03272, 0.01095, 0.01098, 0.01137, 0.0002, 0.00191, 0.01426, 0.00165, 0.00669, 0.0206, 0.0128, 0.01549, 0.01168, 0.00611, 0.06234]","[0.30882, 0.25127]","[20, 22]",53,2
3.5,45,"[0.00155, 0.00323, 0.00355, 0.0045, 0.0048, 0.03708, 0.00576, 0.01829, 0.00621, 0.03395, 0.00685, 0.04388, 0.00268, 0.03073, 0.00567, 0.0032, 0.01176, 0.00427, 0.005, 0.00552, 0.01127, 0.01773, 0.00596, 0.07163, 0.00289, 0.02562, 0.00925, 0.00474, 0.00498, 0.03255, 0.06073, 0.00713, 0.0153, 0.00769, 0.00254, 0.01502, 0.00642, 0.00757, 0.00398, 0.01231, 0.03451, 0.01379, 0.01892, 0.00474, 0.00503, 0.01161, 0.024, 0.00601, 0.00616, 0.00677, 0.02137, 0.02855, 0.08813, 0.00819, 0.00866, 0.03501, 0.04492, 0.0183, 0.00934, 0.00949, 0.00955, 0.04837, 0.00021, 0.01923, 0.00303, 0.03156, 0.01833, 0.0046, 0.0049, 0.01, 0.00524, 0.00579, 0.01164, 0.01406, 0.01491, 0.00766]","[0.20935, 0.25794, 0.25311, 0.21417]","[11, 13, 10, 28]",76,4
3.5,46,"[0.00134, 0.00116, 0.01769, 0.00359, 0.04139, 0.00441, 0.0049, 0.00555, 0.0113, 0.02355, 0.00623, 0.00697, 0.00702, 0.01433, 0.00751, 0.0451, 0.01507, 0.00799, 0.02404, 0.01613, 0.00306, 0.00195, 0.02721, 0.00249, 0.00926, 0.00362, 0.01119, 0.00614, 0.04469, 0.00678, 0.00688, 0.01388, 0.02686, 0.00293, 0.00603, 0.00363, 0.00372, 0.0039, 0.00441, 0.00447, 0.00484, 0.00537, 0.01137, 0.02672, 0.05422, 0.01373, 0.00708, 0.00725, 0.00767, 0.00261, 0.01247, 0.00548, 0.0061, 0.00634, 0.00714, 0.05102, 0.00731, 0.06921, 0.00776, 0.06371, 0.00796, 0.04037, 0.04983]","[0.21845, 0.20413, 0.20081]","[20, 12, 17]",63,3
3.5,47,"[0.01314, 0.00898, 0.01469, 0.004, 0.00848, 0.00448, 0.00459, 0.00474, 0.02448, 0.03102, 0.09198, 0.01243, 0.05023, 0.02652, 0.00704, 0.02121, 0.00729, 0.09369, 0.03382, 0.00374, 0.01206, 0.00417, 0.00021, 0.01923, 0.00303, 0.03156, 0.01833, 0.0046, 0.0049, 0.01, 0.00524, 0.00579, 0.01164, 0.00254, 0.01502, 0.00642, 0.00757, 0.00398, 0.01231, 0.03451, 0.01379, 0.01892, 0.00474, 0.00503, 0.01161, 0.024, 0.00601, 0.00616, 0.00677, 0.02137, 0.02855, 0.08813, 0.00819, 0.02094, 0.04388]","[0.24943, 0.2419, 0.21417, 0.22923]","[19, 3, 11, 20]",55,4
3.5,48,"[0.03189, 0.03424, 0.00347, 0.00518, 0.00522, 0.02136, 0.0059, 0.01773, 0.01289, 0.00649, 0.00678, 0.01362, 0.01392, 0.00735, 0.00796, 0.01665, 0.00841, 0.0086, 0.01732, 0.00885, 0.04438, 0.01905, 0.04848, 0.03068, 0.01041, 0.01044, 0.0209, 0.02144, 0.01076, 0.08752, 0.01118, 0.01142, 0.01146, 0.01156, 0.04632, 0.05932, 0.0362, 0.02586, 0.02636, 0.05291, 0.04001, 0.00254]","[0.35514]","[41]",42,1
3.5,49,"[0.00067, 0.00123, 0.00156, 0.00316, 0.06338, 0.04405, 0.04432, 0.00658, 0.00748, 0.01722, 0.00887, 0.00888, 0.00911, 0.00911, 0.0116, 0.05948, 0.0122, 0.01228, 0.01229, 0.00204, 0.0022, 0.01892, 0.00444, 0.00559, 0.01171, 0.02458, 0.0066, 0.01402, 0.00709, 0.00306, 0.00195, 0.02721, 0.00249, 0.00926, 0.00362, 0.01119]","[0.21778, 0.27687]","[19, 10]",36,2

