3.5,0,"[0.00092, 0.00273, 0.02317, 0.06718, 0.04777, 0.01057, 0.03653, 0.00721, 0.03662, 0.01501, 0.00774, 0.01565, 0.03924, 0.0316, 0.00791, 0.05937, 0.0088, 0.01829, 0.00134, 0.00306, 0.03988, 0.00437, 0.01381, 0.00528, 0.02712, 0.00587, 0.05242, 0.00765, 0.00779, 0.0156, 0.04357, 0.00897]","[0.24005]","[18]",32,1
3.5,1,"[0.00492, 0.00567, 0.02379, 0.00266, 0.00348, 0.00358, 0.00376, 0.01547, 0.02916, 0.00649, 0.08787, 0.00685, 0.00705, 0.04253, 0.00721, 0.0145, 0.00736, 0.01493, 0.01546, 0.01601, 0.00802, 0.01607, 0.00808, 0.01619, 0.00453, 0.00198, 0.0024, 0.00365, 0.0043, 0.00478, 0.01012, 0.01028, 0.00527, 0.05647, 0.02189, 0.00746, 0.00761, 0.02326, 0.00814, 0.0166, 0.04217, 0.00853, 0.02564, 0.09743, 0.004, 0.00431, 0.00467, 0.00533, 0.011, 0.00551, 0.00564, 0.00678, 0.03467, 0.00721, 0.02187, 0.05249, 0.01522, 0.00784, 0.00829, 0.04182, 0.00857, 0.01768, 0.00896, 0.00916]","[0.25836, 0.21179]","[24, 20]",64,2
3.5,2,"[0.00084, 0.00202, 0.00552, 0.00279, 0.00478, 0.00489, 0.0056, 0.03886, 0.01325, 0.00679, 0.00215, 0.00692, 0.00804, 0.00326, 0.00382, 0.03326, 0.00416, 0.0044, 0.0046, 0.00517, 0.0478, 0.01081, 0.02216, 0.00681, 0.01482, 0.0307, 0.00777, 0.0005, 0.00143, 0.00281, 0.02839, 0.00388, 0.00442, 0.00477, 0.00481, 0.0053, 0.04617, 0.00648, 0.01429, 0.00763, 0.0039, 0.02076, 0.0237, 0.0163, 0.01078, 0.00578, 0.06451, 0.05132, 0.0151, 0.00766, 0.00779, 0.00823, 0.00856, 0.00871]","[0.2194, 0.25075, 0.21139]","[9, 18, 13]",54,3
3.5,3,"[0.00383, 0.00303, 0.02989, 0.03149, 0.00664, 0.00664, 0.04038, 0.03401, 0.03656, 0.00764, 0.03566, 0.00664, 0.01191, 0.00404, 0.00426, 0.00449, 0.00912, 0.00527, 0.01589, 0.0054, 0.00542, 0.00594, 0.00625, 0.0128, 0.00656, 0.00682, 0.01419, 0.01429, 0.02928, 0.00739, 0.02235, 0.01516, 0.03835, 0.01543, 0.02539, 0.00257, 0.00373, 0.00387, 0.00443, 0.02541, 0.01061, 0.02681, 0.00539, 0.01632, 0.02443, 0.00686, 0.00694, 0.01469, 0.00739, 0.0076, 0.00772, 0.00808, 0.01627, 0.00826, 0.00846, 0.00087, 0.0065, 0.00611, 0.04434, 0.00888]","[0.2273, 0.26429, 0.3198]","[10, 24, 21]",60,3
3.5,4,"[0.01271, 0.00381, 0.00392, 0.06708, 0.04451, 0.00462, 0.00924, 0.01492, 0.01746, 0.01205, 0.01821, 0.01218, 0.0061, 0.01233, 0.03112, 0.00661, 0.01328, 0.08231, 0.00725, 0.00747, 0.00768, 0.06154, 0.00781, 0.0039, 0.02076, 0.0237, 0.0163, 0.01078, 0.00578, 0.06451, 0.05132, 0.0151, 0.00766, 0.00779, 0.00823, 0.00856, 0.00871, 0.0005, 0.00143, 0.00281, 0.02839, 0.00388, 0.00442, 0.00477, 0.00481, 0.0053, 0.04617, 0.00648, 0.01429, 0.00763, 0.0241, 0.02427, 0.02579, 0.00407, 0.00496, 0.00524, 0.00526]","[0.20703, 0.21139, 0.31521]","[23, 14, 13]",57,3
3.5,5,"[0.00197, 0.00227, 0.03505, 0.03905, 0.00579, 0.00623, 0.00482, 0.00505, 0.01589, 0.01119, 0.00583, 0.00595, 0.00623, 0.00626, 0.0064, 0.0064, 0.04006, 0.00683, 0.02079, 0.00735, 0.02271, 0.00761, 0.01562, 0.00811, 0.00878, 0.00771, 0.01383, 0.00502, 0.00552, 0.01122, 0.01191, 0.00598, 0.00692, 0.00693, 0.02078, 0.00701, 0.00712, 0.00103, 0.01492, 0.00286, 0.00335, 0.01819, 0.01549, 0.01956, 0.00828, 0.04376, 0.01433, 0.03177, 0.01306, 0.00691, 0.00695, 0.02809, 0.04939, 0.01545, 0.00788, 0.00793, 0.03973, 0.01634, 0.02557]","[0.20291, 0.24163]","[24, 13]",59,2
3.5,6,"[0.00286, 0.00217, 0.0258, 0.00639, 0.00381, 0.00444, 0.02857, 0.00514, 0.01729, 0.02318, 0.00631, 0.00631, 0.01272, 0.00708, 0.06578, 0.00802, 0.00802, 0.00812, 0.00812, 0.00835, 0.07709, 0.00867, 0.00901, 0.01822, 0.00087, 0.0065, 0.00611, 0.04434, 0.00888, 0.04013, 0.05951, 0.01221, 0.01288, 0.01299, 0.02671, 0.03459, 0.0228, 0.0079, 0.03261, 0.02545, 0.0685, 0.02571, 0.02575, 0.00889, 0.02799, 0.09633, 0.00982, 0.07991, 0.01006, 0.04078, 0.01038, 0.02086, 0.01066, 0.01068, 0.01104, 0.01108, 0.02284, 0.0117, 0.04728]","[0.20328, 0.2558]","[24, 35]",59,2
3.5,7,"[0.00191, 0.01534, 0.00263, 0.01966, 0.00291, 0.00321, 0.00974, 0.00333, 0.02689, 0.00454, 0.0139, 0.08054, 0.00475, 0.0146, 0.01969, 0.08869, 0.09251, 0.00646, 0.02725, 0.03703, 0.00757, 0.00761, 0.00773, 0.00808, 0.01634, 0.09947, 0.04284, 0.0697, 0.03521, 0.02715, 0.0463, 0.00949, 0.00952, 0.0681, 0.0394, 0.01974, 0.01083, 0.01083, 0.02173, 0.05438, 0.03306, 0.01104, 0.01162, 0.02393, 0.02402, 0.02415, 0.02428, 0.02483, 0.02496, 0.06254]","[]","[]",50,0
3.5,8,"[0.00065, 0.00102, 0.01956, 0.00259, 0.0233, 0.01847, 0.02361, 0.08752, 0.00927, 0.00482, 0.00515, 0.01578, 0.018, 0.02752, 0.0283, 0.07808, 0.00739, 0.06353, 0.00799, 0.00809, 0.00841, 0.02534, 0.03436, 0.08763, 0.01788, 0.01807, 0.00917, 0.00921, 0.00922, 0.07414, 0.04723]","[]","[]",31,0
3.5,9,"[0.00439, 0.00404, 0.00637, 0.0078, 0.06056, 0.00334, 0.03135, 0.00904, 0.00503, 0.00586, 0.00635, 0.0068, 0.03402, 0.00696, 0.00707, 0.05666, 0.0079, 0.00817, 0.02502, 0.04219, 0.00864, 0.07795, 0.0088, 0.00891, 0.00912, 0.02899, 0.00989, 0.00991, 0.00991, 0.01002, 0.01014, 0.03084, 0.05227, 0.01053, 0.01077, 0.02156, 0.01111, 0.01112, 0.00803, 0.00455, 0.05083, 0.00527, 0.01167, 0.01178, 0.0061, 0.0264, 0.02002, 0.00686, 0.00692, 0.00692, 0.00706, 0.00708, 0.0221]","[0.23888]","[38]",53,1
3.5,10,"[0.00785, 0.00535, 0.01888, 0.0065, 0.00954, 0.0026, 0.0028, 0.00338, 0.00357, 0.01081, 0.0683, 0.03508, 0.00576, 0.00579, 0.00668, 0.00696, 0.0005, 0.00143, 0.00281, 0.02839, 0.00388, 0.00442, 0.00477, 0.00481, 0.0053, 0.04617, 0.00648, 0.01429, 0.00763, 0.0241, 0.02427, 0.02579, 0.00407, 0.00496, 0.00524, 0.00526, 0.02368, 0.00612, 0.00697, 0.01482, 0.00743, 0.00782, 0.03181, 0.00806, 0.00361, 0.00143, 0.00611, 0.00231, 0.00801, 0.0044, 0.07099, 0.00923, 0.00482, 0.04415, 0.00505, 0.00518, 0.00563, 0.00641]","[0.26065, 0.31521, 0.21308]","[16, 13, 15]",58,3
3.5,11,"[0.00361, 0.01182, 0.0182, 0.01443, 0.06175, 0.07251, 0.00606, 0.00619, 0.02602, 0.00676, 0.01368, 0.00687, 0.07898, 0.00727, 0.00733, 0.00747, 0.00751, 0.0155, 0.03905, 0.00821, 0.00835, 0.00839, 0.0084, 0.07894, 0.0005, 0.00143, 0.00281, 0.02839, 0.00388, 0.00442, 0.00477, 0.00481, 0.0053, 0.04617, 0.00648, 0.01429, 0.00763, 0.0039, 0.02076, 0.0237, 0.0163, 0.01078, 0.00578, 0.06451, 0.05132, 0.0151, 0.00766]","[0.22388, 0.21139]","[24, 13]",47,2
3.5,12,"[0.00177, 0.00329, 0.01933, 0.01394, 0.00469, 0.02893, 0.0097, 0.00488, 0.00497, 0.00501, 0.00502, 0.00576, 0.01177, 0.00596, 0.0121, 0.0121, 0.03341, 0.01409, 0.00705, 0.00743, 0.00103, 0.01492, 0.00286, 0.00335, 0.01819, 0.01549, 0.01956, 0.00828, 0.04376, 0.01433, 0.03177, 0.01306, 0.00691, 0.00695, 0.02809, 0.04939, 0.01545, 0.00788, 0.00793, 0.03973, 0.01634, 0.02557, 0.00853, 0.00884, 0.00899, 0.03636, 0.00913, 0.00916, 0.04682, 0.03102, 0.01036, 0.021, 0.02138, 0.05426, 0.01101, 0.03384, 0.0115, 0.01189, 0.04759, 0.0125, 0.00878, 0.00771, 0.01383, 0.00502, 0.00552, 0.01122, 0.01191]","[0.23732, 0.24163]","[20, 40]",67,2
3.5,13,"[0.00056, 0.00122, 0.01851, 0.00337, 0.01035, 0.00717, 0.01839, 0.00428, 0.02166, 0.00881, 0.00442, 0.00464, 0.02653, 0.00598, 0.00606, 0.00622, 0.00691, 0.00699, 0.02161, 0.02912, 0.01478, 0.00103, 0.01492, 0.00286, 0.00335, 0.01819, 0.01549, 0.01956, 0.00828, 0.04376, 0.01433, 0.03177, 0.01306, 0.00691, 0.00695, 0.02809, 0.04939, 0.01545, 0.00788, 0.00793, 0.03973, 0.01634, 0.02557, 0.00853, 0.00884, 0.00899, 0.03636, 0.00913, 0.00916, 0.04682, 0.03102, 0.01036, 0.021, 0.02138, 0.05426, 0.01101, 0.03384, 0.0115, 0.01189, 0.04759, 0.0125, 0.00878, 0.00771, 0.01383, 0.00502, 0.00552, 0.01122, 0.01191]","[0.30871, 0.24163]","[21, 40]",68,2
3.5,14,"[0.00102, 0.00151, 0.00161, 0.00202, 0.00294, 0.05096, 0.01652, 0.02234, 0.00451, 0.01414, 0.00477, 0.00583, 0.00609, 0.00651, 0.02043, 0.0078, 0.00787, 0.00801, 0.03287, 0.00845, 0.00867, 0.00869, 0.02613, 0.00925, 0.07544, 0.00984, 0.02958, 0.05973, 0.01036, 0.04212, 0.03229, 0.00103, 0.01492, 0.00286, 0.00335, 0.01819, 0.01549, 0.01956, 0.00828, 0.04376, 0.01433, 0.03177, 0.01306, 0.00691, 0.00695, 0.02809, 0.04939, 0.01545, 0.00788, 0.00793, 0.03973, 0.01634, 0.02557]","[0.24725]","[31]",53,1
3.5,15,"[0.00281, 0.05148, 0.00447, 0.00451, 0.00958, 0.00519, 0.00567, 0.00569, 0.00625, 0.00642, 0.00666, 0.0067, 0.0208, 0.00716, 0.01483, 0.01556, 0.00844, 0.00878, 0.00771, 0.01383, 0.00502, 0.00552, 0.01122, 0.01191, 0.00598, 0.00692, 0.00693, 0.02078, 0.00701, 0.00712, 0.00103, 0.01492, 0.00286, 0.00335, 0.01819, 0.01549, 0.01956, 0.00828, 0.04376, 0.01433, 0.03177, 0.01306, 0.00691, 0.00695, 0.02809, 0.04939, 0.01545, 0.00788, 0.00793, 0.03973, 0.01634, 0.02557, 0.00853, 0.00884, 0.00899, 0.03636, 0.00913, 0.00916, 0.04682, 0.03102, 0.01036, 0.021, 0.02138, 0.05426, 0.01101, 0.03384, 0.0115, 0.01189, 0.04759, 0.0125, 0.00556]","[0.20235, 0.24163, 0.20425]","[17, 13, 40]",71,3
3.5,16,"[0.00116, 0.00135, 0.00522, 0.00311, 0.00964, 0.00323, 0.00329, 0.01552, 0.00792, 0.00506, 0.02598, 0.00522, 0.00539, 0.01084, 0.00803, 0.00455, 0.05083, 0.00527, 0.01167, 0.01178, 0.0061, 0.0264, 0.02002, 0.00686, 0.00692, 0.00692, 0.00706, 0.00708, 0.0221, 0.07655, 0.00787, 0.06621, 0.00873, 0.0088, 0.00908, 0.00926, 0.004, 0.00431, 0.00467, 0.00533, 0.011, 0.00551, 0.00564, 0.00678, 0.03467, 0.00721, 0.02187]","[0.2311, 0.22153]","[14, 22]",47,2
3.5,17,"[0.00164, 0.00483, 0.00613, 0.01324, 0.00444, 0.00455, 0.00461, 0.00504, 0.02526, 0.00514, 0.05905, 0.07905, 0.00602, 0.00625, 0.00629, 0.00676, 0.01382, 0.02184, 0.0148, 0.00746, 0.06898, 0.00782, 0.03203, 0.0082, 0.00837, 0.01745, 0.00899, 0.09119, 0.02815, 0.01907, 0.01951, 0.00991, 0.01014, 0.0102, 0.00134, 0.00306, 0.03988, 0.00437, 0.01381, 0.00528, 0.02712, 0.00587, 0.05242, 0.00765, 0.00779, 0.0156, 0.04357, 0.00897]","[0.26415]","[34]",48,1
3.5,18,"[0.00164, 0.00218, 0.00256, 0.01678, 0.00457, 0.00488, 0.00545, 0.02264, 0.06328, 0.0309, 0.00627, 0.01307, 0.0066, 0.01362, 0.03512, 0.02109, 0.0284, 0.00731, 0.00736, 0.07422, 0.0152, 0.00788, 0.00799, 0.00817, 0.00822, 0.00845, 0.01696, 0.0086, 0.00862, 0.04615, 0.03693, 0.01884, 0.00949, 0.00956, 0.01986, 0.0039, 0.02076, 0.0237, 0.0163, 0.01078, 0.00578, 0.06451, 0.05132, 0.0151, 0.00766, 0.00779, 0.00823, 0.00856, 0.00871, 0.0005, 0.00143, 0.00281, 0.02839, 0.00388]","[0.26686, 0.21139]","[35, 14]",54,2
3.5,19,"[0.00284, 0.00333, 0.00419, 0.00866, 0.00873, 0.00893, 0.00928, 0.06657, 0.05584, 0.00525, 0.00553, 0.01232, 0.01285, 0.00685, 0.02221, 0.00752, 0.00792, 0.01589, 0.02394, 0.01648, 0.00858, 0.0345, 0.00881, 0.08925, 0.00908, 0.01864, 0.00959, 0.03905, 0.00979, 0.08845, 0.02128, 0.02137, 0.0217, 0.01095, 0.04415, 0.05622, 0.01146, 0.01148, 0.01159, 0.00087, 0.0065, 0.00611, 0.04434, 0.00888, 0.04013, 0.05951, 0.01221, 0.01288, 0.01299, 0.02671, 0.03459, 0.0228, 0.0079, 0.03261, 0.02545, 0.0685, 0.02571, 0.02575, 0.00889, 0.02799, 0.09633, 0.00982, 0.07991, 0.01006, 0.04078, 0.01038, 0.02086]","[0.21504]","[39]",67,1
3.5,20,"[0.01999, 0.00892, 0.01349, 0.00355, 0.03495, 0.05127, 0.03447, 0.0058, 0.03587, 0.01877, 0.00691, 0.00697, 0.00715, 0.00723, 0.015, 0.00816, 0.00825, 0.01688, 0.05928, 0.00916, 0.01842, 0.00992, 0.01201, 0.00486, 0.00255, 0.00335, 0.04866, 0.00381, 0.00447, 0.00613, 0.01239, 0.00625, 0.00674, 0.00701, 0.00751, 0.00792, 0.03192, 0.01651, 0.00103, 0.01492, 0.00286, 0.00335, 0.01819, 0.01549, 0.01956, 0.00828, 0.04376, 0.01433, 0.03177, 0.01306, 0.00691, 0.00695, 0.02809, 0.04939, 0.01545, 0.00788, 0.00793, 0.03973]","[0.23947, 0.25827]","[22, 16]",58,2
3.5,21,"[0.00221, 0.00123, 0.00134, 0.01292, 0.00185, 0.00935, 0.00384, 0.00397, 0.03251, 0.01397, 0.0102, 0.01022, 0.00541, 0.02926, 0.00598, 0.0121, 0.00649, 0.00658, 0.00705, 0.00723, 0.0073, 0.00739, 0.07451, 0.00207, 0.00483, 0.04866, 0.02934, 0.00517, 0.02135, 0.00542, 0.01135, 0.01754, 0.00605, 0.00697, 0.01495, 0.05324, 0.00787, 0.00826, 0.04338, 0.01805, 0.00903, 0.01834, 0.00103, 0.01492, 0.00286, 0.00335, 0.01819, 0.01549, 0.01956, 0.00828, 0.04376, 0.01433, 0.03177, 0.01306]","[0.23373, 0.22252]","[23, 19]",54,2
3.5,22,"[0.00164, 0.00898, 0.00253, 0.01069, 0.00434, 0.01339, 0.03594, 0.09688, 0.01548, 0.01159, 0.05804, 0.00645, 0.02629, 0.03395, 0.00679, 0.0412, 0.02091, 0.01421, 0.00748, 0.03147, 0.00833, 0.00849, 0.00856, 0.04293, 0.02633, 0.00894, 0.07168, 0.0183, 0.02771, 0.01875, 0.04705, 0.04834, 0.00997, 0.01001, 0.01017, 0.04154, 0.01042, 0.01058, 0.01092, 0.02211]","[]","[]",40,0
3.5,23,"[0.00358, 0.00514, 0.0114, 0.01592, 0.00268, 0.00976, 0.01089, 0.00398, 0.01562, 0.04193, 0.02539, 0.00257, 0.00373, 0.00387, 0.00443, 0.02541, 0.01061, 0.02681, 0.00539, 0.01632, 0.02443, 0.00686, 0.00694, 0.01469, 0.00739, 0.0076, 0.00772, 0.00808, 0.01627, 0.00826, 0.00846, 0.03566, 0.00664, 0.01191, 0.00404, 0.00426, 0.00449, 0.00912, 0.00527, 0.01589, 0.0054, 0.00542, 0.00594, 0.00625, 0.0128, 0.00656, 0.00682, 0.01419, 0.01429, 0.02928, 0.00739, 0.02235, 0.01516, 0.03835, 0.01543, 0.0241, 0.02427, 0.02579, 0.00407, 0.00496, 0.00524, 0.00526, 0.02368, 0.00612, 0.00697]","[0.2267, 0.26429, 0.28665]","[10, 21, 24]",65,3
3.5,24,"[0.0002, 0.00671, 0.00188, 0.00372, 0.00752, 0.00446, 0.00458, 0.05091, 0.0104, 0.03151, 0.00541, 0.00556, 0.00579, 0.00632, 0.00641, 0.00712, 0.00718, 0.0072, 0.00747, 0.08249, 0.01526, 0.00789, 0.00797, 0.0322, 0.0086, 0.02595, 0.02647, 0.02677, 0.02778, 0.03566, 0.00664, 0.01191, 0.00404, 0.00426, 0.00449, 0.00912, 0.00527, 0.01589, 0.0054, 0.00542, 0.00594, 0.00625, 0.0128, 0.00656, 0.00682, 0.01419, 0.01429, 0.02928, 0.00739, 0.02235, 0.01516, 0.03835, 0.01543, 0.02539, 0.00257, 0.00373, 0.00387, 0.00443, 0.02541, 0.01061, 0.02681, 0.00539, 0.01632, 0.02443]","[0.23161, 0.26429]","[29, 24]",64,2
3.5,25,"[0.00165, 0.0108, 0.00276, 0.00676, 0.00374, 0.00853, 0.00864, 0.02933, 0.00498, 0.00595, 0.03013, 0.00672, 0.0069, 0.00705, 0.00719, 0.00752, 0.04751, 0.01584, 0.00797, 0.00816, 0.05861, 0.00907, 0.0182, 0.05674, 0.0095, 0.00953, 0.01914, 0.01924, 0.0098, 0.01021, 0.01029, 0.01032, 0.02074, 0.06357, 0.0327, 0.03298, 0.01107, 0.0112, 0.0005, 0.00143, 0.00281, 0.02839, 0.00388, 0.00442, 0.00477, 0.00481, 0.0053, 0.04617, 0.00648, 0.01429, 0.00763, 0.0039, 0.02076, 0.0237, 0.0163, 0.01078, 0.00578, 0.06451, 0.05132, 0.0151, 0.00766, 0.00779, 0.00823, 0.00856, 0.00871, 0.00216, 0.0031]","[0.21235, 0.21139, 0.22035]","[38, 13, 14]",67,3
3.5,26,"[0.00091, 0.00217, 0.00232, 0.02413, 0.00425, 0.03555, 0.00556, 0.00583, 0.03044, 0.01237, 0.00556, 0.02449, 0.00396, 0.00565, 0.01131, 0.00594, 0.00651, 0.01423, 0.00735, 0.07405, 0.00828, 0.03343, 0.03367, 0.02619, 0.00898, 0.00956, 0.01988, 0.03071, 0.01057, 0.00087, 0.0065, 0.00611, 0.04434, 0.00888, 0.04013, 0.05951, 0.01221, 0.01288, 0.01299, 0.02671, 0.03459, 0.0228, 0.0079, 0.03261, 0.02545, 0.0685, 0.02571, 0.02575, 0.00889, 0.02799, 0.09633, 0.00982, 0.07991, 0.01006, 0.04078, 0.01038, 0.02086, 0.01066, 0.01068, 0.01104, 0.01108, 0.02284, 0.0117, 0.04728]","[0.32419, 0.2558, 0.3198]","[10, 19, 35]",64,3
3.5,27,"[0.00131, 0.01244, 0.00368, 0.01122, 0.01222, 0.00417, 0.00419, 0.0255, 0.05184, 0.02151, 0.09569, 0.00646, 0.0149, 0.02236, 0.00761, 0.02515, 0.00844, 0.01708, 0.07761, 0.00865, 0.08762, 0.01822, 0.00981, 0.01039, 0.01042, 0.01099, 0.01118, 0.01126, 0.0116, 0.0465, 0.01173, 0.01208, 0.03634, 0.01226, 0.01237, 0.06468, 0.01313, 0.01316, 0.01356, 0.01362, 0.05493, 0.01387, 0.05578, 0.00154, 0.00356, 0.00441, 0.02457, 0.00669, 0.0045, 0.00469, 0.00508, 0.0052, 0.00546, 0.00555, 0.00558, 0.01163, 0.02982, 0.00601, 0.0188, 0.0063, 0.04453]","[0.22528]","[43]",61,1
3.5,28,"[0.00391, 0.00624, 0.00349, 0.02912, 0.00801, 0.07455, 0.00434, 0.01026, 0.00577, 0.02746, 0.02084, 0.0072, 0.03618, 0.00742, 0.00755, 0.01512, 0.07664, 0.05167, 0.0089, 0.0373, 0.00945, 0.03566, 0.00664, 0.01191, 0.00404, 0.00426, 0.00449, 0.00912, 0.00527, 0.01589, 0.0054, 0.00542, 0.00594, 0.00625, 0.0128, 0.00656, 0.00682, 0.01419, 0.01429, 0.02928, 0.00739, 0.02235, 0.01516, 0.03835, 0.01543, 0.02539, 0.00257, 0.00373, 0.00387, 0.00443, 0.02541, 0.01061]","[0.23271, 0.26429]","[21, 24]",52,2
3.5,29,"[0.00094, 0.00142, 0.00232, 0.00485, 0.00624, 0.0034, 0.02071, 0.02958, 0.00569, 0.01166, 0.0067, 0.00698, 0.04345, 0.00727, 0.00739, 0.00742, 0.01485, 0.0075, 0.00752, 0.00766, 0.00453, 0.00198, 0.0024, 0.00365, 0.0043, 0.00478, 0.01012, 0.01028, 0.00527, 0.05647, 0.02189, 0.00746, 0.00761, 0.02326, 0.00814, 0.0166, 0.04217, 0.00853, 0.02564, 0.09743, 0.004, 0.00431, 0.00467, 0.00533, 0.011, 0.00551, 0.00564, 0.00678, 0.03467, 0.00721, 0.02187, 0.05249, 0.01522, 0.00784, 0.00829, 0.04182, 0.00857, 0.01768, 0.00896, 0.00916]","[0.34825, 0.21179]","[20, 20]",60,2
3.5,30,"[0.00286, 0.00412, 0.01287, 0.00563, 0.02336, 0.00607, 0.05693, 0.00634, 0.00638, 0.00682, 0.00686, 0.01387, 0.06266, 0.00795, 0.00087, 0.0065, 0.00611, 0.04434, 0.00888, 0.04013, 0.05951, 0.01221, 0.01288, 0.01299, 0.02671, 0.03459, 0.0228, 0.0079, 0.03261, 0.02545, 0.0685, 0.02571, 0.02575, 0.00889, 0.02799, 0.09633, 0.00982, 0.07991, 0.01006, 0.04078, 0.01038, 0.02086, 0.01066, 0.01068, 0.01104, 0.01108, 0.02284, 0.0117, 0.04728]","[0.2315, 0.2558]","[14, 35]",49,2
3.5,31,"[0.00128, 0.03965, 0.04248, 0.00359, 0.0036, 0.01876, 0.0045, 0.03362, 0.02595, 0.0057, 0.01144, 0.0121, 0.01256, 0.00657, 0.02778, 0.0139, 0.01458, 0.00813, 0.00828, 0.00882, 0.08946, 0.02689, 0.00933, 0.00958, 0.00959, 0.00962, 0.01928, 0.00087, 0.0065, 0.00611, 0.04434, 0.00888, 0.04013, 0.05951, 0.01221, 0.01288, 0.01299, 0.02671, 0.03459, 0.0228, 0.0079, 0.03261, 0.02545, 0.0685, 0.02571, 0.02575, 0.00889, 0.02799, 0.09633, 0.00982, 0.07991, 0.01006, 0.04078, 0.01038, 0.02086, 0.01066, 0.01068, 0.01104, 0.01108]","[0.31737]","[27]",59,1
3.5,32,"[0.00237, 0.01702, 0.00612, 0.00797, 0.00413, 0.07296, 0.00445, 0.01971, 0.00512, 0.00629, 0.02, 0.00679, 0.05051, 0.02206, 0.00739, 0.00766, 0.03861, 0.00773, 0.00781, 0.05471, 0.00821, 0.00823, 0.00839, 0.01678, 0.00857, 0.01741, 0.00886, 0.01786, 0.06254, 0.08185, 0.02758, 0.00924, 0.04762, 0.0039, 0.02076]","[0.22487]","[33]",35,1
3.5,33,"[0.00078, 0.00589, 0.00296, 0.00681, 0.00398, 0.00557, 0.01118, 0.00608, 0.0075, 0.00795, 0.01639, 0.017, 0.08625, 0.01808, 0.01813, 0.01827, 0.0095, 0.03924, 0.00999, 0.01008, 0.01033, 0.02071, 0.01045, 0.01059, 0.02204, 0.01118, 0.0113, 0.01132, 0.01142, 0.00103, 0.01492, 0.00286, 0.00335, 0.01819, 0.01549, 0.01956, 0.00828, 0.04376, 0.01433, 0.03177, 0.01306, 0.00691, 0.00695, 0.02809, 0.04939, 0.01545, 0.00788, 0.00793, 0.03973, 0.01634, 0.02557, 0.00853, 0.00884, 0.00899, 0.03636, 0.00913, 0.00916, 0.04682, 0.03102, 0.01036, 0.021, 0.02138, 0.05426, 0.01101, 0.03384, 0.0115, 0.01189, 0.04759, 0.0125, 0.00878, 0.00771, 0.01383, 0.00502, 0.00552, 0.01122, 0.01191]","[0.25985, 0.24163]","[29, 40]",76,2
3.5,34,"[0.00081, 0.00981, 0.01664, 0.00313, 0.05478, 0.01404, 0.00359, 0.00376, 0.00395, 0.04727, 0.00479, 0.00505, 0.00509, 0.01018, 0.02054, 0.02018, 0.0612, 0.07817, 0.00823, 0.00826, 0.00859, 0.02602, 0.01898, 0.02934, 0.02962, 0.04099, 0.05152, 0.01054, 0.03173, 0.0213, 0.03223, 0.01075, 0.01082, 0.01088, 0.03309, 0.01121, 0.01134, 0.04543, 0.02405, 0.01216, 0.01226, 0.02464, 0.01238, 0.0125]","[]","[]",44,0
3.5,35,"[0.00127, 0.02047, 0.00391, 0.01291, 0.01915, 0.06339, 0.00535, 0.00601, 0.00602, 0.0064, 0.00696, 0.00812, 0.01655, 0.00829, 0.01201, 0.00486, 0.00255, 0.00335, 0.04866, 0.00381, 0.00447, 0.00613, 0.01239, 0.00625, 0.00674, 0.00701, 0.00751, 0.00792, 0.03192, 0.01651, 0.00103, 0.01492, 0.00286, 0.00335, 0.01819, 0.01549, 0.01956, 0.00828, 0.04376, 0.01433, 0.03177, 0.01306, 0.00691, 0.00695, 0.02809, 0.04939, 0.01545, 0.00788, 0.00793, 0.03973, 0.01634, 0.02557, 0.00853, 0.00884, 0.00899, 0.03636, 0.00913, 0.00916, 0.04682, 0.03102, 0.01036, 0.021, 0.02138, 0.05426, 0.01101, 0.03384]","[0.21651, 0.25827]","[14, 16]",66,2
3.5,36,"[0.00312, 0.0018, 0.00929, 0.00474, 0.00433, 0.02782, 0.00989, 0.00513, 0.01543, 0.01618, 0.0055, 0.0058, 0.03601, 0.00625, 0.00635, 0.00676, 0.01362, 0.03423, 0.00713, 0.00714, 0.00752, 0.01518, 0.00761, 0.04783, 0.01656, 0.05069, 0.01697, 0.00888, 0.02714, 0.01812, 0.0364, 0.00922, 0.00947, 0.00972, 0.02049, 0.01036, 0.00453, 0.00198, 0.0024, 0.00365, 0.0043, 0.00478, 0.01012, 0.01028, 0.00527, 0.05647, 0.02189, 0.00746, 0.00761, 0.02326, 0.00814, 0.0166, 0.04217, 0.00853]","[0.23185]","[36]",54,1
3.5,37,"[0.00068, 0.00535, 0.01637, 0.01654, 0.01626, 0.00424, 0.07396, 0.08081, 0.00491, 0.01009, 0.00537, 0.02234, 0.01172, 0.012, 0.0129, 0.04612, 0.03566, 0.00664, 0.01191, 0.00404, 0.00426, 0.00449, 0.00912, 0.00527, 0.01589, 0.0054, 0.00542, 0.00594, 0.00625, 0.0128, 0.00656, 0.00682, 0.01419, 0.01429, 0.02928, 0.00739, 0.02235, 0.01516, 0.03835, 0.01543, 0.00788, 0.0166, 0.0241, 0.02427, 0.02579, 0.00407, 0.00496, 0.00524, 0.00526, 0.02368, 0.00612, 0.00697, 0.01482, 0.00743, 0.00782, 0.03181, 0.00806, 0.00919, 0.04605, 0.04664, 0.06589]","[0.20009, 0.28665]","[16, 26]",61,2
3.5,38,"[0.00279, 0.00171, 0.00196, 0.00812, 0.01412, 0.01309, 0.00444, 0.00463, 0.00466, 0.00483, 0.0103, 0.02205, 0.01119, 0.08645, 0.00595, 0.07917, 0.03172, 0.00662, 0.01381, 0.00715, 0.00722, 0.00829, 0.00839, 0.02598, 0.0266, 0.01799, 0.00906, 0.01908, 0.05738, 0.0097, 0.00972, 0.01946, 0.0104, 0.02083, 0.01049, 0.0105, 0.00103, 0.01492, 0.00286, 0.00335, 0.01819, 0.01549, 0.01956, 0.00828, 0.04376, 0.01433, 0.03177, 0.01306, 0.00691, 0.00695, 0.02809, 0.04939, 0.01545, 0.00788, 0.00793]","[0.29123]","[36]",55,1
3.5,39,"[0.00098, 0.00172, 0.00215, 0.02729, 0.00745, 0.00355, 0.00711, 0.01169, 0.0085, 0.00481, 0.00482, 0.0313, 0.01754, 0.01315, 0.00658, 0.00673, 0.00683, 0.00706, 0.02133, 0.09537, 0.0372, 0.00769, 0.00858, 0.00865, 0.04371, 0.01763, 0.01792, 0.00901, 0.01824, 0.00928, 0.00929, 0.06534, 0.00453, 0.00198, 0.0024, 0.00365, 0.0043, 0.00478, 0.01012, 0.01028, 0.00527, 0.05647, 0.02189, 0.00746, 0.00761, 0.02326, 0.00814, 0.0166, 0.04217, 0.00853, 0.02564, 0.09743, 0.004, 0.00431, 0.00467, 0.00533, 0.011, 0.00551, 0.00564, 0.00678, 0.03467, 0.00721, 0.02187, 0.05249, 0.01522, 0.00784, 0.00829, 0.04182]","[0.24899, 0.21179]","[32, 20]",68,2
3.5,40,"[0.00894, 0.0047, 0.00823, 0.00416, 0.0127, 0.00427, 0.01448, 0.00516, 0.00527, 0.0181, 0.01243, 0.03922, 0.00658, 0.02116, 0.04644, 0.01608, 0.00834, 0.00835, 0.0086, 0.00915, 0.00924, 0.00935, 0.00453, 0.00198, 0.0024, 0.00365, 0.0043, 0.00478, 0.01012, 0.01028, 0.00527, 0.05647, 0.02189, 0.00746, 0.00761, 0.02326, 0.00814, 0.0166, 0.04217, 0.00853, 0.02564, 0.09743, 0.004, 0.00431, 0.00467, 0.00533, 0.011, 0.00551, 0.00564, 0.00678, 0.03467, 0.00721, 0.02187, 0.05249, 0.01522, 0.00784, 0.00829, 0.04182, 0.00857, 0.01768, 0.00896, 0.00916]","[0.27732, 0.21179]","[22, 20]",62,2
3.5,41,"[0.00232, 0.00405, 0.00835, 0.00418, 0.0099, 0.02352, 0.00608, 0.04065, 0.00711, 0.00733, 0.00769, 0.0077, 0.03994, 0.00805, 0.00878, 0.00771, 0.01383, 0.00502, 0.00552, 0.01122, 0.01191, 0.00598, 0.00692, 0.00693, 0.02078, 0.00701, 0.00712, 0.00103, 0.01492, 0.00286, 0.00335, 0.01819, 0.01549, 0.01956, 0.00828, 0.04376, 0.01433, 0.03177, 0.01306, 0.00691, 0.00695, 0.02809, 0.04939, 0.01545, 0.00788, 0.00793, 0.03973, 0.01634, 0.02557, 0.00853, 0.00884, 0.00899, 0.03636, 0.00913, 0.00916, 0.04682, 0.03102, 0.01036, 0.021, 0.02138, 0.05426, 0.01101, 0.03384, 0.0115, 0.01189, 0.04759, 0.0125, 0.00556]","[0.27591, 0.24163, 0.20425]","[14, 13, 40]",68,3
3.5,42,"[0.00145, 0.00177, 0.00209, 0.01089, 0.00316, 0.05935, 0.00449, 0.00985, 0.00528, 0.02645, 0.0053, 0.01838, 0.01229, 0.00643, 0.01343, 0.00677, 0.00707, 0.0071, 0.00747, 0.04488, 0.06813, 0.00762, 0.00765, 0.00803, 0.00807, 0.0081, 0.01685, 0.00848, 0.03566, 0.00664, 0.01191, 0.00404, 0.00426, 0.00449, 0.00912, 0.00527, 0.01589, 0.0054, 0.00542, 0.00594, 0.00625, 0.0128, 0.00656, 0.00682, 0.01419, 0.01429, 0.02928, 0.00739, 0.02235, 0.01516, 0.03835, 0.01543, 0.02539, 0.00257, 0.00373, 0.00387, 0.00443, 0.02541, 0.01061, 0.02681, 0.00539]","[0.22432, 0.26429]","[28, 24]",61,2
3.5,43,"[0.00189, 0.0217, 0.00258, 0.03949, 0.00793, 0.04608, 0.00907, 0.00467, 0.00992, 0.00547, 0.01706, 0.00589, 0.00628, 0.01304, 0.00665, 0.02041, 0.00726, 0.00835, 0.03366, 0.00845, 0.00848, 0.0086, 0.00104, 0.00672, 0.00344, 0.01079, 0.004, 0.01877, 0.0427, 0.02151, 0.01135, 0.00595, 0.01232, 0.00618, 0.0205, 0.00693, 0.00699, 0.02148, 0.03637, 0.04367, 0.00778, 0.0477]","[0.21621]","[22]",42,1
3.5,44,"[0.00051, 0.00147, 0.02398, 0.00289, 0.02516, 0.01105, 0.00381, 0.00427, 0.04808, 0.00534, 0.00591, 0.02563, 0.02079, 0.0072, 0.00754, 0.00794, 0.0241, 0.02427, 0.02579, 0.00407, 0.00496, 0.00524, 0.00526, 0.02368, 0.00612, 0.00697, 0.01482, 0.00743, 0.00782, 0.03181, 0.00806, 0.00361, 0.00143, 0.00611, 0.00231, 0.00801, 0.0044, 0.07099, 0.00923, 0.00482, 0.04415, 0.00505, 0.00518, 0.00563, 0.00641]","[0.24329, 0.21308]","[16, 15]",45,2
3.5,45,"[0.01821, 0.01213, 0.00258, 0.00393, 0.01205, 0.01669, 0.00474, 0.00528, 0.07713, 0.09226, 0.0058, 0.00598, 0.01301, 0.00659, 0.00663, 0.0136, 0.02147, 0.0039, 0.02076, 0.0237, 0.0163, 0.01078, 0.00578, 0.06451, 0.05132, 0.0151, 0.00766, 0.00779, 0.00823, 0.00856, 0.00871, 0.0005, 0.00143, 0.00281, 0.02839, 0.00388, 0.00442, 0.00477, 0.00481, 0.0053, 0.04617, 0.00648, 0.01429, 0.00763, 0.00819, 0.00864, 0.04348, 0.00883, 0.0712]","[0.23409, 0.21139]","[17, 14]",49,2
3.5,46,"[0.0019, 0.00955, 0.0049, 0.0101, 0.00256, 0.00651, 0.0039, 0.00413, 0.00448, 0.05346, 0.00511, 0.00518, 0.00519, 0.01051, 0.00607, 0.00662, 0.07466, 0.01405, 0.0074, 0.07573, 0.00784, 0.00804, 0.00878, 0.00771, 0.01383, 0.00502, 0.00552, 0.01122, 0.01191, 0.00598, 0.00692, 0.00693, 0.02078, 0.00701, 0.00712, 0.00103, 0.01492, 0.00286, 0.00335, 0.01819, 0.01549, 0.01956, 0.00828, 0.04376, 0.01433, 0.03177, 0.01306, 0.00691, 0.00695, 0.02809, 0.04939, 0.01545, 0.00788, 0.00793, 0.03973, 0.01634, 0.02557, 0.00853]","[0.21829, 0.24163]","[22, 13]",58,2
3.5,47,"[0.00478, 0.00497, 0.01496, 0.0053, 0.0057, 0.00628, 0.00677, 0.08333, 0.00707, 0.00799, 0.01603, 0.03222, 0.00814, 0.01731, 0.00154, 0.00356, 0.00441, 0.02457, 0.00669, 0.0045, 0.00469, 0.00508, 0.0052, 0.00546, 0.00555, 0.00558, 0.01163, 0.02982, 0.00601, 0.0188, 0.0063, 0.04453, 0.00677, 0.00699, 0.00741, 0.0241, 0.02427, 0.02579, 0.00407, 0.00496, 0.00524, 0.00526, 0.02368, 0.00612, 0.00697, 0.01482, 0.00743, 0.00782, 0.03181, 0.00806, 0.00361, 0.00143, 0.00611, 0.00231, 0.00801, 0.0044, 0.07099, 0.00923, 0.00482, 0.04415, 0.00505, 0.00518, 0.00563, 0.00641]","[0.23466, 0.2428, 0.21308]","[14, 21, 15]",64,3
3.5,48,"[0.00174, 0.00578, 0.00319, 0.0463, 0.00928, 0.00495, 0.05168, 0.00652, 0.00692, 0.00798, 0.05105, 0.00877, 0.01454, 0.0073, 0.00355, 0.03941, 0.00418, 0.01408, 0.00505, 0.00525, 0.03292, 0.00664, 0.00668, 0.00697, 0.04878, 0.00709, 0.00729, 0.00731, 0.01464, 0.00752, 0.00787, 0.01587, 0.00799, 0.02444, 0.00834, 0.02627, 0.04546, 0.05768, 0.01, 0.01032, 0.04268, 0.00087, 0.0065, 0.00611, 0.04434, 0.00888, 0.04013, 0.05951, 0.01221, 0.01288, 0.01299, 0.02671, 0.03459, 0.0228, 0.0079, 0.03261, 0.02545, 0.0685, 0.02571, 0.02575, 0.00889, 0.02799, 0.09633, 0.00982, 0.07991, 0.01006]","[0.21243, 0.22165]","[12, 29]",66,2
3.5,49,"[0.00244, 0.00172, 0.00198, 0.00468, 0.00241, 0.04952, 0.09075, 0.01702, 0.01155, 0.00626, 0.04437, 0.00636, 0.00639, 0.00664, 0.00698, 0.0371, 0.0987, 0.00786, 0.00799, 0.00514, 0.01766, 0.00978, 0.0057, 0.01724, 0.0059, 0.01273, 0.01368, 0.03562, 0.00732, 0.00104, 0.00672]","[0.21157, 0.24848]","[19, 10]",31,2

