2.5,0,[0.02207, 0.00973, 0.0293, 0.00249, 0.0027, 0.04593, 0.01357, 0.05809, 0.00158, 0.00852, 0.13261, 0.11743, 0.04224, 0.04483, 0.02599, 0.02491, 0.01625, 0.03472, 0.0593, 0.02956],[],[],20,0
2.5,1,[0.00788, 0.06967, 0.02176, 0.08142, 0.04447, 0.05547, 0.08826, 0.00537, 0.0144, 0.01237, 0.20084, 0.09519, 0.12605, 0.00338, 0.18246, 0.08168, 0.06078, 0.02264, 0.17906, 0.03819, 0.00398, 0.23148, 0.01666, 0.10807, 0.24315, 0.10167, 0.12619, 0.00908, 0.10618, 0.03735, 0.11319, 0.00992, 0.0922, 0.00515, 0.12444, 0.19032, 0.08287, 0.0057, 0.12549, 0.24177, 0.02911, 0.06465, 0.01766],[],[],43,0
2.5,2,[0.06016, 0.05093, 0.0632, 0.06034, 0.01171, 0.03823, 0.01605, 0.01251, 0.02491, 0.0889, 0.0582, 0.01642, 0.18834, 0.05061, 0.04057, 0.20638, 0.05137, 0.01725],[],[],18,0
2.5,3,[0.0059, 0.02912, 0.01201, 0.00111, 0.01388, 0.06506, 0.10118, 0.00178, 0.01345, 0.02635, 0.12755, 0.0801, 0.06594, 0.04213, 0.03489, 0.0027, 0.0252, 0.14284, 0.07528, 0.00334, 0.15225, 0.17419, 0.13532, 0.01445, 0.01092],[],[],25,0
2.5,4,[0.00237, 0.00053, 0.00095, 0.05522, 0.00967, 0.04335, 0.0513, 0.07131, 0.08034, 0.00499, 0.05758, 0.09627, 0.0801, 0.00289, 0.01203, 0.0158, 0.1014, 0.21574, 0.03092, 0.04171, 0.00701, 0.20894, 0.22106, 0.00373, 0.1048, 0.13321, 0.00809, 0.03261, 0.07412, 0.04303, 0.00438, 0.10714, 0.06334, 0.11391, 0.10503, 0.09775, 0.30088, 0.0613, 0.15681, 0.06084, 0.00508, 0.26501, 0.33834, 0.00541, 0.35825],[],[],45,0
2.5,5,[0.01422, 0.00317, 0.00651, 0.03783, 0.00689, 0.16896, 0.15204, 0.14693, 0.12363, 0.19734, 0.12494, 0.00728, 0.00746, 0.10341, 0.08215, 0.05169, 0.10849, 0.07338, 0.24124, 0.17232, 0.25464, 0.03155, 0.19497, 0.06156, 0.00474, 0.29047, 0.10056, 0.0435, 0.18429, 0.16632, 0.00991, 0.14992, 0.00501, 0.00503, 0.10974, 0.20534, 0.35525, 0.02263, 0.29113, 0.16591, 0.2827, 0.04062, 0.03484, 0.00583, 0.16368, 0.00586, 0.04701, 0.36557, 0.02443],[],[],49,0
2.5,6,[0.00097, 0.01551, 0.0043, 0.00062, 0.04034, 0.07664, 0.03968, 0.0083, 0.08547, 0.08233, 0.00859],[],[],11,0
2.5,7,[0.00781, 0.0431, 0.07936, 0.09234, 0.1372, 0.05944, 0.08806, 0.1519, 0.06524, 0.16645, 0.06853, 0.03027, 0.02161, 0.03249, 0.05907, 0.02627, 0.13976, 0.12888, 0.01162, 0.2119, 0.01631, 0.01277, 0.01706, 0.10751, 0.04011, 0.02742, 0.03977],[],[],27,0
2.5,8,[0.02072, 0.0374, 0.04163, 0.08002, 0.00662, 0.0046, 0.06044, 0.15225, 0.01999, 0.02859, 0.15595, 0.03317],[],[],12,0
2.5,9,[0.02615, 0.01282, 0.03478, 0.06738, 0.01362, 0.01212, 0.10814, 0.12094, 0.00457, 0.11894, 0.15059, 0.00976, 0.02226, 0.07931, 0.07498, 0.01697, 0.10238, 0.23213, 0.14842, 0.05429, 0.02015, 0.12903, 0.10126, 0.19132, 0.0775, 0.17127, 0.25552, 0.14731, 0.11731, 0.01513, 0.31472, 0.17575, 0.0417, 0.07546, 0.13599, 0.034, 0.0227, 0.01172, 0.14663],[],[],39,0
2.5,10,[0.01829, 0.01764, 0.04806, 0.08569, 0.02005, 0.00202, 0.08451, 0.13171, 0.13247, 0.1183, 0.00777, 0.10546, 0.14131, 0.08796, 0.14789, 0.05442, 0.01722, 0.05279],[],[],18,0
2.5,11,[0.00026, 0.02789, 0.00169, 0.08869, 0.02756, 0.02255, 0.10495, 0.06559, 0.10504, 0.15799, 0.03184, 0.1348, 0.00541, 0.0651, 0.07977, 0.0138, 0.04503, 0.01261, 0.00645, 0.00325, 0.09304, 0.06564, 0.09639, 0.01543, 0.1345, 0.09594, 0.03208, 0.11744, 0.16087, 0.28195, 0.14533, 0.0086, 0.24115, 0.0755, 0.03719, 0.01396, 0.00466, 0.03816, 0.09162, 0.28983, 0.1701, 0.01483, 0.16017],[],[],43,0
2.5,12,[0.00471, 0.00484, 0.01473, 0.08017, 0.07397, 0.00167, 0.04318, 0.03629, 0.00654, 0.11206, 0.14837, 0.06969, 0.0385, 0.00515, 0.11609, 0.02163, 0.01144, 0.10319, 0.08893, 0.01237, 0.08868, 0.00957, 0.08629, 0.09698, 0.00363, 0.00733],[],[],26,0
2.5,13,[0.00491, 0.00577, 0.08955, 0.0461, 0.00227, 0.13936, 0.01796, 0.00258, 0.02918, 0.08265, 0.03923, 0.12496, 0.02377, 0.19789, 0.06694, 0.15068, 0.04718, 0.06114, 0.08861, 0.0438, 0.06299, 0.06734, 0.00764, 0.00796, 0.01235, 0.05355, 0.09476, 0.01676, 0.03848, 0.14986, 0.01747, 0.12688, 0.11075, 0.00446, 0.12089, 0.12559, 0.16108, 0.04155],[],[],38,0
2.5,14,[0.02574, 0.04124, 0.02689, 0.0633, 0.06552, 0.02746, 0.11251, 0.01065, 0.06813, 0.08185, 0.05363, 0.07166, 0.07608, 0.00304, 0.04109, 0.03869, 0.16507, 0.03892, 0.21047, 0.21299, 0.02894, 0.09899],[],[],22,0
2.5,15,[0.06067, 0.11959, 0.03769, 0.1255, 0.07402, 0.0721, 0.03946, 0.09679, 0.02349, 0.03544, 0.14008, 0.0731, 0.08419, 0.0189, 0.09337, 0.01347, 0.13413, 0.01062, 0.00355, 0.08752, 0.15848, 0.20423, 0.01521, 0.23242, 0.01946, 0.04666, 0.02548, 0.12829, 0.14676, 0.16282, 0.13545, 0.03284],[],[],32,0
2.5,16,[0.0146, 0.00416, 0.03519, 0.05143, 0.02172, 0.05663, 0.00719, 0.00656, 0.05415, 0.08315, 0.03467, 0.01238, 0.06559, 0.03674],[],[],14,0
2.5,17,[0.0042, 0.0065, 0.03157, 0.00376, 0.09976, 0.00156, 0.08216, 0.00333, 0.01316, 0.06847, 0.01069, 0.02839, 0.0024, 0.02134, 0.02429, 0.17029, 0.14296, 0.00653, 0.0915, 0.17992, 0.09031, 0.12877, 0.02713, 0.01018, 0.00347, 0.04906, 0.162, 0.00388, 0.06713, 0.12427, 0.06512, 0.19165, 0.1273, 0.12068, 0.05259, 0.02227, 0.00901, 0.205, 0.12789, 0.05528, 0.17394, 0.13642, 0.01443],[],[],43,0
2.5,18,[0.0006, 0.01882, 0.05697, 0.03637, 0.00225, 0.15027, 0.05109, 0.07962, 0.01683, 0.01022, 0.22928, 0.01576, 0.05776, 0.1933, 0.20925, 0.07318, 0.15136, 0.05208, 0.1227, 0.16133, 0.01345, 0.04972, 0.23082, 0.20972, 0.29949, 0.12663, 0.10468, 0.27827, 0.26874, 0.12736, 0.02508, 0.04126, 0.02067, 0.02671, 0.22541, 0.15715, 0.01084],[],[],37,0
2.5,19,[0.00441, 0.02905, 0.0454, 0.00762, 0.09587, 0.00627, 0.03857, 0.03411, 0.03124, 0.16319, 0.00262, 0.02642, 0.14597, 0.01358, 0.18273, 0.0592, 0.12582, 0.23338, 0.25551, 0.15254, 0.00833, 0.0349, 0.1986, 0.05781, 0.11807, 0.122, 0.00488, 0.06851, 0.28963],[],[],29,0
2.5,20,[0.02017, 0.03252, 0.04806, 0.01084, 0.09073, 0.09868, 0.11465, 0.06661, 0.09667, 0.00286, 0.16332, 0.04147, 0.20725, 0.01636, 0.00329, 0.03675, 0.22034, 0.0293, 0.04584, 0.05813, 0.07148, 0.12793, 0.00822, 0.00413, 0.08331, 0.16016, 0.03804],[],[],27,0
2.5,21,[0.00091, 0.05142, 0.09023, 0.03241, 0.00468, 0.14722, 0.04137, 0.01232, 0.02273, 0.06031, 0.00584, 0.13344, 0.11009, 0.03486, 0.00971, 0.00701, 0.06295, 0.0078, 0.12811, 0.03435, 0.20348, 0.07155, 0.06362, 0.15007, 0.02729, 0.03219, 0.02308, 0.15959, 0.00474, 0.08231, 0.12671, 0.0147, 0.01006, 0.14632, 0.13125, 0.05743, 0.14191, 0.18632, 0.01078, 0.27969, 0.25413, 0.35681, 0.15205, 0.03989, 0.29185, 0.08093],[],[],46,0
2.5,22,[0.03774, 0.05901, 0.00784, 0.06937, 0.09548, 0.01562, 0.0218, 0.043, 0.04337, 0.03898, 0.10118, 0.04427, 0.01272, 0.07407, 0.1982, 0.04377, 0.09095, 0.02705, 0.14212, 0.09804, 0.09761, 0.04445, 0.17091, 0.06434, 0.13045, 0.04012, 0.03268, 0.11967, 0.1041, 0.24042, 0.01317],[],[],31,0
2.5,23,[0.03606, 0.00111, 0.00396, 0.03315, 0.00179, 0.06428, 0.06272, 0.01309, 0.1356, 0.08846, 0.06206, 0.06339, 0.08505, 0.08929, 0.00877, 0.19993, 0.03888, 0.01986, 0.04713, 0.01384, 0.10964],[],[],21,0
2.5,24,[0.02122, 0.0234, 0.0016, 0.0543, 0.03244, 0.00396, 0.02498, 0.04298, 0.09177, 0.16955, 0.02102, 0.15609, 0.01944, 0.10877, 0.03918, 0.05099, 0.00373, 0.06976],[],[],18,0
2.5,25,[0.01497, 0.10307, 0.00432, 0.12981, 0.04169, 0.13307, 0.08056, 0.09558, 0.02302, 0.13031, 0.05329, 0.05353, 0.01563, 0.00327, 0.01676, 0.07731, 0.09953, 0.01067, 0.04276, 0.11503, 0.01143, 0.00386, 0.19741, 0.03556, 0.05259, 0.06929, 0.00434, 0.09141, 0.04791, 0.28361, 0.13764],[],[],31,0
2.5,26,[0.0037, 0.02935, 0.00295, 0.00317, 0.0445, 0.00595, 0.00213, 0.14524, 0.01531, 0.13465, 0.14028, 0.0113, 0.03226, 0.00311, 0.06655, 0.18547, 0.01031, 0.13007, 0.20172, 0.16705, 0.0225, 0.15137, 0.0078, 0.01566],[],[],24,0
2.5,27,[0.00111, 0.00173, 0.08997, 0.02991, 0.08939, 0.00651, 0.01333, 0.01814, 0.04784, 0.15077, 0.06706, 0.04149, 0.13827, 0.03028, 0.04842, 0.01352, 0.06151, 0.02483, 0.17479, 0.11521, 0.01199, 0.07116, 0.04917, 0.19217, 0.03858, 0.18896, 0.01457, 0.00974, 0.22701, 0.29264, 0.13504, 0.1826, 0.26699, 0.07993, 0.04295],[],[],35,0
2.5,28,[0.03325, 0.0357, 0.05032, 0.04226, 0.02085, 0.04595, 0.11294, 0.05099, 0.05529, 0.00809, 0.09385, 0.08209, 0.02679, 0.01679, 0.00339, 0.01381, 0.05187, 0.02208, 0.24142, 0.19268, 0.1206, 0.00786, 0.23654, 0.17442, 0.15914, 0.00431, 0.00434, 0.03113, 0.29886, 0.00462, 0.29708, 0.11352, 0.27142],[],[],33,0
2.5,29,[0.00219, 0.11046, 0.00196, 0.07513, 0.1151, 0.02029, 0.16107, 0.06747, 0.16725, 0.14126, 0.17123, 0.01137, 0.00292, 0.02058, 0.17826, 0.0593, 0.13452, 0.01094, 0.1179, 0.11808, 0.23366, 0.0304, 0.21058, 0.00394, 0.0495, 0.03746, 0.12189, 0.08844, 0.18888, 0.16413, 0.18857, 0.13385, 0.00927, 0.0281],[],[],34,0
2.5,30,[0.01604, 0.04985, 0.01837, 0.07981, 0.09006, 0.02382, 0.04278, 0.002, 0.00209, 0.01917, 0.00872, 0.0024, 0.00964, 0.08653, 0.00274, 0.00279, 0.00308, 0.13031, 0.00666, 0.05401, 0.21022, 0.00704, 0.05649, 0.02963, 0.02995, 0.02645, 0.10729, 0.17999, 0.10702, 0.00407, 0.06139, 0.02091],[],[],32,0
2.5,31,[0.02155, 0.02887, 0.04499, 0.11705, 0.0164, 0.07473, 0.02507, 0.01898, 0.14169, 0.01772, 0.0051, 0.03255, 0.03184, 0.04457, 0.19076, 0.18034, 0.12498, 0.12416, 0.00673, 0.00355, 0.02639, 0.13063, 0.16637, 0.12769, 0.20115, 0.26433, 0.09356, 0.18509, 0.12445, 0.14057, 0.0684, 0.19106, 0.2751, 0.26087],[],[],34,0
2.5,32,[0.00094, 0.06843, 0.09687, 0.10326, 0.00336, 0.09916, 0.11377, 0.00466, 0.01293, 0.00785, 0.01334, 0.1027, 0.00843, 0.00286, 0.08727, 0.03138, 0.0226, 0.05148, 0.00688, 0.12968, 0.00381, 0.03518, 0.00404, 0.05278, 0.14148, 0.25823, 0.02085, 0.00418, 0.06783],[],[],29,0
2.5,33,[0.01449, 0.00193, 0.02754, 0.11939, 0.08053, 0.00863, 0.04335, 0.05166, 0.00743, 0.05755, 0.07756, 0.00285, 0.00571, 0.16514, 0.11224, 0.13125, 0.01476, 0.2082, 0.00767, 0.01555, 0.02732, 0.24466, 0.14851, 0.28669, 0.04438],[],[],25,0
2.5,34,[0.01791, 0.03967, 0.04071, 0.02473, 0.00719, 0.01531, 0.10653, 0.00199, 0.06417, 0.00247, 0.0668, 0.10407, 0.10843, 0.05573, 0.04384, 0.0529, 0.04985, 0.0371, 0.01039, 0.00348, 0.05601, 0.10329, 0.08372, 0.01475, 0.01194],[],[],25,0
2.5,35,[0.01381, 0.04057, 0.04169, 0.07868, 0.04729, 0.03891, 0.00668, 0.06678, 0.0794, 0.00828, 0.00884, 0.00296, 0.12048, 0.11026, 0.03267, 0.22782, 0.03514, 0.01988, 0.25581, 0.0961, 0.00406, 0.23467, 0.13258, 0.27278, 0.10458, 0.0044, 0.01791, 0.23067, 0.12758, 0.06634, 0.038, 0.04793, 0.00966, 0.0049, 0.32542, 0.00499, 0.03002, 0.21644, 0.06045, 0.11031, 0.00525, 0.02704, 0.3118, 0.00561, 0.15164, 0.17503, 0.25953, 0.05251, 0.38045, 0.1348, 0.05335],[],[],51,0
2.5,36,[0.0009, 0.02307, 0.04321, 0.01644, 0.06579, 0.13719, 0.08361, 0.00241, 0.05218, 0.14584, 0.00299, 0.02181, 0.18193, 0.05142, 0.01202, 0.00412, 0.03345, 0.05619, 0.00911, 0.00914, 0.12456],[],[],21,0
2.5,37,[0.00528, 0.00968, 0.09552, 0.12469, 0.07695, 0.077, 0.07487, 0.0727, 0.04857, 0.10103, 0.09664, 0.00296, 0.10213, 0.10463, 0.0036, 0.05173, 0.06325, 0.01162, 0.26075, 0.02791, 0.0442, 0.03271, 0.08638, 0.10384, 0.02515, 0.08162, 0.12274, 0.0192, 0.10248, 0.00983],[],[],30,0
2.5,38,[0.01036, 0.00151, 0.01481, 0.07875, 0.07511, 0.0494, 0.04244, 0.00198, 0.03459, 0.0856, 0.03363, 0.11402, 0.00784, 0.076, 0.02633, 0.09583, 0.003, 0.02179, 0.06451, 0.05609, 0.00751, 0.13191, 0.13532, 0.10888, 0.24632, 0.11942, 0.18357, 0.01293, 0.052, 0.24743, 0.03152],[],[],31,0
2.5,39,[0.01397, 0.06528, 0.06371, 0.05402, 0.01568, 0.01581, 0.08076, 0.10071, 0.01475, 0.00262, 0.16948, 0.05455],[],[],12,0
2.5,40,[0.00053, 0.02656, 0.00141, 0.0135, 0.04993, 0.06919, 0.11366, 0.05181, 0.03396, 0.14135, 0.00267, 0.07484, 0.15114, 0.19139, 0.02189, 0.00657, 0.14445, 0.18058, 0.00362, 0.15417, 0.05975, 0.00775, 0.11517, 0.08034, 0.16938, 0.17333, 0.00423, 0.00854, 0.27317, 0.24578, 0.10418],[],[],31,0
2.5,41,[0.00417, 0.00315, 0.08272, 0.08299, 0.03244, 0.08929, 0.1082, 0.05491, 0.14047, 0.14731, 0.17063, 0.15453, 0.01699, 0.03144, 0.01447, 0.19439, 0.00295, 0.10295, 0.1638, 0.05756, 0.06305, 0.06937, 0.18406, 0.11705, 0.05213, 0.06752, 0.04228, 0.00776, 0.11532, 0.01285, 0.07743, 0.03128, 0.08704, 0.02377, 0.00485, 0.14309, 0.00515, 0.31931, 0.13654, 0.09404, 0.16751, 0.07302],[],[],42,0
2.5,42,[0.01219, 0.04363, 0.06587, 0.01379, 0.01615, 0.10893, 0.12496, 0.01128, 0.06106, 0.135, 0.00257, 0.16599, 0.05085, 0.01859, 0.09547, 0.04881, 0.07887, 0.01396, 0.02104, 0.25297, 0.05603, 0.00419, 0.13136, 0.03396],[],[],24,0
2.5,43,[0.00284, 0.00096, 0.04223, 0.08183, 0.05762, 0.06045, 0.1126, 0.11428, 0.0076, 0.03812, 0.00531, 0.04018, 0.02188, 0.18189, 0.00292, 0.00295, 0.03274, 0.00299, 0.15662, 0.08416, 0.01065, 0.06789, 0.0866, 0.09233, 0.25831, 0.03198, 0.11438, 0.00409, 0.14488, 0.11595, 0.03477, 0.12174, 0.08313],[],[],33,0
2.5,44,[0.00015, 0.04072, 0.05674, 0.01344, 0.05305, 0.00194, 0.0176, 0.03043, 0.08781, 0.0355, 0.13283, 0.01979, 0.13873, 0.03284, 0.00285, 0.05312, 0.1602],[],[],17,0
2.5,45,[0.01233, 0.07632, 0.01618, 0.0228, 0.01401, 0.0143, 0.03756, 0.01816, 0.00303, 0.03372, 0.00661, 0.1753, 0.00723, 0.12421, 0.03495, 0.17227, 0.00416, 0.00876, 0.00908],[],[],19,0
2.5,46,[0.03539, 0.00519, 0.04849, 0.06323, 0.0304, 0.02107, 0.00536, 0.06311, 0.0094, 0.06625, 0.00214, 0.12699, 0.06895, 0.0531, 0.00323, 0.00325, 0.11256, 0.17035, 0.18315, 0.03464, 0.01041, 0.04639, 0.02157],[],[],23,0
2.5,47,[0.00396, 0.05241, 0.0501, 0.04834, 0.00371, 0.02869, 0.05877, 0.06407, 0.05596, 0.01307],[],[],10,0
2.5,48,[0.02346, 0.06752, 0.00399, 0.02386, 0.08511, 0.04015, 0.01528, 0.06183, 0.20471, 0.05252, 0.19483, 0.01323, 0.05333, 0.15749, 0.01493, 0.004, 0.0657, 0.23044],[],[],18,0
2.5,49,[0.01399, 0.07666, 0.00945, 0.0492, 0.01553, 0.18227, 0.04376, 0.22197, 0.01829, 0.0074, 0.12991, 0.0123, 0.17711, 0.21208, 0.09186, 0.0258, 0.27277, 0.05337, 0.01781, 0.12032, 0.05851, 0.04097, 0.03224, 0.00465, 0.11197, 0.02368, 0.03798, 0.20524, 0.18712, 0.05477, 0.07012, 0.26538, 0.33265, 0.02089, 0.28229, 0.03673, 0.10497, 0.0053, 0.0215, 0.27481, 0.00551, 0.00559, 0.02805, 0.02825, 0.00566, 0.23281, 0.05748, 0.04631, 0.0058, 0.00582],[],[],50,0
2.5,50,[0.04079, 0.02032, 0.00935, 0.02538, 0.00376, 0.01519, 0.08231, 0.0114, 0.00335, 0.00625, 0.08104, 0.00905, 0.1659, 0.00272, 0.09792, 0.15878, 0.00299, 0.00904, 0.10565, 0.05781, 0.08219, 0.19033, 0.07766, 0.0271, 0.04072, 0.02154, 0.08289, 0.20477, 0.03428, 0.00383, 0.06155, 0.03195, 0.01198, 0.02427, 0.01721, 0.02612, 0.02185, 0.15348, 0.04058, 0.11845, 0.0857, 0.03285, 0.07735],[],[],43,0
2.5,51,[0.00085, 0.02244, 0.00478, 0.04011, 0.0008, 0.02851, 0.00474, 0.00186, 0.12594, 0.00705, 0.12893, 0.0296, 0.00596, 0.04602],[],[],14,0
2.5,52,[0.00031, 0.00805, 0.0271, 0.00575, 0.09122, 0.0242, 0.05549, 0.06591, 0.02538, 0.01565, 0.12, 0.08521, 0.14875, 0.1035, 0.07076, 0.19903, 0.01639, 0.02023, 0.24267, 0.10884, 0.01505],[],[],21,0
2.5,53,[0.00246, 0.11739, 0.05408, 0.00641, 0.07425, 0.1378, 0.00272, 0.00294, 0.16128, 0.19558, 0.09048, 0.05422, 0.14665, 0.0069, 0.00707, 0.17554, 0.21202, 0.22437, 0.24001, 0.08225, 0.06334, 0.0942, 0.06627, 0.18242, 0.01924, 0.24583],[],[],26,0
2.5,54,[0.00349, 0.00095, 0.00194, 0.10811, 0.08532, 0.00251, 0.02077, 0.16762, 0.00841, 0.00856, 0.00867, 0.03773, 0.16252, 0.02478, 0.16751, 0.00624, 0.21033, 0.10438, 0.00687, 0.08709, 0.12896, 0.07402, 0.21937, 0.07018, 0.19464, 0.22511, 0.11874, 0.25551, 0.05854, 0.02102, 0.02547, 0.11315, 0.02192, 0.13595, 0.05748],[],[],35,0
2.5,55,[0.00808, 0.02022, 0.04078, 0.0098, 0.03768, 0.01077, 0.17556, 0.08035, 0.09959, 0.17037, 0.01213, 0.13531, 0.10654, 0.01071, 0.00361, 0.06185, 0.24078, 0.01174, 0.00396, 0.01194, 0.20713, 0.01221, 0.23787, 0.23267, 0.06002, 0.09047, 0.23738, 0.09154, 0.17572, 0.18683, 0.01051, 0.09518, 0.02125, 0.03249, 0.17498, 0.26949, 0.35368, 0.16789, 0.15703, 0.0356],[],[],40,0
2.5,56,[0.02451, 0.00209, 0.02312, 0.04087, 0.10862, 0.0269, 0.07807, 0.11609, 0.00462, 0.01398, 0.09563, 0.03492, 0.01439, 0.00294, 0.1619, 0.00384, 0.04264, 0.00797, 0.10169, 0.0804, 0.28452, 0.01992],[],[],22,0
2.5,57,[0.00471, 0.00481, 0.00831, 0.01659, 0.01553, 0.00155, 0.06194, 0.01361, 0.04183, 0.03378, 0.15477, 0.13676, 0.01455, 0.00303, 0.00305, 0.00631, 0.00637, 0.21421, 0.17833, 0.00352, 0.03185, 0.04416, 0.01854, 0.04115],[],[],24,0
2.5,58,[0.00176, 0.0356, 0.01974, 0.00834, 0.03798, 0.0855, 0.1095, 0.01699, 0.05692, 0.01763, 0.04061, 0.15922, 0.0031, 0.07246, 0.03879],[],[],15,0
2.5,59,[0.00934, 0.07321, 0.04958, 0.02233, 0.03956, 0.01654, 0.06991, 0.06661, 0.08028, 0.10982, 0.0193, 0.16739, 0.00329, 0.09074, 0.22329, 0.01356, 0.12596, 0.01412, 0.2337, 0.10788, 0.17772, 0.21362, 0.01565, 0.05571, 0.00408, 0.00833, 0.12856, 0.21947, 0.15453, 0.1364, 0.01374, 0.12209, 0.28726, 0.00945, 0.01006],[],[],35,0
2.5,60,[0.00834, 0.00456, 0.00931, 0.02438, 0.08778, 0.09019, 0.02429, 0.10799, 0.05272, 0.08576, 0.02926, 0.13941, 0.01818, 0.10033, 0.14406, 0.15721, 0.0284, 0.0254, 0.20468, 0.11387, 0.02525, 0.0146],[],[],22,0
2.5,61,[0.01435, 0.02991, 0.10417, 0.10121, 0.1187, 0.14446, 0.07297, 0.04842, 0.13988, 0.1213, 0.01609, 0.21747, 0.03114, 0.16091, 0.03965, 0.14059, 0.1181, 0.21649, 0.08976, 0.09799, 0.12247, 0.10927, 0.01713, 0.02224, 0.06554, 0.10917, 0.09004, 0.1451, 0.00505, 0.17169, 0.3168, 0.00535, 0.08144, 0.09904, 0.17104, 0.11064, 0.04468, 0.19042, 0.13475, 0.13636, 0.04561, 0.06425, 0.31588],[],[],43,0
2.5,62,[0.00103, 0.0192, 0.03418, 0.03789, 0.0219, 0.0058, 0.03567, 0.09539, 0.00379, 0.0058, 0.06302, 0.03098, 0.06201, 0.05763, 0.00579],[],[],15,0
2.5,63,[0.01856, 0.02515, 0.00955, 0.00216, 0.0794, 0.08674, 0.05025, 0.00149, 0.01756, 0.11171, 0.03032, 0.01965, 0.09364, 0.00763, 0.00551, 0.1829, 0.21787, 0.09358, 0.23133, 0.06663, 0.15386, 0.06564],[],[],22,0
2.5,64,[0.00197, 0.04747, 0.00954, 0.01367, 0.0035, 0.03136, 0.13523, 0.01861, 0.04233, 0.00508, 0.13862, 0.01457, 0.02054, 0.13268, 0.04677, 0.02186, 0.14561, 0.00649, 0.0382, 0.0035, 0.15559, 0.07827, 0.01893],[],[],23,0
2.5,65,[0.02683, 0.00354, 0.03866, 0.07812, 0.08837, 0.10286, 0.03503, 0.09212, 0.13426, 0.11736, 0.00464, 0.09936, 0.09269, 0.00504, 0.09436, 0.01037, 0.14473, 0.1918, 0.09483, 0.01847, 0.07861],[],[],21,0
2.5,66,[0.00918, 0.03073, 0.00902, 0.0054, 0.0951, 0.01984, 0.02547, 0.08777, 0.18123, 0.10938, 0.00301, 0.01568, 0.13445, 0.01288, 0.0419, 0.00323, 0.0894, 0.1192, 0.194, 0.05811, 0.23698, 0.10592, 0.24328, 0.19743, 0.24751, 0.01614],[],[],26,0
2.5,67,[0.07264, 0.02465, 0.00757, 0.04865, 0.03386, 0.13142, 0.10127, 0.10705, 0.17649, 0.0951, 0.19621, 0.16087, 0.19932, 0.09537, 0.20994, 0.00343, 0.21499, 0.20872, 0.16369, 0.04981, 0.01158, 0.15908, 0.008, 0.10631, 0.21941, 0.14261, 0.0327, 0.17876, 0.28301, 0.01517, 0.01047, 0.13278],[],[],32,0
2.5,68,[0.03147, 0.0077, 0.0389, 0.08879, 0.01179, 0.00613, 0.02263, 0.13108, 0.05699, 0.00257, 0.03429, 0.09861, 0.02924, 0.07264, 0.06579, 0.19436, 0.01919, 0.14333, 0.04964, 0.00729, 0.19517, 0.05121, 0.16943, 0.13693],[],[],24,0
2.5,69,[0.01299, 0.0555, 0.00771, 0.02763, 0.02484, 0.00353, 0.04637, 0.13426, 0.06236, 0.06453, 0.00634, 0.00217, 0.00218, 0.11842, 0.061, 0.08239, 0.16181, 0.09156],[],[],18,0
2.5,70,[0.00605, 0.03151, 0.01236, 0.0009, 0.00314, 0.01953, 0.12138, 0.08339, 0.03014, 0.14517, 0.08628, 0.10186, 0.06206, 0.03676, 0.0158, 0.00321, 0.10033, 0.00976, 0.00701, 0.00718, 0.23746, 0.0744, 0.04478, 0.00755],[],[],24,0
2.5,71,[0.00114, 0.02347, 0.0278, 0.03608, 0.00615, 0.02803, 0.01084, 0.04277, 0.00576, 0.11813, 0.02558, 0.04366, 0.00286, 0.08146, 0.02148, 0.07384, 0.09744, 0.04731, 0.11794],[],[],19,0
2.5,72,[0.02075, 0.01908, 0.0018, 0.00463, 0.0325, 0.00511, 0.08294, 0.0772, 0.17756, 0.06463, 0.15775, 0.17061, 0.0035, 0.20717, 0.00406, 0.25001, 0.2337, 0.01801, 0.07375, 0.17516, 0.24115, 0.00466, 0.1491, 0.00933, 0.17344, 0.29983, 0.27799, 0.16629, 0.15673, 0.0148, 0.12489, 0.19036, 0.1371, 0.03745, 0.09712, 0.24549, 0.07155, 0.02798],[],[],38,0
2.5,73,[0.01715, 0.09699, 0.07736, 0.09682, 0.01352, 0.00834, 0.04139, 0.11441, 0.12741, 0.05511, 0.1329, 0.02092, 0.10397, 0.02204, 0.09002, 0.18818, 0.02026, 0.02719, 0.08329, 0.01104, 0.02724, 0.12142, 0.0434, 0.00399, 0.00803],[],[],25,0
2.5,74,[0.00087, 0.06555, 0.02886, 0.0331, 0.07795, 0.00505, 0.04229, 0.05954, 0.00215, 0.06464, 0.03882, 0.03441, 0.07033, 0.01578, 0.0617, 0.00337, 0.01361, 0.1487, 0.07916, 0.02539, 0.08381, 0.15335, 0.2452, 0.18791, 0.06528, 0.04365],[],[],26,0
2.5,75,[0.0116, 0.0015, 0.04408, 0.01943, 0.01087, 0.05101, 0.00469, 0.00522, 0.01837, 0.01667, 0.19206, 0.16807, 0.02515, 0.15133, 0.00339, 0.12275, 0.12976, 0.01501, 0.21833, 0.08404, 0.0745, 0.1579, 0.11345, 0.23655, 0.18511, 0.17073, 0.14918, 0.1677, 0.19662, 0.05161, 0.05269, 0.02458, 0.10365, 0.00495, 0.09956, 0.11954, 0.14946, 0.06507, 0.02049, 0.32701, 0.32227, 0.0213, 0.14709, 0.15438, 0.07804, 0.07687, 0.3811],[],[],47,0
2.5,76,[0.01948, 0.05617, 0.00331, 0.04084, 0.11069, 0.00185, 0.10249, 0.02695, 0.03022, 0.03298, 0.08361, 0.01706, 0.00248],[],[],13,0
2.5,77,[0.02931, 0.01691, 0.00087, 0.01326, 0.03109, 0.09278, 0.01732, 0.01053, 0.02813, 0.15489, 0.09201, 0.08569, 0.04749, 0.00277, 0.15003, 0.00838, 0.02245, 0.10074, 0.0118, 0.18005, 0.02329, 0.07826, 0.19438, 0.01065, 0.02869, 0.08511, 0.09464, 0.01194, 0.02418, 0.03656, 0.00417, 0.01262, 0.14809, 0.07377, 0.01391, 0.03727, 0.00476, 0.12268, 0.03242, 0.01658, 0.05132],[],[],41,0
2.5,78,[0.03144, 0.00354, 0.00094, 0.00944, 0.03541, 0.00137, 0.04587, 0.00981, 0.02345, 0.0688, 0.01029, 0.01099, 0.1821, 0.04838, 0.13663, 0.04006],[],[],16,0
2.5,79,[0.00031, 0.00085, 0.02267, 0.02147, 0.002, 0.14938, 0.03189, 0.13547, 0.04217, 0.05861, 0.14365, 0.01337, 0.19351, 0.00365, 0.10241, 0.01189, 0.14307, 0.15579, 0.14361, 0.17737, 0.08911, 0.02567, 0.09362, 0.27355, 0.12131, 0.15591, 0.00935, 0.26813, 0.26073, 0.04666, 0.20249, 0.0382, 0.26799, 0.07152, 0.16918, 0.21016, 0.16496, 0.36479, 0.0171, 0.06285, 0.2993, 0.30281],[],[],42,0
2.5,80,[0.01761, 0.01128, 0.01263, 0.00491, 0.0372, 0.05808, 0.04566, 0.06618, 0.04611, 0.03559, 0.03149, 0.0025, 0.07463, 0.04214],[],[],14,0
2.5,81,[0.03194, 0.05479, 0.01937, 0.00291, 0.09204, 0.00228, 0.13097, 0.00244, 0.10512, 0.03859, 0.03679, 0.06842, 0.00281, 0.04814, 0.09255],[],[],15,0
2.5,82,[0.00311, 0.05431, 0.09575, 0.03343, 0.00378, 0.01767, 0.01038, 0.04126, 0.15316, 0.02861, 0.05569, 0.00831, 0.00281, 0.00286, 0.13108, 0.11417, 0.00676, 0.06008, 0.00754, 0.12202, 0.05822, 0.19688, 0.07157, 0.15321, 0.12124, 0.01403, 0.03292, 0.03407, 0.16611, 0.14284, 0.02507, 0.08665, 0.05618, 0.03067, 0.04119, 0.18247, 0.1417, 0.13775, 0.0753, 0.01078, 0.14741, 0.35091, 0.01659, 0.28627, 0.28668, 0.2594, 0.01135, 0.29415, 0.14761],[],[],49,0
2.5,83,[0.00706, 0.02614, 0.00294, 0.00135, 0.00163, 0.03484, 0.0082, 0.13545, 0.13149, 0.04639, 0.11266, 0.00539, 0.049, 0.02653, 0.14775, 0.07819, 0.00304, 0.00636, 0.03769, 0.227, 0.02869, 0.19877, 0.23135, 0.00759, 0.04847, 0.03642, 0.00445, 0.07209, 0.03206, 0.25781, 0.14915, 0.05186, 0.06185, 0.00481, 0.00481, 0.1786, 0.24847, 0.01487, 0.32251],[],[],39,0
2.5,84,[0.01429, 0.02018, 0.0135, 0.01596, 0.13055, 0.12106, 0.04127, 0.03439, 0.01976, 0.08708, 0.03993, 0.07845, 0.00285, 0.02407, 0.08518, 0.18049, 0.12934, 0.05605, 0.18246, 0.10183, 0.13384, 0.22853, 0.05617, 0.21068, 0.07822, 0.02899, 0.18543, 0.07982, 0.01337, 0.00446, 0.00919, 0.01879, 0.30084, 0.09007, 0.28991],[],[],35,0
2.5,85,[0.00808, 0.01943, 0.00376, 0.12749, 0.12422, 0.03823, 0.07014, 0.00271, 0.0085, 0.00284, 0.00285, 0.04555, 0.16218, 0.08845, 0.20244, 0.11608, 0.03758, 0.12806, 0.19182, 0.04693, 0.0219, 0.20512, 0.11043, 0.06648, 0.16324, 0.05336, 0.00399, 0.15768, 0.0687, 0.26895, 0.01398, 0.30986, 0.03396],[],[],33,0
2.5,86,[0.00821, 0.09778, 0.03608, 0.01821, 0.01027, 0.00429, 0.02949, 0.01032, 0.01313, 0.03481, 0.10637, 0.19889, 0.19827, 0.02112, 0.0251, 0.19605, 0.01546, 0.03589, 0.2505, 0.11204, 0.18079, 0.02147, 0.09733, 0.01329, 0.04471, 0.1081, 0.17225, 0.05028, 0.00925, 0.19692, 0.24411, 0.03369, 0.26005, 0.31445, 0.01984, 0.01011],[],[],36,0
2.5,87,[0.00368, 0.04024, 0.06215, 0.00158, 0.0366, 0.12958, 0.08764, 0.00318, 0.0032, 0.06107, 0.0598, 0.15504, 0.01491, 0.12832, 0.07931, 0.10001, 0.0308, 0.13063, 0.00403, 0.02495, 0.02806, 0.01892],[],[],22,0
2.5,88,[0.02021, 0.00203, 0.04241, 0.0057, 0.00588, 0.00128, 0.06334, 0.02297, 0.02863, 0.12181, 0.09234, 0.07251, 0.00537, 0.11303, 0.03666, 0.20308, 0.21055, 0.08928, 0.18198, 0.02008, 0.0454, 0.00721, 0.03401, 0.03782, 0.03821, 0.25293, 0.02862],[],[],27,0
2.5,89,[0.03359, 0.01701, 0.02424, 0.03596, 0.00325, 0.03267, 0.10406, 0.05099, 0.02251, 0.0723, 0.02584, 0.00788, 0.00273, 0.00574, 0.02167, 0.06812, 0.00314, 0.15519, 0.09218, 0.22157, 0.12363, 0.04132, 0.10265, 0.00773, 0.00777, 0.01985, 0.04368, 0.1765, 0.17769, 0.07844, 0.2516, 0.1335, 0.07148, 0.01837, 0.03226],[],[],35,0
2.5,90,[0.06491, 0.04652, 0.01139, 0.06889, 0.01182, 0.02894, 0.12905, 0.03965, 0.06949, 0.04759, 0.08002, 0.13522, 0.00297, 0.03127, 0.00961, 0.05036, 0.01012, 0.12575, 0.23807, 0.08632, 0.01884, 0.00379, 0.08802, 0.08821, 0.00396, 0.04069, 0.09492, 0.01657, 0.021],[],[],29,0
2.5,91,[0.00205, 0.03059, 0.0543, 0.04717, 0.01727, 0.02676, 0.07038, 0.10392, 0.00812, 0.01431, 0.02952, 0.02374],[],[],12,0
2.5,92,[0.00837, 0.02161, 0.00826, 0.05659, 0.00174, 0.05733, 0.05742, 0.06028, 0.00805, 0.16246, 0.13721, 0.07626, 0.01258, 0.11858, 0.00761, 0.13485, 0.12224, 0.04502, 0.0043, 0.00863, 0.11138, 0.11757, 0.30191, 0.01382, 0.00461, 0.00469, 0.06107, 0.00492, 0.09534, 0.02517],[],[],30,0
2.5,93,[0.01717, 0.0012, 0.06737, 0.07235, 0.10232, 0.02122, 0.09333, 0.02758, 0.06053, 0.11468, 0.06227, 0.00286, 0.09997, 0.003, 0.02715, 0.02297, 0.07912, 0.00335, 0.18018, 0.00708, 0.03401, 0.02421, 0.14236, 0.02964],[],[],24,0
2.5,94,[0.01305, 0.02648, 0.08094, 0.00173, 0.05967, 0.0287, 0.14473, 0.09617, 0.03036, 0.11237, 0.09407, 0.00259, 0.03774, 0.08347, 0.17528, 0.10935, 0.16697, 0.03228],[],[],18,0
2.5,95,[0.04606, 0.00125, 0.00215, 0.0385, 0.01447, 0.00764, 0.12546, 0.01305, 0.01635, 0.02795, 0.00328, 0.10848, 0.01705, 0.0069, 0.15188, 0.04149, 0.05572, 0.00445, 0.04508, 0.01928, 0.02901, 0.0584, 0.06333, 0.14704, 0.01007, 0.05051, 0.10672, 0.00515, 0.04946, 0.00563, 0.01702],[],[],31,0
2.5,96,[0.00456, 0.0451, 0.00863, 0.02283, 0.00187, 0.08775, 0.01307, 0.00586, 0.01803, 0.12205, 0.15301, 0.00667, 0.04076, 0.12587, 0.22098, 0.06563],[],[],16,0
2.5,97,[0.04183, 0.01886, 0.01043, 0.01332, 0.04672, 0.00809, 0.05464, 0.0564, 0.0832, 0.08181, 0.00475, 0.01262, 0.01275, 0.08917, 0.06549, 0.01097, 0.09662, 0.02443, 0.18635, 0.00629, 0.00326, 0.00335, 0.03026],[],[],23,0
2.5,98,[0.02084, 0.01722, 0.04385, 0.08162, 0.09638, 0.10972, 0.00996, 0.00637, 0.01923, 0.13872, 0.01217, 0.13211, 0.00529, 0.01897, 0.06839, 0.0031, 0.01249, 0.14705, 0.06352, 0.23618, 0.08958, 0.09349, 0.00364, 0.11531, 0.18849, 0.00824, 0.03309, 0.13381, 0.03369, 0.24545, 0.16824, 0.00436, 0.01767, 0.068, 0.02808, 0.00479, 0.0299, 0.17018, 0.00504, 0.0102, 0.02556, 0.16101, 0.12555, 0.32424, 0.12982, 0.07714],[],[],46,0
2.5,99,[0.00515, 0.0035, 0.03117, 0.0299, 0.00167, 0.00502, 0.08338, 0.11255, 0.09936, 0.00718, 0.1792, 0.18399, 0.06138, 0.02671, 0.03368, 0.04332, 0.19612, 0.03643, 0.02848, 0.03937, 0.01129, 0.00776, 0.20048, 0.01582],[],[],24,0
2.5,100,[0.00573, 0.00104, 0.01034, 0.00351, 0.0174, 0.02564, 0.10656, 0.04769, 0.15026, 0.00235, 0.00758, 0.02642, 0.07279, 0.00839, 0.05772, 0.17381, 0.00311, 0.17595, 0.09497, 0.11711],[],[],20,0
2.5,101,[0.02852, 0.01994, 0.02187, 0.00151, 0.00638, 0.11934, 0.01789, 0.07891, 0.13332, 0.01154, 0.03117, 0.03122, 0.04755, 0.01599, 0.01423, 0.17557, 0.03608, 0.00741, 0.09409, 0.03162, 0.17235, 0.09505],[],[],22,0
2.5,102,[0.00572, 0.00982, 0.05512, 0.0676, 0.03304, 0.01268, 0.07663, 0.01416, 0.01313, 0.02944, 0.17286, 0.06922, 0.10418, 0.048, 0.07053, 0.02827, 0.00944, 0.17334, 0.11165, 0.19582, 0.06495, 0.21043, 0.02767, 0.09114, 0.01598, 0.01598, 0.02482, 0.00422, 0.03389, 0.00856],[],[],30,0
2.5,103,[0.00193, 0.01216, 0.13134, 0.01732, 0.0322, 0.03535, 0.17522, 0.00575, 0.02393, 0.01022, 0.00763, 0.12606, 0.04345, 0.03176, 0.24897, 0.00407, 0.26877, 0.01258, 0.24847, 0.10206, 0.02225, 0.05412],[],[],22,0
2.5,104,[0.00613, 0.08903, 0.00419, 0.0277, 0.02549, 0.01176, 0.0086, 0.07424, 0.00715, 0.05055, 0.05898, 0.18477, 0.03827, 0.20073, 0.16995, 0.00379, 0.21102, 0.01965, 0.20276, 0.26725, 0.00412, 0.07523, 0.2602, 0.27631, 0.25673, 0.03939, 0.12874, 0.1429, 0.0655, 0.00475, 0.15643, 0.13184, 0.02076, 0.02632],[],[],34,0
2.5,105,[0.08318, 0.0552, 0.00499, 0.01313, 0.00769, 0.01885, 0.04717, 0.10027, 0.00685, 0.01599, 0.09015, 0.00956, 0.10364, 0.14655, 0.20825, 0.2021, 0.01614, 0.0485, 0.07157, 0.18233, 0.00331],[],[],21,0
2.5,106,[0.007, 0.00121, 0.05721, 0.04196, 0.01139, 0.00575, 0.04673, 0.05297, 0.14795, 0.02042, 0.07429, 0.14332, 0.03587, 0.10174, 0.04545, 0.00327, 0.2038, 0.01341, 0.05101, 0.23465, 0.01504],[],[],21,0
2.5,107,[0.00152, 0.00075, 0.01534, 0.02526, 0.00251, 0.03255, 0.01515, 0.00191, 0.04686, 0.02259, 0.15117, 0.10361, 0.1564, 0.00838, 0.00584, 0.0213, 0.12176, 0.00995, 0.12272, 0.09615, 0.04538, 0.07518, 0.03807, 0.25463, 0.21574, 0.01179, 0.1377, 0.00814, 0.00823, 0.00416, 0.05456, 0.19379],[],[],32,0
2.5,108,[0.00614, 0.02168, 0.00621, 0.00688, 0.0009, 0.01423, 0.0788, 0.01932, 0.02066],[],[],9,0
2.5,109,[0.03571, 0.05369, 0.10701, 0.03292, 0.03059, 0.00416, 0.04166, 0.00545, 0.01979, 0.18124, 0.16305, 0.00331, 0.04473, 0.00355, 0.03627, 0.13074, 0.25061, 0.20058, 0.01989, 0.24537, 0.05799, 0.06829, 0.01289, 0.16199, 0.03256, 0.21127, 0.03351],[],[],27,0
2.5,110,[0.00053, 0.06736, 0.03458, 0.00465, 0.14827, 0.08855, 0.13166, 0.02468, 0.18073, 0.10352, 0.07773, 0.06558, 0.20071, 0.18845, 0.03463, 0.1566, 0.0494, 0.01094, 0.04926, 0.20241, 0.03599, 0.01207, 0.03783],[],[],23,0
2.5,111,[0.01016, 0.03521, 0.00989, 0.02161, 0.03006, 0.10371, 0.08407, 0.00454, 0.06284, 0.15662, 0.12743, 0.05926, 0.00305, 0.21123, 0.03666, 0.19042, 0.22997, 0.07211, 0.07171, 0.14537, 0.23211, 0.14115, 0.03951, 0.18445, 0.28631, 0.32805, 0.34645, 0.05889, 0.22711, 0.20134, 0.00551, 0.04957, 0.02231, 0.19633, 0.01131, 0.01701, 0.06823, 0.33835, 0.01731, 0.00578, 0.18579, 0.17003, 0.01809, 0.09668, 0.14051, 0.06819],[],[],46,0
2.5,112,[0.04262, 0.07373, 0.13857, 0.01208, 0.00296, 0.14693, 0.02785, 0.16604, 0.13838, 0.05852, 0.22545, 0.18801, 0.20445, 0.05993, 0.0742, 0.10824, 0.05347, 0.03105, 0.00395, 0.24552, 0.24155, 0.09462, 0.2364, 0.03417, 0.05992, 0.25157, 0.05043, 0.19298, 0.07636, 0.00517, 0.00537, 0.17557, 0.06105],[],[],33,0
2.5,113,[0.0267, 0.00097, 0.00236, 0.00161, 0.09414, 0.00182, 0.10883, 0.03483, 0.13335, 0.11307, 0.01359, 0.04126, 0.01226, 0.00527, 0.02932, 0.00277, 0.08, 0.12602, 0.15343, 0.22603, 0.08828, 0.16337, 0.14311, 0.20961, 0.08592, 0.05307, 0.00777, 0.12848, 0.07668, 0.09921, 0.13602, 0.13198, 0.12196, 0.04281, 0.16863, 0.01574, 0.12691, 0.32881, 0.18456, 0.30251, 0.27546, 0.10242, 0.1145, 0.05891],[],[],44,0
2.5,114,[0.00047, 0.00384, 0.04235, 0.01176, 0.05628, 0.00239, 0.12221, 0.02298, 0.00258, 0.16774, 0.01073, 0.15091, 0.011, 0.14116, 0.23117, 0.00767, 0.05063, 0.09778, 0.24749, 0.23334, 0.13889, 0.02866, 0.0246, 0.02872, 0.01713],[],[],25,0
2.5,115,[0.00795, 0.00276, 0.12195, 0.01766, 0.01504, 0.0716, 0.01142, 0.02109, 0.16327, 0.00514, 0.06712, 0.15009, 0.0135, 0.14851, 0.10283, 0.02243, 0.02825, 0.17482, 0.08732, 0.02764, 0.08115, 0.16993, 0.18047, 0.00665, 0.02027],[],[],25,0
2.5,116,[0.01715, 0.01518, 0.00764, 0.00141, 0.04641, 0.03599, 0.01243, 0.04964, 0.04999, 0.17254, 0.17548, 0.00294, 0.07389, 0.09948, 0.10172, 0.08228, 0.12367, 0.08608, 0.014, 0.13371, 0.00354, 0.01806, 0.12853, 0.13017, 0.12338, 0.01161, 0.07442, 0.11999, 0.23646, 0.01261],[],[],30,0
2.5,117,[0.00139, 0.07142, 0.00121, 0.07605, 0.10089, 0.14176, 0.0023, 0.00986, 0.0234, 0.00525, 0.0908, 0.0107, 0.16143, 0.00911, 0.00315, 0.02639, 0.06934, 0.02064, 0.10078, 0.21945, 0.14343, 0.01179, 0.01184, 0.14827, 0.15465, 0.11136, 0.0708, 0.02953, 0.24751, 0.19307, 0.03163, 0.22834, 0.01428, 0.00481, 0.23728, 0.28127, 0.20905, 0.03978],[],[],38,0
2.5,118,[0.00312, 0.0322, 0.0049, 0.00283, 0.00663, 0.04033, 0.00787, 0.007, 0.12889, 0.04022, 0.06377, 0.02811, 0.14062, 0.11885, 0.01276, 0.01357, 0.03051, 0.20272, 0.18369, 0.05958, 0.01612, 0.02857, 0.27392, 0.0086, 0.12698, 0.02284],[],[],26,0
2.5,119,[0.03409, 0.06714, 0.01229, 0.04617, 0.07858, 0.09312, 0.11343, 0.05995, 0.0618, 0.02273, 0.0371, 0.1526, 0.02887, 0.00938, 0.00969, 0.11451, 0.07884, 0.03131, 0.01095, 0.01497],[],[],20,0
2.5,120,[0.06845, 0.02567, 0.08368, 0.05827, 0.02882, 0.11741, 0.02808, 0.02843, 0.16022, 0.10211, 0.03694, 0.14212, 0.10544, 0.0422, 0.00314, 0.09244, 0.02357, 0.00346, 0.02479, 0.0916, 0.08779, 0.03452, 0.00785, 0.03928, 0.10622, 0.18558, 0.05393, 0.00417, 0.14732, 0.139, 0.24375, 0.05773, 0.01356],[],[],33,0
2.5,121,[0.05375, 0.06948, 0.0035, 0.07035, 0.03615, 0.09753, 0.01191, 0.00684, 0.09434, 0.05167, 0.10319, 0.10517, 0.0604, 0.02016, 0.05268, 0.00318, 0.00641, 0.04242, 0.02009, 0.05468],[],[],20,0
2.5,122,[0.04376, 0.00139, 0.03639, 0.06071, 0.08593, 0.10259, 0.007, 0.03657, 0.15906, 0.1019, 0.14214, 0.00987, 0.176, 0.18553, 0.04345, 0.02582, 0.0115, 0.13034, 0.18879, 0.01226, 0.00828, 0.02519],[],[],22,0
2.5,123,[0.00464, 0.00461, 0.00836, 0.02413, 0.01739, 0.04493, 0.13437, 0.03271, 0.15566, 0.10653, 0.00871, 0.00599, 0.08781, 0.12286, 0.06905, 0.07387, 0.24456, 0.09165, 0.17643, 0.00394, 0.14305, 0.01612, 0.00808, 0.26084, 0.04296, 0.14634, 0.23806, 0.08779, 0.01321, 0.15715, 0.17378, 0.06899, 0.19238],[],[],33,0
2.5,124,[0.01938, 0.04281, 0.03726, 0.01753, 0.00378, 0.01919, 0.033, 0.07805, 0.00655],[],[],9,0
2.5,125,[0.05547, 0.00208, 0.00906, 0.06026, 0.0833, 0.00191, 0.00768, 0.13534, 0.0092, 0.00794, 0.15668, 0.09416, 0.06593, 0.00638, 0.20741, 0.03067, 0.12693, 0.14162, 0.14216, 0.22938, 0.11683, 0.02959, 0.06369, 0.21668, 0.05313, 0.07661, 0.1943, 0.04093],[],[],28,0
2.5,126,[0.027, 0.0201, 0.04459, 0.00566, 0.01391, 0.12183, 0.04818, 0.01276, 0.12687, 0.11847, 0.1402, 0.13134, 0.00986, 0.01972, 0.00371, 0.00381, 0.04395, 0.02, 0.00405, 0.00822, 0.00884, 0.10233, 0.24251, 0.0045, 0.1536, 0.10907, 0.23313, 0.25341, 0.08872, 0.11368],[],[],30,0
2.5,127,[0.01138, 0.07152, 0.00782, 0.09371, 0.06448, 0.06863, 0.09377, 0.00615, 0.00212, 0.05354, 0.11362, 0.04108, 0.01925, 0.12401, 0.20704, 0.17083, 0.05103, 0.10287, 0.05195, 0.01602, 0.00809, 0.02848, 0.14069, 0.09053, 0.02218],[],[],25,0
2.5,128,[0.04977, 0.02468, 0.00221, 0.02204, 0.05749, 0.00159, 0.08054, 0.04208, 0.00678, 0.0087, 0.01454, 0.01032, 0.06058, 0.01373, 0.02318, 0.04319, 0.19907, 0.04105],[],[],18,0
2.5,129,[0.00255, 0.04665, 0.01632, 0.07706, 0.04224, 0.0378, 0.01173, 0.05914, 0.01493, 0.17173, 0.21879, 0.19209, 0.06795, 0.00371, 0.23208, 0.23311, 0.04514, 0.25427, 0.01619, 0.1306, 0.1742, 0.22191, 0.12493, 0.0303],[],[],24,0
2.5,130,[0.0185, 0.04101, 0.0585, 0.02189, 0.00232, 0.00232, 0.0611, 0.03073],[],[],8,0
2.5,131,[0.00203, 0.00721, 0.04127, 0.00369, 0.12833, 0.01637, 0.01081, 0.11148, 0.03254, 0.1507, 0.01779, 0.14997, 0.07718, 0.03365, 0.00301, 0.01507, 0.00629, 0.09993, 0.08841, 0.17347, 0.10466, 0.08817, 0.01878],[],[],23,0
2.5,132,[0.01241, 0.01902, 0.04073, 0.00232, 0.00757, 0.01568, 0.02365, 0.01872],[],[],8,0
2.5,133,[0.02073, 0.0338, 0.01605, 0.12125, 0.13635, 0.0777, 0.17595, 0.15752, 0.08134, 0.06192, 0.00312, 0.16514, 0.13555, 0.00333, 0.00344, 0.02488, 0.15448, 0.15932, 0.02286, 0.04955, 0.09176],[],[],21,0
2.5,134,[0.01146, 0.0137, 0.06548, 0.04825, 0.05902, 0.02109, 0.04905, 0.06648, 0.06362, 0.11391, 0.0359, 0.05608],[],[],12,0
2.5,135,[0.00828, 0.01131, 0.01267, 0.03042, 0.03139, 0.01298, 0.02613, 0.04034, 0.01987, 0.01421, 0.0433, 0.05349, 0.00993, 0.12207, 0.08637, 0.00258, 0.07157, 0.18576, 0.14147, 0.03107, 0.02976],[],[],21,0
2.5,136,[0.00081, 0.02886, 0.00153, 0.10866, 0.05469, 0.09824, 0.04291, 0.14496, 0.0724, 0.0199, 0.01735, 0.21385, 0.01759, 0.04659, 0.03684, 0.00372, 0.00374, 0.01126, 0.00376, 0.05668, 0.20509, 0.16341, 0.17638, 0.2403, 0.12414, 0.0494, 0.05926, 0.02284, 0.17713, 0.18266, 0.09205, 0.09986, 0.00539, 0.29726, 0.08146, 0.34852, 0.06537],[],[],37,0
2.5,137,[0.00119, 0.00708, 0.07828, 0.08642, 0.00979, 0.08451, 0.04462, 0.0036, 0.03152, 0.01244, 0.10692, 0.07817, 0.07422, 0.00227, 0.19963, 0.12867, 0.16348, 0.09822, 0.00387, 0.00388, 0.02755, 0.0517, 0.01621, 0.13932, 0.09282, 0.29341, 0.06152, 0.01441, 0.09495, 0.07557],[],[],30,0
2.5,138,[0.00658, 0.01563, 0.00274, 0.00796, 0.00319, 0.00197, 0.00898, 0.01706, 0.17229, 0.00279, 0.04515, 0.02581, 0.10687, 0.00597, 0.12142, 0.00359, 0.02175, 0.24611, 0.21602, 0.26265, 0.02483, 0.00473, 0.02396, 0.08642, 0.24229, 0.01466],[],[],26,0
2.5,139,[0.01693, 0.03071, 0.02145, 0.06404, 0.04866, 0.00572, 0.04026, 0.10273, 0.06286, 0.02947, 0.01691],[],[],11,0
2.5,140,[0.0042, 0.01274, 0.04491, 0.02332, 0.1263, 0.00481, 0.01285, 0.02681, 0.01896, 0.02182, 0.12131, 0.05907, 0.01941, 0.00324, 0.09178, 0.06173, 0.00352, 0.04737, 0.23776, 0.12935, 0.0448, 0.03103, 0.1549, 0.03225, 0.02455, 0.32052, 0.10645, 0.31634, 0.26826, 0.26836, 0.048, 0.29027, 0.01102, 0.05531, 0.33359, 0.02289, 0.04096, 0.02348, 0.01176, 0.17399, 0.00607, 0.04919],[],[],42,0
2.5,141,[0.00164, 0.00964, 0.00571, 0.0748, 0.01381, 0.17519, 0.01257, 0.02916, 0.01684, 0.02842, 0.00369, 0.01172, 0.05086, 0.00412, 0.00423, 0.09649, 0.00461, 0.06144, 0.00494, 0.01509, 0.31261, 0.2193, 0.26296, 0.03254, 0.22925, 0.01108, 0.34695, 0.01147, 0.13822, 0.01739, 0.07208, 0.23574, 0.25619, 0.03764, 0.01287, 0.41979, 0.21989, 0.2105, 0.35603, 0.03439, 0.37328, 0.34711, 0.0282, 0.02118],[],[],44,0
2.5,142,[0.0024, 0.0546, 0.04215, 0.02978, 0.02065, 0.00777, 0.00609, 0.06723, 0.1827, 0.04485, 0.09029, 0.0685, 0.12865, 0.01862, 0.10516, 0.14118, 0.20243, 0.25471, 0.19377, 0.27033, 0.02583, 0.10436, 0.01759, 0.24241, 0.1334, 0.12076, 0.23003, 0.22115, 0.24928, 0.03068, 0.29544, 0.15764, 0.04217, 0.16102, 0.00538, 0.03814, 0.00559, 0.12302, 0.19367, 0.35004],[],[],40,0
2.5,143,[0.03402, 0.02335, 0.04693, 0.10854, 0.00699, 0.04148, 0.02448, 0.13617, 0.13195, 0.08601, 0.13369, 0.02309, 0.01044, 0.14984, 0.0228, 0.07739, 0.06198, 0.04804, 0.14093, 0.12625, 0.01489, 0.08961, 0.04295, 0.03294, 0.00847, 0.04662],[],[],26,0
2.5,144,[0.01583, 0.00086, 0.0236, 0.0016, 0.05809, 0.06938, 0.00876, 0.00678, 0.00477, 0.02231, 0.0373, 0.01471, 0.20761, 0.07358, 0.1773, 0.05326, 0.18941, 0.20251, 0.21707, 0.00747, 0.03425, 0.12508, 0.07221, 0.01259, 0.10574, 0.14409, 0.03103],[],[],27,0
2.5,145,[0.00187, 0.02171, 0.00394, 0.00083, 0.0124, 0.12001, 0.0076, 0.05725, 0.00644, 0.04343, 0.12887, 0.13242, 0.04892],[],[],13,0
2.5,146,[0.00362, 0.01012, 0.00615, 0.07617, 0.00652, 0.12437, 0.15409, 0.0523, 0.02032, 0.06679, 0.1461, 0.01361, 0.06942],[],[],13,0
2.5,147,[0.02817, 0.03024, 0.0256, 0.00893, 0.00226, 0.07318, 0.12028, 0.00513, 0.0129, 0.00856, 0.16494, 0.10791, 0.20814, 0.20868, 0.02684, 0.09501, 0.1361, 0.1587, 0.10602, 0.01153, 0.0155, 0.02365, 0.25233, 0.01206, 0.02501],[],[],25,0
2.5,148,[0.03843, 0.00108, 0.01653, 0.07409, 0.01135, 0.00175, 0.01389, 0.02038, 0.07763, 0.01952, 0.01227, 0.10638, 0.00247, 0.0279, 0.03752, 0.03878, 0.06319, 0.032, 0.00332, 0.03118, 0.01047, 0.03781, 0.00897, 0.00459, 0.0322, 0.14088, 0.0147, 0.00499, 0.31615, 0.00518, 0.10677],[],[],31,0
2.5,149,[0.02684, 0.00433, 0.03409, 0.00472, 0.00508, 0.00147, 0.05948, 0.00168, 0.0136, 0.00868, 0.03303],[],[],11,0
2.5,150,[0.0123, 0.01851, 0.01659, 0.06312, 0.00624, 0.00151, 0.00842, 0.04489, 0.1401, 0.00879, 0.13239, 0.07267, 0.0467, 0.01411, 0.01696, 0.00876, 0.15068, 0.06197, 0.10959, 0.11338, 0.10294, 0.08893, 0.00746, 0.09418, 0.02129, 0.03422, 0.14789, 0.04881],[],[],28,0
2.5,151,[0.00675, 0.02262, 0.00306, 0.07032, 0.08759, 0.0098, 0.07666, 0.09579, 0.04508, 0.14522, 0.05043, 0.15254, 0.18194, 0.0955, 0.01982, 0.05669, 0.00286, 0.18331, 0.06324, 0.16672, 0.16493, 0.00957, 0.00332, 0.10752, 0.18041, 0.04094, 0.07419, 0.00409, 0.12624, 0.07932, 0.02224, 0.01352, 0.00461, 0.06496, 0.05316, 0.00488, 0.08392, 0.09016, 0.30847, 0.14842, 0.00532, 0.11921, 0.16429, 0.02756, 0.0616, 0.31814, 0.08267, 0.36749, 0.14843],[],[],49,0
2.5,152,[0.02921, 0.00929, 0.0127, 0.01403, 0.11616, 0.00463, 0.01829, 0.01411, 0.12501, 0.04164, 0.00335, 0.07065, 0.03055, 0.10636, 0.12679, 0.25405, 0.07679, 0.01745, 0.03107, 0.04711, 0.00481, 0.03428, 0.0246, 0.10414, 0.17047, 0.02552, 0.33568, 0.06746, 0.33, 0.0426, 0.00536, 0.27779, 0.28451, 0.06089, 0.30663, 0.00575, 0.00578, 0.05289, 0.34832, 0.03578, 0.00602, 0.00642, 0.27034, 0.18681, 0.02586],[],[],45,0
2.5,153,[0.01308, 0.05724, 0.04999, 0.00598, 0.06408, 0.12503, 0.03705, 0.0048, 0.00534, 0.01495, 0.03308, 0.06433, 0.01309, 0.05023, 0.10522, 0.08034, 0.19472, 0.00404, 0.05833, 0.02602],[],[],20,0
2.5,154,[0.00063, 0.0063, 0.08654, 0.00933, 0.03996, 0.00211, 0.05085, 0.05412, 0.05469, 0.12149, 0.07414, 0.08407, 0.03818, 0.02731, 0.00916, 0.07693, 0.01288, 0.00342, 0.21921, 0.01397, 0.09505, 0.09046, 0.05846, 0.02649, 0.24373, 0.01971],[],[],26,0
2.5,155,[0.05121, 0.07271, 0.0189, 0.06586, 0.02006, 0.0675, 0.02551, 0.11191, 0.01991, 0.02929, 0.01743, 0.00268, 0.04824, 0.05742, 0.16016],[],[],15,0
2.5,156,[0.00229, 0.001, 0.03262, 0.01262, 0.00143, 0.02461, 0.00354, 0.00198, 0.02418, 0.10153, 0.14293, 0.09289, 0.01465, 0.02168, 0.00368, 0.06013, 0.11528, 0.07133],[],[],18,0
2.5,157,[0.02614, 0.0139, 0.01801, 0.0071, 0.01481, 0.16663, 0.04971, 0.12816, 0.16371, 0.02137, 0.0648, 0.00314, 0.00985, 0.04089, 0.14799, 0.13422, 0.14398, 0.17651, 0.17295, 0.0537, 0.05423, 0.23938, 0.0464, 0.14883, 0.03103, 0.05876, 0.00457, 0.03744, 0.00938, 0.25968, 0.00949, 0.01426],[],[],32,0
2.5,158,[0.04572, 0.02354, 0.0248, 0.01702, 0.09723, 0.01606, 0.02892, 0.00227, 0.02051, 0.02848, 0.18285, 0.10528, 0.00929, 0.09478, 0.01652, 0.04644, 0.15544, 0.00383, 0.07268, 0.01219, 0.13803, 0.19438, 0.11501, 0.14932, 0.00449, 0.11828, 0.00474, 0.08118, 0.08514, 0.13133, 0.174, 0.09811, 0.03635, 0.12033, 0.00524],[],[],35,0
2.5,159,[0.00027, 0.01, 0.00247, 0.0053, 0.10796, 0.00661, 0.02143, 0.18616, 0.02087, 0.03611, 0.04591, 0.00324, 0.10408, 0.01083, 0.01084, 0.01447, 0.03314, 0.01105, 0.00379, 0.08844],[],[],20,0
2.5,160,[0.01332, 0.04809, 0.07706, 0.11188, 0.00463, 0.14816, 0.00477, 0.00239, 0.08558, 0.05984, 0.15951, 0.00845, 0.17371, 0.07846, 0.07863, 0.0371, 0.02615, 0.14907, 0.23188, 0.01727, 0.14862, 0.0788, 0.10978, 0.01947, 0.04967, 0.02484, 0.00516, 0.00531, 0.27192, 0.01086, 0.0445, 0.29497, 0.04612, 0.04659],[],[],34,0
2.5,161,[0.03918, 0.0163, 0.05353, 0.10498, 0.01548, 0.00346, 0.03995, 0.07814, 0.13176, 0.02824, 0.13033, 0.00989, 0.13963, 0.14568, 0.02238, 0.02515, 0.00631, 0.04181, 0.07613, 0.0134, 0.11864, 0.08298, 0.06172, 0.14277, 0.01547, 0.00392, 0.04551, 0.05059, 0.12422, 0.1162, 0.05447],[],[],31,0
2.5,162,[0.00082, 0.00332, 0.05857, 0.00133, 0.07118, 0.08958, 0.10989, 0.12927, 0.00254, 0.14654, 0.08443, 0.17435, 0.04805, 0.16127, 0.14494, 0.18294, 0.05985, 0.01546, 0.18119, 0.06681, 0.0106, 0.00719, 0.05512, 0.12696, 0.06443, 0.0429, 0.07114, 0.11819, 0.07607, 0.09351, 0.12852, 0.08196, 0.03627, 0.04996, 0.00915, 0.28856, 0.01897],[],[],37,0
2.5,163,[0.0076, 0.04755, 0.0052, 0.05273, 0.08309, 0.04265, 0.00554, 0.0945, 0.02798, 0.12957, 0.06099, 0.07424, 0.09475, 0.04745, 0.01025, 0.19345, 0.13303, 0.03084, 0.0437, 0.0204, 0.21399, 0.01762, 0.05111, 0.01394, 0.31153, 0.25441, 0.00487, 0.08862, 0.28279, 0.2754, 0.00512, 0.04632, 0.02582],[],[],33,0
2.5,164,[0.00035, 0.00263, 0.00345, 0.00655, 0.08656, 0.0229, 0.02498, 0.1087, 0.0017, 0.10906, 0.04471, 0.01837, 0.06416, 0.0376, 0.01068, 0.00555, 0.15837, 0.10624, 0.1574, 0.01476, 0.09542, 0.1158, 0.16409, 0.02014, 0.10287, 0.22328, 0.05107, 0.00733, 0.01577, 0.22652, 0.15346, 0.00404, 0.05043, 0.23495, 0.00443, 0.02754],[],[],36,0
2.5,165,[0.00137, 0.00068, 0.00171, 0.04019, 0.00571, 0.04941, 0.08965, 0.11658, 0.04844, 0.0141, 0.05475],[],[],11,0
2.5,166,[0.00034, 0.06199, 0.07659, 0.07336, 0.00176, 0.03952, 0.06137, 0.02165, 0.00668, 0.00237, 0.03397, 0.02441, 0.00307, 0.06951, 0.03505, 0.00713, 0.00749, 0.04979, 0.01206, 0.03632],[],[],20,0
2.5,167,[0.00833, 0.02269, 0.00536, 0.0298, 0.03508, 0.03163, 0.08411, 0.00505, 0.06402, 0.06224, 0.10662, 0.01071, 0.00562, 0.00577, 0.14772, 0.12427, 0.07296, 0.14811, 0.03777, 0.04283],[],[],20,0
2.5,168,[0.00672, 0.05956, 0.01318, 0.05927, 0.00175, 0.02025, 0.00692, 0.01217, 0.01717, 0.01732, 0.0052, 0.00276, 0.00892, 0.13157, 0.10519, 0.03982, 0.08995, 0.00891, 0.00924, 0.014, 0.06177, 0.04828, 0.0147, 0.06486, 0.05077, 0.0051, 0.06635, 0.32354, 0.01572, 0.04317, 0.07631, 0.06577, 0.01098, 0.0554, 0.1677, 0.00578, 0.38716, 0.1195, 0.16167, 0.10417, 0.062],[],[],41,0
2.5,169,[0.00517, 0.00075, 0.0069, 0.02514, 0.05434, 0.01901, 0.0413, 0.08891, 0.05007, 0.09151, 0.04347, 0.09523, 0.22039, 0.01509, 0.07567, 0.03481, 0.01178, 0.19334, 0.02016],[],[],19,0
2.5,170,[0.02158, 0.02393, 0.02401, 0.07505, 0.02923, 0.02956, 0.11443, 0.00377, 0.00404, 0.01329, 0.07359, 0.00483, 0.07299, 0.00504, 0.08318, 0.15825, 0.06711, 0.02155, 0.04894, 0.02611, 0.17268, 0.01219, 0.02124, 0.03031, 0.283],[],[],25,0
2.5,171,[0.06701, 0.03405, 0.01641, 0.02747, 0.15986, 0.02616, 0.0194, 0.04596, 0.14551, 0.02377, 0.09185, 0.21494, 0.07311, 0.04774, 0.1274, 0.02655, 0.0392, 0.01253, 0.02096, 0.02669, 0.00446, 0.03176, 0.28421, 0.23501, 0.05616, 0.31238, 0.25174, 0.02452, 0.15995, 0.0601, 0.27138, 0.03537, 0.01571],[],[],33,0
2.5,172,[0.00098, 0.03957, 0.02211, 0.05377, 0.05282, 0.05223, 0.00158, 0.01871, 0.02702, 0.11609, 0.04385, 0.04247, 0.04522, 0.15727, 0.0024, 0.03437, 0.1332, 0.01913, 0.0336, 0.11202, 0.22726, 0.19933, 0.21315, 0.08441, 0.2025, 0.20476, 0.00819, 0.01645],[],[],28,0
2.5,173,[0.04094, 0.05508, 0.00838, 0.00179, 0.10649, 0.12683, 0.0159, 0.01619, 0.03559, 0.06192, 0.06705, 0.04228, 0.12211, 0.07925, 0.02369, 0.21087, 0.08091, 0.13728, 0.07606, 0.0517, 0.05259, 0.15614, 0.04308, 0.02003],[],[],24,0
2.5,174,[0.01434, 0.01545, 0.08343, 0.07643, 0.03863, 0.04806, 0.08926, 0.11057, 0.039, 0.07107, 0.03554, 0.00553, 0.00886, 0.09795, 0.03123, 0.06054, 0.00328, 0.02658, 0.12925, 0.05729, 0.13615, 0.11098, 0.11624, 0.17875, 0.24976, 0.02978, 0.0537, 0.24785, 0.05464, 0.00914, 0.03307],[],[],31,0
2.5,175,[0.0009, 0.03078, 0.06988, 0.01578, 0.04499, 0.03727, 0.06736, 0.11683, 0.05557, 0.02249, 0.05291, 0.00253, 0.03927, 0.01211, 0.07014, 0.19036, 0.0096, 0.10798, 0.00348, 0.03304],[],[],20,0
2.5,176,[0.00811, 0.03107, 0.02895, 0.02563, 0.04982, 0.04915, 0.01424, 0.10151, 0.02143, 0.04616, 0.15153, 0.09001, 0.06708, 0.042, 0.00302, 0.00976, 0.08467, 0.01333, 0.02226],[],[],19,0
2.5,177,[0.0003, 0.00423, 0.02671, 0.02547, 0.03271, 0.00877, 0.02711, 0.07573, 0.12149, 0.09545, 0.10299, 0.02539, 0.05767, 0.00263, 0.03803, 0.00594, 0.03065],[],[],17,0
2.5,178,[0.00253, 0.00135, 0.10969, 0.01598, 0.00733, 0.02571, 0.04854, 0.07865, 0.01191, 0.05553, 0.00533, 0.00559, 0.01515, 0.02813, 0.00973, 0.05843, 0.18743, 0.05425, 0.03393, 0.20442, 0.02119],[],[],21,0
2.5,179,[0.01672, 0.03142, 0.02267, 0.08592, 0.07208, 0.04123, 0.00297, 0.00423, 0.10319, 0.06678, 0.03261, 0.08876, 0.04094, 0.05346, 0.00861, 0.09463, 0.05295, 0.03543, 0.12179, 0.00729, 0.0256, 0.17606, 0.0495, 0.143, 0.11851, 0.25712, 0.05248, 0.11837, 0.12776, 0.25437],[],[],30,0
2.5,180,[0.01202, 0.00112, 0.00838, 0.0433, 0.00185, 0.04709, 0.00401, 0.01454, 0.02902, 0.06421, 0.12172, 0.09235],[],[],12,0
2.5,181,[0.00207, 0.0052, 0.08512, 0.11406, 0.00243, 0.01718, 0.08679, 0.00509, 0.0817, 0.07916, 0.09114, 0.08977, 0.07896, 0.02361, 0.01818, 0.00321, 0.04559, 0.05906, 0.10626, 0.11216, 0.00364, 0.02199, 0.25013, 0.08026, 0.01595, 0.00402, 0.04664, 0.07319, 0.10826, 0.09301],[],[],30,0
2.5,182,[0.00235, 0.03739, 0.05175, 0.00206, 0.00105, 0.07308, 0.03351, 0.00294, 0.08032, 0.01834, 0.03596, 0.01106, 0.06104, 0.00281, 0.07038, 0.15253, 0.05359, 0.0297, 0.01336, 0.00336, 0.10241, 0.00714, 0.00366],[],[],23,0
2.5,183,[0.01265, 0.00517, 0.02157, 0.01053, 0.02743, 0.02196, 0.03582, 0.00174, 0.00592, 0.05649, 0.01487, 0.05748, 0.02623, 0.01317, 0.00803, 0.12606, 0.13523, 0.02591, 0.01459, 0.10167, 0.20057, 0.05759, 0.09156, 0.01001, 0.11261, 0.02787, 0.05202],[],[],27,0
2.5,184,[0.00874, 0.00117, 0.0048, 0.10116, 0.01262, 0.11758, 0.06223, 0.00224, 0.0045, 0.01127, 0.01156, 0.08343, 0.04372, 0.09279, 0.13905, 0.04897, 0.02153],[],[],17,0
2.5,185,[0.00099, 0.0209, 0.04933, 0.02183, 0.0419, 0.02761, 0.06417, 0.10657, 0.02192, 0.0344, 0.03638, 0.04296, 0.11765, 0.04923, 0.00519, 0.00274, 0.14294, 0.03115, 0.15847, 0.01553, 0.18568, 0.11611],[],[],22,0
2.5,186,[0.01217, 0.0014, 0.08502, 0.01447, 0.04161, 0.00583, 0.11461, 0.01098, 0.08451, 0.00262, 0.0869, 0.15459, 0.00311, 0.00627, 0.01269, 0.00329, 0.11659, 0.22303, 0.05761, 0.08924, 0.0039, 0.05147, 0.00434, 0.25237, 0.06654, 0.21075, 0.01346, 0.02277, 0.10483, 0.03214, 0.05089, 0.03252, 0.04669, 0.10742, 0.26533, 0.07127],[],[],36,0
2.5,187,[0.0066, 0.03551, 0.03492, 0.08154, 0.10046, 0.06711, 0.00692, 0.04947, 0.14497, 0.04609, 0.17984, 0.02795, 0.11265, 0.24215, 0.00833, 0.0565, 0.01328, 0.00446],[],[],18,0
2.5,188,[0.01484, 0.0019, 0.00665, 0.00052, 0.00264, 0.00864, 0.00874, 0.00629, 0.05683, 0.02335, 0.10857, 0.00194, 0.00393, 0.00197, 0.03525, 0.04789, 0.04879, 0.01175, 0.13479, 0.08211, 0.06165, 0.03811, 0.10808, 0.00372, 0.10838, 0.24888, 0.0291],[],[],27,0
2.5,189,[0.00465, 0.0306, 0.05227, 0.11532, 0.08861, 0.00482, 0.03226, 0.10483, 0.04906, 0.06239, 0.01212, 0.13185, 0.20329, 0.03015],[],[],14,0
2.5,190,[0.00764, 0.08092, 0.02128, 0.00716, 0.01261, 0.00796, 0.02221, 0.18534, 0.02152, 0.08324, 0.00414, 0.04056, 0.01866, 0.01417, 0.06147, 0.06175, 0.24999, 0.30517, 0.03965, 0.00496, 0.0599, 0.03001, 0.21603, 0.12503, 0.22423, 0.01072, 0.0162, 0.027, 0.33534, 0.02713, 0.00565, 0.01735, 0.00579, 0.22276, 0.00588, 0.24301, 0.01812],[],[],37,0
2.5,191,[0.05157, 0.01294, 0.01364, 0.08247, 0.00141, 0.0735, 0.06238, 0.00167, 0.03355, 0.00196, 0.07798, 0.02782, 0.00234, 0.05987, 0.01378],[],[],15,0
2.5,192,[0.00432, 0.00481, 0.00473, 0.04927, 0.03925, 0.01295, 0.01303, 0.01696, 0.00876, 0.1035, 0.0534, 0.02954, 0.10018, 0.12098, 0.07092, 0.0283],[],[],16,0
2.5,193,[0.049, 0.0671, 0.00192, 0.05402, 0.04662, 0.00406, 0.08343, 0.11347, 0.09382, 0.09405, 0.17515, 0.01655, 0.01382, 0.04934, 0.18375, 0.01099, 0.24262, 0.24468, 0.1126, 0.13391, 0.10944, 0.00406, 0.07978, 0.03183, 0.00455, 0.21398, 0.07005, 0.03294, 0.00476, 0.02388, 0.28797],[],[],31,0
2.5,194,[0.02727, 0.03872, 0.04176, 0.00366, 0.01486, 0.00369, 0.13419, 0.01655, 0.08845, 0.00957, 0.00512, 0.15868, 0.17613, 0.10979, 0.00873, 0.00602, 0.17888, 0.11538, 0.15449, 0.03321, 0.07762, 0.05194, 0.18634, 0.0225],[],[],24,0
2.5,195,[0.03779, 0.02899, 0.00855, 0.00369, 0.00199, 0.07189, 0.02825, 0.07459, 0.07289, 0.00306, 0.04767],[],[],11,0
2.5,196,[0.011, 0.01374, 0.12431, 0.1162, 0.01835, 0.00689, 0.04329, 0.00256, 0.09627, 0.00277, 0.00282, 0.00572, 0.08718, 0.04163, 0.02102, 0.04909, 0.02496, 0.08968, 0.18297, 0.09524, 0.12347, 0.17362, 0.05409, 0.00682, 0.21934, 0.13588, 0.20202, 0.05627, 0.03093, 0.0078, 0.18325, 0.08741, 0.01841, 0.29804, 0.03322, 0.086, 0.01919, 0.06428, 0.06429, 0.09433, 0.28831],[],[],41,0
2.5,197,[0.00528, 0.0013, 0.04578, 0.01208, 0.02126, 0.02608, 0.05627, 0.11044, 0.01537, 0.15372, 0.06741, 0.05908, 0.00744, 0.07499, 0.03016, 0.03888, 0.14834, 0.00544, 0.03468, 0.03469, 0.00598, 0.19801],[],[],22,0
2.5,198,[0.08597, 0.03597, 0.00625, 0.03584, 0.12931, 0.105, 0.16808, 0.01813, 0.06335, 0.06451, 0.00617, 0.03478, 0.08771, 0.01405, 0.16518, 0.05929, 0.1139, 0.11296, 0.02414, 0.03758, 0.14679, 0.06159, 0.04447, 0.00892, 0.12395, 0.01924, 0.08808, 0.25271, 0.31747, 0.14244, 0.01546],[],[],31,0
2.5,199,[0.00814, 0.03053, 0.04951, 0.04361, 0.11829, 0.08403, 0.00693, 0.06322, 0.00793, 0.03179, 0.05674, 0.00559, 0.00607, 0.09761, 0.03939, 0.00658, 0.01324, 0.01994, 0.19313, 0.10749, 0.01755, 0.00383, 0.09232, 0.27185, 0.01277, 0.05996, 0.29756, 0.25899, 0.2785, 0.00943, 0.04262, 0.06164, 0.16224],[],[],33,0

