2.5,0,[0.00046, 0.00801, 0.01239, 0.04097, 0.02684, 0.04307, 0.02114, 0.00892, 0.0132, 0.00939, 0.01281, 0.01323, 0.03743, 0.02367, 0.1522, 0.03677, 0.00345, 0.00362, 0.08033, 0.09336, 0.06044, 0.04206, 0.09978, 0.04838, 0.04561, 0.07067, 0.01279, 0.03245, 0.27931, 0.23553, 0.00475, 0.04307, 0.1011, 0.21064, 0.2257, 0.0402, 0.01523, 0.01041, 0.05348, 0.09657, 0.02162, 0.05954, 0.38051],[],[],43,0
2.5,1,[0.01856, 0.00215, 0.00602, 0.00161, 0.02856, 0.00882, 0.02556, 0.01103, 0.05599, 0.03958, 0.00443, 0.02251, 0.10145, 0.13105, 0.00264, 0.00267, 0.00287, 0.00582, 0.13698, 0.02363, 0.00934, 0.04871, 0.22567, 0.10313, 0.0669, 0.02469, 0.06901, 0.18588, 0.19646],[],[],29,0
2.5,2,[0.00325, 0.00179, 0.00228, 0.04813, 0.0029, 0.14883, 0.11897, 0.00613, 0.06164, 0.08491, 0.01057, 0.01111, 0.09457, 0.04775, 0.00496, 0.06736, 0.01557, 0.31152, 0.00528, 0.08705, 0.37456, 0.05525, 0.05621, 0.00582, 0.07015, 0.15447, 0.02389],[],[],27,0
2.5,3,[0.05215, 0.00632, 0.03005, 0.01765, 0.011, 0.00647, 0.11169, 0.10734, 0.00771, 0.10232, 0.01155, 0.06655, 0.00308, 0.15499, 0.0223, 0.04786, 0.10833, 0.19078, 0.1513],[],[],19,0
2.5,4,[0.01654, 0.00628, 0.05916, 0.04276, 0.07696, 0.09398, 0.09506, 0.07121, 0.06843, 0.00586, 0.00616, 0.04968, 0.0813, 0.01582, 0.09778, 0.07687],[],[],16,0
2.5,5,[0.01157, 0.00352, 0.03586, 0.0015, 0.08608, 0.0244, 0.00936, 0.03324, 0.17378, 0.0517, 0.07038, 0.0791, 0.02519, 0.0219, 0.06631, 0.15763, 0.00767, 0.19341, 0.02336, 0.00809, 0.11074, 0.06083, 0.26456, 0.2019, 0.04182, 0.05604, 0.00475, 0.07195, 0.04328],[],[],29,0
2.5,6,[0.00534, 0.00136, 0.01783, 0.04388, 0.03562, 0.00384, 0.09666, 0.05994, 0.00219, 0.07082, 0.03904, 0.16629, 0.12951, 0.14075, 0.07098, 0.05484, 0.09369, 0.20161, 0.0065, 0.01338, 0.07477, 0.03575, 0.16022, 0.2212, 0.22618, 0.05418, 0.01952, 0.09919, 0.06075, 0.11797, 0.20003, 0.09222, 0.0301, 0.08327, 0.28272, 0.0767],[],[],36,0
2.5,7,[0.00404, 0.03764, 0.02503, 0.03403, 0.01851, 0.00151, 0.07561, 0.03162, 0.0096, 0.00578, 0.00197, 0.00404, 0.11765, 0.158, 0.01505, 0.0027, 0.0922, 0.01474, 0.02889],[],[],19,0
2.5,8,[0.00587, 0.0005, 0.03884, 0.01032, 0.00806, 0.00699, 0.10952, 0.02014, 0.007, 0.0489, 0.00232, 0.10242, 0.06092, 0.01084, 0.14969, 0.03774, 0.00356, 0.01855, 0.21158, 0.25158, 0.00875, 0.16883, 0.02895, 0.2255, 0.15849, 0.01033, 0.01044, 0.33778],[],[],28,0
2.5,9,[0.01591, 0.03284, 0.09701, 0.0046, 0.04576, 0.06644, 0.00369, 0.02134, 0.00621, 0.03249, 0.02734, 0.07118, 0.01726, 0.00601, 0.0159],[],[],15,0
2.5,10,[0.03247, 0.01545, 0.01309, 0.0802, 0.10343, 0.03459, 0.10521, 0.01247, 0.11595, 0.16424, 0.15089, 0.07712, 0.02416, 0.12705, 0.04861, 0.18103, 0.09454, 0.00352, 0.09844, 0.10653, 0.0194, 0.00778, 0.24311, 0.0403, 0.04484, 0.0708, 0.04243, 0.04746, 0.20605, 0.00443, 0.05335, 0.14706, 0.0865, 0.31278],[],[],34,0
2.5,11,[0.02044, 0.04802, 0.01142, 0.07325, 0.08531, 0.1146, 0.07873, 0.078, 0.06636, 0.00288, 0.00992, 0.10002, 0.01858, 0.05784, 0.03107, 0.03635, 0.07547, 0.03785, 0.04571, 0.20368, 0.00468, 0.24627, 0.17112, 0.01904, 0.00979, 0.1737, 0.11851, 0.09636, 0.2957, 0.14049, 0.02717],[],[],31,0
2.5,12,[0.00254, 0.00063, 0.01486, 0.03331, 0.02648, 0.03385, 0.03944, 0.09437, 0.134, 0.06308, 0.05994, 0.00274, 0.15831, 0.06436, 0.01312, 0.19945, 0.00334, 0.22751, 0.16458, 0.0943, 0.16876, 0.03084, 0.03932, 0.00361, 0.00367, 0.22382, 0.08019, 0.00405, 0.04865, 0.13126, 0.1075, 0.15202, 0.02169, 0.00439, 0.04873],[],[],35,0
2.5,13,[0.03588, 0.05175, 0.004, 0.05113, 0.04405, 0.02545, 0.14732, 0.0543, 0.12798, 0.04388, 0.09906, 0.04968, 0.12028, 0.00348, 0.03895, 0.02236, 0.02628, 0.01137, 0.1336, 0.17111, 0.00425, 0.00861, 0.04045, 0.30233, 0.01824, 0.09324, 0.03327, 0.03968, 0.0855, 0.12617, 0.01014, 0.03065, 0.08722, 0.25498, 0.01601, 0.15028, 0.21283, 0.241, 0.08766, 0.0055, 0.00565, 0.02284],[],[],42,0
2.5,14,[0.00789, 0.04696, 0.01241, 0.04567, 0.01573, 0.02911, 0.00393, 0.00393, 0.02335, 0.02344, 0.02975, 0.0751, 0.04428, 0.11788, 0.13141, 0.01136, 0.19329, 0.09254, 0.00669, 0.18252, 0.1522, 0.06767, 0.00748, 0.02274, 0.08571, 0.15682, 0.1087, 0.21417],[],[],28,0
2.5,15,[0.00059, 0.02196, 0.02265, 0.06212, 0.08931, 0.02425, 0.00577, 0.00165, 0.05802, 0.00173, 0.1043, 0.00624, 0.0894, 0.04824, 0.08098, 0.02869, 0.11344, 0.12881, 0.02683],[],[],19,0
2.5,16,[0.02103, 0.00114, 0.079, 0.01227, 0.00907, 0.06575, 0.0512, 0.04461, 0.14022, 0.00293, 0.03632, 0.02884, 0.22408, 0.06234, 0.15988, 0.05778, 0.02406, 0.10521, 0.27007, 0.06521, 0.05325],[],[],21,0
2.5,17,[0.05019, 0.0371, 0.02928, 0.11589, 0.03424, 0.01555, 0.10879, 0.0889, 0.00367, 0.02166, 0.05023, 0.0127, 0.02089, 0.09146, 0.03657, 0.01486, 0.01762, 0.03084, 0.01636, 0.01367, 0.00347, 0.09779, 0.10276, 0.22179, 0.0074],[],[],25,0
2.5,18,[0.00496, 0.00237, 0.0252, 0.00323, 0.00639, 0.0323, 0.06967, 0.00174, 0.00175, 0.02349, 0.11669, 0.0197],[],[],12,0
2.5,19,[0.05759, 0.06936, 0.07459, 0.01879, 0.01274, 0.10842, 0.01099, 0.17086, 0.0604, 0.07579, 0.03832, 0.2256, 0.02163],[],[],13,0
2.5,20,[0.10029, 0.06576, 0.00185, 0.09914, 0.00216, 0.01511, 0.02356, 0.10278, 0.06775, 0.00571, 0.02103, 0.01228, 0.0221, 0.0032, 0.02953, 0.17406, 0.24005, 0.06401, 0.00824, 0.03372, 0.02988, 0.05143, 0.06657, 0.1676, 0.01361],[],[],25,0
2.5,21,[0.00229, 0.03774, 0.00532, 0.03186, 0.06903, 0.03808, 0.02161, 0.03862, 0.02283, 0.03061, 0.07252, 0.16715, 0.14004, 0.04491, 0.07734, 0.01009, 0.00342, 0.01727, 0.01405, 0.13832, 0.19162, 0.19858, 0.00405, 0.01217, 0.27413, 0.00914, 0.08824],[],[],27,0
2.5,22,[0.01404, 0.00264, 0.0055, 0.00462, 0.029, 0.02704, 0.16976, 0.03813, 0.00265, 0.06697, 0.0083, 0.0531, 0.19167, 0.09676, 0.0078, 0.05606, 0.13996, 0.29843, 0.15908, 0.04031, 0.1211, 0.00921, 0.22136, 0.0236, 0.00475, 0.0527, 0.02423, 0.00976, 0.12759, 0.04497, 0.34128, 0.0622, 0.31552, 0.1405, 0.1417, 0.06656, 0.00561, 0.31127, 0.23371, 0.05194, 0.28452, 0.02354],[],[],42,0
2.5,23,[0.00546, 0.03923, 0.00294, 0.0883, 0.02465, 0.03988, 0.00685, 0.11867, 0.01498, 0.16158, 0.04155, 0.14027, 0.00843, 0.03187, 0.15717, 0.08009, 0.0383, 0.1307, 0.11054, 0.17094, 0.1587, 0.21605, 0.05605, 0.08641, 0.00394, 0.07484],[],[],26,0
2.5,24,[0.02665, 0.06104, 0.02946, 0.01167, 0.0816, 0.01082, 0.00943, 0.01503, 0.04652, 0.16745, 0.02786, 0.12869, 0.09417, 0.10633, 0.14841, 0.10538],[],[],16,0
2.5,25,[0.00939, 0.0031, 0.05391, 0.0113, 0.07355, 0.10366, 0.11902, 0.0258, 0.014, 0.01004, 0.06151, 0.03774, 0.03373, 0.05324, 0.05904, 0.06829, 0.13444, 0.04315, 0.02366],[],[],19,0
2.5,26,[0.0008, 0.01565, 0.03829, 0.06322, 0.02774, 0.13308, 0.10601, 0.00228, 0.0352, 0.07913, 0.00553, 0.14, 0.05313, 0.00296, 0.00298, 0.0065, 0.00341, 0.02462, 0.0143, 0.0751, 0.22121, 0.00757, 0.26762, 0.01975, 0.00397, 0.08533, 0.01697, 0.00428, 0.00429, 0.06436, 0.00431, 0.07086, 0.24484],[],[],33,0
2.5,27,[0.02692, 0.02834, 0.00173, 0.05771, 0.0171, 0.05111, 0.08768, 0.10094, 0.00242, 0.00243, 0.01515, 0.06121, 0.17146, 0.13941, 0.0231, 0.19737, 0.16099, 0.02771, 0.05931, 0.19814, 0.02893, 0.00644, 0.18148, 0.01387],[],[],24,0
2.5,28,[0.00504, 0.04188, 0.07265, 0.00198, 0.04125, 0.08089, 0.11078, 0.02406, 0.17818, 0.0027, 0.0408, 0.07029, 0.09401, 0.07775],[],[],14,0
2.5,29,[0.03392, 0.05162, 0.01728, 0.0699, 0.04267, 0.06139, 0.15327, 0.06998, 0.13123, 0.00827, 0.02599, 0.04224, 0.03349, 0.10245, 0.13289, 0.04646, 0.00365, 0.17862, 0.05467, 0.02782, 0.06377, 0.01618, 0.14516, 0.0223],[],[],24,0
2.5,30,[0.07314, 0.00147, 0.00307, 0.06998, 0.01938, 0.10733, 0.04762, 0.02975, 0.00898, 0.08314, 0.07393, 0.00538, 0.00883, 0.03375, 0.21164, 0.12186, 0.15062, 0.14101, 0.00364, 0.06743, 0.05087, 0.02774, 0.00411, 0.0042, 0.06688, 0.07692, 0.02273, 0.01839, 0.01388, 0.0146, 0.33043, 0.04225, 0.13345, 0.19057, 0.14157, 0.0397, 0.01704, 0.12891, 0.00589, 0.13, 0.02445, 0.03061],[],[],42,0
2.5,31,[0.0038, 0.03936, 0.01819, 0.08106, 0.06193, 0.02697, 0.06802, 0.00446, 0.12772],[],[],9,0
2.5,32,[0.02535, 0.01798, 0.01753, 0.03132, 0.01487, 0.04085, 0.17024, 0.09361, 0.02358, 0.01319, 0.04872, 0.00289, 0.01468, 0.00642],[],[],14,0
2.5,33,[0.00749, 0.0453, 0.1007, 0.08007, 0.06362, 0.1397, 0.00248, 0.06907, 0.00259, 0.04721, 0.08605, 0.15278, 0.00717, 0.18485, 0.0272, 0.1409, 0.04562, 0.29367, 0.29417, 0.19925, 0.01329, 0.08775, 0.0095, 0.13353, 0.06438],[],[],25,0
2.5,34,[0.03834, 0.03854, 0.04998, 0.00366, 0.01166, 0.03006, 0.10929, 0.00681, 0.04096, 0.02646, 0.07497, 0.163, 0.00665, 0.21686, 0.01892, 0.20656, 0.05986, 0.08933, 0.05449, 0.05157, 0.00888, 0.02257, 0.01384, 0.00465, 0.29545, 0.00951, 0.2588, 0.0247, 0.00503, 0.16026, 0.29204, 0.16403],[],[],32,0
2.5,35,[0.029, 0.00813, 0.00972, 0.00989, 0.03704, 0.05321, 0.14036, 0.08935, 0.07968, 0.0121, 0.0766, 0.00274, 0.13063, 0.01764, 0.0415, 0.20904, 0.00311, 0.14018, 0.10675, 0.06596, 0.01337, 0.01916, 0.0493, 0.11105, 0.21689, 0.01583, 0.01605, 0.01614, 0.03257, 0.00546, 0.08395, 0.0337, 0.10485, 0.0706, 0.39523, 0.05426, 0.0485, 0.03651, 0.01217, 0.12439, 0.0313, 0.06992, 0.07638, 0.22317, 0.01287, 0.01944],[],[],46,0
2.5,36,[0.01404, 0.00625, 0.00214, 0.07724, 0.00893, 0.06895, 0.0148, 0.00495, 0.11455, 0.03055, 0.19464, 0.14141, 0.15309, 0.01058, 0.09409, 0.00369, 0.00766, 0.23039, 0.07326, 0.03137, 0.0868, 0.03158, 0.00395, 0.157, 0.2219, 0.06049, 0.01357],[],[],27,0
2.5,37,[0.02507, 0.07168, 0.0117, 0.02261, 0.04141, 0.05228, 0.0474, 0.04014, 0.11023, 0.04557, 0.06145, 0.1884, 0.18004, 0.0031, 0.02834],[],[],15,0
2.5,38,[0.00312, 0.05498, 0.07352, 0.0024, 0.0244, 0.06802, 0.03741, 0.04495, 0.00653, 0.04824, 0.02738, 0.03071, 0.09713, 0.01675, 0.00964, 0.01537],[],[],16,0
2.5,39,[0.00089, 0.00115, 0.05541, 0.09217, 0.00407, 0.08193, 0.01278, 0.14683, 0.00731, 0.04777, 0.02565, 0.07713, 0.13589, 0.19544, 0.18878, 0.03601, 0.06879, 0.094, 0.00735, 0.10565, 0.09655, 0.03171, 0.02853, 0.10292, 0.27047, 0.02976, 0.07738, 0.05377],[],[],28,0
2.5,40,[0.0056, 0.02196, 0.01428, 0.00406, 0.00103, 0.00181, 0.07613, 0.09109, 0.00618, 0.09352, 0.03369, 0.04978, 0.14137, 0.04066, 0.08769, 0.04504, 0.04184],[],[],17,0
2.5,41,[0.00219, 0.03637, 0.00148, 0.01835, 0.01122, 0.09153, 0.09394, 0.03151, 0.0151, 0.13004, 0.00527, 0.08967, 0.02954, 0.05994, 0.05964, 0.02801, 0.09051, 0.07503, 0.0067, 0.13793, 0.00352, 0.04514],[],[],22,0
2.5,42,[0.00451, 0.00608, 0.01269, 0.00814, 0.07168, 0.05143, 0.03318, 0.01293, 0.01772, 0.13782, 0.10341, 0.01062, 0.09649, 0.00893, 0.04507, 0.06086, 0.00331, 0.04419, 0.01805, 0.01476, 0.05803, 0.01963, 0.0408, 0.14949, 0.14838, 0.0777, 0.02293, 0.05184, 0.02973, 0.12456, 0.21129, 0.22477, 0.0104, 0.00523, 0.01049, 0.35157, 0.20618, 0.06438],[],[],38,0
2.5,43,[0.01847, 0.00289, 0.05385, 0.03982, 0.02109, 0.00801, 0.01807, 0.02995, 0.02753, 0.13819, 0.01355, 0.15283, 0.11278, 0.16283, 0.04547, 0.00655, 0.20286, 0.03704, 0.03397, 0.08183, 0.14557, 0.01443, 0.06256, 0.04891, 0.26808, 0.00398, 0.25213, 0.11829, 0.22298, 0.04277, 0.09225, 0.01761, 0.30113, 0.09029, 0.06371],[],[],35,0
2.5,44,[0.03392, 0.05162, 0.01728, 0.0699, 0.04267, 0.06139, 0.15327, 0.06998, 0.13123, 0.00827, 0.02599, 0.04224, 0.03349, 0.10245, 0.13289, 0.04646, 0.00365, 0.17862, 0.05467, 0.02782, 0.06377, 0.01618, 0.14516, 0.0223],[],[],24,0
2.5,45,[0.01277, 0.00242, 0.06574, 0.0083, 0.04304, 0.01617, 0.01621, 0.03568, 0.17718, 0.09956, 0.0058, 0.0031, 0.00311, 0.22541, 0.10091, 0.04037, 0.02498, 0.18771, 0.00853, 0.00858, 0.2627, 0.26611, 0.07556, 0.11136, 0.30097, 0.06451, 0.23214, 0.25675, 0.00481, 0.17814, 0.07222, 0.18184, 0.10951, 0.31323, 0.01585, 0.00529, 0.07971, 0.23548, 0.0703, 0.17917, 0.11542, 0.03413, 0.02335],[],[],43,0
2.5,46,[0.00079, 0.05439, 0.00683, 0.04717, 0.00614, 0.04197, 0.00685, 0.12255, 0.00766, 0.11492, 0.03715, 0.20651, 0.08597, 0.00326, 0.03313, 0.107, 0.13313, 0.10463, 0.24387, 0.02865, 0.27898],[],[],21,0
2.5,47,[0.05982, 0.05704, 0.08481, 0.00153, 0.00656, 0.00678, 0.04285, 0.13349, 0.01325, 0.00225, 0.0414, 0.03922, 0.01397],[],[],13,0
2.5,48,[0.00675, 0.00519, 0.00058, 0.04423, 0.04972, 0.00323, 0.0479, 0.01009, 0.01524, 0.18541, 0.00558, 0.17474, 0.02383, 0.05804, 0.15294, 0.15151, 0.04632, 0.01097, 0.02658, 0.00383, 0.02483, 0.01664, 0.00435, 0.13594, 0.2947, 0.28349, 0.11896, 0.0248, 0.00497, 0.03987, 0.18452, 0.02058, 0.03096, 0.10569, 0.01087, 0.00558, 0.00574, 0.16169, 0.3697, 0.30569, 0.02377, 0.17328, 0.03173, 0.01296, 0.0065, 0.35893, 0.07533, 0.24822, 0.18871, 0.00704, 0.14794, 0.10798, 0.03687, 0.47908, 0.01529, 0.00767, 0.04643, 0.06971, 0.05476, 0.00784, 0.54085, 0.36778],[],[],62,0
2.5,49,[0.00147, 0.05528, 0.00173, 0.08177, 0.00447, 0.00488, 0.00264, 0.16395, 0.04855, 0.09476, 0.20874, 0.00321, 0.09583, 0.0824, 0.04281, 0.03261, 0.02916, 0.16643, 0.00803, 0.16225, 0.00417, 0.01736, 0.00455, 0.02819, 0.11793, 0.07203, 0.00493, 0.00499, 0.0535, 0.05006, 0.03368, 0.02841, 0.02298, 0.12654, 0.08686, 0.08199, 0.00588, 0.02381, 0.00608, 0.01225, 0.25734, 0.0123, 0.12322, 0.00631, 0.03164, 0.27856, 0.00643, 0.43129, 0.03954, 0.14225, 0.04066, 0.34024, 0.04777, 0.02075],[],[],54,0
2.5,50,[0.01157, 0.02405, 0.02978, 0.12822, 0.00201, 0.0684, 0.10958, 0.01715, 0.07505, 0.14819, 0.06731, 0.03116, 0.03123, 0.03668, 0.02386, 0.03798, 0.09842, 0.03325, 0.0087, 0.02103, 0.14263, 0.00315, 0.04553, 0.00329, 0.06191, 0.00345, 0.06328, 0.00739, 0.04257, 0.18703],[],[],30,0
2.5,51,[0.05438, 0.07766, 0.08173, 0.0036, 0.00906, 0.05693, 0.10507, 0.09276, 0.07564, 0.01613, 0.00249, 0.01285, 0.00327, 0.02301, 0.0252, 0.08335, 0.1223, 0.03458, 0.01932],[],[],19,0
2.5,52,[0.00684, 0.01416, 0.07687, 0.00732, 0.0275, 0.06619, 0.02413, 0.01009, 0.05777, 0.04722, 0.02777, 0.01871, 0.0503, 0.20797, 0.18989, 0.09381, 0.19471, 0.13974, 0.00904, 0.01365, 0.01381, 0.29049, 0.01405, 0.02834, 0.04341, 0.25585, 0.00487, 0.02486, 0.005, 0.03129],[],[],30,0
2.5,53,[0.01807, 0.07161, 0.00178, 0.00201, 0.03245, 0.01142, 0.03394, 0.00742, 0.00254, 0.0077, 0.12079, 0.02971, 0.00298, 0.07656, 0.15952, 0.18862, 0.01592, 0.00957],[],[],18,0
2.5,54,[0.04541, 0.01752, 0.08677, 0.04552, 0.13458, 0.01645, 0.11659, 0.00522, 0.0235, 0.07112, 0.01094, 0.00278, 0.01146, 0.01237, 0.06787, 0.00363, 0.13447, 0.01122, 0.01909, 0.04294, 0.1548, 0.05972, 0.11248, 0.24466, 0.07844, 0.27767, 0.15932, 0.05372, 0.00932],[],[],29,0
2.5,55,[0.03319, 0.00836, 0.0058, 0.05302, 0.10479, 0.01925, 0.01627, 0.16425, 0.01074, 0.13193, 0.09786, 0.07779, 0.20577, 0.05408, 0.16273, 0.02421, 0.06732, 0.04202, 0.02715, 0.00812, 0.00411, 0.0501, 0.0042, 0.04206, 0.10611, 0.00898, 0.19909, 0.12848, 0.0485, 0.00503, 0.26254, 0.13222, 0.09004, 0.17569, 0.03199, 0.36465, 0.20122, 0.18097, 0.13765, 0.24394, 0.21243, 0.2656, 0.2845, 0.09877, 0.01754, 0.1235, 0.10171, 0.16214, 0.32978, 0.06763, 0.01846, 0.03079, 0.17303, 0.0693, 0.01282, 0.01303, 0.16693, 0.02003],[],[],58,0
2.5,56,[0.0896, 0.08622, 0.00247, 0.01742, 0.00553, 0.0225, 0.20986, 0.03711, 0.18613, 0.11491, 0.01086, 0.03447, 0.00413, 0.00416, 0.0042, 0.1186, 0.19764, 0.0747, 0.11196, 0.19034, 0.02959, 0.02472, 0.07444, 0.00522, 0.00529, 0.14125, 0.02311, 0.00603, 0.02418, 0.26939, 0.06242, 0.03186, 0.12804, 0.00656, 0.32989],[],[],35,0
2.5,57,[0.02394, 0.04388, 0.06388, 0.01298, 0.03988, 0.14909, 0.00293, 0.00935, 0.00643, 0.0674, 0.07997, 0.04401, 0.15938, 0.04317, 0.05722, 0.24785, 0.18793, 0.01745, 0.21841, 0.00439, 0.07913, 0.04019, 0.04041, 0.03195, 0.10097, 0.11553, 0.037, 0.06109, 0.04719, 0.01927],[],[],30,0
2.5,58,[0.01771, 0.00115, 0.03046, 0.02306, 0.00704, 0.01451, 0.02079, 0.0271, 0.03021, 0.03725, 0.05337, 0.00559, 0.01436, 0.03461, 0.09366, 0.14209, 0.22081, 0.01021, 0.04791, 0.02072, 0.1898, 0.07005, 0.04057, 0.18099, 0.00371, 0.01181],[],[],26,0
2.5,59,[0.03504, 0.02271, 0.0429, 0.074, 0.00603, 0.07057, 0.07464, 0.10431, 0.00202, 0.00207, 0.04944, 0.07049, 0.12224, 0.16, 0.03184],[],[],15,0
2.5,60,[0.00927, 0.06733, 0.06173, 0.00128, 0.07227, 0.01315, 0.04905, 0.15622, 0.01951, 0.01789, 0.09344, 0.05154, 0.00362, 0.17841, 0.01511, 0.02779, 0.2409, 0.10199, 0.05308, 0.0621, 0.07039, 0.05118, 0.19849, 0.09166, 0.23775, 0.05773, 0.11105, 0.12551, 0.28725, 0.00919, 0.10191, 0.01399, 0.05209, 0.10925, 0.0048, 0.33715, 0.00515, 0.02101],[],[],38,0
2.5,61,[0.0244, 0.03417, 0.07726, 0.09207, 0.05978, 0.10239, 0.12245, 0.13026, 0.04705, 0.03356, 0.01891, 0.10395, 0.08091, 0.14209, 0.11719, 0.05625, 0.117, 0.00339, 0.13235, 0.18266, 0.24188, 0.01889, 0.10737, 0.16348],[],[],24,0
2.5,62,[0.00699, 0.03657, 0.02478, 0.00447, 0.07014, 0.01382, 0.09386, 0.00479, 0.02353, 0.04572, 0.19539, 0.05386, 0.11994, 0.00322, 0.0462, 0.02655, 0.04255],[],[],17,0
2.5,63,[0.00709, 0.01455, 0.04344, 0.04011, 0.09607, 0.01554, 0.02957, 0.08408, 0.11417, 0.00857, 0.00216, 0.07909, 0.01453, 0.11664, 0.16661, 0.13433, 0.02805],[],[],17,0
2.5,64,[0.00493, 0.04277, 0.01233, 0.05462, 0.00884, 0.00457, 0.04024, 0.17819, 0.01087, 0.1697, 0.05382, 0.14541, 0.006, 0.02186, 0.02679, 0.01346, 0.15405, 0.00712, 0.01838, 0.00781, 0.00403, 0.03247, 0.053, 0.02475, 0.11178, 0.13604, 0.29189, 0.00464, 0.27936, 0.00473, 0.00477, 0.00479, 0.09929, 0.18092, 0.0052, 0.00552, 0.15693, 0.00571, 0.36683, 0.30591, 0.16729, 0.01198, 0.03674, 0.03065, 0.00627, 0.35306, 0.2408, 0.02679, 0.10126, 0.07559, 0.06245, 0.04868, 0.00704, 0.02816, 0.1911, 0.14991, 0.03709, 0.08235, 0.00754, 0.12852, 0.48252, 0.01534, 0.00767, 0.14587, 0.03841, 0.03104, 0.53325, 0.37681, 0.09433, 0.01586, 0.36638, 0.20006],[],[],72,0
2.5,65,[0.00758, 0.01217, 0.05386, 0.01061, 0.06433, 0.00236, 0.04939, 0.01053, 0.11585, 0.02974, 0.00335, 0.01692, 0.01031, 0.01048, 0.03542, 0.00371, 0.04118, 0.02288, 0.19201, 0.07097, 0.04798],[],[],21,0
2.5,66,[0.05568, 0.04545, 0.00397, 0.07773, 0.03064, 0.0221, 0.03229, 0.05468, 0.10361, 0.04886, 0.05114, 0.02428, 0.24817, 0.00415, 0.22592, 0.21288, 0.02778, 0.01417, 0.13036, 0.23528, 0.33168, 0.17343, 0.29757, 0.00593, 0.14264, 0.33132, 0.01894, 0.00647, 0.00669, 0.3017, 0.00697, 0.04207],[],[],32,0
2.5,67,[0.00285, 0.00857, 0.06304, 0.01588, 0.00251, 0.00254, 0.08874, 0.19553, 0.03513, 0.0833, 0.17675, 0.00708, 0.04177, 0.01185, 0.00401, 0.00413, 0.01724, 0.15349, 0.30706, 0.00908, 0.00454, 0.11371, 0.1696, 0.26269, 0.02405, 0.05415, 0.04663, 0.00524, 0.04771, 0.22031, 0.25105, 0.26423, 0.08861, 0.21626, 0.12918, 0.20353, 0.09626, 0.29833, 0.3923, 0.0289, 0.1448, 0.13363, 0.13409, 0.28636],[],[],44,0
2.5,68,[0.0038, 0.04147, 0.0999, 0.00195, 0.00195, 0.1011, 0.1761, 0.00527, 0.00825, 0.05615, 0.00317, 0.01934, 0.16048, 0.05767, 0.01821, 0.10171, 0.01959, 0.21455, 0.17157, 0.02544, 0.00429, 0.05186, 0.2649, 0.24481, 0.03685],[],[],25,0
2.5,69,[0.00035, 0.03294, 0.01743, 0.03208, 0.01898, 0.05834, 0.03708, 0.01172, 0.03325, 0.14914, 0.0623, 0.10971, 0.13078, 0.02479, 0.0028, 0.01419, 0.14229, 0.06051, 0.04681, 0.10029, 0.02226, 0.03556, 0.22058, 0.0459],[],[],24,0
2.5,70,[0.02993, 0.01367, 0.00521, 0.14234, 0.108, 0.08458, 0.03074, 0.10617, 0.04202, 0.07148, 0.07063, 0.00643, 0.04255, 0.21374, 0.04293, 0.19027, 0.04932, 0.00461, 0.07979, 0.21436, 0.06683, 0.06289, 0.06777, 0.24649, 0.12867, 0.03632, 0.0629, 0.13684, 0.31716, 0.00534, 0.27832, 0.06963, 0.16546, 0.37423],[],[],34,0
2.5,71,[0.0432, 0.04659, 0.04792, 0.00951, 0.07301, 0.00835, 0.12001, 0.00196, 0.00404, 0.00208, 0.00673, 0.05871, 0.07551, 0.10489, 0.03333, 0.07268, 0.07401, 0.00416, 0.06276],[],[],19,0
2.5,72,[0.02073, 0.00082, 0.03094, 0.02725, 0.04608, 0.00701, 0.00704, 0.01621, 0.06294, 0.00443, 0.12735, 0.00713, 0.01912, 0.16316, 0.02084, 0.00524, 0.05135],[],[],17,0
2.5,73,[0.00787, 0.00111, 0.00062, 0.01732, 0.05917, 0.07202, 0.03826, 0.05465, 0.01667, 0.00279, 0.01503, 0.16891, 0.01766],[],[],13,0
2.5,74,[0.00439, 0.01211, 0.00176, 0.06161, 0.0403, 0.0061, 0.104, 0.01739, 0.12011, 0.07365, 0.08245, 0.20061, 0.08183, 0.01545, 0.23591, 0.06305],[],[],16,0
2.5,75,[0.00433, 0.00398, 0.04524, 0.00146, 0.01403, 0.02227, 0.04258, 0.07338, 0.0268, 0.20004, 0.00327, 0.03297, 0.05162, 0.13619, 0.00383, 0.20868, 0.13011, 0.27566, 0.06138, 0.00853, 0.00457, 0.22174, 0.10783, 0.00961, 0.1257, 0.00501, 0.12624, 0.35288, 0.07347, 0.02636, 0.25901, 0.05821, 0.03184, 0.30472, 0.15138, 0.33671, 0.19558, 0.20839, 0.08135, 0.36341, 0.00612, 0.25176, 0.28568, 0.08716, 0.32444, 0.00637, 0.1662, 0.02561, 0.06445],[],[],49,0
2.5,76,[0.0001, 0.02715, 0.00519, 0.02638, 0.03126, 0.05126, 0.02278, 0.01395, 0.0264, 0.02363],[],[],10,0
2.5,77,[0.0035, 0.04678, 0.02075, 0.05278, 0.0276, 0.00456, 0.01912, 0.0074, 0.00124, 0.08036, 0.1306, 0.06433, 0.00973, 0.04019, 0.03327, 0.06009, 0.17423, 0.04384, 0.03866, 0.16563, 0.05467, 0.01997, 0.05709, 0.08483, 0.0069, 0.16538, 0.23554, 0.05595, 0.02288],[],[],29,0
2.5,78,[0.03343, 0.00807, 0.00727, 0.02042, 0.03988, 0.10993, 0.02534, 0.06212, 0.013, 0.13901, 0.00315],[],[],11,0
2.5,79,[0.02737, 0.02236, 0.09699, 0.02899, 0.07191, 0.09603, 0.07568, 0.07621, 0.00467, 0.07626, 0.00819, 0.10706, 0.07232, 0.03775, 0.01461, 0.02126, 0.00313, 0.02855, 0.17738, 0.03166, 0.0113, 0.00761, 0.07786, 0.0039, 0.0041, 0.19911, 0.10138, 0.19158, 0.00443, 0.29999],[],[],30,0
2.5,80,[0.02253, 0.00871, 0.0041, 0.05945, 0.0369, 0.06031, 0.15702, 0.0235, 0.0639, 0.04302, 0.07479, 0.06567],[],[],12,0
2.5,81,[0.00199, 0.03496, 0.00632, 0.03419, 0.03555, 0.02103, 0.0136, 0.0182, 0.01265, 0.12638, 0.00985, 0.10934, 0.04191, 0.16561, 0.00954, 0.03582, 0.17834, 0.21724, 0.03573, 0.06102, 0.10422, 0.00364, 0.04576, 0.26897, 0.16339, 0.04056],[],[],26,0
2.5,82,[0.01579, 0.00331, 0.00089, 0.00279, 0.0254, 0.01946, 0.01676, 0.03976, 0.00478, 0.02636, 0.09809, 0.01773, 0.021, 0.01623, 0.03001, 0.02007, 0.01764, 0.0118, 0.06297, 0.09479, 0.00683, 0.02504, 0.0236, 0.24014, 0.04448, 0.06077, 0.08167, 0.03809, 0.19565, 0.08406, 0.0584, 0.33231, 0.0589, 0.01488, 0.21146, 0.01617, 0.14061],[],[],37,0
2.5,83,[0.00829, 0.01109, 0.00924, 0.03829, 0.02631, 0.07727, 0.0997, 0.03256, 0.00261, 0.00275, 0.03328, 0.03747, 0.20016, 0.04479],[],[],14,0
2.5,84,[0.03803, 0.00268, 0.01222, 0.00429, 0.00326, 0.08992, 0.09356, 0.03062, 0.05179, 0.00226, 0.02351, 0.06399, 0.04067, 0.02875, 0.04582, 0.00531, 0.00594, 0.04516, 0.00929, 0.03807, 0.02258],[],[],21,0
2.5,85,[0.01175, 0.00784, 0.00448, 0.05963, 0.00691, 0.04386, 0.08716, 0.07034, 0.12465, 0.02126, 0.16208, 0.18752, 0.2006, 0.00974, 0.02101, 0.11823, 0.01091, 0.01461, 0.10165, 0.00407, 0.15159, 0.11103, 0.0329, 0.01711, 0.10723, 0.19406, 0.02202, 0.31025, 0.00913, 0.02364, 0.06421, 0.00496, 0.04178, 0.05944],[],[],34,0
2.5,86,[0.017, 0.004, 0.02799, 0.01328, 0.10563, 0.11946, 0.02238, 0.01791, 0.00203, 0.07949, 0.00235, 0.06676, 0.03647, 0.08609, 0.13962, 0.02195, 0.04446, 0.03816, 0.15329, 0.1124, 0.00333, 0.01753, 0.18697, 0.02731, 0.16053, 0.18588, 0.00418, 0.00418, 0.0127, 0.00427, 0.03014, 0.06073, 0.09403, 0.11756, 0.01889, 0.06682, 0.08676, 0.04375, 0.06372, 0.2733],[],[],40,0
2.5,87,[0.00109, 0.00728, 0.01236, 0.0994, 0.02267, 0.02721, 0.02937, 0.08915, 0.13322, 0.12643, 0.16464, 0.0027, 0.08715, 0.03423, 0.09797, 0.07378, 0.14478, 0.17279, 0.02037],[],[],19,0
2.5,88,[0.00923, 0.06106, 0.00811, 0.04333, 0.07031, 0.02314, 0.01611, 0.01294, 0.00229, 0.02084, 0.0052, 0.0108, 0.1837, 0.14829, 0.18313, 0.13767, 0.00324, 0.00341, 0.00705, 0.06974, 0.04927, 0.1177, 0.00437, 0.00451, 0.16376, 0.11808, 0.00472, 0.30861, 0.29429, 0.01477, 0.04041, 0.01023, 0.0218, 0.1095, 0.28756, 0.00555, 0.02907, 0.01165, 0.38343, 0.17098, 0.01894, 0.13288, 0.17828, 0.17445, 0.03253, 0.23491, 0.02693, 0.36395, 0.02702, 0.05495, 0.05543, 0.13465, 0.00724, 0.11015, 0.02207],[],[],55,0
2.5,89,[0.00311, 0.0276, 0.03555, 0.01115, 0.01506, 0.10655, 0.06663, 0.02244, 0.13175, 0.00943, 0.01301, 0.13536, 0.07366, 0.03422, 0.04004, 0.09886, 0.03826, 0.15959, 0.11818, 0.02188, 0.05191, 0.19682, 0.01214, 0.05665, 0.02843, 0.05292, 0.18804, 0.10461, 0.17293, 0.08675, 0.00446, 0.06265, 0.01352, 0.08232, 0.02439],[],[],35,0
2.5,90,[0.00332, 0.02418, 0.02624, 0.06697, 0.00935, 0.01806, 0.05475, 0.01928],[],[],8,0
2.5,91,[0.00051, 0.00192, 0.04763, 0.09999, 0.00381, 0.00395, 0.05102, 0.09976, 0.13943, 0.02801, 0.08772, 0.03263, 0.18263, 0.06772, 0.00348, 0.04233, 0.05011, 0.01162, 0.01162, 0.03219, 0.18332, 0.14783, 0.01663, 0.08017, 0.19107, 0.26804, 0.02563],[],[],27,0
2.5,92,[0.01619, 0.02925, 0.07752, 0.00537, 0.04128, 0.00231, 0.04711, 0.03683, 0.14756, 0.14786, 0.20424, 0.01509, 0.01822, 0.02232, 0.05173, 0.17963, 0.02647, 0.20279, 0.02737],[],[],19,0
2.5,93,[0.00253, 0.02036, 0.0433, 0.06817, 0.05396, 0.15145, 0.03185, 0.00234, 0.06556, 0.06922, 0.013, 0.04001, 0.02751, 0.00325, 0.01017, 0.03851, 0.04982, 0.00724, 0.17591, 0.0681, 0.23811, 0.05174, 0.27149, 0.00402, 0.03666, 0.03317],[],[],26,0
2.5,94,[0.00129, 0.01465, 0.06348, 0.02461, 0.00192, 0.01397, 0.00678, 0.04991, 0.19469, 0.23293, 0.21575, 0.09336, 0.13134, 0.25906, 0.00391, 0.02749, 0.14234, 0.02869, 0.00821, 0.13762, 0.00418, 0.0295, 0.01694, 0.15957, 0.09535, 0.01335, 0.02263, 0.04115, 0.03203, 0.07102, 0.23803, 0.0144, 0.00963, 0.02409, 0.08338, 0.1287, 0.24281],[],[],37,0
2.5,95,[0.00093, 0.03221, 0.09773, 0.03614, 0.00207, 0.17177, 0.11908, 0.04515, 0.00303, 0.14513, 0.01062, 0.19573, 0.02347, 0.16838, 0.24692, 0.01639, 0.0209, 0.23406, 0.11704, 0.02734, 0.00456, 0.03428, 0.00496, 0.15392, 0.22285, 0.3279, 0.02681, 0.02172],[],[],28,0
2.5,96,[0.03216, 0.03896, 0.0695, 0.06255, 0.15388, 0.03947, 0.14131, 0.02267, 0.03698, 0.07045, 0.11708, 0.11204, 0.0236, 0.15819, 0.00383, 0.00396, 0.1314, 0.00412, 0.28383, 0.07106, 0.04912, 0.06792, 0.13368, 0.0834, 0.08461, 0.0361, 0.24963, 0.13064, 0.01049, 0.01069, 0.02686, 0.10817, 0.13426, 0.21915, 0.2484, 0.02264, 0.14324, 0.03474, 0.01168, 0.07114, 0.03631, 0.30539, 0.0184, 0.10495, 0.04446, 0.301, 0.00645, 0.05851, 0.0065, 0.00651, 0.00659, 0.2299, 0.04764, 0.46287, 0.02745],[],[],55,0
2.5,97,[0.02036, 0.00156, 0.03637, 0.09848, 0.0311, 0.00633, 0.00714, 0.12228, 0.06998, 0.13271, 0.02109, 0.07235, 0.03051, 0.01776, 0.01797, 0.04106, 0.00362, 0.06234, 0.18599, 0.0201, 0.2754, 0.04448],[],[],22,0
2.5,98,[0.01067, 0.01599, 0.0037, 0.05704, 0.08308, 0.03362, 0.03122, 0.00747, 0.03682, 0.00236, 0.00473, 0.15819, 0.06014, 0.06846, 0.17328, 0.09839, 0.01479, 0.00301, 0.04236, 0.02723, 0.14942, 0.08799, 0.01733, 0.01114, 0.12532, 0.04188, 0.01165, 0.09772, 0.0316, 0.05843, 0.00427],[],[],31,0
2.5,99,[0.00297, 0.02712, 0.00097, 0.05259, 0.07375, 0.13062, 0.04131, 0.01226, 0.018, 0.18472, 0.18645, 0.16021, 0.15297, 0.11615, 0.03717, 0.10497, 0.04456, 0.10677, 0.01759, 0.10734, 0.17532, 0.07615, 0.05414, 0.05427, 0.20742, 0.00497, 0.01493, 0.06013, 0.04524, 0.16871, 0.35376, 0.05343, 0.02148, 0.25482, 0.00552, 0.28685, 0.11873, 0.3063, 0.00567, 0.14353, 0.00579, 0.25956, 0.04729],[],[],43,0
2.5,100,[0.03005, 0.00388, 0.04682, 0.09073, 0.03111, 0.01275, 0.06711, 0.0114, 0.06863, 0.14331, 0.05438, 0.15484, 0.02914, 0.00996, 0.0514, 0.16413, 0.06997, 0.03579, 0.01079, 0.15312, 0.06313, 0.07488, 0.26592, 0.10817, 0.00401, 0.18389, 0.07435, 0.05896, 0.09568, 0.06656, 0.00445, 0.28303, 0.13096, 0.12916, 0.03916, 0.01477],[],[],36,0
2.5,101,[0.00029, 0.02825, 0.018, 0.06863, 0.00134, 0.04161, 0.04233, 0.02903, 0.01101, 0.11502, 0.09511, 0.04276, 0.03651, 0.02994, 0.15371, 0.04355, 0.04974, 0.16959, 0.01922, 0.04824, 0.02013],[],[],21,0
2.5,102,[0.06575, 0.07587, 0.01735, 0.04431, 0.01061, 0.11598, 0.1385, 0.12556, 0.07828, 0.00243, 0.00261, 0.00268, 0.11449, 0.18055, 0.07773, 0.00314, 0.00631, 0.15159, 0.04053, 0.16182, 0.02164, 0.07995, 0.14687, 0.14693, 0.01135, 0.01514, 0.2],[],[],27,0
2.5,103,[0.00077, 0.07101, 0.00177, 0.0458, 0.10137, 0.01778, 0.0069, 0.05217, 0.00263, 0.05281, 0.01539, 0.00929, 0.1716, 0.03684, 0.13331, 0.13023, 0.05367, 0.00772, 0.03099, 0.01218, 0.05305, 0.13486, 0.07388, 0.14666, 0.03566, 0.17791, 0.01828, 0.20716, 0.30468, 0.09867, 0.22852, 0.28066, 0.01059, 0.336, 0.3646, 0.10228, 0.1097, 0.37157, 0.06683, 0.01695, 0.01779],[],[],41,0
2.5,104,[0.00258, 0.0448, 0.04722, 0.00844, 0.00432, 0.02766, 0.06475, 0.05825, 0.10192, 0.04283, 0.07678, 0.06579, 0.13051, 0.03764],[],[],14,0
2.5,105,[0.00181, 0.03295, 0.0019, 0.01468, 0.01471, 0.00871, 0.02333, 0.0188, 0.0878, 0.03601, 0.19259, 0.13805, 0.08654, 0.08348, 0.01397, 0.25034, 0.05655, 0.03398, 0.00774, 0.23632, 0.10768, 0.27161, 0.0163, 0.14849, 0.06116, 0.0811, 0.06328, 0.15988, 0.13156, 0.05692, 0.26457],[],[],31,0
2.5,106,[0.02474, 0.01326, 0.06289, 0.1117, 0.0147, 0.14458, 0.00221, 0.06012, 0.12403, 0.00282, 0.01132, 0.059, 0.03328, 0.00322, 0.00968, 0.08369, 0.00695, 0.09767, 0.03525, 0.21741, 0.22847, 0.00733, 0.01202, 0.1164, 0.00428, 0.06573, 0.0132, 0.03135, 0.02331, 0.00466, 0.30341, 0.21747, 0.06042, 0.00511, 0.04695, 0.02107],[],[],36,0
2.5,107,[0.03451, 0.06782, 0.01761, 0.02127, 0.01355, 0.01245, 0.12953, 0.04971, 0.07448],[],[],9,0
2.5,108,[0.00283, 0.05953, 0.00379, 0.03865, 0.04846, 0.01323, 0.04738, 0.01168, 0.10473, 0.00658, 0.05631, 0.01183, 0.07265],[],[],13,0
2.5,109,[0.0204, 0.00691, 0.00638, 0.03826, 0.06023, 0.1511, 0.13792, 0.11635, 0.00285, 0.00286, 0.1248, 0.01786, 0.00319, 0.10547, 0.05631, 0.01009, 0.00341, 0.23821, 0.09361, 0.01801, 0.13426, 0.01943, 0.18412, 0.01568, 0.0197],[],[],25,0
2.5,110,[0.01373, 0.01314, 0.00167, 0.08753, 0.03267, 0.07058, 0.06417, 0.0074, 0.07557, 0.0152, 0.0615, 0.12286, 0.10197, 0.00573, 0.04588, 0.03471, 0.00296, 0.01534, 0.05914, 0.22996, 0.20428, 0.0338],[],[],22,0
2.5,111,[0.00081, 0.08573, 0.03629, 0.0967, 0.11428, 0.16554, 0.03648, 0.00292, 0.10071, 0.00658, 0.01372, 0.00347, 0.17416, 0.02147, 0.07882, 0.13288, 0.21308, 0.10493, 0.06033, 0.04064, 0.1521, 0.00464, 0.00955, 0.22341, 0.13463, 0.2432, 0.14265, 0.05724, 0.09892, 0.01568],[],[],30,0
2.5,112,[0.03367, 0.04423, 0.00137, 0.0628, 0.01416, 0.00502, 0.03872, 0.05932, 0.06107, 0.12289, 0.02742, 0.15695, 0.00277, 0.09819, 0.02151, 0.03441, 0.04514, 0.04598, 0.00348, 0.16775, 0.05648, 0.00717, 0.14347, 0.14215, 0.05514],[],[],25,0
2.5,113,[0.00284, 0.037, 0.01246, 0.06948, 0.0562, 0.13244, 0.04288, 0.17934, 0.19341, 0.02175, 0.15019, 0.11015, 0.15891, 0.00362, 0.01526, 0.01171, 0.10982, 0.04511, 0.04742, 0.10929, 0.01829, 0.0507, 0.04635, 0.04705, 0.17417, 0.00482, 0.11727, 0.00493, 0.03982, 0.01504, 0.34443, 0.08136, 0.21684, 0.04705, 0.01046, 0.17777, 0.00545, 0.06595, 0.13879, 0.03332, 0.26403, 0.29072, 0.25208, 0.28757, 0.31065, 0.04744, 0.12869],[],[],47,0
2.5,114,[0.02242, 0.03273, 0.0073, 0.00577, 0.00637, 0.02745, 0.00239, 0.00246, 0.01008, 0.066, 0.16908, 0.19318, 0.05424, 0.02817, 0.01989, 0.1649, 0.01708, 0.01077, 0.00368, 0.1706, 0.05387, 0.00836, 0.02514, 0.27937, 0.27295, 0.01875, 0.02379, 0.05424, 0.00501, 0.1275, 0.02064, 0.00525, 0.16018, 0.10893, 0.15498, 0.35433, 0.21201, 0.04727, 0.006, 0.17252, 0.32919, 0.02543, 0.00637, 0.35616, 0.06642, 0.04105],[],[],46,0
2.5,115,[0.03317, 0.01265, 0.08709, 0.0426, 0.10011, 0.02576, 0.12953, 0.15178, 0.1293, 0.04762, 0.02775, 0.01791],[],[],12,0
2.5,116,[0.04126, 0.01069, 0.00769, 0.01047, 0.00855, 0.01689, 0.07916, 0.00231, 0.06561, 0.06178, 0.05165, 0.17341, 0.13611, 0.00622, 0.04732, 0.02822, 0.26479, 0.09483, 0.13125, 0.02, 0.1526, 0.05668, 0.1843, 0.05321, 0.00444, 0.01778, 0.12463, 0.04163, 0.10423, 0.14428, 0.0103, 0.02133, 0.01603],[],[],33,0
2.5,117,[0.00926, 0.04953, 0.01685, 0.01187, 0.07706, 0.06269, 0.14752, 0.00236, 0.07496, 0.04567, 0.01355, 0.00858, 0.00867, 0.0116, 0.09856, 0.00301, 0.23934, 0.12033, 0.06246, 0.00379, 0.01937, 0.20321, 0.16952, 0.11641, 0.20103, 0.07126, 0.16163, 0.0043, 0.10416, 0.04521, 0.04126, 0.01878, 0.04276, 0.12006, 0.03983, 0.13107, 0.03044, 0.02555, 0.00537, 0.2388, 0.13103, 0.28886, 0.02312],[],[],43,0
2.5,118,[0.00999, 0.01502, 0.0383, 0.02802, 0.01216, 0.07227, 0.11025, 0.1227, 0.06508, 0.05265, 0.03759, 0.05857, 0.02898],[],[],13,0
2.5,119,[0.02169, 0.00232, 0.01515, 0.02414, 0.11026, 0.00979, 0.0549, 0.00341, 0.00183, 0.08314, 0.05433, 0.092, 0.09338, 0.09838, 0.15474, 0.00911, 0.05167, 0.01273, 0.07871, 0.02081, 0.01042, 0.0705, 0.0884, 0.01793, 0.0043, 0.06451, 0.02206, 0.03102, 0.30825, 0.22168, 0.20453, 0.00468, 0.20187, 0.04345, 0.14372, 0.26222, 0.01053, 0.08538, 0.186, 0.04996, 0.15094, 0.05178, 0.10139, 0.11364, 0.07329, 0.04998, 0.01261, 0.24761, 0.4351, 0.07679, 0.07108, 0.04625],[],[],52,0
2.5,120,[0.03952, 0.00094, 0.00981, 0.07873, 0.02346, 0.006, 0.00669, 0.11066, 0.02747, 0.0055, 0.00555, 0.00289, 0.19928, 0.07447, 0.05235, 0.01689, 0.22652, 0.03052, 0.12219, 0.09962, 0.18159, 0.01088, 0.09418, 0.1303, 0.01193, 0.1226, 0.17831, 0.09503, 0.15762, 0.08137, 0.01954],[],[],31,0
2.5,121,[0.02187, 0.02393, 0.00512, 0.02477, 0.0176, 0.14163, 0.06175, 0.03107, 0.06598, 0.00825, 0.04335, 0.01557, 0.08597, 0.00324, 0.00666, 0.03403, 0.00341, 0.03802, 0.18798, 0.04426, 0.0148, 0.00391, 0.10816, 0.05409, 0.11428, 0.02224, 0.21523, 0.318, 0.08426, 0.32119, 0.28609, 0.00969, 0.18076, 0.16574],[],[],34,0
2.5,122,[0.00561, 0.00226, 0.06167, 0.02493, 0.06514, 0.00334, 0.06533, 0.02362, 0.09215, 0.04605, 0.05083, 0.00908, 0.21638, 0.01617, 0.00333, 0.07892, 0.01045, 0.02457, 0.06438, 0.00397, 0.05192],[],[],21,0
2.5,123,[0.04253, 0.01229, 0.00825, 0.02915, 0.00359, 0.00193, 0.00194, 0.0766, 0.07601, 0.14201, 0.05749, 0.01452, 0.00757, 0.07508, 0.01635, 0.01172, 0.20006, 0.00296, 0.00305, 0.14037, 0.01677, 0.03905, 0.1545, 0.05772, 0.00864, 0.06514, 0.06979, 0.11712, 0.01005, 0.23203, 0.00555, 0.06694, 0.12301, 0.03379, 0.01713, 0.11445, 0.06334, 0.00604, 0.4053, 0.27636, 0.22278, 0.01278, 0.03844, 0.00648, 0.00653, 0.00655, 0.2209, 0.3384, 0.12223, 0.05509, 0.14696, 0.042],[],[],52,0
2.5,124,[0.0103, 0.01885, 0.01395, 0.02705, 0.01687],[],[],5,0
2.5,125,[0.0105, 0.01044, 0.01, 0.001, 0.0411, 0.02549, 0.01718, 0.03164, 0.0171],[],[],9,0
2.5,126,[0.00916, 0.01048, 0.03873, 0.12638, 0.02281, 0.0755, 0.13229, 0.05442, 0.00715, 0.02482, 0.01855, 0.05266, 0.15074, 0.15502, 0.03833, 0.1902, 0.15175, 0.13646, 0.18091, 0.1387, 0.01437, 0.19071, 0.07062, 0.00381, 0.11052, 0.13873, 0.04771, 0.16783, 0.00409, 0.1848, 0.16197, 0.00847, 0.0256],[],[],33,0
2.5,127,[0.00059, 0.06999, 0.01898, 0.01609, 0.07946, 0.03608, 0.07239, 0.12386, 0.10768, 0.10994, 0.06827, 0.02231, 0.00905, 0.00248, 0.00828, 0.0221, 0.08167, 0.0307, 0.03455],[],[],19,0
2.5,128,[0.02706, 0.00579, 0.01339, 0.03169, 0.03498, 0.0174, 0.04414, 0.04722, 0.18298, 0.06648, 0.20722, 0.00998, 0.02678, 0.02764, 0.00355, 0.02581, 0.22812, 0.05053, 0.11673, 0.14205, 0.05526, 0.20255, 0.01622, 0.02062, 0.14491, 0.13782, 0.04695, 0.30021, 0.19844, 0.22311, 0.03253, 0.25334, 0.01881],[],[],33,0
2.5,129,[0.01381, 0.02076, 0.01876, 0.00145, 0.0544, 0.02844, 0.07414, 0.04096, 0.12541, 0.00887, 0.16372, 0.0275, 0.08899, 0.05527, 0.18179, 0.14108, 0.01145, 0.20638, 0.08847, 0.01155, 0.03089, 0.00785, 0.01985, 0.00404, 0.03035, 0.03906, 0.29093, 0.0829, 0.08312, 0.158, 0.0273],[],[],31,0
2.5,130,[0.01864, 0.01301, 0.0399, 0.11582, 0.12935, 0.07215, 0.02844, 0.02612, 0.00891, 0.06198, 0.00731, 0.12792, 0.02494, 0.09152, 0.00886, 0.10648, 0.0228, 0.16521, 0.04832, 0.04911, 0.01467, 0.03457, 0.17711, 0.05504, 0.04759, 0.19865, 0.08204, 0.17016, 0.00831, 0.02495, 0.07496, 0.0299, 0.1119, 0.02344, 0.2685, 0.06403, 0.01971, 0.21982, 0.0934, 0.07293, 0.08429, 0.03704],[],[],42,0
2.5,131,[0.00349, 0.02403, 0.02664, 0.00155, 0.03231, 0.00518, 0.01744, 0.05215, 0.0816, 0.00195, 0.01125, 0.08212, 0.00473, 0.0242, 0.00566, 0.0766, 0.00903, 0.02473, 0.01574, 0.08566, 0.00661, 0.00344, 0.07605, 0.1817, 0.17977, 0.05131, 0.07452, 0.00763, 0.00388, 0.09805, 0.00396, 0.01984, 0.26858, 0.19432, 0.01664, 0.04223, 0.19079, 0.06033],[],[],38,0
2.5,132,[0.01598, 0.00593, 0.00875, 0.08929, 0.0175, 0.00431, 0.13001, 0.05736, 0.00261, 0.00268, 0.13676, 0.01937, 0.09009, 0.05507, 0.00376, 0.02775, 0.00864, 0.21518, 0.0542],[],[],19,0
2.5,133,[0.00419, 0.0054, 0.00536, 0.00143, 0.00719, 0.00151, 0.0111, 0.00165, 0.04189, 0.00822, 0.01514, 0.11036, 0.03553, 0.05623, 0.00225, 0.01983, 0.07853, 0.04484, 0.03532, 0.06826, 0.04336, 0.07633, 0.02559, 0.00402, 0.04435, 0.24492, 0.00419, 0.03006, 0.19666, 0.0088, 0.06305, 0.08195, 0.00457, 0.01381, 0.00929, 0.05617, 0.203, 0.00487, 0.08503, 0.34131, 0.01509],[],[],41,0
2.5,134,[0.00021, 0.00365, 0.01436, 0.0699, 0.08562, 0.05433, 0.02886, 0.00828, 0.00225, 0.03859, 0.08941, 0.05291, 0.15717, 0.01913, 0.14838, 0.07275, 0.02003, 0.04118, 0.02502, 0.2249, 0.20569, 0.00383, 0.09787, 0.06205, 0.00423, 0.08177, 0.2754, 0.0659, 0.07083, 0.30335, 0.12678, 0.02392],[],[],32,0
2.5,135,[0.00619, 0.07655, 0.01917, 0.05602, 0.08648, 0.07545, 0.00215, 0.02373, 0.00992, 0.00502, 0.01641, 0.02433, 0.03667, 0.04377],[],[],14,0
2.5,136,[0.07477, 0.02775, 0.04005, 0.12477, 0.05388, 0.01346, 0.0139, 0.14262, 0.01825, 0.02454, 0.0222, 0.04817, 0.05319],[],[],13,0
2.5,137,[0.00799, 0.00714, 0.01163, 0.02797, 0.03418, 0.08171, 0.0351, 0.11468, 0.0311, 0.16722, 0.03099, 0.00303, 0.17743, 0.03654, 0.1811, 0.03026, 0.22879, 0.05174, 0.04938, 0.18917, 0.22522, 0.04091, 0.15462, 0.00764, 0.11923, 0.15443, 0.22213, 0.10331, 0.00865, 0.14061, 0.24271, 0.31241, 0.05628, 0.06686, 0.00481, 0.00977, 0.01478],[],[],37,0
2.5,138,[0.01729, 0.00378, 0.0009, 0.01781, 0.01834, 0.00343, 0.03897, 0.05068, 0.0151, 0.1181, 0.02626, 0.06, 0.03226, 0.08568, 0.03726, 0.02861, 0.06549, 0.02355, 0.05147, 0.01031, 0.0144, 0.02344, 0.04837, 0.04435, 0.00862, 0.26134, 0.06341, 0.11952, 0.03226, 0.09398, 0.02862, 0.21569, 0.03031],[],[],33,0
2.5,139,[0.00153, 0.03611, 0.01466, 0.10007, 0.03142, 0.12265, 0.03495, 0.00674, 0.07456, 0.01181, 0.02961, 0.00506, 0.02453, 0.04254, 0.08439, 0.15388, 0.02148, 0.16495, 0.17082, 0.03084, 0.02759, 0.02495, 0.10396, 0.01683, 0.14841, 0.14685, 0.10713, 0.22685, 0.17009, 0.00511, 0.08961, 0.25956, 0.02207],[],[],33,0
2.5,140,[0.05154, 0.06428, 0.06302, 0.00755, 0.02881, 0.00847, 0.12674, 0.05742, 0.02927, 0.01732],[],[],10,0
2.5,141,[0.01731, 0.0339, 0.00138, 0.0193, 0.07477, 0.00316, 0.03156, 0.09655, 0.01862, 0.0219, 0.03728, 0.0027, 0.0596, 0.14177, 0.00907, 0.16343, 0.05901, 0.09645, 0.02906],[],[],19,0
2.5,142,[0.00844, 0.01339, 0.00716, 0.00331, 0.00171, 0.0847, 0.03132, 0.05574, 0.06556, 0.16467, 0.04881, 0.0308, 0.07306, 0.13782, 0.15337, 0.07512, 0.19905, 0.05595, 0.00638, 0.10554, 0.0467, 0.07093, 0.08005, 0.16409, 0.22438, 0.05717, 0.06524, 0.23528, 0.19656, 0.00404, 0.04059, 0.01232, 0.00431, 0.11054, 0.13085, 0.29185, 0.28747, 0.0048, 0.09429, 0.1789, 0.16967, 0.31981, 0.01003, 0.01011, 0.07588],[],[],45,0
2.5,143,[0.01836, 0.00818, 0.01153, 0.02387, 0.00387, 0.02989, 0.02578, 0.04778],[],[],8,0
2.5,144,[0.02032, 0.00158, 0.01492, 0.05913, 0.01145, 0.04136, 0.0623, 0.0041, 0.05412, 0.02512, 0.00247, 0.06546, 0.15336, 0.00638, 0.07168, 0.06259, 0.06037, 0.07524, 0.03796],[],[],19,0
2.5,145,[0.01324, 0.01362, 0.00439, 0.02945, 0.02665, 0.07836, 0.0596, 0.03359, 0.01004, 0.16291, 0.01311, 0.06878, 0.17647, 0.06372, 0.09666, 0.01582, 0.1456, 0.04473, 0.02911, 0.09238, 0.02772, 0.01051, 0.03933, 0.00362, 0.12746, 0.09966, 0.05886, 0.2009],[],[],28,0
2.5,146,[0.00652, 0.00339, 0.00129, 0.03157, 0.00666, 0.00182, 0.10014, 0.09747, 0.05734, 0.03554, 0.0055, 0.00555, 0.10347, 0.06822, 0.01366, 0.01372, 0.20275, 0.00369, 0.00376, 0.00393, 0.17965, 0.08189, 0.02048, 0.00429, 0.02156, 0.08763, 0.14798, 0.00899, 0.08121, 0.15478, 0.03719, 0.16523, 0.3209],[],[],33,0
2.5,147,[0.04101, 0.02239, 0.00777, 0.10012, 0.00185, 0.00437, 0.02652, 0.11955, 0.00468, 0.10598, 0.08332, 0.05303, 0.05312, 0.07106, 0.02515, 0.13027, 0.03723, 0.0238, 0.07836, 0.02397, 0.00699, 0.10143],[],[],22,0
2.5,148,[0.05118, 0.03448, 0.01861, 0.06285, 0.10182, 0.06406, 0.03592, 0.02734, 0.01529, 0.08636, 0.15837, 0.02544, 0.00972, 0.0888],[],[],14,0
2.5,149,[0.02285, 0.02902, 0.0063, 0.02415, 0.04166, 0.04494, 0.02269, 0.00175, 0.01279, 0.13552, 0.00775, 0.17181, 0.04725, 0.07774, 0.00368, 0.02983, 0.16916, 0.07181],[],[],18,0
2.5,150,[0.00167, 0.00297, 0.00136, 0.05621, 0.02715, 0.04598, 0.07169, 0.05029, 0.00293, 0.00304, 0.11314, 0.00308, 0.00663, 0.19053, 0.05658, 0.23739, 0.12132, 0.01186, 0.01201, 0.06555, 0.22813, 0.07537, 0.20264, 0.30933, 0.16615, 0.01418, 0.24813, 0.11181, 0.18965, 0.18025, 0.0301, 0.02634, 0.01058, 0.23299, 0.05117, 0.05175, 0.28282, 0.13658, 0.02377],[],[],39,0
2.5,151,[0.00152, 0.03274, 0.03564, 0.04536, 0.07575, 0.06447, 0.01312, 0.03314, 0.01469, 0.03985, 0.01351, 0.01087, 0.13077, 0.16005, 0.08942],[],[],15,0
2.5,152,[0.01823, 0.0166, 0.00608, 0.01733, 0.06462, 0.02122, 0.01323, 0.19149, 0.03971, 0.00311, 0.03719, 0.0068, 0.16822, 0.00363, 0.13929, 0.00379, 0.13817, 0.03162, 0.02785, 0.00838, 0.05074, 0.00427, 0.29572, 0.04453],[],[],24,0
2.5,153,[0.06717, 0.10758, 0.03348, 0.00873, 0.04687, 0.01924, 0.16601, 0.02024, 0.00579, 0.14035, 0.01222, 0.07785, 0.11479, 0.01023, 0.08898, 0.13154, 0.00366, 0.01223, 0.05585, 0.17532, 0.27424, 0.20619, 0.01395, 0.1072, 0.30908, 0.0248, 0.02493, 0.10023, 0.00504, 0.01012, 0.14227, 0.11869, 0.00531, 0.05873, 0.06978, 0.16145, 0.07555, 0.02163, 0.00542, 0.26098, 0.00547, 0.05047],[],[],42,0
2.5,154,[0.07513, 0.04994, 0.01358, 0.00155, 0.00158, 0.01916, 0.026, 0.05093, 0.00217, 0.0152, 0.15269, 0.10278, 0.09342, 0.02122, 0.00654, 0.22212, 0.00729, 0.18112, 0.00396, 0.10486, 0.06975, 0.02901, 0.07076, 0.10106, 0.18206, 0.14635, 0.2316, 0.00469, 0.08217, 0.02919, 0.18519, 0.12511, 0.05588, 0.14317, 0.01539, 0.01053, 0.09632, 0.00539, 0.23922, 0.03808, 0.05529, 0.15195, 0.02837, 0.05691, 0.28502, 0.38842, 0.18866, 0.27004, 0.05245, 0.1244, 0.01778, 0.02982, 0.16139],[],[],53,0
2.5,155,[0.0487, 0.0805, 0.00294, 0.00692, 0.00201, 0.00204, 0.01575, 0.02628, 0.0024, 0.13884, 0.11933, 0.0925, 0.05802, 0.05421, 0.00306, 0.04653, 0.12104, 0.00988, 0.0878, 0.0215, 0.23472, 0.12367, 0.00365, 0.0073, 0.10605, 0.10581, 0.07331, 0.0039, 0.036, 0.18324, 0.00411, 0.079],[],[],32,0
2.5,156,[0.04805, 0.00114, 0.02448, 0.01284, 0.00726, 0.10852, 0.05033, 0.01179, 0.14149, 0.11213, 0.01746, 0.01069, 0.05254, 0.03786, 0.13029, 0.15185, 0.13133, 0.07633, 0.02496, 0.08117, 0.03445, 0.28839, 0.03556, 0.19981, 0.16351, 0.08177, 0.26659, 0.23363, 0.33094, 0.24141, 0.01082, 0.04884],[],[],32,0
2.5,157,[0.00103, 0.02764, 0.02043, 0.00168, 0.02705, 0.10752, 0.01026, 0.09556, 0.00234, 0.02639, 0.05454, 0.15682, 0.0052, 0.02259, 0.03395, 0.16179, 0.03095, 0.13334, 0.20856, 0.18402, 0.05698, 0.04808, 0.23906, 0.03918, 0.08677, 0.02221, 0.05283, 0.20508, 0.20846, 0.15364, 0.12235, 0.12729, 0.04538, 0.02494],[],[],34,0
2.5,158,[0.02333, 0.01045, 0.00298, 0.00204, 0.00428, 0.00492, 0.01739, 0.04562, 0.09367, 0.13231, 0.15118, 0.03024, 0.00643, 0.11131, 0.01702, 0.02384, 0.05855, 0.06889, 0.01086, 0.00727, 0.21247, 0.1382, 0.00408, 0.05902, 0.01709, 0.00428, 0.03454, 0.10444, 0.30852, 0.20589, 0.10168, 0.01856],[],[],32,0
2.5,159,[0.04618, 0.0933, 0.02867, 0.03468, 0.00924, 0.01953, 0.12685, 0.01499, 0.08297, 0.02319, 0.03203, 0.00641, 0.16395, 0.0928, 0.05244, 0.1552, 0.0109, 0.0149, 0.01177, 0.00787, 0.17772, 0.09947, 0.03224, 0.13883, 0.02913, 0.21704, 0.14376, 0.16941, 0.11645, 0.01009, 0.03104, 0.25391, 0.0109, 0.15022, 0.00558, 0.00558, 0.10635, 0.00566, 0.01149, 0.09968],[],[],40,0
2.5,160,[0.00313, 0.02502, 0.01316, 0.02777, 0.00379, 0.02271, 0.04539, 0.03002, 0.00916, 0.03714],[],[],10,0
2.5,161,[0.00116, 0.0249, 0.00583, 0.00585, 0.09251, 0.06355, 0.13491, 0.05422, 0.00625, 0.00949, 0.00323, 0.07104, 0.03616, 0.06059, 0.00389, 0.00391, 0.02023, 0.04491, 0.00844, 0.0435, 0.00936, 0.00941, 0.29674, 0.05581, 0.01021, 0.03633, 0.04236],[],[],27,0
2.5,162,[0.00872, 0.00741, 0.00541, 0.0315, 0.04004, 0.00532, 0.10193, 0.14121, 0.08061, 0.03163, 0.14529, 0.08014, 0.02959, 0.06681, 0.00548, 0.09162, 0.05054, 0.01414, 0.04074, 0.00873, 0.0367, 0.06367, 0.14748, 0.02682, 0.03907, 0.05035, 0.01443, 0.04642, 0.19094, 0.05578, 0.03026, 0.06945, 0.1802, 0.24267, 0.21805, 0.01807, 0.08153, 0.20249, 0.12256, 0.01051, 0.23681, 0.00528],[],[],42,0
2.5,163,[0.02033, 0.03097, 0.00503, 0.01399, 0.05557, 0.12157, 0.04618, 0.03492, 0.02335],[],[],9,0
2.5,164,[0.00658, 0.01803, 0.00554, 0.01469, 0.00409, 0.02982, 0.01466, 0.00187, 0.00569, 0.05445, 0.07082, 0.01034, 0.04313, 0.04727, 0.13726, 0.05279, 0.02399, 0.1263, 0.15353, 0.01279],[],[],20,0
2.5,165,[0.0045, 0.00656, 0.01061, 0.00115, 0.00331, 0.00521, 0.02623, 0.00181, 0.01653, 0.09872, 0.02708, 0.04244, 0.08894, 0.01205, 0.08549, 0.21527, 0.03648],[],[],17,0
2.5,166,[0.01747, 0.011, 0.01285, 0.09862, 0.05705, 0.12571, 0.01285, 0.00252, 0.07517, 0.00545, 0.13227, 0.00301, 0.14601, 0.00325, 0.00682, 0.24538, 0.06414, 0.10049, 0.02837, 0.10988, 0.00869, 0.03913, 0.11994, 0.20203, 0.07441, 0.24242, 0.02432, 0.16386, 0.3421, 0.1931, 0.2613, 0.06171, 0.09598, 0.09095, 0.00536, 0.1871, 0.23159, 0.04074, 0.16355, 0.01174, 0.22093, 0.16349, 0.14569, 0.11672, 0.06995, 0.05749, 0.02579],[],[],47,0
2.5,167,[0.04271, 0.01279, 0.03058, 0.0073, 0.06151, 0.00344, 0.00435, 0.00942, 0.02185, 0.01234, 0.1691, 0.04957, 0.00801, 0.01905, 0.16354, 0.13591, 0.02334, 0.15786, 0.03287, 0.10277, 0.00837, 0.01722, 0.13693, 0.27426, 0.09143, 0.28847, 0.02797, 0.06179, 0.1769, 0.01477, 0.01021, 0.0103, 0.02111, 0.15116, 0.36327, 0.15986, 0.30662, 0.0534, 0.04166, 0.00604, 0.03031, 0.09293, 0.03183, 0.34567, 0.23152, 0.01955, 0.07352, 0.02767, 0.07687, 0.11887, 0.08572, 0.19463, 0.01443, 0.13811, 0.15303],[],[],55,0
2.5,168,[0.00076, 0.02222, 0.05751, 0.0197, 0.00844, 0.02814, 0.07491, 0.03181, 0.05169, 0.0109, 0.09147, 0.05538],[],[],12,0
2.5,169,[0.01609, 0.06994, 0.08017, 0.03004, 0.01727, 0.10123, 0.00375, 0.04384, 0.03557, 0.06002, 0.12632, 0.03121, 0.15175, 0.11843, 0.05681, 0.01246, 0.08481, 0.02232, 0.20542, 0.00678, 0.05426, 0.0589],[],[],22,0
2.5,170,[0.00154, 0.04899, 0.00975, 0.07323, 0.01773, 0.07513, 0.00492, 0.07639, 0.13072, 0.01995, 0.01578, 0.05987, 0.1668, 0.0301, 0.00304, 0.0062, 0.02234, 0.11721, 0.08074, 0.03164, 0.05669, 0.25314, 0.02039, 0.00412, 0.00836, 0.22553, 0.12463, 0.03617, 0.00462, 0.20837, 0.00469, 0.25837, 0.21819, 0.00485, 0.07494],[],[],35,0
2.5,171,[0.0018, 0.01667, 0.02308, 0.0717, 0.00459, 0.00131, 0.00187, 0.07884, 0.01804, 0.01967, 0.12902, 0.14795, 0.00306, 0.18951, 0.00319, 0.01053, 0.19266, 0.00371, 0.11567, 0.02874, 0.26034, 0.22183, 0.02224, 0.00446, 0.0547, 0.25382, 0.20031, 0.02402],[],[],28,0
2.5,172,[0.03746, 0.00769, 0.04484, 0.11871, 0.00824, 0.00464, 0.11008, 0.00249, 0.1682, 0.06451, 0.10758, 0.21274, 0.08353, 0.00984, 0.05703, 0.14326, 0.05501, 0.03559, 0.03019, 0.12903, 0.11328, 0.2099, 0.01346, 0.0274, 0.15252, 0.22241, 0.04647, 0.08473, 0.00475, 0.00952, 0.25189, 0.0051, 0.12783, 0.02558, 0.12916, 0.10348],[],[],36,0
2.5,173,[0.05293, 0.0422, 0.01047, 0.05398, 0.01947, 0.0448, 0.01862, 0.03529, 0.14598, 0.1019, 0.17722, 0.09192, 0.0381, 0.09169, 0.05254, 0.26338, 0.02177, 0.01758, 0.23361, 0.04913, 0.13419, 0.26698, 0.22315, 0.03989, 0.24526, 0.12623, 0.2288, 0.03051, 0.10071],[],[],29,0
2.5,174,[0.00099, 0.01416, 0.03896, 0.0919, 0.0208, 0.02513, 0.06919, 0.04494, 0.12643, 0.13417, 0.01521, 0.09453, 0.0224],[],[],13,0
2.5,175,[0.04392, 0.00127, 0.09012, 0.08108, 0.04418, 0.1304, 0.03762, 0.00521, 0.11842, 0.02552, 0.05806, 0.00596, 0.03425, 0.00651, 0.00328, 0.13241, 0.22511, 0.01386, 0.02472, 0.09599, 0.02615, 0.10469, 0.04616, 0.13414, 0.1147, 0.07532],[],[],26,0
2.5,176,[0.00065, 0.0464, 0.04679, 0.00309, 0.1028, 0.00166, 0.0559, 0.00213, 0.01922, 0.08768, 0.10916, 0.00973, 0.12067, 0.06881, 0.03114, 0.00681, 0.01389, 0.11469, 0.03245, 0.09425, 0.05208, 0.19745, 0.13256, 0.02779, 0.02934, 0.10899, 0.1514, 0.19255, 0.00879],[],[],29,0
2.5,177,[0.00833, 0.00163, 0.01269, 0.012, 0.00816, 0.02797, 0.00322, 0.06424, 0.03517, 0.02676, 0.00732, 0.00247, 0.18244, 0.00812, 0.0084, 0.14539, 0.02109, 0.11799, 0.0442, 0.04538, 0.03067, 0.08906, 0.18474, 0.24745, 0.01725],[],[],25,0
2.5,178,[0.03529, 0.03373, 0.00788, 0.00555, 0.05908, 0.00204, 0.09481, 0.06467, 0.06827, 0.02384, 0.17888, 0.0058, 0.02951, 0.04781, 0.15058, 0.17091, 0.01314, 0.14799, 0.02724, 0.02868, 0.01078, 0.16898, 0.14387, 0.05864, 0.00747, 0.0692, 0.20386, 0.10783],[],[],28,0
2.5,179,[0.03471, 0.00656, 0.0014, 0.02404, 0.0303, 0.1313, 0.07603, 0.14612, 0.00605, 0.00615, 0.08072, 0.13721, 0.02844, 0.01264, 0.10512, 0.00328, 0.20423, 0.23398, 0.00357, 0.13069, 0.13316, 0.01965, 0.04605, 0.22832, 0.00423, 0.00881, 0.13291],[],[],27,0
2.5,180,[0.00046, 0.00801, 0.01239, 0.04097, 0.02684, 0.04307, 0.02114, 0.00892, 0.0132, 0.00939, 0.01281, 0.01323, 0.03743, 0.02367, 0.1522, 0.03677, 0.00345, 0.00362, 0.08033, 0.09336, 0.06044, 0.04206, 0.09978, 0.04838, 0.04561, 0.07067, 0.01279, 0.03245, 0.27931, 0.23553, 0.00475, 0.04307, 0.1011, 0.21064, 0.2257, 0.0402, 0.01523, 0.01041, 0.05348, 0.09657, 0.02162, 0.05954, 0.38051],[],[],43,0
2.5,181,[0.00222, 0.02073, 0.00941, 0.00115, 0.01084, 0.03641, 0.00204, 0.13364, 0.00451, 0.02779, 0.129, 0.17809, 0.16768, 0.15334, 0.01431, 0.04652, 0.12344, 0.00318, 0.03194, 0.07084, 0.14495, 0.12584, 0.17214, 0.13922, 0.16363, 0.12614, 0.11968, 0.0908, 0.00731, 0.13173, 0.06282],[],[],31,0
2.5,182,[0.0172, 0.0708, 0.08522, 0.00202, 0.12165, 0.01118, 0.03005, 0.04882, 0.07197, 0.13024, 0.10669, 0.04538, 0.00331, 0.13033, 0.23242, 0.09723, 0.01068, 0.14631, 0.04325, 0.00397, 0.00399, 0.00415, 0.01256, 0.00474, 0.10446, 0.01907, 0.32027, 0.0536, 0.12275, 0.01504, 0.13246, 0.00542, 0.00572, 0.12644, 0.20207, 0.17049, 0.10062, 0.02974, 0.00601, 0.09083, 0.04864, 0.06264, 0.03172, 0.0127],[],[],44,0
2.5,183,[0.01128, 0.0141, 0.01417, 0.03899, 0.03103, 0.003, 0.00187, 0.00497, 0.17212, 0.00792, 0.03614, 0.07599, 0.00328, 0.18316, 0.10303, 0.00394, 0.22192, 0.03291, 0.10758, 0.15018, 0.28539, 0.29918, 0.01826, 0.2768, 0.02318, 0.06522, 0.04962, 0.02012, 0.02023, 0.02591, 0.0941, 0.05775, 0.05806],[],[],33,0
2.5,184,[0.00676, 0.01659, 0.01036, 0.02562, 0.06688, 0.06382, 0.01577, 0.08449, 0.10042, 0.14575, 0.00443, 0.01938, 0.00505, 0.02878, 0.00278, 0.04871, 0.01506, 0.04082, 0.03939, 0.07218, 0.01872, 0.14809, 0.02121, 0.07367, 0.15084, 0.06978, 0.19865, 0.04762, 0.01947, 0.03546, 0.34197, 0.19925, 0.13063, 0.07353, 0.23448, 0.03795, 0.03259, 0.27489, 0.04055, 0.29536, 0.03545, 0.10602, 0.07574, 0.02536, 0.21612, 0.00638, 0.00641],[],[],47,0
2.5,185,[0.07225, 0.02097, 0.00442, 0.09319, 0.13681, 0.12023, 0.05314, 0.03842, 0.02537, 0.07239, 0.08733, 0.13833, 0.25597, 0.03968, 0.02035, 0.13839, 0.29319, 0.10678, 0.02234],[],[],19,0
2.5,186,[0.00314, 0.03601, 0.02445, 0.00412, 0.08982, 0.07758, 0.00567, 0.0251, 0.06263, 0.0392, 0.15341, 0.00274, 0.08396, 0.06109, 0.16027, 0.00606, 0.03732, 0.20235, 0.0034, 0.07516, 0.1009, 0.01128, 0.03011, 0.09854, 0.01192, 0.01596],[],[],26,0
2.5,187,[0.0271, 0.02123, 0.00473, 0.03535, 0.0216, 0.0022, 0.01104, 0.03727, 0.0894, 0.13855, 0.21275, 0.06282, 0.0447, 0.06329, 0.04021, 0.0374, 0.03796, 0.02456, 0.17252, 0.01497, 0.04513, 0.19667, 0.01141, 0.02391, 0.19379, 0.05646, 0.2654, 0.1656, 0.00934],[],[],29,0
2.5,188,[0.00245, 0.0513, 0.01578, 0.03527, 0.00139, 0.01111, 0.06544, 0.00168, 0.00631, 0.01939, 0.00252, 0.1754, 0.17252, 0.14104, 0.0247, 0.05898, 0.01872, 0.00633, 0.00323, 0.14847, 0.00687, 0.03056, 0.00807, 0.12778, 0.0558, 0.02175, 0.10937, 0.00447, 0.28352, 0.17022, 0.29788, 0.09951, 0.00514, 0.29755, 0.16028, 0.37268, 0.02342, 0.16817, 0.01812, 0.02431, 0.23238, 0.35394, 0.02653, 0.0602, 0.10054, 0.14362, 0.18523, 0.02841, 0.02138, 0.02139, 0.13562, 0.01429, 0.12212, 0.03594, 0.05052, 0.05801, 0.08054, 0.00732, 0.00752, 0.47781, 0.00759, 0.0614, 0.37085, 0.08502],[],[],64,0
2.5,189,[0.00278, 0.00935, 0.00445, 0.00179, 0.00314, 0.05331, 0.00263, 0.07808, 0.00732, 0.03164, 0.10516, 0.03495, 0.10568, 0.02734, 0.16361, 0.12016, 0.14745, 0.07626, 0.12672, 0.17484, 0.03331, 0.02678, 0.09117, 0.02397, 0.03865, 0.01787, 0.04542, 0.00768, 0.00388, 0.23729, 0.13621, 0.01298, 0.12148, 0.00437, 0.13202],[],[],35,0
2.5,190,[0.00777, 0.00241, 0.01623, 0.01869, 0.00215, 0.0152, 0.06998, 0.0588, 0.07834, 0.04446, 0.06634, 0.00247, 0.00996, 0.02588, 0.02218, 0.02639, 0.01538, 0.0032, 0.08664, 0.18061, 0.07883, 0.01104, 0.09996, 0.03781, 0.01895],[],[],25,0
2.5,191,[0.00046, 0.06578, 0.03939, 0.00475, 0.08421, 0.01733, 0.03429, 0.03122, 0.10545, 0.13657, 0.08477, 0.0786, 0.14099, 0.02801],[],[],14,0
2.5,192,[0.01491, 0.06706, 0.04153, 0.07016, 0.02721, 0.05005, 0.085, 0.10881, 0.02401, 0.04305, 0.08614, 0.00316, 0.08328, 0.12497, 0.10603, 0.04929, 0.0077, 0.01159],[],[],18,0
2.5,193,[0.01167, 0.04929, 0.01757, 0.06963, 0.00176, 0.00183, 0.03015, 0.05556, 0.14466, 0.04892, 0.02],[],[],11,0
2.5,194,[0.01194, 0.01214, 0.00279, 0.03874, 0.01571, 0.00832, 0.01396, 0.16255, 0.0024, 0.14099, 0.03991, 0.00647, 0.0459, 0.00672, 0.01056, 0.00731, 0.04187, 0.03937, 0.01201, 0.1463, 0.2472, 0.19903, 0.15914, 0.01849, 0.06085, 0.05165, 0.31525, 0.10574, 0.09279],[],[],29,0
2.5,195,[0.00312, 0.06272, 0.1023, 0.00974, 0.049, 0.04719, 0.00407, 0.09652, 0.00444, 0.1357, 0.03966, 0.00499, 0.01128, 0.01451, 0.00302, 0.06119, 0.00306, 0.02177, 0.00658, 0.00334, 0.00339, 0.13357, 0.01396, 0.03923, 0.05464, 0.03457, 0.04649, 0.24854, 0.11772, 0.08017, 0.15499, 0.1572, 0.00438, 0.03941, 0.27756, 0.08437, 0.20022],[],[],37,0
2.5,196,[0.00028, 0.01675, 0.03153, 0.00669, 0.01808, 0.14899, 0.167, 0.01272, 0.02433, 0.14953, 0.00856, 0.04889, 0.14255, 0.18853, 0.12015, 0.12997, 0.11189, 0.04099, 0.17473, 0.08617, 0.18294, 0.03128, 0.04307, 0.08344, 0.1665, 0.14467, 0.08342, 0.01979, 0.0396, 0.04369, 0.02827, 0.14928, 0.17675, 0.06386, 0.14143, 0.00863, 0.23339, 0.08444, 0.04459, 0.11254, 0.22113, 0.17325],[],[],42,0
2.5,197,[0.01025, 0.00967, 0.00557, 0.04812, 0.01011, 0.04002, 0.05341, 0.00227, 0.03115, 0.07031, 0.17814, 0.0081, 0.04091],[],[],13,0
2.5,198,[0.00138, 0.0365, 0.08659, 0.0412, 0.0228, 0.06196, 0.00203, 0.00221, 0.07, 0.15074, 0.14274, 0.08103, 0.10378, 0.19659],[],[],14,0
2.5,199,[0.01188, 0.01557, 0.02218, 0.05871, 0.09933, 0.00174, 0.00541, 0.06836, 0.11317, 0.0716, 0.10245, 0.09635, 0.06904],[],[],13,0

