2.5,0,[0.01568, 0.01088, 0.02043, 0.10802, 0.12158, 0.0878, 0.07705, 0.00552, 0.04004, 0.01736, 0.18824, 0.09703, 0.10476, 0.02739, 0.14104, 0.00347, 0.03131, 0.02194, 0.02592, 0.11539, 0.05583, 0.19779, 0.23172, 0.22229, 0.11262, 0.13222, 0.00894, 0.27471, 0.0879, 0.00929, 0.25495, 0.14763, 0.04497, 0.01515, 0.07097, 0.06112, 0.27715, 0.31173, 0.03269],[],[],39,0
2.5,1,[0.00228, 0.06587, 0.02975, 0.09851, 0.00617, 0.13624, 0.11279, 0.07203, 0.03413, 0.01286, 0.13547, 0.03077, 0.16489, 0.01007, 0.02018, 0.02468, 0.13916, 0.00755, 0.00763, 0.05383],[],[],20,0
2.5,2,[0.02987, 0.00371, 0.02515, 0.00791, 0.03426, 0.11467, 0.09894, 0.11303, 0.04868, 0.0588, 0.10722, 0.00238, 0.04196, 0.00291, 0.15249, 0.16839, 0.02547, 0.18443, 0.22277, 0.05762, 0.03299, 0.23617, 0.26423, 0.23576, 0.25493, 0.01687, 0.00422],[],[],27,0
2.5,3,[0.00151, 0.00215, 0.03819, 0.05297, 0.07396, 0.00483, 0.13791, 0.11047, 0.02606, 0.06792, 0.01849, 0.1911, 0.0032, 0.00654, 0.00332, 0.02775, 0.01047, 0.00733, 0.00368, 0.17671, 0.15247, 0.02022, 0.15208, 0.27045, 0.01283, 0.00431, 0.04343, 0.16076, 0.09131, 0.02644, 0.11936, 0.13118, 0.07326, 0.00482, 0.00483, 0.00497, 0.15917, 0.30448, 0.01999],[],[],39,0
2.5,4,[0.0419, 0.03735, 0.07536, 0.07653, 0.00992, 0.02543, 0.10329, 0.0674, 0.09341, 0.05122, 0.0149, 0.12854, 0.18792, 0.02577, 0.09742, 0.00352, 0.04383],[],[],17,0
2.5,5,[0.00036, 0.00176, 0.02625, 0.00747, 0.10202, 0.00637, 0.00375, 0.11111, 0.12853, 0.00229, 0.00714, 0.00495, 0.08331, 0.18406, 0.17473, 0.09177, 0.10004, 0.00667, 0.21086, 0.21887, 0.23041, 0.23365, 0.01255, 0.20113, 0.27613, 0.03464],[],[],26,0
2.5,6,[0.08499, 0.02138, 0.13843, 0.00504, 0.16162, 0.08536, 0.20075, 0.19408, 0.11537, 0.16072, 0.08776, 0.19912, 0.01416, 0.02882, 0.10507, 0.08638, 0.14634, 0.06162, 0.01583, 0.20657, 0.2462, 0.20363, 0.04683, 0.00868, 0.19555, 0.04508, 0.14443, 0.11771, 0.04527, 0.23699, 0.29387, 0.29488, 0.25961, 0.05735],[],[],34,0
2.5,7,[0.02276, 0.05158, 0.06193, 0.05426, 0.00227, 0.07262, 0.02114, 0.01997, 0.15593, 0.07862, 0.01938, 0.05857, 0.00846, 0.01718, 0.02046, 0.19715, 0.19307, 0.03581, 0.05279, 0.17413, 0.05719, 0.01861, 0.11449, 0.25712],[],[],24,0
2.5,8,[0.00862, 0.05464, 0.05096, 0.01216, 0.0964, 0.01731, 0.0102, 0.05742, 0.00262, 0.01156, 0.02876, 0.17599, 0.00645, 0.15515, 0.21323, 0.10813, 0.00344, 0.10342, 0.00691, 0.06889, 0.19188, 0.11643, 0.11715, 0.08117, 0.17256, 0.0087, 0.15097, 0.07809, 0.06514],[],[],29,0
2.5,9,[0.03781, 0.03244, 0.00845, 0.00169, 0.10138, 0.05247, 0.00365, 0.02974, 0.04457, 0.08732, 0.00497, 0.00275, 0.01107, 0.08742, 0.05698, 0.14269, 0.20668, 0.03876, 0.11915, 0.00365, 0.04794, 0.01107],[],[],22,0
2.5,10,[0.01258, 0.0134, 0.00734, 0.03068, 0.0235, 0.01108, 0.00676, 0.00927, 0.17443, 0.18402, 0.18882, 0.00982, 0.11234, 0.13351, 0.00714, 0.23215, 0.01134, 0.04977, 0.08291, 0.09498, 0.08525, 0.03278, 0.03698, 0.11176, 0.25078, 0.03871, 0.13806, 0.0697, 0.13157],[],[],29,0
2.5,11,[0.01581, 0.0639, 0.02663, 0.04206, 0.11611, 0.07599, 0.1409, 0.17177, 0.16231, 0.00859, 0.09611, 0.00878, 0.15226, 0.00591, 0.0585, 0.08912, 0.12385, 0.02864, 0.17248, 0.24859, 0.02383, 0.00406, 0.24985, 0.06427, 0.16403, 0.25964, 0.05608, 0.04726, 0.2614, 0.06699, 0.00481, 0.15, 0.26323, 0.3187, 0.0156, 0.0833, 0.01582, 0.19014, 0.25703, 0.3243, 0.03913, 0.30642, 0.08082, 0.11174],[],[],44,0
2.5,12,[0.00265, 0.0099, 0.0721, 0.00381, 0.0233, 0.0687, 0.10456, 0.16033, 0.14749, 0.07549, 0.07175, 0.09658, 0.18142, 0.00304, 0.0032, 0.0064, 0.02326, 0.03358, 0.17636, 0.15677, 0.15628, 0.13202, 0.02259, 0.07851, 0.26192, 0.26159, 0.0976],[],[],27,0
2.5,13,[0.00385, 0.00183, 0.03489, 0.05301, 0.08571, 0.05374, 0.0963, 0.00171, 0.0562, 0.14092, 0.03587, 0.1454, 0.00283, 0.0284, 0.18942, 0.05624, 0.00656, 0.03663, 0.07763, 0.20314, 0.21387, 0.01801, 0.12964],[],[],23,0
2.5,14,[0.01174, 0.02506, 0.08835, 0.10321, 0.00188, 0.09497, 0.03376, 0.00814, 0.13721, 0.10234, 0.01018, 0.01791, 0.17047, 0.00844, 0.03516],[],[],15,0
2.5,15,[0.04223, 0.09473, 0.03893, 0.11669, 0.01973, 0.00679, 0.12633, 0.21446, 0.00362, 0.24351, 0.00385, 0.03133, 0.12167, 0.27443, 0.04206, 0.15586, 0.10034, 0.13757, 0.0429, 0.10929, 0.0957, 0.02911, 0.02438, 0.10477, 0.32252, 0.11214, 0.02517],[],[],27,0
2.5,16,[0.0375, 0.00277, 0.0015, 0.1157, 0.01868, 0.06177, 0.06489, 0.06369, 0.0503, 0.04808, 0.01326, 0.10957, 0.00342, 0.17044, 0.14365, 0.16253, 0.14147, 0.00385, 0.24281, 0.0081, 0.25334, 0.15633, 0.02095, 0.03389, 0.05548, 0.0092, 0.09962, 0.00949, 0.14761, 0.0255],[],[],30,0
2.5,17,[0.00236, 0.00199, 0.0201, 0.07661, 0.03055, 0.01629, 0.07996, 0.05215, 0.02662, 0.04776, 0.16851, 0.03581, 0.01004, 0.1765, 0.00684, 0.01392, 0.14147, 0.1312, 0.19984, 0.12666, 0.00377, 0.13687, 0.00384, 0.10362, 0.17907, 0.04167, 0.11254, 0.07286, 0.03026, 0.053, 0.19089, 0.08222, 0.00925],[],[],33,0
2.5,18,[0.00999, 0.01034, 0.03912, 0.12036, 0.0041, 0.04198, 0.01615, 0.11092, 0.00253, 0.01382, 0.16791, 0.06831, 0.02681, 0.02538, 0.00388, 0.02431, 0.02474],[],[],17,0
2.5,19,[0.00064, 0.00707, 0.0161, 0.09021, 0.03185, 0.11633, 0.13669, 0.14364, 0.06027, 0.14444, 0.02224, 0.09865, 0.1946, 0.11108, 0.00309, 0.17689, 0.04667, 0.14857, 0.01581, 0.00333, 0.20614, 0.03071, 0.15383, 0.01379, 0.12821],[],[],25,0
2.5,20,[0.00326, 0.01285, 0.00976, 0.00993, 0.00693, 0.06131, 0.00483, 0.1466, 0.02375, 0.01331, 0.0107, 0.00272, 0.02734, 0.09211, 0.10216, 0.00319, 0.12759, 0.21998, 0.119, 0.21849, 0.03562, 0.01589, 0.23679, 0.15437, 0.10377, 0.08769, 0.00423, 0.0085, 0.26346, 0.26358, 0.27805, 0.02304, 0.08952, 0.0486, 0.00492, 0.00496, 0.00503, 0.04052, 0.15976, 0.35188, 0.03305],[],[],41,0
2.5,21,[0.02962, 0.06585, 0.0961, 0.05868, 0.0062, 0.02935, 0.13365, 0.10768, 0.02148, 0.1471, 0.01476, 0.11689, 0.20376, 0.02661, 0.0784],[],[],15,0
2.5,22,[0.03562, 0.01361, 0.02554, 0.00089, 0.01809, 0.04544, 0.02251],[],[],7,0
2.5,23,[0.07484, 0.02209, 0.00125, 0.07905, 0.00204, 0.08951, 0.11228, 0.02562, 0.02371, 0.09954, 0.13499, 0.18049, 0.17467, 0.17178, 0.20078, 0.04744, 0.19304, 0.11623, 0.04853, 0.0198, 0.01668, 0.04893],[],[],22,0
2.5,24,[0.02157, 0.0621, 0.01867, 0.00379, 0.05747, 0.06504, 0.00217, 0.06258, 0.15746, 0.16171, 0.02367, 0.01257, 0.00337, 0.22059, 0.01815],[],[],15,0
2.5,25,[0.0219, 0.0014, 0.00336, 0.03168, 0.0072, 0.00413, 0.05422, 0.02808, 0.02007, 0.03625, 0.00308, 0.00172, 0.06922, 0.02955, 0.01084, 0.00223, 0.05199, 0.04965, 0.00251, 0.00779, 0.00268],[],[],21,0
2.5,26,[0.01049, 0.00132, 0.05782, 0.02406, 0.00764, 0.08508, 0.09906, 0.02477, 0.11612, 0.12516, 0.12321, 0.07063, 0.11875, 0.02893, 0.08686, 0.08557, 0.21801, 0.09774, 0.00332, 0.22412, 0.02628, 0.06013, 0.07963, 0.24332, 0.0521, 0.2361, 0.03666],[],[],27,0
2.5,27,[0.05326, 0.01509, 0.18023, 0.0317, 0.18163, 0.14101, 0.16483, 0.13882, 0.0228, 0.10467, 0.21603, 0.09179, 0.13115, 0.10907, 0.16936, 0.00926, 0.16726, 0.28651, 0.03029, 0.10771, 0.29788, 0.32659, 0.11011, 0.03436, 0.02868, 0.18115, 0.2174, 0.37091, 0.24223, 0.40426, 0.39636, 0.02704, 0.15757, 0.06984],[],[],34,0
2.5,28,[0.00401, 0.04328, 0.02018, 0.01048, 0.02613, 0.00694, 0.00145, 0.05579, 0.0142, 0.03031, 0.02713, 0.01809, 0.05221, 0.09662, 0.02096, 0.03496, 0.14421, 0.08864],[],[],18,0
2.5,29,[0.0046, 0.00918, 0.00647, 0.06947, 0.00274, 0.00586, 0.09218, 0.03318, 0.08108, 0.04449, 0.0813, 0.13338, 0.15001, 0.17532, 0.00816, 0.11283, 0.14927, 0.08399, 0.03584, 0.01451, 0.20188, 0.01169, 0.16995, 0.11209, 0.0041, 0.07464, 0.01327, 0.25238, 0.00443, 0.05402, 0.03282, 0.0331, 0.15771, 0.01447, 0.2608, 0.30606, 0.2812, 0.03134, 0.13611, 0.01571, 0.01571, 0.33024, 0.09724],[],[],43,0
2.5,30,[0.01426, 0.00636, 0.03939, 0.01062, 0.0614, 0.15436, 0.17407, 0.14133, 0.03477, 0.10158, 0.0228, 0.19975, 0.03319, 0.25332, 0.03445, 0.07006, 0.24228, 0.00417, 0.24903, 0.15755, 0.17283, 0.17882, 0.14836, 0.01542, 0.14534, 0.28261, 0.02277, 0.25835, 0.12124, 0.18088, 0.01177, 0.04742],[],[],32,0
2.5,31,[0.00512, 0.01566, 0.00951, 0.00223, 0.00923, 0.08258, 0.10382, 0.01342, 0.00233, 0.02846, 0.09257, 0.01632, 0.05382, 0.13767, 0.12934, 0.17047, 0.00314, 0.19437, 0.04665, 0.21707, 0.06969, 0.11475, 0.13824, 0.13611, 0.01956, 0.04401],[],[],26,0
2.5,32,[0.04149, 0.08766, 0.01606, 0.00333, 0.00686, 0.07226, 0.12371, 0.03641, 0.00421, 0.12251, 0.07808, 0.12379, 0.1148, 0.00989, 0.04553, 0.02414, 0.06219, 0.00718, 0.01107, 0.02633, 0.00764, 0.20141, 0.04277, 0.16923, 0.11226, 0.13314, 0.23859, 0.00444, 0.03629, 0.12539, 0.29936, 0.00483, 0.12258, 0.04906, 0.00992, 0.09063, 0.06264],[],[],37,0
2.5,33,[0.0266, 0.00191, 0.02143, 0.11019, 0.04664, 0.04347, 0.00673, 0.15239, 0.01812, 0.05942, 0.08966, 0.05642, 0.06005, 0.19481, 0.09634, 0.05486, 0.13215, 0.07941, 0.14106, 0.2384, 0.05791, 0.00398, 0.01211, 0.01247, 0.01674, 0.03782],[],[],26,0
2.5,34,[0.00218, 0.01923, 0.01108, 0.01051, 0.02454, 0.06234, 0.11005, 0.00553, 0.01783, 0.13277, 0.03003, 0.0374, 0.17225, 0.02803, 0.01145, 0.01659, 0.21343, 0.08715, 0.00356, 0.02149, 0.01441, 0.20718, 0.07755, 0.24423, 0.03549, 0.12339, 0.04382, 0.19287, 0.02464, 0.03699, 0.15012, 0.13858, 0.16721],[],[],33,0
2.5,35,[0.07386, 0.00808, 0.06003, 0.02344, 0.00793, 0.00232, 0.04016, 0.05009, 0.00252, 0.1047, 0.0659, 0.11848, 0.21378, 0.0315, 0.01104, 0.06706, 0.01123, 0.22194, 0.00377, 0.13426, 0.05375, 0.07491, 0.00429],[],[],23,0
2.5,36,[0.00959, 0.0087, 0.10907, 0.01462, 0.1304, 0.01192, 0.119, 0.12544, 0.03986, 0.01264, 0.05695, 0.00903, 0.12533, 0.02517, 0.01291, 0.01919, 0.09607, 0.05886, 0.15099, 0.18348, 0.02584, 0.02917, 0.19884, 0.20891, 0.04922, 0.02435],[],[],26,0
2.5,37,[0.02204, 0.0124, 0.03857, 0.0037, 0.00288, 0.02512, 0.03567, 0.00353, 0.02828, 0.01786, 0.12946, 0.09297, 0.02115, 0.01555],[],[],14,0
2.5,38,[0.01542, 0.01509, 0.06157, 0.04796, 0.03432, 0.0652, 0.01044, 0.00472, 0.1135, 0.1218, 0.00208, 0.01342, 0.00707, 0.0635, 0.02332, 0.05936, 0.01214, 0.02161, 0.00314, 0.02948, 0.04904, 0.21818, 0.12255, 0.00387, 0.02807, 0.01228, 0.0304],[],[],27,0
2.5,39,[0.0051, 0.06836, 0.00731, 0.09186, 0.11123, 0.07762, 0.00189, 0.05425, 0.0098, 0.04455, 0.10581, 0.00797, 0.04597],[],[],13,0
2.5,40,[0.00572, 0.14537, 0.11337, 0.11754, 0.00262, 0.00264, 0.03172, 0.10163, 0.16459, 0.07326, 0.00543, 0.04618, 0.01754, 0.11358, 0.02483, 0.14966, 0.05705, 0.00382, 0.01549, 0.01585, 0.24752, 0.03264],[],[],22,0
2.5,41,[0.01724, 0.01755, 0.04926, 0.01716, 0.05197, 0.01017, 0.00527, 0.00873, 0.00237, 0.14823, 0.01005, 0.00261, 0.05766, 0.01837, 0.00271, 0.03222, 0.09173, 0.06416, 0.06719, 0.07051, 0.08455, 0.21608, 0.21512, 0.16889, 0.00398, 0.09988, 0.004, 0.04466, 0.13883, 0.06246, 0.08804, 0.15763, 0.03422, 0.12547, 0.26097, 0.11311, 0.06532, 0.01833],[],[],38,0
2.5,42,[0.04922, 0.0025, 0.00386, 0.0548, 0.069, 0.05824, 0.00211, 0.10191, 0.01816, 0.00783, 0.05344, 0.15578, 0.01925, 0.01128, 0.05729, 0.00303, 0.10872, 0.03222, 0.20054, 0.15486, 0.04576, 0.22906, 0.05353],[],[],23,0
2.5,43,[0.00774, 0.02187, 0.05168, 0.15438, 0.09827, 0.00859, 0.00867, 0.02258, 0.06196, 0.08388, 0.20893, 0.00705, 0.22072, 0.02216, 0.25023, 0.11823, 0.01237, 0.0124, 0.08335, 0.11223, 0.03053, 0.2884, 0.14208, 0.07382, 0.15231, 0.16497, 0.01943, 0.18535, 0.04888, 0.06876, 0.30681, 0.04487, 0.15621, 0.30043, 0.07836, 0.31682, 0.00537, 0.32758, 0.11484, 0.3179, 0.02315],[],[],41,0
2.5,44,[0.0037, 0.06959, 0.00352, 0.0129, 0.00187, 0.00959, 0.04335, 0.00479, 0.14478, 0.00511, 0.01894, 0.1698, 0.02243, 0.10397, 0.08966, 0.00607, 0.03716, 0.08991, 0.13654, 0.02417, 0.0035, 0.0351, 0.16797, 0.23588, 0.0219, 0.0075, 0.0266, 0.13414, 0.14247, 0.0949, 0.23024, 0.01775, 0.08907, 0.00447, 0.00456, 0.15297, 0.15851],[],[],37,0
2.5,45,[0.00211, 0.00666, 0.13378, 0.11039, 0.01142, 0.0891, 0.21771, 0.05694, 0.00377, 0.19745, 0.02831, 0.01632],[],[],12,0
2.5,46,[0.01402, 0.03974, 0.01721, 0.00723, 0.03243, 0.00366, 0.07064, 0.03188, 0.02303, 0.11639, 0.02757, 0.07289, 0.11718, 0.02121, 0.17077, 0.16416, 0.04525, 0.10891, 0.06381, 0.00321, 0.06233],[],[],21,0
2.5,47,[0.00817, 0.00841, 0.01451, 0.02557, 0.04224, 0.00445, 0.00204, 0.1153, 0.04051, 0.04319, 0.00543, 0.06691, 0.0056, 0.01694, 0.00867, 0.11697, 0.10527, 0.02729, 0.08883, 0.1087, 0.07917, 0.24403, 0.08518, 0.16889, 0.06366, 0.04487, 0.00409],[],[],27,0
2.5,48,[0.04603, 0.01747, 0.06309, 0.00535, 0.05378, 0.09116, 0.12644, 0.00205, 0.03794, 0.01693, 0.03326, 0.1539, 0.00268, 0.01365, 0.08022, 0.14435, 0.10939, 0.16877, 0.03462, 0.03275, 0.02184, 0.0041, 0.22188, 0.1356, 0.07007, 0.10618, 0.013, 0.27382, 0.00915, 0.08344, 0.0513, 0.20132, 0.28301, 0.09155, 0.285, 0.26082, 0.07599, 0.27887, 0.24693, 0.27005, 0.01584],[],[],41,0
2.5,49,[0.06833, 0.00417, 0.05535, 0.01422, 0.0735, 0.06236, 0.00263, 0.1721, 0.16744, 0.16335, 0.01199, 0.02737, 0.00315, 0.13419, 0.04603, 0.03957, 0.1372, 0.108, 0.12183, 0.12577, 0.24044, 0.01194, 0.07469, 0.26052, 0.04574, 0.05109, 0.00469, 0.2453, 0.258, 0.32335, 0.07056, 0.18426, 0.06676, 0.01036, 0.24388, 0.02608],[],[],36,0
2.5,50,[0.00965, 0.04588, 0.02153, 0.02906, 0.01364, 0.04311, 0.05948, 0.00499, 0.08121, 0.08955, 0.01828, 0.05754],[],[],12,0
2.5,51,[0.06652, 0.09456, 0.10791, 0.05363, 0.04146, 0.07117, 0.13419, 0.0791, 0.1731, 0.05823, 0.01528, 0.17638, 0.05248, 0.16577, 0.05071, 0.05488, 0.07003, 0.24361, 0.14012, 0.12834, 0.01215, 0.15709, 0.23006, 0.27426, 0.0181, 0.0272, 0.28993, 0.27378, 0.26263, 0.00496, 0.29495, 0.15347, 0.28557, 0.26748, 0.26854, 0.06184, 0.31936, 0.20921, 0.00585, 0.00596, 0.01793, 0.03651, 0.00613, 0.118, 0.39091, 0.10767, 0.07625, 0.00636, 0.00638, 0.00654, 0.01346, 0.01378, 0.29679],[],[],53,0
2.5,52,[0.00032, 0.02937, 0.04064, 0.00202, 0.06204, 0.00562, 0.01616, 0.09542, 0.09968, 0.0323, 0.01444, 0.06007, 0.09035, 0.01326, 0.14845, 0.02595],[],[],16,0
2.5,53,[0.01279, 0.00182, 0.00601, 0.00671, 0.05786, 0.0757, 0.00272, 0.01636, 0.0462, 0.01175, 0.05863, 0.11046, 0.01073, 0.05778, 0.1654, 0.01201, 0.25236, 0.08992, 0.1923, 0.03337, 0.04355, 0.10208, 0.00998, 0.3293, 0.07221, 0.32502, 0.00536, 0.08586, 0.04832, 0.32857, 0.27413, 0.01146, 0.00577, 0.0058, 0.05254, 0.01766, 0.38884, 0.0246, 0.22238, 0.16695, 0.08349, 0.00644, 0.02587, 0.37226],[],[],44,0
2.5,54,[0.00367, 0.0219, 0.06281, 0.06304, 0.02298, 0.09247, 0.10412, 0.03644, 0.00215, 0.03911, 0.00506, 0.07312, 0.13915, 0.00289, 0.01807, 0.05443, 0.16516, 0.01242, 0.18939, 0.04052, 0.21476, 0.17409, 0.22421, 0.07382, 0.18778, 0.0197, 0.21962, 0.01253],[],[],28,0
2.5,55,[0.02239, 0.03465, 0.06924, 0.08599, 0.00153, 0.09694, 0.04682, 0.06144, 0.04278, 0.03574, 0.00956, 0.15453, 0.08716, 0.06553, 0.00306, 0.063, 0.01964, 0.0165, 0.01327, 0.21485, 0.1872, 0.22133, 0.24244, 0.23108, 0.03189],[],[],25,0
2.5,56,[0.01301, 0.01564, 0.06815, 0.00141, 0.02364, 0.06557, 0.00924, 0.01922, 0.00396, 0.04459, 0.01432, 0.01559, 0.07957, 0.01348, 0.01466, 0.19177, 0.00592, 0.00908, 0.03982, 0.06291, 0.03783, 0.06019, 0.15105, 0.01427, 0.15384, 0.04778, 0.22269],[],[],27,0
2.5,57,[0.00079, 0.03968, 0.00124, 0.01676, 0.07486, 0.00698, 0.14461, 0.07055, 0.09459, 0.01476, 0.18619, 0.03996, 0.05993, 0.0068, 0.07637, 0.22014, 0.04847, 0.00377, 0.06843, 0.09614, 0.06149, 0.17215, 0.01276, 0.02599],[],[],24,0
2.5,58,[0.00957, 0.00227, 0.05009, 0.03025, 0.04187, 0.00775, 0.04248, 0.02023],[],[],8,0
2.5,59,[0.02095, 0.05075, 0.04824, 0.00992, 0.01512, 0.05756, 0.01045, 0.09308, 0.03157, 0.1388, 0.08938, 0.01212, 0.15446, 0.00262, 0.00276, 0.03518, 0.0151, 0.0122],[],[],18,0
2.5,60,[0.00393, 0.01193, 0.03253, 0.00478, 0.08799, 0.11981, 0.04022, 0.00215, 0.0442, 0.00919, 0.13255, 0.11128, 0.12971, 0.10144, 0.14332, 0.05632, 0.05295, 0.10101, 0.09143, 0.01836, 0.22759, 0.20839, 0.24304, 0.00423, 0.00864, 0.1235, 0.07714, 0.08686, 0.04121, 0.29813, 0.15209, 0.00463, 0.24369, 0.02361, 0.01019, 0.0362, 0.32181, 0.14548],[],[],38,0
2.5,61,[0.02333, 0.01844, 0.0467, 0.07374, 0.01448, 0.03703, 0.0078, 0.0472, 0.06807, 0.02875, 0.02661, 0.03549],[],[],12,0
2.5,62,[0.01092, 0.03308, 0.00448, 0.04931, 0.10289, 0.02239, 0.01446, 0.05536, 0.05579, 0.10508, 0.00645, 0.02973, 0.01401, 0.1055, 0.23687, 0.12582, 0.01767, 0.0089, 0.12064, 0.30113, 0.06712, 0.00485, 0.21076, 0.28653, 0.05469, 0.29549, 0.16812, 0.04851, 0.32999, 0.0109, 0.15923, 0.02857, 0.04147, 0.19643, 0.09627, 0.02477, 0.40258, 0.03759, 0.30537, 0.01282, 0.23371, 0.07207, 0.10581, 0.03371, 0.02037, 0.00684, 0.06265],[],[],47,0
2.5,63,[0.0284, 0.02416, 0.05997, 0.01133, 0.01003, 0.0441, 0.02742, 0.09758, 0.15562, 0.00491, 0.01006, 0.09483, 0.13044, 0.17649, 0.03539, 0.0735, 0.00335, 0.01369, 0.02398],[],[],19,0
2.5,64,[0.0178, 0.04982, 0.00924, 0.08088, 0.07385, 0.03463, 0.00701, 0.04939, 0.00707, 0.08648, 0.13305, 0.01826, 0.09321, 0.06999, 0.00322, 0.14084, 0.09936, 0.16842, 0.01454, 0.12078, 0.08233],[],[],21,0
2.5,65,[0.03485, 0.02918, 0.06586, 0.00628, 0.13953, 0.16496, 0.05165, 0.05602, 0.04389, 0.05073, 0.03634, 0.18893, 0.21577, 0.03494, 0.02122],[],[],15,0
2.5,66,[0.01931, 0.00689, 0.02585, 0.02101, 0.01198, 0.06041, 0.11513, 0.13084, 0.11199, 0.00548, 0.05696, 0.0885, 0.00857, 0.03492, 0.02053, 0.00884, 0.00637, 0.19854, 0.01006, 0.00335, 0.15431, 0.01416, 0.23498, 0.01943, 0.00407, 0.01303, 0.06352, 0.00464, 0.12088, 0.18878, 0.16591, 0.05114, 0.00516, 0.02665, 0.01084, 0.14778, 0.12611, 0.05017, 0.06159],[],[],39,0
2.5,67,[0.00906, 0.05924, 0.06116, 0.01217, 0.13314, 0.01602, 0.04934, 0.01662, 0.00243, 0.09429, 0.15709, 0.00542, 0.00277, 0.00564, 0.07974, 0.00615, 0.19002, 0.1964, 0.10165, 0.00706, 0.00369, 0.13656, 0.0186, 0.22521, 0.06203, 0.12322, 0.18276, 0.04434, 0.03549, 0.11128, 0.26954, 0.09459, 0.03605, 0.06769, 0.00927, 0.04284, 0.20578, 0.155, 0.30616],[],[],39,0
2.5,68,[0.017, 0.01449, 0.0421, 0.0768, 0.04469, 0.10794, 0.00639, 0.06106, 0.04755, 0.08894, 0.04162, 0.10228, 0.11255, 0.23055, 0.00417, 0.26891, 0.18922, 0.03096, 0.26038, 0.02714, 0.02283, 0.00943, 0.04348, 0.27641, 0.29831, 0.01486, 0.16492, 0.16252],[],[],28,0
2.5,69,[0.0004, 0.00058, 0.04156, 0.00167, 0.00962, 0.10617, 0.1075, 0.00215, 0.1407, 0.00508, 0.00531, 0.14407, 0.04871, 0.0442, 0.03523, 0.16601, 0.00714, 0.0036, 0.22245, 0.01107, 0.22992, 0.00376, 0.10759, 0.00387, 0.23178, 0.00787, 0.22638, 0.00403, 0.27063, 0.13101, 0.21311, 0.00902, 0.29624, 0.2597, 0.01477, 0.27169, 0.27261, 0.19014, 0.01534, 0.00533, 0.00537, 0.19953, 0.1403, 0.10813, 0.10335, 0.01633, 0.3418, 0.05046, 0.02277, 0.34161],[],[],50,0
2.5,70,[0.05994, 0.0236, 0.04961, 0.00119, 0.09486, 0.10635, 0.11884, 0.00206, 0.09139, 0.05574, 0.04869, 0.00766, 0.17398, 0.03973, 0.09737, 0.05854, 0.0268, 0.04383, 0.02914, 0.10147, 0.04051, 0.15684, 0.01265, 0.03998, 0.00447, 0.15437],[],[],26,0
2.5,71,[0.00321, 0.04205, 0.00149, 0.01432, 0.00719, 0.0464, 0.07392, 0.00588, 0.0061, 0.07007, 0.0169, 0.02042, 0.13472, 0.1731, 0.01654, 0.07734, 0.26745, 0.03922, 0.15801, 0.27443, 0.00957, 0.06736],[],[],22,0
2.5,72,[0.01719, 0.00379, 0.00074, 0.07533, 0.05053, 0.00783, 0.01147, 0.00818, 0.21319, 0.02, 0.1893, 0.20105, 0.00382, 0.11483, 0.24556, 0.02862, 0.11531, 0.05493, 0.25087, 0.17086, 0.30191],[],[],21,0
2.5,73,[0.00759, 0.03089, 0.02785, 0.03386, 0.05866, 0.04082, 0.07353, 0.0217, 0.0941, 0.01655],[],[],10,0
2.5,74,[0.03035, 0.01834, 0.02771, 0.03217, 0.09304, 0.13582, 0.04113, 0.04609, 0.00302, 0.17602, 0.02188, 0.11347, 0.00362, 0.22483, 0.07259, 0.07623, 0.10664, 0.02578, 0.04803],[],[],19,0
2.5,75,[0.00083, 0.09929, 0.06306, 0.06247, 0.05951, 0.05921, 0.03843, 0.01958, 0.00257, 0.00263, 0.19256, 0.00999, 0.21715, 0.00351, 0.21684, 0.12228, 0.00768, 0.2351, 0.02359, 0.15547, 0.00878, 0.26519, 0.00449, 0.16779, 0.01374, 0.02766, 0.19742, 0.20786, 0.10285, 0.00496, 0.04, 0.05553, 0.05078, 0.07139, 0.32471, 0.0749, 0.16292, 0.01089, 0.14251, 0.00585, 0.10669, 0.12142, 0.39934, 0.38791, 0.0189, 0.00635, 0.20317, 0.04593, 0.00659],[],[],49,0
2.5,76,[0.01422, 0.0791, 0.09596, 0.01263, 0.05497, 0.03742, 0.03066, 0.01872, 0.05795, 0.03482, 0.09207, 0.17388, 0.14392, 0.01743, 0.00592, 0.03361, 0.03759, 0.10649, 0.19417, 0.13495, 0.18805, 0.00784, 0.01633, 0.07354, 0.21454, 0.23628, 0.07048, 0.00845, 0.00434, 0.28403, 0.00922, 0.24985, 0.03766, 0.00484, 0.29179, 0.25818, 0.15107, 0.09121, 0.3118, 0.0566, 0.24472, 0.2263, 0.19729, 0.01071, 0.25816, 0.29885, 0.10423, 0.01132],[],[],48,0
2.5,77,[0.00171, 0.00249, 0.05386, 0.01042, 0.00414, 0.00632, 0.09593, 0.00181, 0.10809, 0.02073, 0.08345, 0.00229, 0.01932, 0.0073, 0.0463, 0.0026, 0.03438, 0.02969, 0.00336, 0.12826, 0.22677, 0.17274, 0.12984, 0.00425, 0.00428, 0.04004, 0.00933, 0.29205],[],[],28,0
2.5,78,[0.02439, 0.0685, 0.00178, 0.01386, 0.06297, 0.01308, 0.04867, 0.00472, 0.0073, 0.02903, 0.0794, 0.01332, 0.00543, 0.00552, 0.00888, 0.00598, 0.03291, 0.01537, 0.19306, 0.07424, 0.109, 0.01037, 0.01067, 0.09496, 0.04665, 0.12447, 0.27391, 0.24935, 0.0842, 0.00926, 0.01462, 0.00493, 0.01485, 0.29178, 0.16655, 0.31679, 0.22545, 0.06877, 0.00545, 0.00564, 0.09622, 0.02832, 0.01706],[],[],43,0
2.5,79,[0.02872, 0.0085, 0.0453, 0.04235, 0.0571, 0.06324, 0.02131, 0.0018, 0.00185, 0.00829, 0.00527, 0.02764, 0.14792, 0.00569, 0.02075, 0.18285, 0.09105, 0.19752, 0.01398, 0.05345, 0.22031, 0.18819, 0.19083, 0.08936, 0.01864, 0.23201, 0.04399, 0.04847, 0.25955, 0.2721, 0.08607, 0.04632, 0.26078, 0.07224, 0.14024],[],[],35,0
2.5,80,[0.00761, 0.05047, 0.03999, 0.10811, 0.00936, 0.0172, 0.0171, 0.02214, 0.0616, 0.01178, 0.1467, 0.1743, 0.0951, 0.20328, 0.00639, 0.10454, 0.18129, 0.00729, 0.11884, 0.01128, 0.03455, 0.01547, 0.06685, 0.0326, 0.12408, 0.05849, 0.08081, 0.14553, 0.18148, 0.06354, 0.09283],[],[],31,0
2.5,81,[0.00058, 0.0299, 0.00466, 0.05785, 0.00224, 0.00682, 0.07689, 0.09916, 0.08332, 0.00557, 0.08473, 0.00309, 0.20413, 0.07921, 0.06208, 0.02774, 0.23852, 0.0747, 0.13222, 0.24062, 0.07304, 0.13841, 0.25625, 0.19487, 0.03626, 0.27827, 0.01437, 0.01966, 0.06917, 0.06492],[],[],30,0
2.5,82,[0.0031, 0.02675, 0.05127, 0.03128, 0.02349, 0.0557, 0.00377, 0.04482, 0.13359, 0.02524, 0.00953, 0.07746, 0.05605, 0.02365, 0.0032, 0.0202, 0.20004, 0.20595, 0.05212, 0.15314, 0.03878, 0.00723, 0.07659, 0.13022, 0.08257, 0.24614, 0.10006, 0.11207, 0.09325, 0.0089, 0.11407, 0.16937],[],[],32,0
2.5,83,[0.0005, 0.0096, 0.00816, 0.00085, 0.04936, 0.00354, 0.045, 0.00441, 0.0137, 0.00924, 0.00469, 0.08713, 0.14768, 0.07527, 0.04299, 0.18753, 0.07915, 0.12229, 0.20099, 0.07335, 0.15829, 0.12605, 0.11469, 0.0824, 0.09815, 0.03165, 0.23892, 0.04564, 0.00434, 0.14607, 0.27665, 0.00462, 0.00477, 0.00486, 0.00488, 0.3135, 0.28585, 0.30467, 0.00509, 0.04125],[],[],40,0
2.5,84,[0.03629, 0.00738, 0.07936, 0.04393, 0.04535, 0.02378, 0.13324, 0.00666, 0.00453, 0.00251, 0.00258, 0.05766, 0.08151, 0.05173, 0.06148, 0.01769, 0.17774, 0.10163, 0.18019, 0.00964, 0.14175, 0.0884, 0.01368, 0.22504, 0.07961, 0.07965, 0.04304, 0.01183, 0.02906, 0.0213, 0.05645, 0.03475, 0.04389, 0.16662],[],[],34,0
2.5,85,[0.00483, 0.00567, 0.01905, 0.0205, 0.11401, 0.0757, 0.06873, 0.12286, 0.01464, 0.06942, 0.00852, 0.14014, 0.00966, 0.14304, 0.11542, 0.08396, 0.08504, 0.00296, 0.18657, 0.0823, 0.07083, 0.07971, 0.07659, 0.00361, 0.0074, 0.0445, 0.02278, 0.16903, 0.00432, 0.08935, 0.09491, 0.09026, 0.03985, 0.01015, 0.02552],[],[],35,0
2.5,86,[0.00368, 0.02568, 0.037, 0.00414, 0.04927, 0.10507, 0.07064, 0.16235, 0.10374, 0.05002, 0.05061, 0.19719, 0.20296, 0.00336, 0.11587, 0.17901, 0.00378, 0.0353],[],[],18,0
2.5,87,[0.00154, 0.08905, 0.00381, 0.1297, 0.0027, 0.17285, 0.04475, 0.02044, 0.00317, 0.16672, 0.20981, 0.03066, 0.08973, 0.20517, 0.00706, 0.01064, 0.03555, 0.01498, 0.10289, 0.01158, 0.20793, 0.26062, 0.04083, 0.1336, 0.23908, 0.20154, 0.20736, 0.00437, 0.15469, 0.05928, 0.04561, 0.03711, 0.04203, 0.28669],[],[],34,0
2.5,88,[0.00998, 0.01775, 0.01996, 0.00417, 0.02647, 0.0159, 0.061, 0.12377, 0.01439, 0.0049, 0.00274, 0.01148, 0.03448, 0.13391, 0.11884, 0.08391, 0.02854, 0.10264, 0.13157, 0.25806, 0.01236, 0.04642, 0.17739, 0.21847, 0.19197, 0.03127, 0.10101, 0.05071, 0.27809],[],[],29,0
2.5,89,[0.00157, 0.00631, 0.10603, 0.10692, 0.10369, 0.03124, 0.06347, 0.00903, 0.10607, 0.03281, 0.1703, 0.08301, 0.14533, 0.00407, 0.06624, 0.04752],[],[],16,0
2.5,90,[0.07222, 0.02481, 0.05129, 0.02112, 0.00433, 0.02216, 0.0473, 0.07712, 0.00269, 0.16679, 0.00587, 0.00314, 0.21064, 0.00663, 0.09139, 0.02456, 0.12988, 0.0075, 0.00381, 0.25558, 0.00449, 0.02273, 0.28313, 0.10509, 0.00915],[],[],25,0
2.5,91,[0.00738, 0.03781, 0.03013, 0.02283, 0.05562, 0.0279, 0.16132, 0.09256, 0.01052, 0.00365, 0.01891, 0.0265, 0.06456, 0.08009, 0.04966, 0.22689, 0.00797, 0.02455, 0.13752, 0.10844, 0.01268, 0.00431, 0.00434, 0.27907, 0.00443, 0.10613],[],[],26,0
2.5,92,[0.00784, 0.0021, 0.01511, 0.09588, 0.01902, 0.05693, 0.07946, 0.02931, 0.05057, 0.13595, 0.13262, 0.04101, 0.01403, 0.00285, 0.19771, 0.00327, 0.02406, 0.21597, 0.0253, 0.16497, 0.04613, 0.07145, 0.01588, 0.15135, 0.0327, 0.03045, 0.03991, 0.24979, 0.28629, 0.00966, 0.2853, 0.04902, 0.23168],[],[],33,0
2.5,93,[0.00358, 0.03382, 0.08057, 0.09212, 0.0392, 0.00833, 0.13156, 0.13757, 0.11766, 0.15234, 0.13359, 0.03115, 0.00799, 0.00286, 0.00928, 0.06198, 0.14967, 0.20034, 0.2102, 0.00631, 0.11435, 0.02355, 0.00345],[],[],23,0
2.5,94,[0.0004, 0.0184, 0.00063, 0.0038, 0.00946, 0.00164, 0.00669, 0.0091, 0.13386, 0.14404, 0.05705, 0.07626, 0.00616, 0.03175, 0.05725, 0.15909, 0.21468, 0.21671, 0.10267, 0.0078, 0.01569, 0.08248, 0.12643, 0.23732, 0.01671, 0.28315, 0.02592, 0.01812],[],[],28,0
2.5,95,[0.06227, 0.04307, 0.08041, 0.02052, 0.01454, 0.03888, 0.06945, 0.13713, 0.0022, 0.13949, 0.02045, 0.00768, 0.15323, 0.16029, 0.16503, 0.01606, 0.18069, 0.0769, 0.16303, 0.03239, 0.01304, 0.22764, 0.00685, 0.13375, 0.16866, 0.12596, 0.1033, 0.07089, 0.20688, 0.02278],[],[],30,0
2.5,96,[0.00185, 0.02725, 0.07194, 0.09143, 0.06737, 0.01086, 0.04767, 0.05428, 0.07185],[],[],9,0
2.5,97,[0.00096, 0.02662, 0.04355, 0.00669, 0.03427, 0.11395, 0.0021, 0.05891, 0.01139, 0.00253, 0.09208, 0.00285, 0.05177, 0.12523, 0.00589, 0.11906, 0.00302, 0.00314, 0.16611, 0.11712, 0.03039, 0.01707, 0.20375, 0.19389, 0.12189, 0.00755, 0.16267, 0.02812, 0.0846, 0.02054, 0.05429, 0.04606, 0.11986],[],[],33,0
2.5,98,[0.01565, 0.01166, 0.04885, 0.00193, 0.04134, 0.02546, 0.06336, 0.1499, 0.11716, 0.0832, 0.06008, 0.06088, 0.01973, 0.07707, 0.23814, 0.01303, 0.06056, 0.04201, 0.00974, 0.00994, 0.01026, 0.02058, 0.33307, 0.02112, 0.32323, 0.21862],[],[],26,0
2.5,99,[0.0132, 0.03991, 0.0043, 0.00345, 0.02181, 0.05264, 0.07499, 0.03002, 0.04789, 0.15384, 0.02031, 0.01028, 0.11631, 0.00265, 0.01109, 0.01482, 0.003, 0.08098, 0.0032, 0.03044],[],[],20,0
2.5,100,[0.00194, 0.00398, 0.03252, 0.07986, 0.0411, 0.01017, 0.00639, 0.05973, 0.07688, 0.03393, 0.00573, 0.10283, 0.09387, 0.03493, 0.20746, 0.00365, 0.01862, 0.07141, 0.09885, 0.01151, 0.01546, 0.02788, 0.04522, 0.00418, 0.03401, 0.1388, 0.00869, 0.27942, 0.02753, 0.26326, 0.00489, 0.01469, 0.02459, 0.28654, 0.2173, 0.31744, 0.17276, 0.00541, 0.07607, 0.02734, 0.00551, 0.00556, 0.01797, 0.39326, 0.0062, 0.18224, 0.22702, 0.30387, 0.10771, 0.15251, 0.0829, 0.01304, 0.00662, 0.1129],[],[],54,0
2.5,101,[0.03696, 0.09805, 0.12259, 0.02631, 0.14212, 0.13451, 0.135, 0.14591, 0.03603, 0.03161, 0.17209, 0.15577, 0.02181, 0.05325, 0.1512, 0.08939, 0.12263, 0.00337, 0.03726, 0.16941, 0.07502, 0.00403, 0.08461, 0.0542],[],[],24,0
2.5,102,[0.00212, 0.00092, 0.0106, 0.00319, 0.00666, 0.07006, 0.02499, 0.02388, 0.11396, 0.00855, 0.07002, 0.04865, 0.00539, 0.05133],[],[],14,0
2.5,103,[0.00808, 0.03315, 0.06661, 0.04426, 0.03306, 0.01966, 0.1126, 0.05238, 0.00751, 0.00816, 0.09008, 0.06075, 0.03679, 0.00349, 0.03251, 0.03988, 0.22536, 0.13357, 0.02785],[],[],19,0
2.5,104,[0.03879, 0.07141, 0.13891, 0.17083, 0.04991, 0.17683, 0.09421, 0.23716, 0.016, 0.17368, 0.01251, 0.09998, 0.10508, 0.00478, 0.05929, 0.04088, 0.19785, 0.02139, 0.11556, 0.00559, 0.12888, 0.0181, 0.08469],[],[],23,0
2.5,105,[0.0466, 0.0095, 0.08282, 0.06064, 0.00911, 0.06093, 0.03236, 0.16733, 0.10395, 0.06851, 0.10832, 0.20335, 0.22855, 0.06522, 0.12109, 0.00374, 0.00751, 0.01525, 0.09185, 0.00809, 0.28306, 0.27773, 0.08362, 0.11498, 0.18527, 0.05744, 0.22455, 0.00529, 0.02747, 0.02215, 0.03907, 0.36353, 0.03418],[],[],33,0
2.5,106,[0.00041, 0.01023, 0.05762, 0.05655, 0.01319, 0.0118, 0.00991, 0.13724, 0.13083, 0.00236, 0.00282, 0.17463, 0.07292, 0.2134, 0.00367, 0.07759, 0.06876, 0.00382, 0.04612, 0.16726, 0.05664, 0.09184, 0.10053, 0.15948, 0.02975, 0.0315],[],[],26,0
2.5,107,[0.00433, 0.02806, 0.08623, 0.09047, 0.00527, 0.00359, 0.00404, 0.0841, 0.0765, 0.08106, 0.05294, 0.02742, 0.01306, 0.13679, 0.21992, 0.02773, 0.00353, 0.00358, 0.07328, 0.02994],[],[],20,0
2.5,108,[0.0423, 0.00827, 0.00367, 0.02725, 0.06743, 0.10925, 0.00585, 0.0022, 0.04655, 0.02568, 0.00785, 0.00798, 0.06936, 0.00297, 0.03648, 0.05246, 0.00635, 0.01693, 0.0068, 0.007, 0.18226, 0.00719, 0.0238],[],[],23,0
2.5,109,[0.02003, 0.02137, 0.09581, 0.14277, 0.00465, 0.12451, 0.13083, 0.00557, 0.01635, 0.00985, 0.0033, 0.20589, 0.21402, 0.20793, 0.10345, 0.00373, 0.18893, 0.256, 0.19002, 0.0843, 0.06795, 0.24945, 0.03944, 0.23687, 0.01342, 0.24847, 0.01389, 0.12044, 0.2901, 0.17882, 0.00506, 0.15262, 0.00514, 0.00516, 0.05692, 0.01553, 0.29562, 0.15594, 0.32986, 0.3364, 0.36354, 0.22151, 0.06036, 0.09662, 0.1457, 0.0304],[],[],46,0
2.5,110,[0.06891, 0.00124, 0.04234, 0.00151, 0.05354, 0.13368, 0.00251, 0.00771, 0.14336, 0.00558, 0.03413, 0.11512, 0.00322, 0.00652, 0.1897, 0.02314, 0.21715, 0.00365, 0.20866, 0.00375, 0.19883, 0.14673, 0.00394, 0.19136, 0.07651, 0.06082, 0.11698, 0.26259, 0.11219, 0.00439, 0.2314, 0.1948, 0.17043, 0.15298, 0.02803, 0.00468, 0.04766, 0.0531, 0.0486, 0.08754, 0.0098, 0.14694, 0.00501, 0.24536, 0.0054, 0.10895, 0.00549, 0.34947, 0.02884, 0.3119, 0.09856, 0.32337, 0.24268, 0.09031],[],[],54,0
2.5,111,[0.02739, 0.02939, 0.04718, 0.03735, 0.0942, 0.00673, 0.12724, 0.04992, 0.06949, 0.17329, 0.03466, 0.02775, 0.08363, 0.04648, 0.06296, 0.13871, 0.04882, 0.1019, 0.04067, 0.08625, 0.02128],[],[],21,0
2.5,112,[0.00137, 0.00481, 0.02684, 0.00353, 0.01283, 0.02908, 0.1008, 0.09607, 0.00283, 0.12926, 0.18535, 0.02417, 0.00324, 0.0202, 0.08619, 0.18524, 0.07884, 0.12384, 0.15905, 0.05038, 0.09141, 0.20956, 0.189, 0.04582, 0.25279],[],[],25,0
2.5,113,[0.00189, 0.04317, 0.00329, 0.00874, 0.09578, 0.08406, 0.11535, 0.07426, 0.00222, 0.1383, 0.05028, 0.04575, 0.01891, 0.09896, 0.13335, 0.09964, 0.0238, 0.0271],[],[],18,0
2.5,114,[0.01882, 0.00058, 0.02075, 0.05208, 0.11387, 0.06306, 0.11233, 0.00483, 0.10166, 0.01501, 0.09441, 0.18069, 0.00306, 0.17422, 0.00335, 0.02057, 0.04485, 0.01073, 0.10922, 0.01914],[],[],20,0
2.5,115,[0.00689, 0.04837, 0.03505, 0.00761, 0.06055, 0.00555, 0.05918, 0.02597, 0.11886, 0.02205, 0.15825, 0.02271, 0.01663, 0.01457, 0.00781, 0.04438, 0.02864],[],[],17,0
2.5,116,[0.00577, 0.02067, 0.05224, 0.00976, 0.00517, 0.06756, 0.13913, 0.01363, 0.01431, 0.01156, 0.05838, 0.00322, 0.16188, 0.04446, 0.11356, 0.01468, 0.02211, 0.13915, 0.08172, 0.01577, 0.06714, 0.24201, 0.0401, 0.00407, 0.27999, 0.28574, 0.01796, 0.01384],[],[],28,0
2.5,117,[0.00358, 0.05945, 0.01583, 0.02106, 0.025, 0.05324, 0.1462, 0.00501, 0.03365, 0.0978, 0.11234, 0.02732, 0.00685, 0.08999, 0.01386, 0.18403, 0.01066, 0.04324, 0.06138, 0.00369, 0.02342, 0.15755, 0.21685, 0.03973, 0.08494, 0.02975, 0.03039],[],[],27,0
2.5,118,[0.00061, 0.00127, 0.02526, 0.01875, 0.06415, 0.06151, 0.12904, 0.09421, 0.11738, 0.02908, 0.01255, 0.02774, 0.06869, 0.08093],[],[],14,0
2.5,119,[0.0072, 0.0012, 0.00843, 0.04586, 0.0038, 0.01473, 0.12847, 0.0159, 0.06531, 0.03438, 0.01076, 0.03459, 0.00646, 0.00324, 0.12262, 0.00724, 0.00372, 0.01531, 0.06388, 0.24004, 0.24022, 0.256, 0.11386, 0.01324, 0.27564, 0.00899],[],[],26,0
2.5,120,[0.0004, 0.00663, 0.09273, 0.07227, 0.06244, 0.00727, 0.09509, 0.09092, 0.14466, 0.03253, 0.13814, 0.11032, 0.09203, 0.02593, 0.00985, 0.05288, 0.12239, 0.07651, 0.01017, 0.09702],[],[],20,0
2.5,121,[0.06404, 0.0861, 0.06124, 0.00961, 0.01235, 0.04797, 0.02458, 0.01093, 0.15994, 0.13565, 0.19151, 0.03075, 0.00354, 0.03637],[],[],14,0
2.5,122,[0.00024, 0.00104, 0.00418, 0.07624, 0.07839, 0.02419, 0.06884, 0.1082, 0.13959, 0.03464, 0.04545, 0.05297, 0.18883, 0.18156, 0.02727, 0.10709, 0.03276, 0.14875, 0.09011, 0.0417, 0.06821, 0.0722, 0.03542, 0.01242, 0.1555, 0.01705, 0.15053],[],[],27,0
2.5,123,[0.00096, 0.05893, 0.0023, 0.00285, 0.00884, 0.01187, 0.01796, 0.0108, 0.01054, 0.00181, 0.11813, 0.15336, 0.01384, 0.02833, 0.08741, 0.09256, 0.14696, 0.00314, 0.02228, 0.11499, 0.13697, 0.06978, 0.05195, 0.0153, 0.01565, 0.20949, 0.26238, 0.00413, 0.15662, 0.13179, 0.15309, 0.15555, 0.15305, 0.02355, 0.10513, 0.01925, 0.09817, 0.11233, 0.17246, 0.00524, 0.33971],[],[],41,0
2.5,124,[0.02442, 0.02404, 0.06987, 0.06684, 0.00457, 0.01586, 0.01968, 0.13614, 0.04642, 0.10546, 0.18939, 0.00612, 0.0477, 0.17575, 0.18053, 0.01412, 0.22095, 0.00713, 0.02865, 0.00359, 0.00375, 0.07133, 0.22702, 0.21281, 0.03162, 0.02004],[],[],26,0
2.5,125,[0.02809, 0.00465, 0.02334, 0.06454, 0.01392, 0.02707, 0.01991, 0.10988, 0.03378, 0.03802, 0.15, 0.01258, 0.09205, 0.00568, 0.00291, 0.13412, 0.06317, 0.01014, 0.05086, 0.02054, 0.07099, 0.10027, 0.01916, 0.00395, 0.05947, 0.11594, 0.2419, 0.03459],[],[],28,0
2.5,126,[0.00168, 0.00113, 0.0013, 0.00139, 0.00433, 0.00895, 0.00162, 0.00973, 0.01963, 0.02658, 0.09495, 0.05161, 0.02065, 0.08364, 0.03786, 0.05999, 0.00339, 0.10884, 0.11594, 0.18861, 0.06705, 0.07585, 0.18708, 0.04269, 0.00853],[],[],25,0
2.5,127,[0.00344, 0.05621, 0.07006, 0.02108, 0.07535, 0.05939, 0.02962, 0.13724, 0.16536, 0.10039, 0.02299, 0.08587, 0.12742, 0.0064, 0.01608, 0.09323, 0.01009, 0.01347, 0.10235, 0.13785, 0.07407, 0.00821, 0.2719, 0.02142, 0.02198, 0.09353],[],[],26,0
2.5,128,[0.00174, 0.02156, 0.02346, 0.00521, 0.06444, 0.10646, 0.05823, 0.06639, 0.0242, 0.04751, 0.09003, 0.01303, 0.10033, 0.04084, 0.0505, 0.08024, 0.09492, 0.08397, 0.0708, 0.22305, 0.05684, 0.2473, 0.24468, 0.24851, 0.00426, 0.25731, 0.05691, 0.08337, 0.11605, 0.27619],[],[],30,0
2.5,129,[0.0242, 0.01996, 0.05701, 0.03179, 0.01329, 0.00633, 0.12721, 0.14326, 0.07678, 0.01286, 0.0198, 0.12444, 0.00921, 0.0165, 0.06629, 0.00337, 0.01016, 0.20614, 0.04362, 0.1638, 0.23539, 0.02012, 0.04149, 0.11337, 0.01334, 0.00896, 0.0191, 0.16182, 0.18649, 0.00997, 0.01002, 0.13628, 0.04111, 0.07377, 0.01058, 0.01071, 0.05586, 0.34103, 0.00576, 0.13413, 0.02406],[],[],41,0
2.5,130,[0.02951, 0.03226, 0.04043, 0.00541, 0.004, 0.03479, 0.14837, 0.14289, 0.12992, 0.01793, 0.18275, 0.14902, 0.00317, 0.0359, 0.11965, 0.2027, 0.03625, 0.17444, 0.08788, 0.2066, 0.19727, 0.06071, 0.02864, 0.26239, 0.0496, 0.21614, 0.00847, 0.08513, 0.23345, 0.00433, 0.26895, 0.02651, 0.12659, 0.15846, 0.0046, 0.29526],[],[],36,0
2.5,131,[0.00556, 0.04359, 0.00425, 0.03422, 0.05146, 0.11807, 0.00208, 0.15281, 0.00558, 0.00286, 0.04049, 0.11092, 0.17723, 0.01336, 0.05825, 0.15885, 0.22627, 0.22974, 0.22893, 0.21003, 0.02774],[],[],21,0
2.5,132,[0.00286, 0.03947, 0.00374, 0.00168, 0.03063, 0.06818, 0.12617, 0.11409, 0.00246, 0.0054, 0.01852, 0.0869, 0.20797, 0.16735, 0.00664, 0.04996, 0.06471, 0.13012, 0.20327, 0.20542, 0.13359, 0.00762, 0.06862, 0.00767, 0.00775, 0.05943, 0.2082, 0.20154, 0.00423, 0.13075, 0.27344, 0.16635, 0.09371, 0.00485, 0.22853, 0.02959, 0.00509, 0.21916, 0.32153, 0.01582, 0.01589, 0.05839, 0.04294, 0.29001, 0.1421, 0.0055, 0.28684, 0.32885, 0.18436, 0.31351, 0.06296, 0.05801, 0.11064, 0.02923, 0.33835, 0.02465, 0.29608, 0.1117, 0.05682, 0.1094, 0.26719, 0.20227, 0.41513],[],[],63,0
2.5,133,[0.01969, 0.02266, 0.02225, 0.04456, 0.02403, 0.04231, 0.06222, 0.01727, 0.02093, 0.19374, 0.02933, 0.21401, 0.05439, 0.13178, 0.00377, 0.12995, 0.00388, 0.21352, 0.00794],[],[],19,0
2.5,134,[0.02868, 0.01028, 0.02689, 0.10248, 0.12522, 0.01105, 0.0024, 0.07994, 0.07491, 0.00874, 0.15448, 0.01871, 0.04701, 0.20544, 0.00646, 0.12493, 0.06379, 0.05069, 0.06386, 0.00355, 0.20553, 0.20988, 0.19941, 0.14243, 0.03259, 0.01651, 0.00833, 0.12586, 0.00428, 0.2069, 0.00438, 0.16643, 0.08999, 0.0271, 0.27883, 0.05102, 0.22261, 0.31027, 0.28154, 0.01054, 0.27406, 0.22959, 0.00536, 0.31742, 0.01112, 0.10694, 0.31037, 0.05124, 0.01152, 0.01734, 0.09937, 0.06493, 0.1064, 0.28502, 0.15452, 0.32834, 0.1972, 0.01945, 0.013, 0.06588, 0.1989, 0.04003, 0.4086, 0.27765, 0.007],[],[],65,0
2.5,135,[0.00111, 0.01143, 0.03208, 0.04374, 0.00169, 0.01692, 0.13411, 0.00897, 0.08352, 0.00836, 0.09117, 0.0272, 0.10474, 0.02274, 0.20485, 0.00341, 0.00352, 0.13237, 0.07712, 0.13991, 0.00369, 0.21889, 0.00382, 0.00392, 0.23563, 0.2441, 0.24708, 0.10727, 0.00445, 0.00473, 0.28985, 0.04335, 0.14598, 0.01972, 0.00497, 0.0965, 0.22449, 0.02629, 0.22749, 0.04449, 0.02835, 0.35272, 0.36744, 0.01744, 0.02355, 0.12632, 0.04216],[],[],47,0
2.5,136,[0.00796, 0.00705, 0.00113, 0.00165, 0.01762, 0.02792, 0.11367, 0.12002, 0.12191, 0.00948, 0.0175, 0.02828, 0.00515, 0.00542, 0.00286, 0.00891, 0.20868, 0.03124, 0.02106, 0.00707, 0.00365, 0.23426, 0.19238, 0.02279, 0.17946, 0.12329, 0.23913, 0.03548, 0.23628, 0.07857, 0.07202, 0.03677, 0.12102, 0.0281],[],[],34,0
2.5,137,[0.00098, 0.00089, 0.04322, 0.02764, 0.06587, 0.00975, 0.08404, 0.01565, 0.08834, 0.03054, 0.01567],[],[],11,0
2.5,138,[0.00078, 0.00223, 0.04306, 0.10031, 0.07512, 0.0441, 0.00995, 0.01385, 0.13349, 0.01607, 0.00248, 0.02109, 0.01056, 0.01068, 0.09634, 0.04988, 0.00287, 0.17374, 0.19996, 0.09496, 0.11234, 0.041, 0.0936, 0.19142, 0.05713],[],[],25,0
2.5,139,[0.00091, 0.01366, 0.01282, 0.0338, 0.02206, 0.00429, 0.10747, 0.00697, 0.10331, 0.00187, 0.04492, 0.10622, 0.00902, 0.12373, 0.00274, 0.00852, 0.05909, 0.00296, 0.16477, 0.03749, 0.00314, 0.01906, 0.17766, 0.21792, 0.19067, 0.21024, 0.00754],[],[],27,0
2.5,140,[0.04318, 0.07401, 0.07291, 0.05354, 0.00165, 0.01631, 0.02092, 0.04287, 0.1467, 0.16037, 0.15841, 0.16119, 0.13779, 0.16469, 0.16858, 0.07966, 0.0289, 0.00606, 0.01872, 0.11865, 0.06407, 0.03853, 0.09249, 0.01447, 0.17969, 0.2064, 0.25377, 0.01144, 0.1352, 0.10609, 0.02359],[],[],31,0
2.5,141,[0.00085, 0.00278, 0.02164, 0.05686, 0.05697, 0.02193, 0.07352, 0.05498, 0.01066],[],[],9,0
2.5,142,[0.00812, 0.01007, 0.00117, 0.01428, 0.10439, 0.07916, 0.14593, 0.15178, 0.04587, 0.00831, 0.01754, 0.05559, 0.04189, 0.05212, 0.21512, 0.19652, 0.01038, 0.00717, 0.00363, 0.0073, 0.17662, 0.0556, 0.01114, 0.12084, 0.14518, 0.04298, 0.24277, 0.17988, 0.0205, 0.14447, 0.10492, 0.01322, 0.14121, 0.03208, 0.038, 0.08784],[],[],36,0
2.5,143,[0.02778, 0.01696, 0.05224, 0.03707, 0.04453, 0.0781, 0.1668, 0.10517, 0.07765, 0.06371, 0.00916, 0.01619, 0.08745, 0.2036, 0.10555, 0.2133, 0.22342, 0.00368, 0.09161, 0.00394, 0.01632, 0.01678, 0.14356, 0.2548, 0.26762, 0.01347, 0.05857, 0.27242, 0.04171, 0.00945, 0.15452, 0.00975, 0.01488, 0.31772, 0.30928, 0.03634],[],[],36,0
2.5,144,[0.03949, 0.07863, 0.06541, 0.0459, 0.02308, 0.01527, 0.14132, 0.02584, 0.02888, 0.02433, 0.13355, 0.00258, 0.00821, 0.04643, 0.00294, 0.18013, 0.00316, 0.01775, 0.2188, 0.00369, 0.0565, 0.16369, 0.07019, 0.03592, 0.03672, 0.0041, 0.00836, 0.04185, 0.16111, 0.0043, 0.24127, 0.27515, 0.00888, 0.21476, 0.03704, 0.27359, 0.03262, 0.30489, 0.00477, 0.00967, 0.0146, 0.11369],[],[],42,0
2.5,145,[0.02747, 0.04183, 0.00631, 0.02352, 0.00304, 0.0333, 0.01941, 0.00655, 0.01106],[],[],9,0
2.5,146,[0.02445, 0.06324, 0.08724, 0.00339, 0.01577, 0.14501, 0.01536, 0.11998, 0.19067, 0.00683, 0.014, 0.00709, 0.08194, 0.17204, 0.02417, 0.26395, 0.1491, 0.16499, 0.12738, 0.04004, 0.17059, 0.00934, 0.15146, 0.13194, 0.10482, 0.18403, 0.31637, 0.01618, 0.08695, 0.0165, 0.05683, 0.33209, 0.35488, 0.09589, 0.12008, 0.00603, 0.16363, 0.12125, 0.37849, 0.39282, 0.39216, 0.03922, 0.10487, 0.38677, 0.08535, 0.11476, 0.03413, 0.37929, 0.02768],[],[],49,0
2.5,147,[0.0012, 0.07731, 0.00249, 0.03274, 0.04773, 0.01359, 0.16889, 0.05002, 0.14764, 0.16559, 0.01498, 0.01224, 0.01628, 0.02664, 0.06684, 0.12694, 0.10448, 0.18637, 0.19329, 0.23004, 0.04549, 0.25123, 0.23403, 0.01215, 0.01668, 0.05886, 0.02533, 0.1194, 0.02565, 0.0086, 0.05162, 0.20243, 0.08206, 0.04333, 0.03064, 0.15918, 0.17341, 0.00933, 0.12197, 0.23534, 0.27905, 0.12632],[],[],42,0
2.5,148,[0.00578, 0.01347, 0.02428, 0.04546, 0.02906, 0.125, 0.07353, 0.01592, 0.15892, 0.15323, 0.09629, 0.01471, 0.03554, 0.09241, 0.02936, 0.00336, 0.00687, 0.02901, 0.09467, 0.15759, 0.12449, 0.24313, 0.0164, 0.12359, 0.21788, 0.02121, 0.20231, 0.06098, 0.2278, 0.00444, 0.11227, 0.131, 0.2494, 0.28226, 0.25596, 0.16506, 0.32658, 0.1016, 0.1552, 0.05817, 0.04264, 0.10515, 0.04527, 0.20458, 0.10698, 0.01797, 0.00601, 0.25833, 0.28909],[],[],49,0
2.5,149,[0.04043, 0.00814, 0.04629, 0.01319, 0.02275, 0.00688, 0.07976, 0.02007, 0.04561, 0.158, 0.16842, 0.00327, 0.02094, 0.00354, 0.15065, 0.05122, 0.2394, 0.26002, 0.19752, 0.06492, 0.12548, 0.12169, 0.03322, 0.05948, 0.1, 0.01501, 0.02539, 0.01599],[],[],28,0
2.5,150,[0.00477, 0.00088, 0.00179, 0.02072, 0.0103, 0.00573, 0.03825, 0.00429, 0.10463, 0.18998, 0.04662, 0.22004, 0.08385, 0.00397, 0.23544, 0.22257, 0.01219, 0.06074, 0.06535, 0.15711, 0.00468, 0.27113, 0.05024, 0.08095, 0.05598],[],[],25,0
2.5,151,[0.01016, 0.00705, 0.00839, 0.01043, 0.03851, 0.00106, 0.00171, 0.00857, 0.11036, 0.01323, 0.03263, 0.11202, 0.01796, 0.01414],[],[],14,0
2.5,152,[0.01207, 0.00058, 0.00177, 0.06805, 0.00414, 0.0094, 0.0281, 0.12696, 0.00495, 0.15685, 0.00813, 0.05494, 0.00846, 0.00285, 0.17401, 0.01473, 0.07765, 0.00607, 0.18895, 0.01907, 0.14124, 0.13723, 0.10193, 0.11707, 0.01084, 0.14005, 0.00385, 0.03246, 0.07483, 0.01769, 0.01328, 0.12278, 0.10623, 0.0654, 0.0234, 0.01437, 0.03395],[],[],37,0
2.5,153,[0.00067, 0.00759, 0.00114, 0.0395, 0.02794, 0.12034, 0.0305, 0.14689, 0.07993, 0.09289, 0.16434, 0.01875, 0.02275, 0.08945, 0.02787, 0.03932, 0.11928, 0.1547, 0.09856, 0.0204, 0.24939, 0.12376, 0.0209, 0.21743, 0.20006, 0.06086, 0.12822, 0.00443, 0.24484, 0.23263, 0.11726, 0.28849, 0.25929, 0.04018, 0.00503, 0.00503, 0.15226, 0.33282, 0.16909, 0.04102, 0.10354, 0.05712, 0.1061, 0.02265, 0.21084, 0.03536, 0.0297],[],[],47,0
2.5,154,[0.00072, 0.00295, 0.00763, 0.0058, 0.10492, 0.06912, 0.01121, 0.00967, 0.02782, 0.00868, 0.02056, 0.0091, 0.05925, 0.1469, 0.0133, 0.17577, 0.04426, 0.21599, 0.0477, 0.19181, 0.22233, 0.15783, 0.05143, 0.27713, 0.02176, 0.25048, 0.18592, 0.01776, 0.20066, 0.12503, 0.03655, 0.00928, 0.25001, 0.05405, 0.31109, 0.30762, 0.18265, 0.32617, 0.35158, 0.05204, 0.00581, 0.28255, 0.00593],[],[],43,0
2.5,155,[0.02049, 0.0548, 0.02464, 0.05099, 0.01903, 0.02478, 0.09949, 0.01773, 0.15529, 0.00256, 0.12277, 0.02982, 0.03634, 0.19255, 0.07567, 0.00994, 0.05716, 0.00364, 0.14131, 0.04903, 0.17816, 0.06505, 0.15105, 0.14697, 0.27331, 0.26787, 0.01796, 0.16349, 0.07401, 0.09836, 0.00471, 0.29612],[],[],32,0
2.5,156,[0.00305, 0.02177, 0.00585, 0.04216, 0.04838, 0.00187, 0.0533, 0.0897, 0.02958, 0.0318, 0.17295, 0.03825, 0.16293, 0.19394, 0.0255, 0.06942, 0.06948, 0.00666, 0.22748, 0.05283, 0.02505, 0.21891, 0.23495, 0.02559, 0.05496],[],[],25,0
2.5,157,[0.03741, 0.05101, 0.00674, 0.00611, 0.07357, 0.07464, 0.16112, 0.00281, 0.02305, 0.19738, 0.05651, 0.22215, 0.07568, 0.00361, 0.033, 0.09924, 0.03177, 0.04061, 0.01627, 0.01228, 0.0082],[],[],21,0
2.5,158,[0.00053, 0.00073, 0.00126, 0.03314, 0.05289, 0.0512, 0.07682, 0.07079, 0.00951, 0.06759, 0.05101, 0.16837, 0.10332, 0.18718, 0.04293, 0.07235, 0.11889, 0.02806, 0.10602, 0.21567, 0.03006, 0.03553, 0.24569, 0.24241, 0.06767, 0.25021, 0.00447, 0.10871, 0.00456, 0.04564, 0.01386, 0.06102, 0.00944, 0.29389, 0.28566, 0.15364, 0.02502, 0.3359, 0.02666, 0.23746, 0.01619],[],[],41,0
2.5,159,[0.02015, 0.02005, 0.09273, 0.02644, 0.00178, 0.12107, 0.12018, 0.142, 0.14316, 0.00258, 0.00259, 0.15922, 0.16307, 0.01432, 0.15664, 0.14021, 0.06384, 0.1288, 0.03613, 0.04853, 0.05974, 0.0413, 0.1725, 0.05784, 0.06884, 0.1095, 0.02437, 0.2681, 0.1471, 0.24196, 0.1104, 0.09057, 0.23229],[],[],33,0
2.5,160,[0.0746, 0.00133, 0.08508, 0.02214, 0.03384, 0.06448, 0.00213, 0.00715, 0.16568, 0.04457, 0.05399, 0.10589, 0.04759, 0.19545, 0.18207, 0.00324, 0.07494, 0.06935, 0.11897, 0.00361, 0.18171, 0.01521, 0.02705, 0.00419, 0.01323, 0.03148],[],[],26,0
2.5,161,[0.04372, 0.08227, 0.06757, 0.01965, 0.04498, 0.00177, 0.02171, 0.02078, 0.1413, 0.01756, 0.13166, 0.04279, 0.03251, 0.00836, 0.01404, 0.1841, 0.00619, 0.00352, 0.05349, 0.21948, 0.16234, 0.07157, 0.03643, 0.15755, 0.03821, 0.0043, 0.04437, 0.24444, 0.2788, 0.21822, 0.27733, 0.00479, 0.01447, 0.30868, 0.00487, 0.11229, 0.00494, 0.19362, 0.07167, 0.03608, 0.04131, 0.03651, 0.18788, 0.03675, 0.29424, 0.19685, 0.00555, 0.00556],[],[],48,0
2.5,162,[0.00274, 0.00977, 0.03173, 0.08649, 0.00565, 0.00159, 0.04217, 0.03534, 0.04554, 0.04637, 0.00833, 0.00834, 0.09819, 0.00317, 0.19607],[],[],15,0
2.5,163,[0.02842, 0.01812, 0.01523, 0.00198, 0.00261, 0.1452, 0.0367, 0.03184, 0.11678, 0.01255, 0.2009, 0.01644, 0.16319, 0.17408, 0.13311, 0.00388, 0.03959, 0.00401, 0.22928, 0.17572, 0.22414, 0.22504, 0.1163, 0.02355, 0.10457, 0.19641, 0.16006, 0.0728, 0.27966, 0.00493, 0.32634, 0.14281, 0.0513, 0.09753],[],[],34,0
2.5,164,[0.00098, 0.01441, 0.0034, 0.00927, 0.01873, 0.01144, 0.11706, 0.00787, 0.002, 0.00684, 0.15404, 0.0219, 0.02576, 0.02931, 0.04346, 0.00336, 0.06299, 0.02317, 0.17303, 0.05679],[],[],20,0
2.5,165,[0.00746, 0.00268, 0.07736, 0.0546, 0.05142, 0.00799, 0.03805, 0.00208, 0.14055, 0.10996, 0.01437, 0.06758, 0.13811, 0.14692, 0.15633, 0.01561, 0.02714, 0.03205, 0.00292, 0.01515, 0.08217, 0.12147, 0.11288, 0.20588, 0.00342, 0.16779, 0.02492],[],[],27,0
2.5,166,[0.01001, 0.04298, 0.0786, 0.08105, 0.06891, 0.02673, 0.10873, 0.02309, 0.05914, 0.04206, 0.1783, 0.02939, 0.00914, 0.19582, 0.04222, 0.00327, 0.1274, 0.07726, 0.01491, 0.14185, 0.00379, 0.00401, 0.19823, 0.00424, 0.04275, 0.08583, 0.05194, 0.06969, 0.01327, 0.27428, 0.0497, 0.29442, 0.16702, 0.01901, 0.0194],[],[],35,0
2.5,167,[0.07, 0.01416, 0.0924, 0.01247, 0.00559, 0.00382, 0.10646, 0.02135, 0.00686, 0.00946, 0.02677, 0.10778, 0.14741, 0.07237, 0.11811, 0.11003, 0.00368, 0.00375, 0.00375, 0.03519, 0.20524, 0.08386],[],[],22,0
2.5,168,[0.04269, 0.05096, 0.10361, 0.0432, 0.0131, 0.04174, 0.00234, 0.01093, 0.09366, 0.00961, 0.04175, 0.07978, 0.16119, 0.13782, 0.01829, 0.07852, 0.01139, 0.03868, 0.19213, 0.23611, 0.16172, 0.2453, 0.05404, 0.1622, 0.01256, 0.12884, 0.1055, 0.0684, 0.02323],[],[],29,0
2.5,169,[0.00624, 0.02546, 0.00349, 0.02792, 0.09354, 0.02392, 0.12519, 0.12102, 0.09959, 0.00218, 0.13283, 0.15823, 0.03599, 0.00561, 0.17465, 0.04477],[],[],16,0
2.5,170,[0.12587, 0.00216, 0.02479, 0.00913, 0.10875, 0.08093, 0.03915, 0.0878, 0.0646, 0.03288, 0.20339, 0.05291, 0.03783, 0.23545, 0.10101, 0.26233, 0.01239, 0.12895, 0.07925, 0.27709, 0.00457, 0.0652, 0.30153, 0.02565, 0.13862, 0.07256],[],[],26,0
2.5,171,[0.0099, 0.00046, 0.01761, 0.01054, 0.00499, 0.01123, 0.07087, 0.03124, 0.05743, 0.06619, 0.00811, 0.02699, 0.01069, 0.18591, 0.021, 0.00918, 0.0412, 0.13814, 0.06241, 0.02501],[],[],20,0
2.5,172,[0.00474, 0.04583, 0.00691, 0.00836, 0.02381, 0.02706, 0.00735, 0.04489, 0.13751, 0.03101, 0.04357, 0.0298, 0.00273, 0.07409, 0.01147, 0.00893, 0.03624, 0.11297, 0.1609, 0.0132, 0.1091],[],[],21,0
2.5,173,[0.0177, 0.02378, 0.03631, 0.06022, 0.09869, 0.12701, 0.02901, 0.00234, 0.13166, 0.04787, 0.12867, 0.04907, 0.02635, 0.09378, 0.19283, 0.08133, 0.03275, 0.0364, 0.17573, 0.11291, 0.18151, 0.02522, 0.20417, 0.02625, 0.00377],[],[],25,0
2.5,174,[0.01526, 0.00131, 0.0448, 0.01417, 0.03566, 0.01215, 0.09166, 0.05569, 0.12108, 0.04165, 0.00336, 0.0306, 0.03419, 0.06712, 0.20877, 0.084, 0.01946, 0.00394, 0.03319, 0.00423, 0.04243, 0.00454, 0.30395, 0.00476, 0.29204, 0.23085, 0.07742, 0.07003, 0.00505],[],[],29,0
2.5,175,[0.01766, 0.01443, 0.00059, 0.01908, 0.02074, 0.02788, 0.10724, 0.12162, 0.02162, 0.03143, 0.04724, 0.00244, 0.1771, 0.08754, 0.02338, 0.11824, 0.10127, 0.11298, 0.04921],[],[],19,0
2.5,176,[0.01319, 0.00415, 0.00149, 0.0015, 0.08178, 0.01511, 0.00362, 0.01352, 0.03744, 0.12583, 0.02945, 0.03702, 0.13905, 0.00908, 0.16134, 0.01594, 0.2285, 0.11656, 0.03041, 0.23623, 0.19937, 0.00775, 0.01561, 0.01172, 0.0274, 0.01993, 0.02395],[],[],27,0
2.5,177,[0.00312, 0.01127, 0.05491, 0.05402, 0.03949, 0.03191, 0.10253, 0.09984, 0.05182, 0.01871, 0.08104, 0.04726, 0.17961, 0.10481, 0.00311, 0.00987, 0.01686, 0.08179, 0.16251, 0.03627, 0.05104, 0.22187, 0.19515],[],[],23,0
2.5,178,[0.02699, 0.0135, 0.00195, 0.00406, 0.01935, 0.02646, 0.0202, 0.08596, 0.03016, 0.05653, 0.01941, 0.00544, 0.01662],[],[],13,0
2.5,179,[0.00606, 0.00329, 0.03607, 0.00104, 0.00133, 0.00145, 0.06115, 0.02724, 0.06971, 0.1183, 0.05491, 0.07684, 0.09786, 0.08419, 0.06446, 0.00313, 0.00986, 0.10977, 0.14562, 0.16249, 0.05804, 0.19622, 0.06874, 0.07856, 0.08264],[],[],25,0
2.5,180,[0.02868, 0.01979, 0.02187, 0.12066, 0.00235, 0.0919, 0.00476, 0.04544, 0.04339, 0.03475, 0.02616, 0.14551, 0.00609, 0.01856, 0.09136, 0.2016, 0.1137, 0.0173],[],[],18,0
2.5,181,[0.04252, 0.01711, 0.00426, 0.08436, 0.01594, 0.09951, 0.10612, 0.02914, 0.11681, 0.10417, 0.00441, 0.13866, 0.04264, 0.01085, 0.00814, 0.04094, 0.08713, 0.01536, 0.00616, 0.06691, 0.21373, 0.10156, 0.22868, 0.01762, 0.09861, 0.1034, 0.23196, 0.00383, 0.0535, 0.03367],[],[],30,0
2.5,182,[0.0567, 0.05288, 0.07875, 0.00135, 0.07937, 0.08997, 0.00409, 0.01092, 0.00662, 0.0319, 0.00998, 0.16296, 0.03764, 0.07855, 0.02577, 0.15044, 0.15072, 0.00307, 0.19152, 0.00315, 0.16477, 0.19592, 0.01685, 0.04774, 0.22029],[],[],25,0
2.5,183,[0.00951, 0.04226, 0.10267, 0.00342, 0.01117, 0.06031, 0.09159, 0.03626, 0.14964, 0.07754, 0.16073, 0.06181, 0.01255, 0.11369, 0.01924, 0.21733, 0.0033, 0.0199, 0.20241, 0.19627, 0.05912],[],[],21,0
2.5,184,[0.0003, 0.0028, 0.03613, 0.17349, 0.12122, 0.14779, 0.01164, 0.18499, 0.14891, 0.15936, 0.22868, 0.01788, 0.11576, 0.02606, 0.13559, 0.0231, 0.11287, 0.00398, 0.10886, 0.04839, 0.17221, 0.30336, 0.0206, 0.30794, 0.34046, 0.11213, 0.20853, 0.04722, 0.22479, 0.36095, 0.12538, 0.00609, 0.14146, 0.01914, 0.19875],[],[],35,0
2.5,185,[0.00067, 0.03276, 0.07482, 0.07447, 0.09343, 0.00298, 0.03263, 0.11565, 0.0065, 0.04413, 0.00517, 0.03105, 0.14118, 0.04764, 0.14345, 0.19521, 0.05447, 0.09086, 0.03967, 0.19857, 0.02771, 0.20513, 0.16815, 0.1969],[],[],24,0
2.5,186,[0.03429, 0.02054, 0.07843, 0.10803, 0.03302, 0.00782, 0.12845, 0.06252, 0.08767, 0.1584, 0.00503, 0.04319, 0.17407, 0.16022, 0.15826, 0.00307, 0.18137, 0.14889, 0.03162, 0.19541, 0.0181, 0.01605, 0.05813],[],[],23,0
2.5,187,[0.03424, 0.03307, 0.08682, 0.0437, 0.02344, 0.14422, 0.09693, 0.01743, 0.17462, 0.07775, 0.05708, 0.09314, 0.00303, 0.18487, 0.06918, 0.06801, 0.013, 0.07161, 0.15019, 0.02055, 0.02057, 0.07323, 0.01051, 0.00381, 0.22882, 0.15622, 0.0089, 0.10819, 0.03182, 0.03668, 0.01382, 0.06037, 0.0466, 0.06089, 0.02392],[],[],35,0
2.5,188,[0.04074, 0.05188, 0.08187, 0.05048, 0.07424, 0.0766, 0.00529, 0.04036, 0.02039, 0.17725, 0.0562, 0.018, 0.03088],[],[],13,0
2.5,189,[0.04701, 0.00341, 0.01874, 0.02423, 0.09476, 0.08827, 0.11104, 0.06608, 0.00539, 0.11618, 0.03732, 0.20338],[],[],12,0
2.5,190,[0.00976, 0.0232, 0.08825, 0.06189, 0.01688, 0.06057, 0.00588, 0.10475, 0.00431, 0.00431, 0.16471, 0.01106, 0.02576, 0.02958, 0.01509, 0.19179, 0.05035, 0.13642, 0.13234, 0.03515, 0.01455, 0.04409, 0.08644, 0.00774, 0.02788, 0.24456, 0.02845, 0.06508, 0.02637, 0.05808, 0.07179, 0.0962, 0.1747, 0.2193, 0.00474, 0.01445, 0.31314, 0.30406, 0.27117, 0.10008, 0.00504, 0.30214],[],[],42,0
2.5,191,[0.00673, 0.0097, 0.01773, 0.02612, 0.0525, 0.00253, 0.01032, 0.01419, 0.04851, 0.03432, 0.096, 0.00206, 0.06832, 0.06553, 0.04409, 0.04791, 0.0128, 0.05472, 0.2144, 0.09675, 0.15429, 0.17562, 0.01149],[],[],23,0
2.5,192,[0.04293, 0.08233, 0.00256, 0.08833, 0.02898, 0.00321, 0.00324, 0.09328, 0.00776, 0.00788, 0.21105, 0.00888, 0.01358, 0.01366, 0.00915, 0.16116, 0.10333, 0.00495, 0.08467, 0.01554, 0.20981, 0.05438],[],[],22,0
2.5,193,[0.00076, 0.02872, 0.10387, 0.11576, 0.00448, 0.02431, 0.00283, 0.10552, 0.17442, 0.01755, 0.00902, 0.02817, 0.12091, 0.18588, 0.00991, 0.1594, 0.01004, 0.15123, 0.10874, 0.03403, 0.21848, 0.00343, 0.00746, 0.03448, 0.00392, 0.24775, 0.14152, 0.03369, 0.08092, 0.07879, 0.02672, 0.07667, 0.04154, 0.02352, 0.0284, 0.07341, 0.07019, 0.10093, 0.06078, 0.03591],[],[],40,0
2.5,194,[0.0083, 0.00832, 0.07898, 0.10247, 0.01122, 0.05351, 0.03072, 0.0522, 0.04393, 0.03632, 0.09753, 0.14094, 0.02486, 0.18, 0.03078, 0.03431, 0.00607, 0.10457, 0.20016, 0.13985, 0.20828, 0.23014, 0.19432, 0.00408, 0.07242, 0.00854, 0.07902, 0.00441, 0.28526, 0.25343, 0.0848, 0.0048, 0.14451, 0.25655, 0.01488, 0.29282, 0.30689, 0.00503, 0.23815, 0.19119, 0.23078, 0.25959, 0.30132, 0.04418, 0.061, 0.11132, 0.10687, 0.02263, 0.02363, 0.33038, 0.38037],[],[],51,0
2.5,195,[0.00067, 0.04387, 0.00089, 0.05391, 0.08983, 0.03813, 0.10537, 0.07478, 0.11239, 0.04598, 0.00408, 0.04281, 0.04569, 0.03783, 0.00883, 0.10291, 0.00908, 0.19058, 0.00352, 0.02842, 0.11711, 0.05299, 0.00407, 0.00416, 0.00428, 0.04062, 0.01807, 0.17259, 0.05523, 0.03517, 0.0455, 0.03045, 0.16861, 0.00514, 0.04785],[],[],35,0
2.5,196,[0.00464, 0.03452, 0.02134, 0.04017, 0.08132, 0.03152, 0.09694, 0.07082, 0.04514, 0.13258, 0.00536, 0.01757, 0.01193, 0.00599, 0.19996, 0.02289, 0.00661, 0.00333, 0.06964, 0.12793, 0.00382, 0.05441, 0.12091, 0.0161, 0.00404, 0.06072, 0.05252, 0.02671, 0.04076, 0.00967],[],[],30,0
2.5,197,[0.03795, 0.03507, 0.04418, 0.00133, 0.03022, 0.03559, 0.02903, 0.00461, 0.11998, 0.05718, 0.13461, 0.00563, 0.01758],[],[],13,0
2.5,198,[0.00032, 0.05576, 0.03325, 0.02122, 0.00793, 0.03551, 0.10672, 0.00393, 0.00214, 0.01328, 0.13511, 0.11548, 0.16726, 0.12872, 0.01542, 0.19845, 0.04566, 0.01309, 0.06135, 0.10963, 0.02595, 0.09928, 0.00392, 0.15459, 0.13465, 0.00414, 0.09629, 0.03351, 0.00895, 0.03148, 0.00937],[],[],31,0
2.5,199,[0.02654, 0.0969, 0.11064, 0.1774, 0.0147, 0.08687, 0.05483, 0.15832, 0.10841, 0.21306, 0.1147, 0.122, 0.037, 0.03814, 0.00389, 0.15257, 0.03572, 0.02431, 0.07742, 0.0248],[],[],20,0

