2.5,0,[0.00814, 0.00225, 0.04627, 0.00288, 0.0345, 0.01476, 0.11635, 0.15138, 0.0967, 0.00919, 0.20234, 0.02, 0.00676, 0.01763, 0.01774, 0.01068, 0.07633, 0.22183, 0.05995, 0.08249, 0.00383, 0.19311, 0.08988, 0.01607, 0.03695, 0.15749, 0.28489, 0.02638, 0.08036, 0.06328, 0.18532, 0.0496, 0.08028, 0.28478, 0.16844, 0.09795, 0.03633, 0.17798, 0.28965, 0.13202],[],[],40,0
2.5,1,[0.00621, 0.05392, 0.05636, 0.0275, 0.05737, 0.00654, 0.00219, 0.05833, 0.08509, 0.01729, 0.00254, 0.06297, 0.12585, 0.04192, 0.00588, 0.09578, 0.15042, 0.20012, 0.09708, 0.19527, 0.0034, 0.00681],[],[],22,0
2.5,2,[0.02121, 0.00218, 0.01147, 0.0481, 0.10235, 0.08665, 0.0022, 0.13949, 0.15677, 0.03512, 0.08458, 0.01802, 0.0819, 0.02766, 0.02353, 0.0059, 0.04486, 0.0595, 0.16041, 0.0605, 0.01283, 0.01659, 0.03995, 0.00354, 0.1242, 0.25698],[],[],26,0
2.5,3,[0.0103, 0.03603, 0.01901, 0.15419, 0.00254, 0.01869, 0.09686, 0.17291, 0.13652, 0.00642, 0.08654, 0.0173, 0.17897, 0.23251, 0.16554, 0.13699, 0.1785, 0.26626, 0.03207, 0.12584, 0.0342, 0.04358],[],[],22,0
2.5,4,[0.01712, 0.01486, 0.01453, 0.06169, 0.03357, 0.00192, 0.0377, 0.11849, 0.02357, 0.03305, 0.06774, 0.01498, 0.0032, 0.01966, 0.00659, 0.07619, 0.07756, 0.0577],[],[],18,0
2.5,5,[0.00577, 0.07274, 0.0708, 0.01264, 0.02834, 0.09391, 0.12695, 0.114, 0.11144, 0.00598, 0.02711, 0.01614, 0.01318, 0.17937, 0.03046, 0.08222, 0.10178, 0.17216, 0.01959, 0.09961, 0.18479, 0.13166, 0.03759, 0.238, 0.16963, 0.04816, 0.20153, 0.24972, 0.11024, 0.17104, 0.3198, 0.00508, 0.06612, 0.15955, 0.02072, 0.20159, 0.21323, 0.20808, 0.13016, 0.0109, 0.00565, 0.05799, 0.29859, 0.06539, 0.27439, 0.00601, 0.00611],[],[],47,0
2.5,6,[0.02911, 0.00274, 0.00487, 0.02828, 0.08277, 0.00265, 0.00269, 0.10843, 0.03871, 0.06814, 0.07791, 0.16617, 0.0027, 0.02606, 0.1254, 0.00621, 0.12406, 0.10184, 0.16195, 0.00684, 0.18572, 0.04508, 0.00701, 0.0567, 0.07088],[],[],25,0
2.5,7,[0.00625, 0.00164, 0.01268, 0.01508, 0.00976, 0.01853, 0.01178, 0.00892, 0.03241, 0.13389, 0.03706],[],[],11,0
2.5,8,[0.00042, 0.04052, 0.01986, 0.00549, 0.07137, 0.031, 0.0037, 0.00205, 0.01128, 0.08308, 0.07683, 0.16438, 0.11252, 0.13684, 0.15753, 0.19416, 0.08127, 0.0779, 0.08114],[],[],19,0
2.5,9,[0.07113, 0.00128, 0.00575, 0.02804, 0.01037, 0.04878, 0.00273, 0.15323, 0.09053, 0.03032, 0.00835, 0.02662, 0.15346, 0.10489, 0.12355, 0.06357, 0.03088, 0.01097, 0.01856, 0.12607, 0.00407, 0.13486, 0.00411, 0.03022, 0.11243, 0.03621, 0.08191, 0.03722, 0.10259, 0.23262, 0.06432, 0.3185, 0.10558, 0.00508, 0.08679, 0.02049],[],[],36,0
2.5,10,[0.02875, 0.01301, 0.07275, 0.05892, 0.00597, 0.07169, 0.00326, 0.01642, 0.00593, 0.0389, 0.0306, 0.15012, 0.00249, 0.08648, 0.00562, 0.0337, 0.14509, 0.06442, 0.06827, 0.12443, 0.0183, 0.21355, 0.21777, 0.00352],[],[],24,0
2.5,11,[0.00837, 0.03694, 0.06677, 0.01455, 0.01055, 0.00584, 0.06677, 0.14994, 0.08967, 0.0631, 0.01232, 0.02779, 0.0346, 0.00371, 0.01857, 0.14168, 0.16725, 0.02334, 0.09772, 0.02739, 0.18961, 0.00412, 0.01673, 0.05509, 0.02128, 0.30092, 0.05545, 0.22909, 0.27818, 0.14588, 0.04976, 0.07691, 0.12163, 0.24939, 0.03651, 0.38581, 0.03104, 0.03158],[],[],38,0
2.5,12,[0.00385, 0.00336, 0.00695, 0.03232, 0.05282, 0.07024, 0.05856, 0.00586, 0.01735, 0.00937, 0.00287, 0.18062, 0.13543, 0.05346, 0.10771, 0.00319, 0.07667, 0.01645, 0.00332, 0.00667, 0.00362, 0.24501, 0.09322, 0.22524, 0.16198, 0.16142, 0.00819, 0.04561, 0.0042, 0.00433, 0.03067, 0.00456, 0.04587, 0.05545, 0.01404],[],[],35,0
2.5,13,[0.00223, 0.11262, 0.09958, 0.00232, 0.09312, 0.02787, 0.0586, 0.08539, 0.01151, 0.11651, 0.00299, 0.13875, 0.00302, 0.02752, 0.11264, 0.14263, 0.14992, 0.00992, 0.00336, 0.02357, 0.14712, 0.16268, 0.00372, 0.21148, 0.09602, 0.14831, 0.012, 0.22352, 0.233, 0.0462, 0.16386, 0.01292, 0.12259, 0.009, 0.02272, 0.14266, 0.00476, 0.01948, 0.08558, 0.08086, 0.01033],[],[],41,0
2.5,14,[0.00441, 0.00098, 0.00596, 0.04386, 0.06231, 0.07882, 0.1384, 0.17179, 0.00257, 0.01862, 0.01132, 0.00575, 0.07008, 0.15856, 0.09346, 0.00334, 0.15446, 0.01409, 0.06499, 0.12618, 0.07516, 0.14651, 0.00793, 0.23815, 0.08327, 0.0717, 0.06732, 0.24407, 0.05121, 0.0658, 0.00478, 0.00491, 0.30079, 0.09133, 0.02047, 0.25105, 0.03598, 0.06821, 0.15344],[],[],39,0
2.5,15,[0.06086, 0.01061, 0.03281, 0.03656, 0.11055, 0.09707, 0.16391, 0.02979, 0.04919, 0.09346, 0.07572, 0.1154, 0.13677, 0.01283, 0.01692, 0.21618, 0.00725, 0.13598, 0.01254, 0.00428, 0.1211, 0.19304, 0.21375, 0.0093, 0.11016, 0.02924, 0.02454, 0.10003, 0.04534, 0.09606, 0.00528, 0.04247, 0.00537, 0.29494],[],[],34,0
2.5,16,[0.00502, 0.03308, 0.00283, 0.00626, 0.02646, 0.04143, 0.00334, 0.01236, 0.0475, 0.10959, 0.06207, 0.03673, 0.00792, 0.10045, 0.04111, 0.05137, 0.03401, 0.20013, 0.17164, 0.1465, 0.0326, 0.14833, 0.01337, 0.17822, 0.00703, 0.01485],[],[],26,0
2.5,17,[0.00832, 0.00108, 0.0106, 0.08246, 0.00182, 0.00559, 0.05195, 0.00579, 0.08966, 0.02044, 0.01237, 0.00269, 0.17957, 0.08246, 0.06045, 0.17247, 0.19141, 0.2292, 0.00691, 0.00346, 0.0072, 0.14284, 0.16119, 0.00388, 0.03116, 0.00782, 0.19669, 0.01992, 0.12331, 0.14034, 0.15383, 0.01256, 0.05134, 0.06504, 0.11344, 0.00443, 0.28092, 0.00449, 0.07702, 0.06443, 0.15697],[],[],41,0
2.5,18,[0.00074, 0.00416, 0.04444, 0.05432, 0.01478, 0.02209, 0.09297, 0.06372, 0.0178, 0.16289, 0.10999, 0.19479, 0.08352, 0.0501, 0.17834, 0.00664, 0.03768, 0.00686, 0.11337, 0.09607, 0.10194, 0.09968, 0.22358, 0.0041, 0.00413, 0.00423, 0.28218, 0.10369],[],[],28,0
2.5,19,[0.01152, 0.04253, 0.0624, 0.03003, 0.02619, 0.03422, 0.06751, 0.03378, 0.00643, 0.00227, 0.14757, 0.03626, 0.04296, 0.05216, 0.11349, 0.11392, 0.01029, 0.22163, 0.01517, 0.07775, 0.06356, 0.03274, 0.07585, 0.00426, 0.00431, 0.06064, 0.17504, 0.08011, 0.2102, 0.00462, 0.09329],[],[],31,0
2.5,20,[0.00717, 0.01761, 0.06966, 0.05915, 0.01589, 0.00834, 0.09528, 0.07051, 0.02425, 0.02164, 0.09736, 0.05678, 0.07345, 0.14884, 0.05409, 0.16501, 0.04006, 0.08509, 0.02884, 0.02052, 0.04868],[],[],21,0
2.5,21,[0.01437, 0.00864, 0.03477, 0.06706, 0.0067, 0.01109, 0.04059, 0.158, 0.05118, 0.1396, 0.09927, 0.05256, 0.03585],[],[],13,0
2.5,22,[0.01553, 0.00246, 0.04004, 0.00911, 0.06145, 0.03178, 0.03453, 0.14452, 0.103, 0.09185, 0.06487, 0.19852, 0.01642, 0.01318, 0.02002, 0.08888, 0.00347, 0.16209, 0.13773, 0.00392, 0.01178, 0.0398, 0.01684, 0.23767, 0.20472, 0.169, 0.03659, 0.17938, 0.00485, 0.07285, 0.01943, 0.20429, 0.05385, 0.08339, 0.28025, 0.02075, 0.23425, 0.23964, 0.20473, 0.1972],[],[],40,0
2.5,23,[0.02763, 0.07536, 0.01969, 0.0016, 0.03656, 0.02923, 0.00258, 0.04993, 0.14722, 0.04414, 0.15844, 0.04256, 0.20444, 0.1373, 0.27071, 0.00434, 0.10055, 0.08349, 0.04254, 0.13417, 0.34086, 0.2527, 0.05571, 0.06809, 0.3412, 0.02384],[],[],26,0
2.5,24,[9e-05, 0.0612, 0.00334, 0.07816, 0.12733, 0.0031, 0.00336, 0.07182, 0.02158, 0.18116, 0.18735, 0.01275, 0.17157, 0.03082, 0.03146, 0.00471, 0.22365, 0.08076, 0.00505, 0.03096, 0.35283, 0.08053, 0.05568],[],[],23,0
2.5,25,[0.0024, 0.07277, 0.09908, 0.03592, 0.005, 0.01024, 0.09231, 0.00385, 0.00404, 0.04507, 0.09836, 0.0111, 0.1221, 0.05395, 0.0057, 0.1318, 0.02885, 0.00658, 0.03727, 0.08839, 0.07727, 0.03893, 0.11409, 0.00358, 0.15663, 0.12462, 0.03306, 0.24413, 0.11877, 0.00805],[],[],30,0
2.5,26,[0.00272, 0.001, 0.00819, 0.04078, 0.01469, 0.05895, 0.0545, 0.05077, 0.07974, 0.00413, 0.0166, 0.00938, 0.00238, 0.11546, 0.00277, 0.20172, 0.05005],[],[],17,0
2.5,27,[0.07915, 0.08974, 0.03117, 0.03415, 0.01518, 0.00385, 0.10647, 0.0219, 0.1129, 0.10821, 0.12073, 0.09832, 0.14019, 0.01984, 0.07306, 0.22421, 0.11606, 0.04003, 0.20271, 0.03416, 0.07457, 0.02023, 0.18612, 0.13348, 0.10875, 0.28649, 0.28338, 0.01814, 0.14816, 0.20902, 0.17137, 0.22134, 0.12074, 0.14579, 0.00487],[],[],35,0
2.5,28,[0.03972, 0.01571, 0.0122, 0.00228, 0.00261, 0.03788, 0.1817, 0.00318, 0.0134, 0.20561, 0.00358, 0.24594, 0.00781, 0.21646, 0.03185, 0.00405, 0.26033, 0.03928, 0.15642, 0.00452, 0.00949, 0.21449, 0.1054, 0.13247, 0.07997, 0.1714, 0.01621, 0.01649, 0.13812, 0.02216, 0.05562, 0.01671],[],[],32,0
2.5,29,[0.01636, 0.02101, 0.00872, 0.00803, 0.13817, 0.03783, 0.01166, 0.00254, 0.0134, 0.03293, 0.0522, 0.05487, 0.00651, 0.03906, 0.22014, 0.15141, 0.00364, 0.07024, 0.06792, 0.0322, 0.27152, 0.01216, 0.09452, 0.05, 0.03772, 0.07223, 0.00456, 0.00921, 0.18891, 0.00479, 0.04911, 0.06895, 0.32256, 0.08757, 0.04646],[],[],35,0
2.5,30,[0.01456, 0.06728, 0.00801, 0.01571, 0.04036, 0.02331, 0.00365, 0.02795, 0.06658, 0.02903, 0.04929, 0.04868, 0.01481, 0.20018, 0.15734, 0.0628, 0.03348, 0.03962],[],[],18,0
2.5,31,[0.01384, 0.00579, 0.00198, 0.00209, 0.03662, 0.11709, 0.1029, 0.15392, 0.19101, 0.0364, 0.01649, 0.28018, 0.02052, 0.01052, 0.01603, 0.32942, 0.35711, 0.00565, 0.20464, 0.23386, 0.13919, 0.02641, 0.03319, 0.4388, 0.3334, 0.03354, 0.02715, 0.03424, 0.15178, 0.00697, 0.23838, 0.15485, 0.01413, 0.09898, 0.02853, 0.47921, 0.00721, 0.02916, 0.15405, 0.07369, 0.02217, 0.14214],[],[],42,0
2.5,32,[0.01269, 0.00571, 0.05961, 0.07124, 0.002, 0.00603, 0.06028, 0.0963, 0.00215, 0.02697, 0.17419, 0.05504, 0.07491, 0.00577, 0.02136, 0.04883, 0.23186, 0.04614, 0.21473, 0.07293, 0.20933, 0.01901, 0.01937, 0.16099, 0.22096, 0.04539, 0.0569, 0.09675, 0.37181, 0.18015],[],[],30,0
2.5,33,[0.00942, 0.04479, 0.06201, 0.02881, 0.03271, 0.03194, 0.02839, 0.00636, 0.0689, 0.00227, 0.14686, 0.04071, 0.03729, 0.05337, 0.11518, 0.11482, 0.22356, 0.0036, 0.01461, 0.07905, 0.00398, 0.06495, 0.00413, 0.03327, 0.01255, 0.06004, 0.07789, 0.17311, 0.07818, 0.01326],[],[],30,0
2.5,34,[0.00709, 0.02674, 0.05962, 0.01735, 0.00153, 0.06659, 0.0072, 0.10042, 0.02928, 0.0137, 0.13127, 0.04985, 0.16631, 0.07235, 0.00605, 0.10337, 0.01282, 0.02941, 0.03055, 0.17826, 0.1266, 0.16191, 0.10852, 0.05301, 0.0534, 0.00385, 0.13902, 0.06156],[],[],28,0
2.5,35,[0.01783, 0.02735, 0.00904, 0.09022, 0.04459, 0.02794, 0.16193, 0.09756, 0.08039, 0.08342, 0.01028, 0.0036, 0.18419, 0.00763, 0.00825, 0.13391, 0.24141, 0.00912, 0.06021, 0.00466, 0.02855, 0.04346, 0.26949, 0.33925, 0.00518, 0.26, 0.1986, 0.00528, 0.02676, 0.02679, 0.02153, 0.07015, 0.2574, 0.24469, 0.06793],[],[],35,0
2.5,36,[0.04165, 0.08963, 0.07372, 0.0648, 0.00388, 0.00216, 0.12106, 0.07246, 0.00284, 0.11489, 0.02047, 0.10541, 0.08211, 0.03147, 0.08405, 0.21035, 0.06858, 0.06517],[],[],18,0
2.5,37,[0.05078, 0.00696, 0.04664, 0.02067, 0.00226, 0.16511, 0.11133, 0.00869, 0.11649, 0.2153, 0.07445, 0.06742, 0.03876, 0.02651, 0.22575, 0.19482, 0.32352, 0.00518, 0.24321, 0.0174, 0.00581, 0.1816, 0.12255, 0.2111, 0.20057, 0.05919, 0.23958, 0.04022, 0.12236, 0.08879, 0.37267, 0.05586, 0.35881],[],[],33,0
2.5,38,[0.034, 0.02616, 0.06922, 0.13124, 0.0628, 0.09979, 0.13403, 0.13278, 0.01052, 0.08549, 0.02752, 0.01252, 0.00322, 0.00335, 0.10476, 0.15432, 0.05395, 0.2883, 0.03107, 0.00897, 0.01372, 0.00479, 0.0959, 0.08221, 0.05857, 0.12727, 0.21743, 0.10592, 0.18042, 0.15476, 0.05767],[],[],31,0
2.5,39,[0.00382, 0.03063, 0.01109, 0.03014, 0.0672, 0.01095, 0.04277, 0.0049, 0.05265, 0.14006, 0.16251, 0.03853, 0.04081, 0.0354, 0.02083, 0.03007, 0.01543, 0.1208, 0.1486, 0.19662],[],[],20,0
2.5,40,[0.0145, 0.00097, 0.04736, 0.05275, 0.07095, 0.09157, 0.0306, 0.14675, 0.04381, 0.13566, 0.00303, 0.18423, 0.23331, 0.13382, 0.03537, 0.00395, 0.12907, 0.04091, 0.03099, 0.00448, 0.02847, 0.11203, 0.04496, 0.05007, 0.03022, 0.00507, 0.17183, 0.01564, 0.08366, 0.0576, 0.06306, 0.23807, 0.29754, 0.04256],[],[],34,0
2.5,41,[0.00414, 0.00463, 0.07626, 0.00124, 0.02936, 0.0149, 0.03981, 0.02261, 0.05562, 0.00195, 0.03599, 0.08468, 0.12105, 0.03598, 0.06327],[],[],15,0
2.5,42,[0.00979, 0.0016, 0.01554, 0.02199, 0.00315, 0.05104, 0.00181, 0.05862, 0.01714, 0.1402, 0.19051, 0.00294, 0.12202, 0.02213, 0.10877, 0.07736, 0.02117, 0.1799, 0.2174, 0.10663, 0.15727, 0.15849, 0.18905, 0.06999, 0.21483, 0.08143, 0.18335, 0.12792, 0.2289, 0.29041, 0.18869, 0.24495, 0.24731, 0.14607, 0.07083, 0.06596, 0.01661, 0.06124, 0.21948, 0.01155, 0.06503, 0.29685, 0.02388, 0.06051, 0.23031, 0.38796, 0.02469],[],[],47,0
2.5,43,[0.04223, 0.00083, 0.04167, 0.00233, 0.04299, 0.00716, 0.01274, 0.09149, 0.00222, 0.06247, 0.03148, 0.01436, 0.13937, 0.15024, 0.01135, 0.20495, 0.07312, 0.09869, 0.19052],[],[],19,0
2.5,44,[0.00383, 0.02479, 0.08897, 0.06191, 0.01335, 0.08604, 0.08565, 0.10808, 0.02172, 0.00246, 0.08628, 0.15527, 0.19945, 0.07667, 0.03132, 0.0543, 0.02094, 0.00419, 0.27658, 0.00423, 0.05256, 0.06308, 0.12675, 0.25531, 0.23725],[],[],25,0
2.5,45,[0.03456, 0.01175, 0.04924, 0.01467, 0.00166, 0.0294, 0.03808, 0.03795, 0.13274, 0.00701, 0.04711, 0.02143, 0.00244, 0.15459, 0.01343, 0.01775, 0.02172],[],[],17,0
2.5,46,[0.05967, 0.0392, 0.00862, 0.04944, 0.07356, 0.0228, 0.00515, 0.02996, 0.05615, 0.02868, 0.08746, 0.0953, 0.0065, 0.20893, 0.02501, 0.0217, 0.16878, 0.0038, 0.0788, 0.08379, 0.2116, 0.00836, 0.03499, 0.02648, 0.00442, 0.06664, 0.00455, 0.15942, 0.02002, 0.27516, 0.18327, 0.01596, 0.01066, 0.09064, 0.11042, 0.11082, 0.36072, 0.3337, 0.23441, 0.19828, 0.05269, 0.08256, 0.07785, 0.01812, 0.10288, 0.05454, 0.18579, 0.08693, 0.31303],[],[],49,0
2.5,47,[0.02349, 0.04513, 0.00307, 0.00133, 0.02427, 0.02261, 0.02171, 0.06743, 0.11316, 0.00184, 0.06243, 0.1293, 0.02523, 0.03599, 0.00247, 0.17393, 0.0132, 0.09414, 0.01646, 0.07074, 0.13308, 0.00317, 0.10827, 0.07777, 0.0925],[],[],25,0
2.5,48,[0.00525, 0.02627, 0.00989, 0.00898, 0.004, 0.01834, 0.01406, 0.15631, 0.12078, 0.00541, 0.22715, 0.0204, 0.12778, 0.21096, 0.00356, 0.04159, 0.07598, 0.03192, 0.20742, 0.07906, 0.07901, 0.09483, 0.14019, 0.23218, 0.13695, 0.09221, 0.25482, 0.31105, 0.21772, 0.26263, 0.05422, 0.03987],[],[],32,0
2.5,49,[0.04269, 0.0187, 0.00656, 0.00157, 0.03366, 0.01922, 0.03001, 0.04662, 0.16614, 0.07369, 0.16069, 0.05708, 0.09191, 0.01176, 0.10388, 0.02395, 0.17643, 0.00363, 0.11455, 0.12206],[],[],20,0
2.5,50,[0.00541, 0.06561, 0.00732, 0.0123, 0.02674, 0.03808, 0.01028, 0.0858, 0.03974, 0.02501, 0.12224, 0.08804, 0.00776, 0.15501, 0.03451, 0.01165, 0.00297, 0.00301, 0.04489, 0.01016, 0.02452, 0.00372, 0.0114],[],[],23,0
2.5,51,[0.02159, 0.02573, 0.06162, 0.01716, 0.00346, 0.12298, 0.09676, 0.07129, 0.11441, 0.01197, 0.18384, 0.00574, 0.10151, 0.01309, 0.00686, 0.02117, 0.01564, 0.16105, 0.00402, 0.00815, 0.01757, 0.05761, 0.04549, 0.00911, 0.11492, 0.03319, 0.04305],[],[],27,0
2.5,52,[0.01164, 0.01366, 0.00317, 0.0199, 0.00249, 0.01324, 0.00161, 0.05652, 0.00594, 0.00212, 0.03302, 0.14998, 0.00998],[],[],13,0
2.5,53,[0.09875, 0.03202, 0.00367, 0.00621, 0.03513, 0.05603, 0.11704, 0.04694, 0.19267, 0.00643, 0.05988, 0.05737, 0.06209, 0.05404, 0.00374, 0.05753, 0.01967, 0.008, 0.1327, 0.28935, 0.1778, 0.07911, 0.28308, 0.03996, 0.18155, 0.04208, 0.06558, 0.08035, 0.00967, 0.08718, 0.17805, 0.00995],[],[],32,0
2.5,54,[0.00255, 0.03727, 0.00188, 0.11056, 0.04444, 0.13148, 0.02594, 0.21203, 0.00796, 0.13229, 0.30956, 0.02618, 0.05237, 0.01065, 0.30776, 0.35503, 0.13472, 0.00645, 0.43257, 0.2283, 0.25141, 0.33987, 0.14584, 0.1548, 0.02128, 0.23412, 0.21488, 0.02981, 0.00746, 0.10581, 0.02269, 0.50706, 0.50341, 0.16848, 0.00776, 0.26599, 0.04774, 0.44082, 0.3772, 0.03322, 0.31559, 0.15891, 0.33387, 0.18216, 0.00872, 0.40561, 0.15931, 0.48088, 0.3388, 0.0629, 0.00905, 0.00908, 0.59305, 0.28302, 0.24115, 0.33684, 0.02876],[],[],57,0
2.5,55,[0.03338, 0.00619, 0.05781, 0.0599, 0.01448, 0.06767, 0.10119, 0.10151, 0.12909, 0.05926, 0.01487, 0.00615, 0.12093, 0.00321, 0.05152, 0.05311, 0.22744, 0.04444, 0.02106, 0.0922, 0.16737, 0.0266],[],[],22,0
2.5,56,[0.02618, 0.00733, 0.00525, 0.01913, 0.01276, 0.14005, 0.0023, 0.00241, 0.10633, 0.14061, 0.00933, 0.08993, 0.00674, 0.06482, 0.11525, 0.00769, 0.06726, 0.26646, 0.02645, 0.00897, 0.21011, 0.00463, 0.09559, 0.05263, 0.0099, 0.25292, 0.025, 0.04527, 0.16115, 0.04116, 0.00535, 0.02736, 0.07671, 0.0644, 0.06441, 0.06024, 0.18175, 0.41352],[],[],38,0
2.5,57,[0.06839, 0.06476, 0.05918, 0.15284, 0.12411, 0.0359, 0.08852, 0.09852, 0.00882, 0.06259, 0.08073, 0.21784, 0.00361, 0.00471, 0.19874, 0.12272, 0.00988, 0.05049, 0.05091, 0.0423, 0.34499, 0.01098, 0.02211, 0.00564, 0.07479, 0.00579, 0.00581, 0.28684, 0.31743, 0.07059, 0.012, 0.18015, 0.15102, 0.0182],[],[],34,0
2.5,58,[0.01027, 0.00462, 0.00213, 0.04293, 0.01642, 0.03353, 0.09038, 0.01567, 0.06258, 0.00573, 0.00192, 0.00578, 0.00208, 0.07193, 0.00218, 0.12613, 0.00246, 0.03797, 0.06447, 0.14066, 0.03759, 0.20284],[],[],22,0
2.5,59,[0.00418, 0.05731, 0.00139, 0.0409, 0.114, 0.01051, 0.00271, 0.03635, 0.07603, 0.01145, 0.00888, 0.20434, 0.13307, 0.16273, 0.18085, 0.12592, 0.01511, 0.21171, 0.13043, 0.09707, 0.13563, 0.25785, 0.0041, 0.00445, 0.22578, 0.17245, 0.02747, 0.03232, 0.07492, 0.17832, 0.09721, 0.14737, 0.19947, 0.32733, 0.07679, 0.30877, 0.12478, 0.1353, 0.04731],[],[],39,0
2.5,60,[0.00262, 0.00859, 0.09058, 0.01094, 0.00328, 0.04499, 0.04061, 0.12531, 0.14501, 0.03593, 0.10194, 0.19703, 0.03252, 0.08201, 0.18217, 0.00344, 0.03117, 0.02781, 0.04396, 0.12082, 0.12921, 0.26651, 0.00434, 0.15785, 0.02819, 0.01901, 0.0191, 0.00484, 0.04409, 0.12077, 0.0053, 0.19099, 0.12749, 0.04304, 0.07555, 0.02182, 0.14751],[],[],37,0
2.5,61,[0.01722, 0.01308, 0.03601, 0.05616, 0.01583, 0.02118, 0.01258, 0.05182, 0.06314, 0.01674],[],[],10,0
2.5,62,[0.01771, 0.06803, 0.0333, 0.04628, 0.05901, 0.03501, 0.07269, 0.10385, 0.11146, 0.00282, 0.15817, 0.01756, 0.03201, 0.04274, 0.14866, 0.20083, 0.06959, 0.18827, 0.16564, 0.02127, 0.03183, 0.00916, 0.05718, 0.18635, 0.25817, 0.00501, 0.08815, 0.20631, 0.03297],[],[],29,0
2.5,63,[0.01948, 0.04387, 0.00106, 0.01926, 0.07553, 0.01751, 0.00187, 0.11946, 0.08267, 0.11644, 0.10088, 0.13065, 0.00692, 0.23669, 0.00359, 0.21085, 0.06581, 0.04726, 0.03441, 0.00432, 0.00946, 0.00478, 0.18164, 0.17731, 0.00481, 0.15644, 0.01517, 0.04059, 0.23536],[],[],29,0
2.5,64,[0.04303, 0.01292, 0.02425, 0.002, 0.02622, 0.08661, 0.04253, 0.00263, 0.13332, 0.01155, 0.01749, 0.06162, 0.16501, 0.00901, 0.0216, 0.00347, 0.03236, 0.04729, 0.03692, 0.01109, 0.01936, 0.00787, 0.0158, 0.02414],[],[],24,0
2.5,65,[0.07981, 0.08408, 0.07162, 0.00932, 0.02892, 0.02752, 0.04432, 0.07645, 0.08483, 0.06181, 0.02812, 0.02014, 0.01502, 0.0485, 0.0317, 0.16273, 0.1613, 0.00773, 0.01051, 0.02656, 0.03383],[],[],21,0
2.5,66,[0.0233, 0.001, 0.04107, 0.01418, 0.05084, 0.0381, 0.0039, 0.04726, 0.03162, 0.00795, 0.01439, 0.02019, 0.08758],[],[],13,0
2.5,67,[0.00355, 0.0246, 0.00146, 0.01207, 0.01592, 0.08835, 0.12124, 0.02302, 0.01008, 0.02773, 0.03196, 0.17135, 0.03148, 0.14635, 0.03528, 0.07881, 0.14887, 0.05315, 0.10388, 0.12484, 0.1744, 0.21944, 0.00377, 0.08723, 0.03258, 0.08755, 0.27934, 0.03976],[],[],28,0
2.5,68,[0.04731, 0.00151, 0.01837, 0.00205, 0.01733, 0.00338, 0.09953, 0.00769, 0.05804, 0.17933, 0.00394, 0.03835, 0.13761, 0.00448, 0.15196, 0.16797, 0.26383, 0.14569, 0.01008, 0.31038, 0.23632, 0.00547, 0.01143, 0.01758, 0.10053, 0.30911, 0.00637, 0.0129, 0.25478, 0.34444, 0.41387, 0.00699, 0.01426, 0.01426, 0.46414, 0.25221, 0.0433, 0.13161, 0.15089, 0.03079, 0.02333, 0.07976, 0.01601, 0.43334, 0.3293, 0.18693, 0.26117, 0.24682, 0.28094, 0.11595, 0.16966, 0.17949, 0.03438],[],[],53,0
2.5,69,[0.00205, 0.04866, 0.07884, 0.01417, 0.03427, 0.01469, 0.00176, 0.01362, 0.07421, 0.02563, 0.01415, 0.0213, 0.03108, 0.13114, 0.15128, 0.12579, 0.00333, 0.01348, 0.00687, 0.12161, 0.05343, 0.00766, 0.02308],[],[],23,0
2.5,70,[0.01348, 0.01866, 0.07279, 0.01969, 0.09365, 0.08622, 0.12348, 0.00218, 0.02621, 0.10285, 0.07306, 0.01544, 0.12614, 0.2175, 0.16278, 0.03993, 0.01452, 0.06307, 0.07885, 0.04157, 0.17661, 0.15112, 0.27157, 0.13314, 0.15387, 0.04846, 0.05906],[],[],27,0
2.5,71,[0.0019, 0.00699, 0.02464, 0.11302, 0.06719, 0.0815, 0.01429, 0.13549, 0.0221, 0.04148, 0.11932, 0.01003, 0.21295, 0.16165, 0.01483, 0.00378, 0.04223, 0.07091, 0.1224, 0.18222, 0.02798, 0.02412, 0.14902, 0.27045, 0.00433, 0.14103, 0.30345, 0.23819, 0.13158, 0.24493, 0.25144, 0.2749, 0.35114, 0.05427],[],[],34,0
2.5,72,[0.00279, 0.04103, 0.00078, 0.00193, 0.02648, 0.17501, 0.00293, 0.02086, 0.00608, 0.19978, 0.03276, 0.20436, 0.16574, 0.0038, 0.26589, 0.25477, 0.04322, 0.01834, 0.00466, 0.16526, 0.02875, 0.04438, 0.01048, 0.16979, 0.00531, 0.01619, 0.12425, 0.00541, 0.06646, 0.01667, 0.33931, 0.01674, 0.12345, 0.24748, 0.18456, 0.04069, 0.01745, 0.25905, 0.0118, 0.12997, 0.15131, 0.02492],[],[],42,0
2.5,73,[0.00029, 0.04411, 0.00363, 0.10662, 0.07939, 0.01621, 0.12268, 0.04473, 0.10229, 0.00555, 0.01717, 0.14103, 0.05893, 0.09747, 0.02257, 0.0033, 0.01652, 0.14906, 0.04768, 0.04679, 0.24723, 0.04457, 0.13047, 0.01234, 0.15143, 0.03381, 0.1184, 0.18305, 0.01706, 0.14536, 0.03001, 0.01735, 0.00437, 0.00878, 0.11028, 0.03578, 0.00473, 0.26182],[],[],38,0
2.5,74,[0.00135, 0.01598, 0.0414, 0.00357, 0.00712, 0.11019, 0.00579, 0.02948, 0.17151, 0.24028, 0.12979, 0.17963, 0.10995, 0.05334, 0.01338, 0.17576, 0.02342, 0.33893, 0.16635, 0.0113, 0.01155, 0.00602, 0.0302, 0.18167, 0.04848, 0.01261, 0.08267, 0.03191, 0.00644, 0.04637],[],[],30,0
2.5,75,[0.07089, 0.0396, 0.08633, 0.011, 0.02234, 0.04306, 0.0051, 0.07147, 0.02462, 0.01508, 0.04006, 0.0079, 0.05078, 0.01233],[],[],14,0
2.5,76,[0.06332, 0.09919, 0.00371, 0.01587, 0.06102, 0.05652, 0.16796, 0.01462, 0.09465, 0.10626, 0.01002, 0.18494, 0.0035, 0.00352, 0.01098, 0.0075, 0.08494, 0.13199, 0.21048, 0.0081, 0.18247, 0.0167, 0.03382, 0.06851, 0.13568, 0.02265, 0.21113, 0.01863, 0.00935, 0.01427, 0.02856, 0.01956, 0.32315, 0.22364, 0.03507, 0.32361, 0.01013, 0.25351, 0.18949, 0.00523, 0.3632, 0.10487, 0.27106, 0.01108, 0.22768, 0.12097, 0.02345, 0.25215, 0.21122],[],[],49,0
2.5,77,[0.01547, 0.04146, 0.0392, 0.10849, 0.01159, 0.05656, 0.09134, 0.00487, 0.01627, 0.00273, 0.0308, 0.14671, 0.0941, 0.00328, 0.14434, 0.02616, 0.24889, 0.0077, 0.01172, 0.05154, 0.0399],[],[],21,0
2.5,78,[0.00237, 0.02715, 0.00546, 0.03192, 0.01261, 0.05344, 0.00943, 0.13223, 0.00436, 0.00224, 0.00459, 0.05505, 0.03185, 0.03685, 0.00268, 0.15682, 0.1358, 0.02131, 0.11176, 0.02293, 0.083, 0.02891],[],[],22,0
2.5,79,[0.05625, 0.05882, 0.01912, 0.03568, 0.04545, 0.12374, 0.00466, 0.02497, 0.06589, 0.14467, 0.0217, 0.00609, 0.04502, 0.0325, 0.0148, 0.01116, 0.00773, 0.03144, 0.08145, 0.16085, 0.04179, 0.20552, 0.01714, 0.14288, 0.13799, 0.17186, 0.14526, 0.21058],[],[],28,0
2.5,80,[0.01321, 0.00107, 0.00979, 0.05527, 0.08641, 0.0101, 0.01343, 0.02246, 0.07503, 0.01004, 0.00255, 0.1697, 0.0057, 0.03152, 0.01296, 0.01662, 0.10825, 0.07367, 0.09338, 0.1695, 0.00778, 0.15669, 0.00839, 0.19993, 0.05896, 0.31829, 0.04342, 0.02475, 0.02495, 0.24513],[],[],30,0
2.5,81,[0.00975, 0.08528, 0.11574, 0.01537, 0.01123, 0.08439, 0.09959, 0.12155, 0.11481, 0.15634, 0.02089, 0.11379, 0.1972, 0.09277, 0.00372, 0.04881, 0.1728, 0.10542, 0.14904, 0.09031, 0.18081, 0.01184, 0.22484, 0.01233, 0.10305, 0.24379, 0.04843, 0.01879, 0.18074, 0.18921, 0.1528, 0.12581, 0.06829, 0.34069, 0.05002, 0.02233, 0.02808, 0.19182, 0.09283, 0.23383, 0.01195, 0.19921, 0.28492, 0.10574, 0.31733, 0.01874],[],[],46,0
2.5,82,[0.00371, 0.02237, 0.04766, 0.01611, 0.0327, 0.04296, 0.01824, 0.00584, 0.05374, 0.03633, 0.13379, 0.02695, 0.00844, 0.12827, 0.00859, 0.15481, 0.16464, 0.13725, 0.05213, 0.05382, 0.05393, 0.12823, 0.21868, 0.06604, 0.01115, 0.22469, 0.01131, 0.28368, 0.02158, 0.08369, 0.00454, 0.16418, 0.25554, 0.2511, 0.15558, 0.1261, 0.00474, 0.30694],[],[],38,0
2.5,83,[0.05486, 0.01903, 0.01777, 0.05247, 0.01197, 0.05413, 0.09138, 0.02504, 0.04667, 0.15944, 0.11962, 0.02617, 0.10757, 0.02407, 0.00933, 0.10706, 0.00723, 0.03623],[],[],18,0
2.5,84,[0.05977, 0.11139, 0.04753, 0.00615, 0.00622, 0.01933, 0.01962, 0.00317, 0.03868, 0.08724, 0.10072, 0.23077, 0.05707, 0.04428, 0.01121, 0.00759, 0.01278, 0.07679, 0.03521, 0.02206, 0.15081, 0.29955, 0.00462, 0.04225, 0.02921, 0.09777],[],[],26,0
2.5,85,[0.00395, 0.00087, 0.00213, 0.04034, 0.07533, 0.13807, 0.00247, 0.02811, 0.00261, 0.00844, 0.15023, 0.00308, 0.03192, 0.01961, 0.07284, 0.01077, 0.00725, 0.20563, 0.00736, 0.01117, 0.12784, 0.03137, 0.21346, 0.08764, 0.0829, 0.18879, 0.13493, 0.01067, 0.01078, 0.00542, 0.03925, 0.35981, 0.10963, 0.00578, 0.22895, 0.03526, 0.27565],[],[],37,0
2.5,86,[0.02059, 0.00301, 0.0224, 0.07283, 0.00128, 0.08422, 0.01325, 0.07331, 0.08889, 0.02476, 0.07901, 0.02196, 0.06918, 0.09447, 0.03975, 0.0121, 0.09587, 0.00305, 0.00954, 0.00334, 0.02359, 0.01355, 0.04201, 0.032, 0.23558, 0.01085, 0.02275, 0.05032, 0.17051, 0.01994],[],[],30,0
2.5,87,[0.00463, 0.00066, 0.00232, 0.08578, 0.00779, 0.0134, 0.05016, 0.04229, 0.12991, 0.14586, 0.03416, 0.02722, 0.02261, 0.1038, 0.00297, 0.20021, 0.18309, 0.08372, 0.01383, 0.03438, 0.26437, 0.13034, 0.12564, 0.04839, 0.02715, 0.16291, 0.03935, 0.04508, 0.07085, 0.0053, 0.00533, 0.12909, 0.19394, 0.02164, 0.24083, 0.12605],[],[],36,0
2.5,88,[0.0549, 0.00141, 0.00448, 0.00402, 0.06486, 0.00445, 0.01601, 0.03691, 0.00236, 0.16924, 0.03502, 0.15215, 0.0151, 0.10006, 0.17108, 0.00333, 0.04991, 0.01072, 0.15122, 0.01236, 0.16203, 0.15445, 0.11291, 0.1141, 0.01778, 0.03606, 0.00453, 0.20965, 0.16634, 0.15346, 0.10803, 0.21611, 0.21249, 0.00972, 0.18941, 0.06076, 0.23318, 0.03632],[],[],38,0
2.5,89,[0.01772, 0.00585, 0.00277, 0.02983, 0.06268, 0.03508, 0.03365, 0.08735, 0.05261, 0.00274, 0.0455, 0.20781, 0.00677, 0.03806, 0.22862, 0.02464, 0.00713],[],[],17,0
2.5,90,[0.00115, 0.08083, 0.02807, 0.08975, 0.00715, 0.10362, 0.00781, 0.13019, 0.0141, 0.02071, 0.10865, 0.08272, 0.03731, 0.09526, 0.17779, 0.0349, 0.00303, 0.00635, 0.01609, 0.03863],[],[],20,0
2.5,91,[0.01948, 0.02075, 0.08013, 0.05075, 0.05865, 0.06489, 0.00192, 0.00196, 0.00814, 0.15034, 0.17878, 0.02259, 0.05883, 0.16166, 0.22404, 0.17972, 0.20232, 0.08481, 0.00374, 0.09608, 0.13666, 0.00403, 0.11177, 0.0384, 0.03852, 0.09179, 0.2216, 0.02336, 0.17376, 0.00484, 0.03963, 0.01495, 0.005, 0.0814, 0.16358, 0.34103, 0.05789, 0.29865, 0.13419, 0.04972, 0.08327, 0.00558, 0.03942, 0.00567, 0.03969, 0.01143, 0.02333, 0.04201],[],[],48,0
2.5,92,[0.00383, 0.04418, 0.02083, 0.07845, 0.01475, 0.05723, 0.0412, 0.0745, 0.01047, 0.00263, 0.16855, 0.13775, 0.2028, 0.01557, 0.00963, 0.16161, 0.0831, 0.24573, 0.0785, 0.10554, 0.0357, 0.22538, 0.03326, 0.0215, 0.06601, 0.07235, 0.16517, 0.16114, 0.0829, 0.2319, 0.11678, 0.04208, 0.04677, 0.01925, 0.2913, 0.05822, 0.02744, 0.16058, 0.02219, 0.16189, 0.12339, 0.36536, 0.1878, 0.01188, 0.1266, 0.09653, 0.03069, 0.15859, 0.0064, 0.07057],[],[],50,0
2.5,93,[0.00083, 0.02811, 0.05351, 0.00142, 0.05682, 0.026, 0.03411, 0.08257, 0.01552, 0.10085, 0.00285, 0.1144, 0.01267, 0.06778, 0.01072, 0.05468, 0.01471, 0.03682, 0.25332, 0.05731, 0.17589, 0.01156, 0.02316],[],[],23,0
2.5,94,[0.02863, 0.04303, 0.00701, 0.07636, 0.07641, 0.12825, 0.03353, 0.02872, 0.00299, 0.17589, 0.02611, 0.02959, 0.00335, 0.19491, 0.01067, 0.17144, 0.05688, 0.26866, 0.01622, 0.00832, 0.0043, 0.13978, 0.04821, 0.00441, 0.17164, 0.00456, 0.01389, 0.00466, 0.07527],[],[],29,0
2.5,95,[0.01736, 0.00634, 0.00544, 0.00571, 0.00419, 0.00154, 0.09368, 0.00741, 0.04792, 0.05818, 0.06151, 0.02275, 0.01016, 0.04593, 0.01282, 0.00774, 0.00854, 0.00293, 0.02495, 0.0163, 0.04209],[],[],21,0
2.5,96,[0.05368, 0.0601, 0.08962, 0.01558, 0.00655, 0.05395, 0.00478, 0.01212, 0.1344, 0.0059, 0.01182, 0.00299, 0.19411, 0.01848, 0.04813, 0.01397, 0.12897, 0.03025, 0.0874, 0.01925, 0.24576, 0.07515, 0.15561, 0.21197],[],[],24,0
2.5,97,[0.00763, 0.12936, 0.04515, 0.1442, 0.10786, 0.00815, 0.00837, 0.06251, 0.00599, 0.20505, 0.04704, 0.03348, 0.04367, 0.01075, 0.0108, 0.12813, 0.16771, 0.22084, 0.25822, 0.00427, 0.13916, 0.30215, 0.25162, 0.0248, 0.01497, 0.03052, 0.01532],[],[],27,0
2.5,98,[0.01282, 0.0013, 0.05877, 0.02714, 0.00442, 0.09641, 0.0228, 0.08306, 0.08409, 0.10288, 0.07265, 0.01332, 0.00223, 0.09375, 0.0073, 0.04324, 0.08174, 0.00854, 0.03159, 0.02696, 0.03841, 0.22096, 0.04416, 0.01081, 0.15655, 0.20614, 0.26013, 0.0327],[],[],28,0
2.5,99,[0.00063, 0.0268, 0.00678, 0.05413, 0.09035, 0.01067, 0.0055, 0.0618, 0.02991, 0.07941, 0.09323, 0.05994, 0.02895, 0.0116, 0.15627, 0.01665, 0.00673, 0.01071, 0.05759, 0.00737, 0.05761, 0.06998, 0.05449],[],[],23,0
2.5,100,[0.06011, 0.06348, 0.02933, 0.11572, 0.07187, 0.14514, 0.1027, 0.153, 0.00253, 0.00255, 0.0952, 0.1748, 0.07134],[],[],13,0
2.5,101,[0.00593, 0.02987, 0.04547, 0.01094, 0.03171, 0.00486, 0.00656, 0.05325, 0.00195, 0.12964, 0.00418, 0.04701, 0.07633, 0.0152, 0.00995, 0.04143, 0.13544, 0.01962, 0.00401, 0.1779, 0.19016, 0.0542, 0.20617, 0.28859, 0.01772, 0.00446, 0.02289, 0.11547, 0.12705, 0.25485, 0.01941, 0.04939, 0.0202, 0.06846, 0.01071, 0.10845, 0.03377, 0.05081, 0.06239, 0.23271, 0.36638, 0.07619, 0.29424, 0.32661, 0.05472, 0.06779, 0.02502],[],[],47,0
2.5,102,[0.02878, 0.06888, 0.00763, 0.09014, 0.03808, 0.05314, 0.0424, 0.09732, 0.02584, 0.06082, 0.02733, 0.15226, 0.15822, 0.00815, 0.05201, 0.04317, 0.07937, 0.00964, 0.00654],[],[],19,0
2.5,103,[0.04077, 0.00325, 0.00184, 0.10789, 0.0172, 0.00226, 0.00227, 0.02002, 0.14044, 0.09575, 0.18006, 0.19626, 0.10086, 0.08316, 0.15386, 0.21361, 0.01838, 0.08102, 0.03241, 0.04132, 0.10817, 0.19516, 0.04221, 0.11861, 0.04465, 0.02485, 0.15963, 0.05131, 0.01031, 0.04127, 0.01606, 0.33222, 0.01097, 0.13741, 0.07818, 0.16919, 0.0057, 0.00575],[],[],38,0
2.5,104,[0.00107, 0.00228, 0.02607, 0.00142, 0.01738, 0.02326, 0.01197, 0.04363, 0.01026, 0.03091, 0.18501, 0.00568, 0.05672, 0.01261, 0.00639, 0.04881, 0.01646, 0.03745, 0.01364, 0.22854, 0.06186, 0.06733, 0.23657, 0.04708, 0.06813, 0.02052, 0.18208],[],[],27,0
2.5,105,[0.00583, 0.05249, 0.10983, 0.04611, 0.00598, 0.06313, 0.1626, 0.00269, 0.09533, 0.00585, 0.02366, 0.01802, 0.01252, 0.00318, 0.17414, 0.00646, 0.10063, 0.12127, 0.01088, 0.01973, 0.21782, 0.01619, 0.01628, 0.1855, 0.00422, 0.06895, 0.09588, 0.20458, 0.00948, 0.14431, 0.31976, 0.02496, 0.226, 0.02034, 0.32647, 0.01538],[],[],36,0
2.5,106,[0.00148, 0.01335, 0.03097, 0.0043, 0.05337, 0.0018, 0.06223, 0.00577, 0.05769, 0.04725, 0.02481, 0.02075, 0.03663, 0.15158, 0.00829, 0.15537, 0.04316, 0.06383, 0.14118, 0.06175, 0.02565, 0.05527, 0.14637, 0.01551, 0.03491, 0.18509, 0.00413, 0.13915, 0.03059, 0.06559, 0.03538],[],[],31,0
2.5,107,[0.00731, 0.01909, 0.05469, 0.01969, 0.07987, 0.06097, 0.10219, 0.16933, 0.00264, 0.01613, 0.13018, 0.00322, 0.01968, 0.10255, 0.15543, 0.01455, 0.04751],[],[],17,0
2.5,108,[0.00385, 0.00788, 0.01382, 0.00131, 0.02365, 0.07262, 0.00435, 0.01543, 0.00183, 0.13265, 0.04101, 0.00264, 0.02937, 0.13472, 0.13308, 0.17758, 0.01736, 0.03719, 0.09732, 0.20709, 0.12353, 0.01371, 0.09318, 0.00365, 0.18966, 0.01125, 0.00376, 0.04641, 0.02326, 0.01249, 0.27664, 0.03981],[],[],32,0
2.5,109,[0.0004, 0.09175, 0.10578, 0.00572, 0.0022, 0.11373, 0.05362, 0.00738, 0.01511, 0.05918, 0.01143, 0.06198, 0.12215, 0.02704, 0.14114, 0.06276, 0.14208, 0.14636, 0.08928, 0.03227, 0.02871, 0.23702, 0.16754, 0.1224, 0.21169, 0.1272, 0.12789, 0.14756, 0.18586, 0.14593, 0.06557],[],[],31,0
2.5,110,[0.00505, 0.00683, 0.06803, 0.13703, 0.09542, 0.11207, 0.01814, 0.07253, 0.2113, 0.04173, 0.19791, 0.00653, 0.03285, 0.00351, 0.03212, 0.18539, 0.25764, 0.16022, 0.00391, 0.08621, 0.00415, 0.0209, 0.00423, 0.01713, 0.01337, 0.02268],[],[],26,0
2.5,111,[0.04828, 0.00371, 0.00435, 0.0296, 0.10674, 0.01401, 0.00207, 0.10603, 0.16149, 0.07454, 0.00552, 0.00276, 0.15903, 0.01222, 0.01334, 0.03091, 0.0522, 0.16811, 0.0035, 0.06415, 0.0929, 0.09463, 0.00841, 0.28317, 0.08532, 0.07632, 0.00959, 0.02898, 0.17016, 0.00978, 0.3156, 0.33111, 0.1532, 0.09583, 0.02691, 0.19942, 0.01116, 0.00559, 0.02305],[],[],39,0
2.5,112,[0.08477, 0.00325, 0.00188, 0.03476, 0.11471, 0.05091, 0.00241, 0.03004, 0.05477, 0.0212, 0.00284, 0.10644, 0.07672, 0.18988, 0.03961, 0.15283, 0.00313, 0.16062, 0.02846, 0.03729, 0.02775, 0.02785, 0.04199, 0.17481, 0.01137, 0.25553, 0.00807, 0.00837, 0.1394],[],[],29,0
2.5,113,[0.06603, 0.04193, 0.00183, 0.02836, 0.00252, 0.02382, 0.03971, 0.00591, 0.14253, 0.23568, 0.17968, 0.15395, 0.00406, 0.1396, 0.00411, 0.30912, 0.01042, 0.16257, 0.01584, 0.13333, 0.02747, 0.01144, 0.02956, 0.00617, 0.03252, 0.05317, 0.01373, 0.20633, 0.09023, 0.43996, 0.01412, 0.01417, 0.29367, 0.01442, 0.35411],[],[],35,0
2.5,114,[0.03276, 0.00109, 0.07068, 0.07034, 0.01264, 0.0433, 0.00194, 0.03865, 0.00475, 0.04646, 0.00559, 0.15932, 0.14827, 0.06446, 0.08144, 0.13159, 0.0218, 0.0146, 0.0549],[],[],19,0
2.5,115,[0.01254, 0.02064, 0.00499, 0.06297, 0.05064, 0.11748, 0.00545, 0.00622, 0.00455, 0.11075, 0.14701, 0.00275, 0.14672, 0.02706, 0.09796, 0.0069, 0.01051, 0.04414, 0.04984, 0.02374, 0.11922, 0.00409, 0.16858, 0.00424, 0.30101, 0.0977, 0.09396, 0.08071, 0.14994, 0.00989, 0.03547, 0.178, 0.10223, 0.13545, 0.04691, 0.15177, 0.23184, 0.04816, 0.16208, 0.33749, 0.01129, 0.21518, 0.0816, 0.10175],[],[],44,0
2.5,116,[0.08915, 0.02083, 0.12716, 0.04439, 0.00196, 0.071, 0.00672, 0.00716, 0.10017, 0.10349, 0.01072, 0.032, 0.13944, 0.14044, 0.00632, 0.01331, 0.15655, 0.02445, 0.00352, 0.12718, 0.13623, 0.16684, 0.15951, 0.21364, 0.22343, 0.15928, 0.10637, 0.00428, 0.23105, 0.13401, 0.03943, 0.01316, 0.01335, 0.0728, 0.00913, 0.15845, 0.13595, 0.01985],[],[],38,0
2.5,117,[0.0012, 0.06913, 0.07975, 0.05582, 0.01612, 0.00939, 0.06014, 0.04715, 0.00945, 0.10425, 0.00931, 0.15499, 0.00254, 0.17729, 0.02184, 0.06693, 0.03978, 0.02315, 0.00598, 0.05217],[],[],20,0
2.5,118,[0.04323, 0.00104, 0.04313, 0.02881, 0.07966, 0.05221, 0.01416, 0.15442, 0.11244, 0.02657, 0.00333, 0.2024, 0.00337, 0.02715, 0.00693, 0.15944, 0.01743, 0.00368, 0.03834, 0.03075, 0.15393, 0.26095, 0.04053, 0.00416, 0.02083, 0.00422, 0.17807, 0.00427, 0.12939, 0.11568, 0.0093, 0.01408],[],[],32,0
2.5,119,[0.00852, 0.04567, 0.03234, 0.00278, 0.05084, 0.0072, 0.04578, 0.07433, 0.05113, 0.01548, 0.00495, 0.12788, 0.01391, 0.02287, 0.13911, 0.12877, 0.01539, 0.03403, 0.00318, 0.18133, 0.01496, 0.21138, 0.01207, 0.02881, 0.00843],[],[],25,0
2.5,120,[0.05279, 0.02921, 0.00653, 0.13399, 0.10442, 0.03282, 0.16221, 0.09174, 0.01806, 0.14316, 0.17228, 0.22827, 0.01078, 0.06915, 0.13133, 0.11097, 0.06318, 0.02649, 0.00379, 0.05703, 0.00384, 0.17026, 0.07525],[],[],23,0
2.5,121,[0.0017, 0.00275, 0.00327, 0.00991, 0.03278, 0.09314, 0.05529, 0.0023, 0.04398, 0.01017, 0.13525, 0.14609, 0.15138, 0.18506, 0.07058, 0.01537, 0.04331, 0.04735, 0.17059, 0.01316, 0.07956, 0.06291, 0.13642, 0.04564, 0.09156, 0.10814, 0.17776, 0.03561, 0.02051, 0.01071, 0.0375, 0.32261, 0.07585, 0.02733, 0.36328, 0.35862, 0.01151, 0.01164, 0.01767, 0.20329, 0.40863, 0.23225, 0.04496, 0.09702, 0.10378, 0.01309, 0.13823],[],[],47,0
2.5,122,[0.01984, 0.00171, 0.0396, 0.00429, 0.04562, 0.10439, 0.0336, 0.15087, 0.0157, 0.07649, 0.00354, 0.02843, 0.12741, 0.24075, 0.13029, 0.2412, 0.08735, 0.0209, 0.0783, 0.00443, 0.22753, 0.16952, 0.08022, 0.03316, 0.00955, 0.09123, 0.32242, 0.01976, 0.27884, 0.03502, 0.01528],[],[],31,0
2.5,123,[0.02591, 0.00063, 0.04066, 0.02499, 0.00503, 0.02639, 0.1014, 0.13655, 0.03578, 0.00254, 0.00291, 0.03984, 0.04983],[],[],13,0
2.5,124,[0.00642, 0.01175, 0.07117, 0.04854, 0.00453, 0.07389, 0.13595, 0.18394, 0.14714, 0.00615, 0.07175, 0.06296, 0.01373, 0.16074, 0.00351, 0.11981, 0.1344, 0.10592, 0.01468, 0.22758, 0.05351, 0.06662, 0.00415, 0.04162, 0.07709, 0.232, 0.0869, 0.03049, 0.06618, 0.00924, 0.00936, 0.00476, 0.08671, 0.0531, 0.24015, 0.00497, 0.30424, 0.03074, 0.16193, 0.07352, 0.11374, 0.02334],[],[],42,0
2.5,125,[0.00088, 0.08889, 0.00339, 0.01842, 0.01709, 0.0019, 0.14635, 0.11037, 0.17067, 0.03548, 0.06309, 0.0703, 0.02888, 0.19102, 0.06237, 0.26754, 0.13487, 0.00422, 0.00431, 0.09634, 0.0269, 0.19802, 0.27925, 0.15576, 0.00473, 0.03315, 0.1209, 0.00979, 0.0953, 0.21572, 0.30143, 0.17828, 0.01058, 0.17157, 0.00539],[],[],35,0
2.5,126,[0.00307, 0.01129, 0.00206, 0.00112, 0.0104, 0.0092, 0.01905, 0.10335, 0.00438, 0.00223, 0.08413, 0.01724, 0.04049, 0.01809, 0.19768, 0.00635, 0.00322, 0.0805, 0.08875, 0.01339, 0.00748, 0.27087, 0.12417, 0.14717, 0.08956, 0.04153, 0.2998, 0.00972, 0.00508, 0.00509, 0.01039, 0.00527, 0.03271, 0.04909, 0.13861, 0.30705, 0.26944],[],[],37,0
2.5,127,[0.00488, 0.07087, 0.05902, 0.01907, 0.00178, 0.00194, 0.09372, 0.00298, 0.12084, 0.00334, 0.00705, 0.20487, 0.00374, 0.17362, 0.21899, 0.04759, 0.00402, 0.02842, 0.03744, 0.04398, 0.14895, 0.30655, 0.02802, 0.2168, 0.1532, 0.28664, 0.00536, 0.14289, 0.09443, 0.0167, 0.21436, 0.05081, 0.11376, 0.04559, 0.01719, 0.00593, 0.05981],[],[],37,0
2.5,128,[0.03406, 0.02597, 0.0058, 0.06693, 0.00246, 0.02578, 0.00983, 0.15443, 0.10461, 0.02152, 0.00385, 0.01577, 0.13401, 0.12236, 0.00427, 0.03875, 0.24033, 0.00464, 0.03352, 0.29393, 0.00978, 0.23425, 0.02111, 0.01064, 0.18795, 0.10116, 0.29519, 0.0175, 0.01758, 0.01198, 0.02462, 0.01236, 0.31399, 0.06292, 0.38108, 0.08899, 0.10814, 0.2227, 0.00657, 0.13648, 0.04103, 0.15754, 0.44619, 0.02086],[],[],44,0
2.5,129,[0.01114, 0.05039, 0.02206, 0.02358, 0.08816, 0.02159, 0.01398, 0.01327, 0.09125, 0.00611, 0.08334],[],[],11,0
2.5,130,[0.04115, 0.01173, 0.0839, 0.07982, 0.01371, 0.00408, 0.09515, 0.00208, 0.10444, 0.00537, 0.04765, 0.01012, 0.05113, 0.12685, 0.05223, 0.1329, 0.13355, 0.25692, 0.14707, 0.07764, 0.15307, 0.01596, 0.01201, 0.06989, 0.00899, 0.26044, 0.07536, 0.01421],[],[],28,0
2.5,131,[0.01995, 0.08004, 0.05832, 0.07524, 0.04277, 0.05535, 0.02416, 0.11269, 0.00312, 0.14968, 0.05192, 0.25918, 0.03691, 0.18017, 0.18209, 0.09704, 0.12141, 0.0049, 0.22265, 0.01, 0.03028, 0.01024, 0.24124, 0.05094, 0.09258, 0.09447, 0.02504, 0.03783, 0.36367, 0.04563],[],[],30,0
2.5,132,[0.03047, 0.00072, 0.02164, 0.06442, 0.01334, 0.00798, 0.03582, 0.0649, 0.04005, 0.07464, 0.03401, 0.16933, 0.11776, 0.17736, 0.06724, 0.03961, 0.18789, 0.17958, 0.03329],[],[],19,0
2.5,133,[0.00891, 0.02291, 0.01842, 0.07736, 0.02637, 0.00192, 0.03758, 0.06821, 0.01407, 0.00488, 0.11147, 0.06203, 0.12716, 0.06559, 0.13113, 0.02068, 0.16177, 0.18991, 0.16652, 0.00347, 0.00739, 0.24527, 0.1194, 0.10624, 0.1358, 0.04037, 0.14959, 0.07078, 0.0126, 0.05911, 0.16367, 0.28179, 0.3024, 0.03248, 0.02334, 0.01408, 0.09003, 0.268, 0.12018, 0.28819],[],[],40,0
2.5,134,[0.00638, 0.04067, 0.00141, 0.06743, 0.05817, 0.00399, 0.11298, 0.00414, 0.00463, 0.005, 0.05903, 0.01058, 0.02544, 0.0989, 0.1209, 0.02488, 0.14343, 0.03624, 0.22356, 0.09128, 0.21294, 0.22022, 0.1526, 0.18671, 0.03087, 0.02246],[],[],26,0
2.5,135,[0.00976, 0.00347, 0.1352, 0.00208, 0.0135, 0.00228, 0.01976, 0.13994, 0.07853, 0.00319, 0.10184, 0.05962, 0.08492, 0.08811, 0.1438, 0.00885, 0.20719, 0.03204, 0.23727, 0.00985, 0.06776, 0.0058, 0.08814, 0.35286, 0.04141, 0.36118, 0.32743, 0.00618, 0.18617, 0.31552, 0.2097, 0.04614, 0.05933, 0.06643],[],[],34,0
2.5,136,[0.00162, 0.03364, 0.01403, 0.00803, 0.00962, 0.00884, 0.01077, 0.11134, 0.00438, 0.07535, 0.04655, 0.00702, 0.00977, 0.11242, 0.02718, 0.0925, 0.00833, 0.00283, 0.00567, 0.00593, 0.01222, 0.07777, 0.11376, 0.22691, 0.21696, 0.04138, 0.01386],[],[],27,0
2.5,137,[0.00415, 0.01224, 0.00434, 0.01101, 0.00895, 0.02342, 0.0533, 0.06868, 0.10883, 0.04348, 0.08132, 0.01323, 0.09317, 0.02057, 0.11979, 0.06211, 0.00752, 0.02331],[],[],18,0
2.5,138,[0.03233, 0.02507, 0.01641, 0.11261, 0.02262, 0.11907, 0.11382, 0.06649, 0.04936, 0.16034, 0.0572, 0.0622, 0.14187, 0.09607, 0.00344, 0.1188, 0.0071, 0.12142, 0.08632, 0.01835, 0.01871, 0.05311, 0.27136, 0.21335],[],[],24,0
2.5,139,[0.02242, 0.0729, 0.00797, 0.06234, 0.01392, 0.03831, 0.05025, 0.00308, 0.0125, 0.14637, 0.01288, 0.04761, 0.00353, 0.19358, 0.00359, 0.02638, 0.04902, 0.00403, 0.1213, 0.14279, 0.01826, 0.00459, 0.10675, 0.29777, 0.17184, 0.03612, 0.00517, 0.01553, 0.0052, 0.26314, 0.04838, 0.12587],[],[],32,0
2.5,140,[0.00654, 0.0153, 0.03282, 0.00184, 0.02347, 0.15753, 0.00975, 0.00532, 0.05706, 0.02304, 0.06711, 0.02251, 0.06758, 0.23962, 0.1723, 0.27094, 0.02488, 0.00453, 0.00923, 0.08008, 0.00479, 0.11533, 0.06044, 0.20196, 0.04091, 0.04185, 0.04725, 0.34182, 0.24772, 0.00572, 0.02298, 0.23763, 0.09318, 0.02992, 0.19247, 0.28283, 0.08425, 0.05435, 0.061, 0.03066, 0.06156],[],[],41,0
2.5,141,[0.0009, 0.03345, 0.00157, 0.01177, 0.13515, 0.02583, 0.01603, 0.04171, 0.01934, 0.1244, 0.01046, 0.01414, 0.16618, 0.0037, 0.10191, 0.07213, 0.04934, 0.03189, 0.02333, 0.14098, 0.08982, 0.28907, 0.22145, 0.00491, 0.00999, 0.00506, 0.00527, 0.0318, 0.00531, 0.17353, 0.27657, 0.06299, 0.11608, 0.00598, 0.08763, 0.03229],[],[],36,0
2.5,142,[0.01526, 0.01152, 0.05457, 0.05864, 0.00764, 0.02962, 0.00487, 0.01845, 0.14781, 0.18418, 0.00278, 0.02312, 0.11778, 0.07082, 0.00942, 0.11142, 0.00709, 0.1748, 0.21763, 0.15335, 0.1088, 0.00869, 0.18521, 0.16593, 0.027, 0.20757, 0.17571, 0.05396, 0.00987, 0.22206, 0.28312, 0.18248, 0.07743, 0.13473, 0.23979, 0.06791, 0.08882, 0.05751, 0.24958, 0.21316, 0.02733, 0.03881, 0.15083, 0.02861],[],[],44,0
2.5,143,[0.01018, 0.05893, 0.00129, 0.0288, 0.01668, 0.05462, 0.08425, 0.03026, 0.00562, 0.1418, 0.04656, 0.16587, 0.03568, 0.01691],[],[],14,0
2.5,144,[0.00198, 0.01702, 0.03684, 0.01915, 0.03256, 0.0872, 0.03582, 0.01727, 0.09948, 0.08574, 0.03189],[],[],11,0
2.5,145,[0.00609, 0.00162, 0.02105, 0.00162, 0.08372, 0.01084, 0.12051, 0.00415, 0.01277, 0.04994, 0.0258, 0.02615, 0.00612, 0.21198, 0.12974, 0.15858, 0.00369, 0.01616, 0.16568, 0.02046, 0.07562, 0.04445, 0.28227, 0.19916, 0.01878, 0.00998, 0.24079],[],[],27,0
2.5,146,[0.00347, 0.00409, 0.08067, 0.07922, 0.00444, 0.06228, 0.08523, 0.09362, 0.17855, 0.04811, 0.16267, 0.02813, 0.09439, 0.00681, 0.08807, 0.0988],[],[],16,0
2.5,147,[0.01836, 0.04548, 0.00261, 0.02876, 0.02378, 0.01021, 0.05722, 0.00196, 0.01032, 0.0509, 0.02141, 0.12689, 0.12754, 0.04904, 0.03889, 0.03669, 0.04759],[],[],17,0
2.5,148,[0.00908, 0.05736, 0.00144, 0.00513, 0.10699, 0.00287, 0.00696, 0.08318, 0.23026, 0.00393, 0.13159, 0.00828, 0.12058, 0.04234, 0.00442, 0.03115, 0.03271, 0.26674, 0.00961, 0.00999, 0.32821, 0.0214, 0.00535, 0.18461, 0.19045, 0.12348, 0.39002, 0.43717, 0.11277, 0.24499, 0.22474, 0.34095, 0.38213, 0.0069, 0.0141, 0.15606, 0.0143, 0.20886, 0.40555],[],[],39,0
2.5,149,[0.01131, 0.03908, 0.00118, 0.00149, 0.00168, 0.14218, 0.01802, 0.1206, 0.09976, 0.04994, 0.0248, 0.09797, 0.09013, 0.06545, 0.24754, 0.04559, 0.01673, 0.19891, 0.08656, 0.02652, 0.02667, 0.23349, 0.14967, 0.01912, 0.06898, 0.02052, 0.03173, 0.06301, 0.2433, 0.17245, 0.06635, 0.39383, 0.10382],[],[],33,0
2.5,150,[0.00148, 0.01198, 0.03001, 0.00478, 0.05454, 0.00554, 0.06181, 0.05875, 0.04612, 0.00248, 0.02485, 0.03784, 0.15288, 0.00276, 0.02222, 0.15673, 0.00862, 0.0417, 0.06088, 0.06523, 0.14154, 0.05513, 0.02581, 0.01499, 0.14637, 0.0347, 0.18506, 0.0126, 0.06559, 0.1401, 0.03518],[],[],31,0
2.5,151,[0.00065, 0.00249, 0.00843, 0.09128, 0.02025, 0.06303, 0.00389, 0.06308, 0.03852, 0.01892, 0.05324, 0.02094, 0.11673, 0.15458, 0.03668, 0.11981, 0.23907, 0.14457, 0.18834, 0.04095, 0.00412, 0.1856, 0.03805],[],[],23,0
2.5,152,[0.00266, 0.00329, 0.00136, 0.11431, 0.01447, 0.14001, 0.04296, 0.01985, 0.02452, 0.00596, 0.01238, 0.04728, 0.22429, 0.03469, 0.136, 0.04652, 0.06416, 0.10204, 0.01648, 0.0371, 0.26737, 0.00427, 0.11709, 0.00454, 0.02309, 0.15884, 0.26134, 0.01913, 0.0349, 0.05995, 0.17972, 0.33877],[],[],32,0
2.5,153,[0.0296, 0.00208, 0.06851, 0.0095, 0.01786, 0.06868, 0.04933, 0.03637, 0.13137, 0.1839, 0.08737, 0.01165, 0.0636, 0.2152, 0.02939, 0.01654, 0.00333, 0.16353, 0.01339, 0.01369, 0.09278, 0.25007, 0.02039, 0.09608, 0.15111, 0.23892, 0.01325, 0.041, 0.0506, 0.07078, 0.12095, 0.17218, 0.24708, 0.04999, 0.14637, 0.14658, 0.05567],[],[],37,0
2.5,154,[0.04134, 0.00783, 0.01053, 0.04279, 0.03154, 0.01969, 0.01762, 0.07387, 0.07512, 0.18146, 0.1914, 0.10265, 0.06581, 0.20706, 0.07907, 0.00951, 0.00721, 0.1747, 0.05898, 0.01505, 0.13765, 0.22003, 0.14444, 0.20831, 0.07862, 0.07082, 0.00908, 0.01861, 0.00475, 0.01444, 0.00483, 0.04421],[],[],32,0
2.5,155,[0.00314, 0.07851, 0.0215, 0.00797, 0.09326, 0.0964, 0.0053, 0.00583, 0.03273, 0.01496, 0.00305, 0.17784, 0.15246, 0.13104, 0.0414, 0.02877, 0.00786, 0.18979, 0.02094, 0.0044, 0.24938, 0.02782, 0.31244, 0.01465, 0.03551, 0.0783, 0.20853, 0.04392, 0.03328],[],[],29,0
2.5,156,[0.0063, 0.00527, 0.00203, 0.00108, 0.00991, 0.03965, 0.09337, 0.00399, 0.09339, 0.0022, 0.0084, 0.16824, 0.17857, 0.00662, 0.22877, 0.13689, 0.18563, 0.09176, 0.14203, 0.19354, 0.10078, 0.16418, 0.07257, 0.12673, 0.05291, 0.02236, 0.15343, 0.29536, 0.14335, 0.29286, 0.00473, 0.03422, 0.0295, 0.16794],[],[],34,0
2.5,157,[0.00469, 0.07643, 0.00562, 0.0502, 0.01159, 0.04471, 0.12107, 0.17414, 0.15168, 0.00294, 0.01474, 0.01304, 0.07211, 0.00704, 0.13671, 0.02645, 0.11724, 0.19274, 0.04628, 0.07345, 0.00425, 0.21228, 0.2798, 0.03556, 0.1336, 0.24165, 0.21227, 0.31136, 0.16199, 0.11616, 0.15455, 0.01542, 0.06741, 0.1792, 0.25508, 0.24927, 0.02919, 0.00585, 0.07033, 0.27035, 0.08244],[],[],41,0
2.5,158,[0.09299, 0.08109, 0.01808, 0.07228, 0.1161, 0.02169, 0.00629, 0.00446, 0.04471, 0.04821, 0.11623, 0.10763, 0.00497, 0.01616, 0.00551, 0.0144, 0.18847, 0.03243, 0.14792, 0.06097],[],[],20,0
2.5,159,[0.01544, 0.00689, 0.045, 0.00812, 0.01483, 0.01792, 0.2084, 0.00338, 0.01774, 0.01107, 0.01845, 0.0338, 0.17037, 0.0116, 0.00389, 0.26912, 0.03443, 0.08531, 0.09116],[],[],19,0
2.5,160,[0.02379, 0.02794, 0.11273, 0.03289, 0.06473, 0.02494, 0.1363, 0.06, 0.00553, 0.14517, 0.05288, 0.01526, 0.02172, 0.16978, 0.04415, 0.20345, 0.18303, 0.07145, 0.02821, 0.01637, 0.01669, 0.06348, 0.0137, 0.09148, 0.00938, 0.1415, 0.11218, 0.03455],[],[],28,0
2.5,161,[0.01228, 0.07413, 0.00711, 0.09574, 0.10169, 0.01861, 0.00318, 0.00708, 0.00379, 0.004, 0.08972, 0.25254, 0.0383, 0.24442, 0.00454, 0.08442, 0.33105, 0.1504, 0.01595, 0.19177, 0.12033, 0.19471, 0.04148, 0.39878, 0.21084, 0.35572, 0.14626, 0.33466, 0.45484, 0.06231, 0.00715, 0.01471, 0.27416, 0.41181, 0.00752, 0.27319, 0.01545, 0.00782, 0.03131, 0.00789, 0.0158, 0.05607, 0.00809, 0.00812, 0.23783, 0.01654, 0.55471, 0.05942, 0.32302, 0.02556, 0.12021, 0.56193, 0.00881],[],[],53,0
2.5,162,[0.07496, 0.04853, 0.11271, 0.00598, 0.07216, 0.00457, 0.00245, 0.06996, 0.1008, 0.09602, 0.03522, 0.02467, 0.13015, 0.12513, 0.18946, 0.00317, 0.07252, 0.00364, 0.17548, 0.00763, 0.07383, 0.04648, 0.09178, 0.01318, 0.23863, 0.08401, 0.13817, 0.08063, 0.07384, 0.20608, 0.06623, 0.038, 0.02933, 0.23962, 0.15284],[],[],35,0
2.5,163,[0.0671, 0.07365, 0.00355, 0.02177, 0.00766, 0.0081, 0.00279, 0.09944, 0.02, 0.07444, 0.2248, 0.2455, 0.07167, 0.09975, 0.00966, 0.31143, 0.03498, 0.02049, 0.17458, 0.01051, 0.04825, 0.15663, 0.03908, 0.12417, 0.18745, 0.38152, 0.01167, 0.05327, 0.20235, 0.33938, 0.31278, 0.04383, 0.00626, 0.00631, 0.00667, 0.44297, 0.01359, 0.253, 0.03453, 0.09938, 0.39338, 0.02176],[],[],42,0
2.5,164,[0.01329, 0.02261, 0.00253, 0.04985, 0.01513, 0.06234, 0.12587, 0.02754, 0.01922, 0.06407, 0.09358, 0.09011, 0.03853, 0.00354, 0.17591, 0.04685, 0.01082, 0.07369, 0.0259],[],[],19,0
2.5,165,[0.00201, 0.08062, 0.07918, 0.04229, 0.01012, 0.15061, 0.11599, 0.1761, 0.0859, 0.14898, 0.04676, 0.00581, 0.13293, 0.00305, 0.10011, 0.16918, 0.01016, 0.22386, 0.12937, 0.16346],[],[],20,0
2.5,166,[0.00015, 0.00365, 0.00248, 0.05941, 0.0144, 0.01769, 0.02018, 0.08897, 0.09298, 0.0042, 0.00442, 0.12502, 0.00782, 0.00932, 0.05658, 0.00325, 0.02036, 0.05552, 0.11029, 0.23658, 0.18349, 0.10001, 0.01132, 0.01141, 0.15734, 0.0395, 0.13461, 0.06411, 0.25797, 0.02469, 0.12531, 0.16007, 0.13376, 0.03104],[],[],34,0
2.5,167,[0.00582, 0.01266, 0.0108, 0.0863, 0.09181, 0.08521, 0.19527, 0.04101, 0.14909, 0.16399, 0.01221, 0.11406, 0.14702, 0.03276, 0.19884, 0.06369, 0.03693, 0.06969, 0.08204, 0.00359, 0.22703, 0.12325, 0.00867, 0.10441, 0.28169, 0.00467, 0.00948, 0.0481, 0.00484, 0.24362],[],[],30,0
2.5,168,[0.00078, 0.00633, 0.05129, 0.00523, 0.00799, 0.04296, 0.01101, 0.01234, 0.01488, 0.14321, 0.12435, 0.10193, 0.00315, 0.20158, 0.06787, 0.05173, 0.18824, 0.22897, 0.01595, 0.02803, 0.14903, 0.0727, 0.09293, 0.04119, 0.0907, 0.00849, 0.2859, 0.06101, 0.01826, 0.01406, 0.17833, 0.09058],[],[],32,0
2.5,169,[0.04708, 0.01586, 0.02061, 0.00537, 0.09652, 0.10085, 0.03886, 0.12279, 0.01529, 0.01625, 0.02203, 0.2175, 0.13749, 0.04054, 0.01698, 0.01048, 0.00708, 0.1098, 0.11671, 0.23875, 0.18986, 0.06233, 0.15234, 0.06579, 0.14144, 0.00841, 0.05146, 0.10348, 0.09156, 0.15708, 0.12283, 0.12035],[],[],32,0
2.5,170,[0.00781, 0.01639, 0.02818, 0.09274, 0.0773, 0.04552, 0.05815, 0.02989, 0.12189, 0.18037, 0.01095, 0.00283, 0.04002, 0.05549, 0.14151, 0.03849],[],[],16,0
2.5,171,[0.0154, 0.04445, 0.00143, 0.0812, 0.08871, 0.04529, 0.03534, 0.02226, 0.15298, 0.06034, 0.05886, 0.18651, 0.10889, 0.03385, 0.07657, 0.0356, 0.0342, 0.25143, 0.21906, 0.03958, 0.01243, 0.21258, 0.13293, 0.00457, 0.04256, 0.26451, 0.3213, 0.04396, 0.07854, 0.03054, 0.11801, 0.04687, 0.02721, 0.16372, 0.21832, 0.22518, 0.22191, 0.01246, 0.21922, 0.35313, 0.17168],[],[],41,0
2.5,172,[0.01288, 0.03212, 0.02855, 0.01766, 0.08161, 0.01365, 0.00404, 0.11795, 0.00233, 0.03535, 0.06107, 0.07552, 0.11495, 0.0055, 0.15614, 0.07481, 0.13702, 0.18451, 0.00923, 0.17521, 0.02201, 0.11529, 0.12727, 0.02732, 0.25449, 0.10885, 0.02043, 0.0721, 0.15333, 0.27263, 0.06206, 0.04475, 0.17049, 0.00451, 0.05004, 0.01385, 0.11095, 0.04237],[],[],38,0
2.5,173,[0.07235, 0.07289, 0.05964, 0.01782, 0.02721, 0.01856, 0.03991, 0.043, 0.15643, 0.02705, 0.03099, 0.20251, 0.016, 0.05134, 0.1114, 0.07627, 0.021, 0.07789, 0.03295, 0.03333, 0.22127, 0.00402, 0.26665, 0.04281, 0.22667, 0.00488, 0.14647, 0.33279, 0.28024, 0.15235, 0.01112, 0.12829, 0.05045, 0.08983, 0.00565, 0.01141],[],[],36,0
2.5,174,[0.00102, 0.05696, 0.00353, 0.07235, 0.00412, 0.01713, 0.01498, 0.15198, 0.13378, 0.00273, 0.03839, 0.00575, 0.03197, 0.10965, 0.06412, 0.18714, 0.02442, 0.23785, 0.16851, 0.19866, 0.00376, 0.03037],[],[],22,0
2.5,175,[0.07586, 0.05296, 0.01868, 0.03578, 0.03245, 0.00297, 0.02871, 0.02348, 0.1127, 0.05619, 0.00179, 0.02281, 0.13281, 0.11868, 0.03508, 0.05965, 0.0057, 0.01153],[],[],18,0
2.5,176,[0.00408, 0.00892, 0.01241, 0.11, 0.04289, 0.15299, 0.04849, 0.12262, 0.0854, 0.00855, 0.01152, 0.17035, 0.00327, 0.00328, 0.0474, 0.17733, 0.19619, 0.01644, 0.02472, 0.08679, 0.03102, 0.15281, 0.0809, 0.03175, 0.01405, 0.00484, 0.0597],[],[],27,0
2.5,177,[0.01475, 0.10665, 0.03276, 0.03903, 0.03863, 0.05466, 0.10321, 0.03713, 0.17091, 0.02466, 0.00846, 0.05308, 0.06585, 0.04413, 0.05893],[],[],15,0
2.5,178,[0.00308, 0.00243, 0.0879, 0.11035, 0.06732, 0.07267, 0.00185, 0.01254, 0.03249, 0.11111, 0.03291, 0.14087, 0.08705, 0.06528, 0.102, 0.10713, 0.00337, 0.1217, 0.21886, 0.03262, 0.1603, 0.02627, 0.07655, 0.17962, 0.23391, 0.00448, 0.15406, 0.09664, 0.22576, 0.00464, 0.00939, 0.05248, 0.01012, 0.06765, 0.16151, 0.13139, 0.10588, 0.02198, 0.06625, 0.01128, 0.0228, 0.02293, 0.0588, 0.10716, 0.02982],[],[],45,0
2.5,179,[0.01145, 0.01908, 0.00116, 0.09376, 0.06776, 0.04305, 0.00492, 0.00185, 0.02502, 0.12459, 0.1707, 0.00646, 0.04335, 0.17034, 0.03365, 0.01898, 0.12154, 0.00776, 0.03463, 0.13552, 0.01312, 0.01349, 0.13265, 0.09636, 0.19189, 0.14192, 0.06684, 0.04317, 0.16807, 0.09776, 0.0049, 0.0148, 0.00495],[],[],33,0
2.5,180,[0.02469, 0.04208, 0.05108, 0.00371, 0.01829, 0.01716, 0.0558, 0.00274, 0.02193, 0.00279, 0.13473, 0.15421, 0.00646, 0.06195, 0.00666, 0.12911, 0.07379, 0.02606, 0.01565, 0.17655, 0.21375, 0.03271],[],[],22,0
2.5,181,[0.00197, 0.06526, 0.0037, 0.03126, 0.00591, 0.00789, 0.04143, 0.0169, 0.13191, 0.03317, 0.00266, 0.10264, 0.00851, 0.02593, 0.05216, 0.15431, 0.08069, 0.20033, 0.16147, 0.00725, 0.04387, 0.19133, 0.03241, 0.1257, 0.12667, 0.27517, 0.00446, 0.01833, 0.05601],[],[],29,0
2.5,182,[0.04558, 0.00205, 0.00331, 0.00131, 0.00559, 0.00306, 0.01722, 0.11075, 0.01995, 0.02085, 0.0398, 0.03111, 0.07904, 0.03316, 0.09629, 0.04753, 0.09277, 0.05101, 0.02528, 0.09901, 0.18778, 0.12655, 0.10738, 0.02512, 0.08073, 0.06835, 0.02589],[],[],27,0
2.5,183,[0.00165, 0.07486, 0.01515, 0.03143, 0.04404, 0.16298, 0.01983, 0.07915, 0.10915, 0.0031, 0.0033, 0.22017, 0.01335, 0.08703, 0.11969, 0.04516, 0.03475, 0.24899, 0.01558, 0.00792, 0.01274, 0.00434, 0.0652, 0.03045, 0.00452, 0.05087, 0.25604, 0.00473, 0.01426, 0.0434, 0.04379, 0.14218, 0.14772, 0.17245, 0.12542, 0.00509],[],[],36,0
2.5,184,[0.00296, 0.00999, 0.03767, 0.02516, 0.01134, 0.0431, 0.02947, 0.00266, 0.02244, 0.01122, 0.20036, 0.00936, 0.0063, 0.01574, 0.06008, 0.01614, 0.04957, 0.02256, 0.25361, 0.004, 0.01694, 0.26953, 0.04611, 0.20926, 0.08966, 0.22444, 0.0918, 0.04758, 0.02146, 0.21521, 0.04365, 0.10205, 0.38473, 0.06695],[],[],34,0
2.5,185,[0.00556, 0.05871, 0.00818, 0.06211, 0.01642, 0.05485, 0.00686, 0.01843, 0.00419, 0.05144, 0.00687, 0.02071, 0.10522, 0.01293, 0.151, 0.15642, 0.01229, 0.13114, 0.10029, 0.00375, 0.01895, 0.03819, 0.14008, 0.19584, 0.01292, 0.0303, 0.20286, 0.03106, 0.18119, 0.11344, 0.2879, 0.25712],[],[],32,0
2.5,186,[0.00057, 0.0657, 0.05034, 0.09672, 0.0171, 0.00298, 0.0478, 0.09038, 0.06815, 0.14314, 0.062, 0.21339, 0.02049, 0.01438, 0.08682, 0.09807, 0.21289, 0.01584, 0.13894, 0.22109, 0.18554],[],[],21,0
2.5,187,[0.06306, 0.00485, 0.02152, 0.03711, 0.04213, 0.11476, 0.0641, 0.00273, 0.11415, 0.18389, 0.10374, 0.14161, 0.03072, 0.12996, 0.03199, 0.22419, 0.00362, 0.00399, 0.14973, 0.04685, 0.00428, 0.19709, 0.10563, 0.02382, 0.23174, 0.07374, 0.13842, 0.05971, 0.10332, 0.07772, 0.11163, 0.09795, 0.31393, 0.02394, 0.18855, 0.41004],[],[],36,0
2.5,188,[0.0745, 0.057, 0.11709, 0.00657, 0.07725, 0.00248, 0.0966, 0.12243, 0.07865, 0.10396, 0.12972, 0.02792, 0.19636, 0.04235, 0.06513, 0.03777, 0.00345, 0.0211, 0.00364, 0.17649, 0.00374, 0.00386, 0.07857, 0.0083, 0.07531, 0.03888, 0.00871, 0.01322, 0.01769, 0.13782, 0.1993, 0.03188, 0.24664, 0.08797, 0.00932, 0.1181],[],[],36,0
2.5,189,[0.00402, 0.01394, 0.03049, 0.00178, 0.03005, 0.01008, 0.13695, 0.01377, 0.14968, 0.11782, 0.12563, 0.00286, 0.09824, 0.04694, 0.00929, 0.09398, 0.21104, 0.03436, 0.02802, 0.0864, 0.18931, 0.0807, 0.22483, 0.23287, 0.28488, 0.09852, 0.09919, 0.00987, 0.17911, 0.05142, 0.0633, 0.04753, 0.02678, 0.21301, 0.10281, 0.05151],[],[],36,0
2.5,190,[0.06444, 0.03603, 0.01572, 0.04248, 0.00839, 0.07057, 0.04853, 0.03182, 0.03232, 0.09502, 0.10173, 0.20229, 0.02435, 0.00348, 0.16131, 0.00741, 0.03052, 0.20453, 0.0843, 0.08048, 0.00814, 0.02604, 0.15276, 0.02872, 0.07375, 0.18003, 0.08805, 0.28231, 0.00535, 0.10829, 0.35448, 0.07121, 0.0055, 0.22718, 0.01111, 0.33493, 0.07833, 0.05057, 0.11308, 0.01147, 0.09961, 0.19972, 0.17836, 0.03581, 0.00597],[],[],45,0
2.5,191,[0.04887, 0.08178, 0.05874, 0.02246, 0.00824, 0.02062, 0.11539, 0.14705, 0.01625, 0.02222, 0.17737, 0.00691, 0.02074, 0.12204, 0.0037, 0.24554],[],[],16,0
2.5,192,[0.01233, 0.02858, 0.02502, 0.00729, 0.02965, 0.08662, 0.05508, 0.02663, 0.03026],[],[],9,0
2.5,193,[0.03772, 0.08204, 0.02133, 0.02092, 0.10265, 0.14336, 0.10109, 0.06926, 0.044, 0.11913, 0.04305, 0.0885, 0.20359, 0.11811, 0.0218, 0.17138, 0.06654, 0.06923],[],[],18,0
2.5,194,[0.0192, 0.00334, 0.00089, 0.04581, 0.07126, 0.087, 0.0151, 0.05783, 0.00379, 0.12787, 0.00861, 0.04511, 0.02519],[],[],13,0
2.5,195,[0.01706, 0.07707, 0.06392, 0.03541, 0.04775, 0.0806, 0.00439, 0.02197, 0.10668, 0.00298, 0.00606, 0.14474, 0.25143, 0.05799, 0.02379, 0.01814, 0.17732, 0.11465, 0.17528, 0.21482, 0.04445, 0.09885, 0.03974, 0.03002, 0.23809, 0.08664, 0.03954],[],[],27,0
2.5,196,[0.02641, 0.0007, 0.02524, 0.04177, 0.01411, 0.00332, 0.10992, 0.00215, 0.08347, 0.00273, 0.05586, 0.16829, 0.17847, 0.14475, 0.0158, 0.00327, 0.06585, 0.01839, 0.00369, 0.04531, 0.10166, 0.18514, 0.12922, 0.04654, 0.01276, 0.29996, 0.15401, 0.12294, 0.19412, 0.07766, 0.2185, 0.21681],[],[],32,0
2.5,197,[0.01859, 0.00901, 0.0041, 0.02739, 0.11708, 0.00392, 0.04582, 0.03418, 0.07983, 0.15144, 0.03838, 0.00797, 0.12944, 0.08097, 0.13332, 0.06733, 0.02996, 0.20386, 0.03384, 0.01575, 0.22072, 0.2012, 0.26881, 0.00413, 0.02119, 0.03868, 0.00447, 0.25314, 0.09656, 0.01896, 0.00479, 0.16851, 0.10643, 0.01962, 0.00493, 0.09005, 0.01051, 0.1432, 0.11303, 0.11863, 0.06522, 0.05584, 0.20123, 0.02805, 0.03367, 0.36759],[],[],46,0
2.5,198,[0.04982, 0.00968, 0.04931, 0.08297, 0.06158, 0.02204, 0.01561, 0.07735, 0.01091, 0.00564, 0.08912, 0.03491, 0.03511, 0.06782, 0.22098, 0.05451, 0.00388, 0.17893, 0.00396, 0.00821, 0.0822, 0.08885, 0.22373, 0.00447, 0.02705, 0.00455, 0.01826, 0.00463, 0.00951, 0.03358, 0.04362, 0.26645, 0.04057, 0.18453, 0.17148, 0.09144, 0.00554, 0.11183, 0.33673, 0.0793, 0.37255, 0.20121, 0.11947],[],[],43,0
2.5,199,[0.01791, 0.00054, 0.0012, 0.08712, 0.09147, 0.06101, 0.11356, 0.06572, 0.01482, 0.0932, 0.00944, 0.01196, 0.07357, 0.00247, 0.00263, 0.00882, 0.057, 0.00301, 0.00325, 0.2217, 0.14301, 0.07142, 0.0964, 0.00398, 0.26469, 0.24349, 0.00816, 0.03285, 0.06172, 0.00824, 0.0126, 0.00421, 0.10244, 0.03425, 0.18627, 0.20982, 0.02753],[],[],37,0

