2.5,0,[0.00824, 0.01092, 0.01416, 0.01239, 0.00549, 0.0226, 0.04588, 0.02996, 0.00769, 0.05769, 0.00858, 0.00293, 0.01213, 0.08333, 0.07923, 0.13407, 0.147, 0.01818, 0.16132, 0.12243, 0.02381, 0.09555, 0.08369, 0.04403, 0.26141, 0.00425, 0.03415, 0.09139, 0.0227, 0.04613, 0.01853, 0.01412, 0.00472, 0.02844, 0.00479, 0.09236, 0.00492, 0.2323, 0.08988, 0.24099, 0.15132, 0.03594, 0.13938, 0.19659, 0.0105, 0.00562, 0.00562, 0.04014],[],[],48,0
2.5,1,[0.00029, 0.00379, 0.04989, 0.04658, 0.07161, 0.02209, 0.04084, 0.05231, 0.00203, 0.02242, 0.01242, 0.00867, 0.00662, 0.01368, 0.01815, 0.1628, 0.11997, 0.14215, 0.01759],[],[],19,0
2.5,2,[0.01085, 0.02226, 0.01683, 0.01912, 0.00271, 0.09503, 0.03003, 0.00919, 0.0019, 0.06945, 0.04867, 0.04436, 0.02942, 0.02466, 0.07259, 0.17428],[],[],16,0
2.5,3,[0.0193, 0.05221, 0.08639, 0.04978, 0.08871, 0.13033, 0.08583, 0.10091, 0.07785, 0.17, 0.00848, 0.15518, 0.02684, 0.05105],[],[],14,0
2.5,4,[0.04177, 0.04495, 0.01124, 0.00137, 0.0701, 0.01364, 0.04533, 0.12985, 0.00672, 0.09667, 0.00899, 0.07815, 0.21951, 0.01425, 0.21181, 0.01448, 0.22803, 0.04417, 0.16042, 0.2561, 0.01185, 0.0482, 0.13708],[],[],23,0
2.5,5,[0.02155, 0.06611, 0.0146, 0.03294, 0.00202, 0.05539, 0.07036, 0.12264, 0.06141, 0.02328, 0.12722, 0.00511, 0.09346, 0.02407, 0.11845, 0.10978, 0.18331, 0.03791, 0.22019, 0.07364, 0.06367, 0.12499, 0.00771, 0.11661, 0.00801, 0.24938, 0.01221, 0.06732, 0.18033, 0.19438, 0.25787, 0.12492, 0.00449, 0.0091, 0.1081, 0.09417, 0.20479, 0.0342, 0.00996, 0.045, 0.20917, 0.05643, 0.01561],[],[],43,0
2.5,6,[0.02754, 0.01902, 0.00117, 0.03152, 0.03497, 0.00363, 0.1117, 0.11534, 0.0077, 0.01429, 0.04766, 0.18802, 0.05212, 0.1663, 0.01177, 0.09091, 0.07725, 0.04095, 0.27381, 0.01712, 0.00872, 0.05524, 0.14842, 0.00468, 0.00477, 0.01914],[],[],26,0
2.5,7,[0.04134, 0.0105, 0.00987, 0.0116, 0.00658, 0.00548, 0.08802, 0.0624, 0.00558, 0.11506, 0.03583, 0.11945, 0.04891, 0.14759, 0.0182, 0.04209, 0.12772, 0.01289, 0.20218, 0.13263, 0.15309, 0.17792, 0.08098, 0.02043, 0.26632, 0.01714, 0.00433, 0.28326, 0.01747, 0.06225, 0.03591, 0.31129, 0.11191, 0.02374, 0.04302, 0.13628, 0.28968, 0.29023, 0.23706],[],[],39,0
2.5,8,[0.00254, 0.00052, 0.00093, 0.0147, 0.02372, 0.00307, 0.05319, 0.00876, 0.01138, 0.00843, 0.02764, 0.0032, 0.04754, 0.07222, 0.09035, 0.04601, 0.02146, 0.15561, 0.01548, 0.00399, 0.01253, 0.00944, 0.07603, 0.08234, 0.17007, 0.01509, 0.03031, 0.15871, 0.35373, 0.01085, 0.18537, 0.35339, 0.0343, 0.13219, 0.12115, 0.17308, 0.15105, 0.25533, 0.01807],[],[],39,0
2.5,9,[0.00523, 0.05487, 0.02223, 0.0879, 0.00143, 0.04945, 0.00766, 0.1033, 0.03661, 0.0039, 0.0221, 0.00818, 0.10692, 0.01195, 0.00503, 0.14874, 0.02378, 0.02339, 0.13276, 0.05569, 0.06991, 0.04962, 0.21186, 0.16429, 0.13979, 0.16021, 0.02955, 0.27578, 0.29666, 0.30687, 0.0046, 0.28133, 0.01445, 0.02415, 0.21853, 0.0206, 0.04138, 0.1242, 0.30328, 0.12073, 0.25013, 0.14945, 0.24275, 0.12714, 0.04987, 0.12989, 0.00566, 0.23962, 0.37908],[],[],49,0
2.5,10,[0.00067, 0.01383, 0.0203, 0.05967, 0.03516, 0.09474, 0.0017, 0.00184, 0.02081, 0.04303, 0.15381, 0.16386, 0.09418, 0.00573, 0.00586, 0.13544, 0.12149, 0.03787, 0.18707, 0.04834, 0.00646, 0.03028],[],[],22,0
2.5,11,[0.0319, 0.0172, 0.04568, 0.02192, 0.01671, 0.03616, 0.00749, 0.08939, 0.00674, 0.0135, 0.05404, 0.0036, 0.01453, 0.00375, 0.00378, 0.01543, 0.00398, 0.00839, 0.0043, 0.03061, 0.06471, 0.11309, 0.01422, 0.02861, 0.00985, 0.20732, 0.05453, 0.01001],[],[],28,0
2.5,12,[0.02544, 0.00268, 0.0343, 0.00405, 0.07093, 0.00156, 0.01498, 0.07281, 0.05287, 0.02721, 0.15704, 0.17723, 0.20419, 0.18942, 0.19724, 0.02866, 0.15664, 0.01018, 0.08562, 0.24959, 0.01658, 0.10442, 0.20054, 0.26606, 0.05162, 0.03917, 0.00892, 0.08931, 0.28912, 0.00462, 0.10702, 0.30771, 0.03375, 0.01502, 0.08579, 0.01028, 0.09968, 0.01575, 0.22297, 0.00535, 0.0919, 0.35179, 0.09209, 0.22281, 0.10338, 0.02203, 0.01709, 0.00582, 0.21119, 0.01769, 0.15381, 0.07753, 0.17299, 0.23383, 0.00605, 0.34607, 0.17135, 0.06748, 0.36471, 0.17358, 0.09935, 0.075],[],[],62,0
2.5,13,[0.06165, 0.00657, 0.03037, 0.12775, 0.12799, 0.06059, 0.13051, 0.15595, 0.09766, 0.11997, 0.03091, 0.00259, 0.00271, 0.15821, 0.01123, 0.00581, 0.04786, 0.11446, 0.04833, 0.03496, 0.03894, 0.06747, 0.00365, 0.04795, 0.0037, 0.15806, 0.06742, 0.1909, 0.19169, 0.03331, 0.27262, 0.08485, 0.04706, 0.01784],[],[],34,0
2.5,14,[0.00922, 0.01057, 0.01001, 0.00616, 0.03587, 0.04518, 0.03735, 0.03382, 0.13886, 0.08228, 0.06927, 0.02019, 0.00346, 0.03547, 0.04403, 0.03292, 0.00828, 0.02996, 0.00927, 0.12212, 0.14181, 0.10974, 0.01937, 0.17729, 0.00525, 0.1803, 0.00537, 0.01107, 0.36611, 0.15782, 0.05106, 0.01145, 0.25425, 0.01158],[],[],34,0
2.5,15,[0.00088, 0.06437, 0.01539, 0.05815, 0.10914, 0.03523, 0.00196, 0.09495, 0.04496, 0.01075, 0.04743, 0.02499, 0.01703, 0.07397, 0.01255, 0.04441, 0.01597],[],[],17,0
2.5,16,[0.05856, 0.00303, 0.02063, 0.00939, 0.02468, 0.01933, 0.04848, 0.00238, 0.00523, 0.00528, 0.1619, 0.06353, 0.12112, 0.04889, 0.07222, 0.0157, 0.04345, 0.0037, 0.01488, 0.08618, 0.23432, 0.00398, 0.00403, 0.02468, 0.07339, 0.07438, 0.02646, 0.00883, 0.13947, 0.01811, 0.00453, 0.0046, 0.29768, 0.05123, 0.19456, 0.00496, 0.29963, 0.01585, 0.0054, 0.01098],[],[],40,0
2.5,17,[0.02426, 0.0458, 0.03595, 0.04808, 0.0473, 0.03363, 0.0152, 0.06118, 0.00835, 0.01972, 0.03605, 0.01514, 0.03792, 0.21748, 0.13896, 0.01, 0.00337, 0.07541, 0.00379, 0.01545, 0.07026],[],[],21,0
2.5,18,[0.00929, 0.00916, 0.07746, 0.01306, 0.03367, 0.07086, 0.04229, 0.01433, 0.00623, 0.01464, 0.0043, 0.1307, 0.00738, 0.15501, 0.15962, 0.06041, 0.01332, 0.0296, 0.03956, 0.00326, 0.20203, 0.06231, 0.05618, 0.18367, 0.07777, 0.14954, 0.2615, 0.00429, 0.26271, 0.28821, 0.14677, 0.08146, 0.04246, 0.16168, 0.15298],[],[],35,0
2.5,19,[0.00054, 0.0059, 0.0195, 0.00071, 0.03001, 0.02753, 0.03797, 0.0786, 0.08602, 0.03816, 0.10117, 0.09746, 0.00932, 0.054, 0.1732, 0.00535, 0.04564],[],[],17,0
2.5,20,[0.00952, 0.00491, 0.01025, 0.0279, 0.00262, 0.04254, 0.03728, 0.02681, 0.04809, 0.08845, 0.05208, 0.16389, 0.00505, 0.08163, 0.0385, 0.00533, 0.04877, 0.01383, 0.04196],[],[],19,0
2.5,21,[0.09499, 0.01694, 0.12844, 0.00451, 0.05132, 0.06697, 0.02984, 0.0693, 0.00315, 0.01268, 0.00988, 0.14673, 0.04123, 0.12152, 0.03441, 0.02689, 0.05044, 0.24128, 0.10227, 0.02463, 0.00831],[],[],21,0
2.5,22,[0.00561, 0.01139, 0.02793, 0.01443, 0.00167, 0.00177, 0.11411, 0.00432, 0.01819, 0.14955, 0.15797, 0.09264, 0.02498, 0.00572, 0.02333, 0.0532, 0.02411, 0.09723, 0.13825, 0.18234, 0.00311, 0.04148],[],[],22,0
2.5,23,[0.00055, 0.00063, 0.01158, 0.06437, 0.02795, 0.04913, 0.01324, 0.0034, 0.01703, 0.01921, 0.00249, 0.11812, 0.01705, 0.04053, 0.1104, 0.09572, 0.01206, 0.0041, 0.01252, 0.1586, 0.09906, 0.01381, 0.04281, 0.01914, 0.02877],[],[],25,0
2.5,24,[0.00944, 0.06414, 0.0049, 0.00317, 0.10083, 0.00546, 0.00227, 0.09798, 0.09675, 0.00253, 0.04939, 0.01344, 0.02834, 0.14914, 0.01255, 0.18298, 0.19914, 0.15792, 0.00678, 0.02716, 0.08371, 0.23012, 0.21997, 0.06982, 0.10446, 0.24949, 0.06712, 0.15453, 0.03566, 0.00406, 0.25363, 0.04552, 0.26231, 0.04964, 0.28608, 0.00923, 0.08017, 0.00475, 0.05301, 0.12941, 0.11671, 0.08231, 0.00525, 0.01062, 0.32511, 0.12837, 0.02157, 0.10831, 0.32001, 0.07618, 0.26172, 0.23414, 0.01758, 0.01795],[],[],54,0
2.5,25,[0.00777, 0.0008, 0.02792, 0.07991, 0.04075, 0.02006, 0.06821, 0.01843, 0.00479, 0.03066, 0.0232, 0.00606, 0.01853, 0.02475, 0.00327, 0.14598, 0.01761, 0.20082, 0.12546, 0.21996, 0.00416, 0.06284],[],[],22,0
2.5,26,[0.0009, 0.02445, 0.03653, 0.0159, 0.1043, 0.00186, 0.09848, 0.04507, 0.01716, 0.01517],[],[],10,0
2.5,27,[0.00866, 0.00673, 0.00452, 0.02642, 0.00572, 0.03459, 0.06892, 0.05651, 0.0243, 0.09473, 0.05043, 0.06334, 0.05533, 0.17854, 0.01742, 0.0721, 0.01216, 0.05562, 0.00313, 0.08751, 0.04018, 0.16188, 0.01014, 0.05925],[],[],24,0
2.5,28,[0.00723, 0.00509, 0.00075, 0.06445, 0.03981, 0.10732, 0.04918, 0.11565, 0.11854, 0.02085, 0.0361, 0.04257, 0.12088, 0.19698, 0.03144, 0.11251, 0.17691, 0.16735, 0.12027, 0.01388, 0.06724, 0.00757, 0.24458, 0.21589, 0.06503, 0.00415, 0.05036, 0.24521],[],[],28,0
2.5,29,[0.06484, 0.10644, 0.10688, 0.00759, 0.12225, 0.07296, 0.14726, 0.02472, 0.0354, 0.11032, 0.00791, 0.01759, 0.03337, 0.05308, 0.02226, 0.13999, 0.01958, 0.0033, 0.07263, 0.1272, 0.24557, 0.01918, 0.08942],[],[],23,0
2.5,30,[0.02057, 0.00137, 0.06732, 0.00326, 0.03299, 0.00219, 0.00446, 0.04181, 0.10079, 0.03666, 0.00495, 0.01496, 0.06538, 0.02144, 0.0055, 0.01498, 0.07603, 0.1339, 0.06116, 0.15747, 0.22534, 0.09456, 0.03419, 0.00352, 0.01075, 0.00728, 0.22874, 0.15137, 0.06876, 0.08901, 0.16452, 0.07531, 0.00433, 0.25738, 0.11018, 0.12079, 0.1189, 0.00476, 0.03403, 0.05463],[],[],40,0
2.5,31,[0.00565, 0.03405, 0.00132, 0.00141, 0.07028, 0.02805, 0.02691, 0.08866, 0.00249, 0.01562, 0.07272, 0.13585, 0.00931, 0.1385, 0.20092, 0.00338, 0.00348, 0.20782, 0.00355, 0.18218, 0.00418, 0.2161, 0.12944, 0.01351, 0.29595, 0.02794, 0.01908, 0.06626],[],[],28,0
2.5,32,[0.01042, 0.00647, 0.00113, 0.01324, 0.02732, 0.03945, 0.00078, 0.00397, 0.03077, 0.00494, 0.09597, 0.03318],[],[],12,0
2.5,33,[0.03188, 0.03728, 0.01269, 0.0018, 0.00382, 0.09772, 0.05397, 0.03837, 0.0965, 0.06529, 0.05292, 0.00256, 0.04912, 0.06053, 0.04234, 0.02797, 0.20604, 0.15617, 0.09865, 0.20078, 0.22057, 0.24567, 0.00398, 0.217, 0.11051, 0.05578, 0.12638, 0.26847, 0.02878],[],[],29,0
2.5,34,[0.02204, 0.0252, 0.06874, 0.01836, 0.0573, 0.02092, 0.04342, 0.03512, 0.17604, 0.00281, 0.00287, 0.03472, 0.12642, 0.13264, 0.12465, 0.09184, 0.12732, 0.02902, 0.00971, 0.01005],[],[],20,0
2.5,35,[0.04856, 0.00143, 0.00445, 0.02242, 0.1403, 0.14694, 0.10719, 0.00529, 0.04259, 0.04047, 0.0163, 0.09593, 0.07722, 0.17722, 0.03621, 0.06415, 0.07478, 0.20083, 0.19722, 0.21129, 0.15358, 0.0387, 0.20676, 0.19307, 0.15485, 0.04011, 0.10763, 0.28336, 0.14599, 0.03494, 0.00438, 0.00439, 0.00453, 0.00462, 0.2672, 0.20056, 0.00488],[],[],37,0
2.5,36,[0.00057, 0.00062, 0.01019, 0.03277, 0.00128, 0.06512, 0.11792, 0.02232, 0.01832, 0.0073, 0.02694, 0.01011, 0.00796, 0.01333, 0.08784, 0.09378, 0.00572, 0.18781, 0.00347, 0.06369, 0.01134, 0.13276, 0.02048, 0.00419, 0.18217, 0.27422, 0.03871, 0.14622, 0.0183, 0.28193, 0.01861, 0.21369, 0.00478, 0.00481, 0.28475, 0.05331, 0.01478, 0.30792, 0.05624],[],[],39,0
2.5,37,[0.01811, 0.00115, 0.00949, 0.00146, 0.07264, 0.03843, 0.02018, 0.05449, 0.01886, 0.00284, 0.0543, 0.12304, 0.00882, 0.04624, 0.02776, 0.02804, 0.11842, 0.00331, 0.09466, 0.00692, 0.19408, 0.08268, 0.07213, 0.26173, 0.1218, 0.04512],[],[],26,0
2.5,38,[0.00269, 0.0013, 0.00347, 0.00994, 0.04079, 0.03561, 0.02639, 0.11359, 0.03641, 0.00181, 0.07902, 0.13402, 0.04045],[],[],13,0
2.5,39,[0.01639, 0.00309, 0.00095, 0.05539, 0.04021, 0.11797, 0.07361, 0.00215, 0.03329, 0.04789, 0.13492, 0.11249, 0.12319, 0.1964, 0.03553, 0.01971, 0.04007, 0.02823, 0.06879, 0.15243, 0.21477, 0.23255, 0.09449, 0.13199, 0.11929, 0.00414, 0.07176, 0.1163, 0.1857, 0.07786, 0.04447, 0.00446, 0.27751, 0.04791, 0.16504],[],[],35,0
2.5,40,[0.00885, 0.11419, 0.04353, 0.02063, 0.13645, 0.00446, 0.02373, 0.08903, 0.15178, 0.1739, 0.1354, 0.17346, 0.08505, 0.14834, 0.00635, 0.08872, 0.11246, 0.08351],[],[],18,0
2.5,41,[0.0186, 0.0029, 0.03947, 0.00276, 0.09649, 0.05269, 0.04285, 0.07898, 0.11949, 0.12774, 0.00203, 0.04905, 0.14967, 0.08315],[],[],14,0
2.5,42,[0.02386, 0.01571, 0.06579, 0.0446, 0.00197, 0.03595, 0.03602, 0.03031, 0.02275, 0.00285, 0.01806, 0.01237, 0.1957, 0.05231, 0.0241, 0.01739, 0.00728, 0.00731, 0.11358, 0.03448, 0.08493, 0.00395, 0.06075, 0.04219, 0.07675, 0.06828, 0.00474, 0.01426, 0.28939, 0.03007, 0.12649, 0.20271, 0.0783, 0.00544, 0.34929, 0.32516, 0.13095, 0.03497, 0.0417, 0.01195, 0.10361, 0.05517, 0.02459, 0.01845],[],[],44,0
2.5,43,[0.00325, 0.01387, 0.0326, 0.05535, 0.08746, 0.00703, 0.06588, 0.01915, 0.08151, 0.01566, 0.05313, 0.02255, 0.02035, 0.13936, 0.12402, 0.00697, 0.00369, 0.02231, 0.10024, 0.0446, 0.2497, 0.24211, 0.02826, 0.03324],[],[],24,0
2.5,44,[0.00047, 0.03144, 0.01243, 0.02803, 0.00824, 0.00185, 0.13394, 0.09094, 0.08246, 0.01833, 0.01419, 0.01005, 0.05684, 0.00522, 0.12836, 0.01101],[],[],16,0
2.5,45,[0.03288, 0.00648, 0.06608, 0.00108, 0.09901, 0.12495, 0.04041, 0.01398, 0.05415, 0.00237, 0.16198, 0.05102, 0.05934, 0.0744, 0.0068, 0.02101, 0.01062, 0.24763, 0.00785, 0.0511, 0.09851, 0.00411, 0.24281, 0.02078, 0.25653, 0.01277, 0.03021, 0.15283, 0.04059, 0.12922, 0.23309, 0.2811, 0.06268],[],[],33,0
2.5,46,[0.00052, 0.01839, 0.05598, 0.15653, 0.06661, 0.02731, 0.05613, 0.12193, 0.01039, 0.0461, 0.02441, 0.02472, 0.18802, 0.00861, 0.04377, 0.00463, 0.00469, 0.0635, 0.0349, 0.00538, 0.2407, 0.04977, 0.16842, 0.02921, 0.01177, 0.00608, 0.12447, 0.14946, 0.04429, 0.08885, 0.19048, 0.01934, 0.04629, 0.01329, 0.15386],[],[],35,0
2.5,47,[0.00591, 0.0012, 0.01467, 0.00306, 0.06267, 0.00175, 0.01053, 0.00196, 0.00196, 0.01024, 0.05012, 0.02244, 0.02963, 0.08698, 0.03793, 0.19225, 0.01204, 0.00918, 0.00931, 0.01437, 0.08584],[],[],21,0
2.5,48,[0.02692, 0.00438, 0.00257, 0.0762, 0.04072, 0.02091, 0.13665, 0.07839, 0.00457, 0.02534, 0.02378, 0.13332, 0.10287, 0.04119, 0.00293, 0.19733, 0.06138, 0.11104, 0.05993, 0.14223, 0.09845, 0.00371, 0.23141, 0.16535, 0.22315, 0.16437, 0.07589, 0.01226, 0.0813, 0.10818, 0.00433, 0.00875, 0.15121, 0.10101, 0.13527, 0.08443, 0.08009, 0.0487, 0.02001, 0.02012, 0.29853, 0.20919, 0.24098, 0.04623, 0.03106, 0.22851, 0.12103, 0.24783, 0.17966, 0.04231, 0.16063],[],[],51,0
2.5,49,[0.03048, 0.00214, 0.07887, 0.10181, 0.0378, 0.04028, 0.0402, 0.00534, 0.03837, 0.02696, 0.02848, 0.02684, 0.15074, 0.10974, 0.00905, 0.1994, 0.19523, 0.00358, 0.15415, 0.23366, 0.27068, 0.25536, 0.06617, 0.08061, 0.07656, 0.31119, 0.08271, 0.02501, 0.23596, 0.32302, 0.09113, 0.16698, 0.25334, 0.34663],[],[],34,0
2.5,50,[0.00212, 0.0437, 0.00486, 0.05116, 0.00348, 0.03298, 0.09842, 0.01008, 0.02856, 0.00576, 0.00294, 0.01285, 0.01038, 0.14017, 0.1072, 0.0596, 0.2494, 0.02899, 0.00852, 0.00441, 0.04904, 0.02239, 0.27148, 0.02302, 0.00481, 0.11147, 0.01461, 0.30648, 0.33422, 0.00523, 0.05761, 0.06396, 0.1774, 0.01083, 0.08176, 0.03446, 0.03449, 0.01163, 0.01185],[],[],39,0
2.5,51,[0.00774, 0.05035, 0.00634, 0.07676, 0.00275, 0.02304, 0.00512, 0.07683, 0.12516, 0.02624, 0.06972, 0.16735, 0.01297, 0.02996, 0.00563, 0.10651, 0.00302, 0.16328, 0.0091, 0.00926, 0.00629, 0.00639, 0.06119, 0.05514, 0.20147, 0.04341, 0.14067, 0.1139, 0.19583],[],[],29,0
2.5,52,[0.04084, 0.02449, 0.01073, 0.02347, 0.02312, 0.00315, 0.02702, 0.03761, 0.14494, 0.07336, 0.15337, 0.09939, 0.09261, 0.04604, 0.0039, 0.16292, 0.0285, 0.02486, 0.27645, 0.1379, 0.10642, 0.00932, 0.09837, 0.00951, 0.23207, 0.10415, 0.00498, 0.05007, 0.02063, 0.00518, 0.05713, 0.1576, 0.20104, 0.25552, 0.00559, 0.15165, 0.10255, 0.1084, 0.13702, 0.01148, 0.006, 0.13313, 0.36313, 0.38029, 0.00623, 0.03126, 0.41651, 0.02675, 0.00686, 0.21976, 0.02068, 0.02092, 0.04902],[],[],53,0
2.5,53,[0.00687, 0.03418, 0.00314, 0.06144, 0.12123, 0.00291, 0.00887, 0.08423, 0.01719, 0.08764, 0.16932, 0.00747, 0.05633, 0.0884, 0.01559, 0.10532, 0.26633, 0.25211, 0.07462, 0.10801, 0.14478, 0.00433, 0.00434, 0.07389, 0.01338, 0.09745],[],[],26,0
2.5,54,[0.01449, 0.00815, 0.02502, 0.0519, 0.00139, 0.03388, 0.12068, 0.00379, 0.00207, 0.0842, 0.0022, 0.10277, 0.13207, 0.05438, 0.04576, 0.00299, 0.01586, 0.1017, 0.08916, 0.00321, 0.10951, 0.01391, 0.11698, 0.06385, 0.01875, 0.16596, 0.16229, 0.23386, 0.01189, 0.21535, 0.17549],[],[],31,0
2.5,55,[0.01789, 0.09363, 0.0678, 0.09712, 0.00852, 0.02495, 0.03217, 0.0236, 0.04752, 0.01533, 0.02615, 0.06486, 0.16841, 0.01773, 0.15106, 0.12426, 0.01293, 0.04032, 0.00359, 0.07604, 0.23709, 0.24998, 0.06318, 0.22992, 0.04775, 0.24806],[],[],26,0
2.5,56,[0.00128, 0.04427, 0.03369, 0.0204, 0.08524, 0.09341, 0.06542, 0.15021, 0.08909, 0.05855, 0.0596, 0.00537, 0.00314, 0.00679, 0.11601, 0.01117, 0.0077, 0.20954, 0.00857, 0.01761, 0.04859, 0.0224],[],[],22,0
2.5,57,[0.00197, 0.03416, 0.00165, 0.00346, 0.03338, 0.05439, 0.03886, 0.04262, 0.06839, 0.19106, 0.04336, 0.04637, 0.00302, 0.13373, 0.08521, 0.08978, 0.00361, 0.14806, 0.02711, 0.02385, 0.09974, 0.004, 0.00405, 0.00417, 0.2069, 0.07268, 0.09495, 0.02174, 0.01792, 0.19796, 0.09204, 0.2722, 0.28928, 0.02968, 0.02491, 0.13171, 0.03564],[],[],37,0
2.5,58,[0.00558, 0.00543, 0.02399, 0.00151, 0.00152, 0.02992, 0.01651, 0.06822, 0.10389, 0.05967, 0.07926, 0.1401, 0.0273, 0.01079, 0.00364, 0.22787, 0.24486, 0.07105, 0.08609, 0.10915, 0.14511, 0.11267, 0.0317, 0.05503],[],[],24,0
2.5,59,[0.02541, 0.01314, 0.06122, 0.02219, 0.01693, 0.02328, 0.13495, 0.0393, 0.003, 0.04473, 0.11468, 0.14431, 0.03616, 0.11841, 0.03836, 0.01417, 0.17506, 0.20845, 0.05517, 0.0261, 0.19799, 0.12984, 0.1722, 0.0584, 0.25474, 0.00392, 0.0204, 0.17512, 0.16942, 0.27052, 0.07455, 0.06151, 0.17032, 0.30072, 0.03294, 0.05656, 0.05232, 0.0572],[],[],38,0
2.5,60,[0.03097, 0.00631, 0.03688, 0.06908, 0.03047, 0.02218, 0.02225, 0.0045, 0.03448, 0.01669, 0.04646, 0.00291, 0.18797, 0.00326, 0.07801, 0.02994, 0.00379, 0.1215, 0.02993, 0.01719, 0.06793, 0.04082, 0.00454, 0.02308, 0.01385, 0.08201, 0.28489, 0.00968, 0.12179, 0.07394, 0.02975, 0.05013, 0.07599, 0.20858, 0.03141, 0.04825, 0.03242, 0.12432, 0.34828, 0.01094, 0.02748, 0.32933, 0.09925, 0.00586, 0.00587, 0.01821, 0.01223],[],[],47,0
2.5,61,[0.00502, 0.07433, 0.11241, 0.02587, 0.00226, 0.10523, 0.13895, 0.00753, 0.11434, 0.03938, 0.04269, 0.18883, 0.00299, 0.01844, 0.09547, 0.11527, 0.05459, 0.06841, 0.03847, 0.08685, 0.11448, 0.01185, 0.05847, 0.05691, 0.00439, 0.01322, 0.02211, 0.03615, 0.05492, 0.24368, 0.03286, 0.2312, 0.00951, 0.27116, 0.19043, 0.03342, 0.04778, 0.02396, 0.00976, 0.17739, 0.34955, 0.07947, 0.20202, 0.33527],[],[],44,0
2.5,62,[0.00433, 0.00403, 0.00511, 0.06528, 0.00256, 0.02703, 0.05373, 0.08733, 0.04591, 0.05005, 0.0425, 0.00751, 0.07405, 0.17868, 0.00581, 0.18356, 0.03729, 0.20386, 0.21757, 0.16991, 0.03274, 0.06665, 0.05649, 0.04906, 0.15531, 0.05021, 0.18781, 0.07059, 0.22813, 0.1545, 0.02406, 0.13076, 0.19466, 0.17508, 0.07112, 0.00426],[],[],36,0
2.5,63,[0.00748, 0.01012, 0.05363, 0.00948, 0.0427, 0.04875, 0.01019, 0.14074, 0.00571, 0.00638, 0.00336, 0.01701, 0.14244, 0.0078, 0.00392, 0.0279, 0.18332, 0.03719, 0.02997, 0.07976, 0.04542, 0.04772, 0.06512, 0.02049, 0.07576, 0.01114, 0.2513, 0.16701, 0.01741, 0.01749, 0.14863, 0.01892, 0.19455, 0.01306, 0.37398, 0.13355, 0.0877, 0.37256, 0.01391, 0.06259, 0.00731, 0.02932, 0.00744, 0.09125, 0.00763, 0.17778],[],[],46,0
2.5,64,[0.01667, 0.00798, 0.02178, 0.02221, 0.00159, 0.01102, 0.0433, 0.01917, 0.08, 0.00962, 0.06082, 0.10804, 0.00287, 0.00291, 0.12707, 0.06318, 0.20076, 0.04056, 0.20722, 0.02486],[],[],20,0
2.5,65,[0.00119, 0.01111, 0.00531, 0.05292, 0.04971, 0.09323, 0.01586, 0.05485, 0.07952, 0.02238, 0.00213, 0.13788, 0.00227],[],[],13,0
2.5,66,[0.00322, 0.01457, 0.03597, 0.08708, 0.00627, 0.01536, 0.01419, 0.00189, 0.06559, 0.05184, 0.00249, 0.00286, 0.01234, 0.0069, 0.0108, 0.01879, 0.00377, 0.04691, 0.01296, 0.26499, 0.26187, 0.03111],[],[],22,0
2.5,67,[0.04522, 0.00304, 0.02074, 0.00917, 0.06036, 0.01567, 0.01001, 0.02189, 0.07005, 0.03586, 0.03123, 0.02139, 0.0321, 0.07758, 0.0091, 0.0062, 0.02854, 0.00321, 0.19306, 0.22583, 0.08812, 0.02136, 0.04707, 0.00432, 0.02228, 0.01798, 0.30142, 0.10337],[],[],28,0
2.5,68,[0.03528, 0.0047, 0.00493, 0.05605, 0.05206, 0.03572, 0.07699, 0.0081, 0.00206, 0.02357, 0.16649, 0.17375, 0.00923, 0.19021, 0.02001, 0.08013, 0.22203, 0.04127, 0.21484, 0.17047, 0.04107, 0.23177, 0.09676, 0.00826, 0.26668, 0.07502, 0.00897, 0.21775, 0.05125, 0.03263, 0.30297, 0.01902, 0.30345, 0.09242, 0.05582, 0.04579, 0.08177, 0.12095, 0.21576, 0.10717, 0.35337, 0.10492, 0.09551, 0.23867, 0.22556, 0.08152, 0.0705, 0.10178, 0.07188, 0.00602, 0.218],[],[],51,0
2.5,69,[0.07616, 0.05127, 0.04055, 0.00147, 0.05231, 0.11015, 0.00557],[],[],7,0
2.5,70,[0.00351, 0.01121, 0.07736, 0.08324, 0.11819, 0.08687, 0.00219, 0.00902, 0.0144, 0.00737, 0.15223, 0.17298, 0.05658, 0.01491, 0.1029, 0.1067, 0.00616, 0.22098, 0.11343, 0.03798, 0.16089, 0.02623],[],[],22,0
2.5,71,[0.00291, 0.06522, 0.03838, 0.15263, 0.05996, 0.02407, 0.12577, 0.0025, 0.15913, 0.02126, 0.16459, 0.00569, 0.00591, 0.07526, 0.12867, 0.0642, 0.06311, 0.00336, 0.08448, 0.21055, 0.01183, 0.04863, 0.06092, 0.16326, 0.0042, 0.13217, 0.13789, 0.13627, 0.3074, 0.01436, 0.32333, 0.30618, 0.28729, 0.00509, 0.11063, 0.00539, 0.02212, 0.02767],[],[],38,0
2.5,72,[0.00734, 0.08645, 0.02024, 0.11734, 0.00817, 0.01027, 0.03711, 0.06164, 0.00692, 0.02092, 0.11598, 0.1556, 0.00773, 0.15309, 0.11083, 0.00286, 0.00583, 0.07776, 0.03936, 0.00626, 0.20555, 0.22791, 0.18009, 0.15046, 0.23639, 0.08739, 0.14974, 0.24078],[],[],28,0
2.5,73,[0.00512, 0.00843, 0.01875, 0.10498, 0.05027, 0.08214, 0.01034, 0.01933, 0.00919, 0.02161, 0.00732, 0.00832, 0.0895, 0.05025, 0.10581, 0.01292, 0.02279, 0.19915, 0.03761, 0.03622, 0.03079, 0.01159, 0.00399, 0.1725, 0.14064, 0.27013, 0.26445, 0.00456, 0.00458, 0.27194, 0.15438],[],[],31,0
2.5,74,[0.01426, 0.03679, 0.03109, 0.00272, 0.02169, 0.01677, 0.00586, 0.02359, 0.14138, 0.15313, 0.01227, 0.07694, 0.00622],[],[],13,0
2.5,75,[0.01593, 0.03989, 0.00526, 0.10766, 0.01655, 0.01375, 0.01878, 0.06508, 0.04498, 0.02929, 0.02416, 0.15641, 0.01058, 0.14944, 0.0378, 0.04472, 0.03804, 0.14345, 0.0297, 0.12615, 0.09647, 0.24, 0.01642, 0.02919, 0.07594, 0.17621, 0.05967, 0.00597, 0.34388, 0.12347, 0.00648, 0.35413, 0.01378, 0.08293, 0.02781, 0.07725, 0.04229, 0.0224, 0.03758, 0.0376, 0.04579, 0.01604, 0.33116, 0.10519, 0.0407],[],[],45,0
2.5,76,[0.0009, 0.01964, 0.01127, 0.03307, 0.02922, 0.0237, 0.00557, 0.02601, 0.06184, 0.00239, 0.02666, 0.01824, 0.02199, 0.1275, 0.09, 0.2336, 0.0037],[],[],17,0
2.5,77,[0.01075, 0.04312, 0.00621, 0.00106, 0.00246, 0.07573, 0.00174, 0.00399, 0.11642, 0.01965, 0.00224, 0.01121, 0.04502, 0.02487, 0.02088, 0.15985, 0.1541, 0.12573, 0.11608, 0.01382, 0.00888, 0.05069, 0.03464, 0.1959, 0.00991, 0.02315, 0.01672, 0.02359, 0.15889, 0.07843, 0.20732, 0.04397, 0.09672, 0.2546, 0.00836, 0.02589, 0.26844, 0.18493],[],[],38,0
2.5,78,[0.00366, 0.07863, 0.0974, 0.0124, 0.01757, 0.00963, 0.03911, 0.06795, 0.16092, 0.04619, 0.02633, 0.00298, 0.19141, 0.00302, 0.12105, 0.03143, 0.00951, 0.13543, 0.12806, 0.1915, 0.1564, 0.04157, 0.18712, 0.06985, 0.08911, 0.23166, 0.0345, 0.26427, 0.0212],[],[],29,0
2.5,79,[0.00726, 0.00061, 0.00913, 0.07158, 0.01102, 0.00147, 0.00494, 0.00371, 0.0623, 0.0776, 0.0176, 0.01014, 0.07476, 0.00316, 0.20119, 0.01042, 0.00357, 0.01868, 0.04653, 0.05231, 0.02072, 0.04564, 0.0125, 0.00855, 0.25439, 0.06217, 0.00448, 0.01792, 0.02253, 0.20765, 0.11313, 0.32334, 0.1058, 0.0252, 0.05078],[],[],35,0
2.5,80,[0.00085, 0.01202, 0.06515, 0.00188, 0.10644, 0.02416, 0.01346, 0.03382, 0.00233, 0.13352, 0.11376, 0.11954, 0.03964, 0.04584, 0.19665, 0.10989, 0.03366, 0.10439, 0.06676, 0.04999, 0.01804, 0.03867, 0.01171, 0.08667, 0.04757, 0.00414, 0.12358, 0.2351, 0.18365, 0.22522, 0.26401, 0.17078, 0.01448, 0.06466, 0.08003, 0.0501, 0.07582, 0.04567, 0.34088, 0.19435, 0.32766, 0.22607, 0.07941, 0.18524, 0.0383, 0.00551, 0.00556, 0.23353, 0.24231, 0.04531, 0.09737, 0.11642, 0.1418],[],[],53,0
2.5,81,[0.00849, 0.04881, 0.05055, 0.00271, 0.12422, 0.12267, 0.00672, 0.05479, 0.06784, 0.16921, 0.01436, 0.00675, 0.0035, 0.22188, 0.06716, 0.2332, 0.0154, 0.02072, 0.07191, 0.24955, 0.20596, 0.03962, 0.19282, 0.03692, 0.08814, 0.27406, 0.04792, 0.30588, 0.32612, 0.03475, 0.05545, 0.25719, 0.19992, 0.10264, 0.00516, 0.0214],[],[],36,0
2.5,82,[0.00133, 0.01626, 0.01482, 0.0141, 0.00138, 0.01333, 0.08567, 0.07148, 0.03906, 0.15931, 0.11426, 0.03138, 0.05854, 0.12641, 0.01645, 0.04329, 0.14327],[],[],17,0
2.5,83,[0.01251, 0.03676, 0.0256, 0.03319, 0.10868, 0.01828, 0.02002, 0.00237, 0.01993, 0.00252, 0.11184, 0.00284, 0.00965, 0.06882, 0.12031, 0.20359, 0.13988, 0.21902, 0.10609, 0.18199, 0.00915, 0.01391, 0.00465, 0.00968, 0.00971, 0.0665, 0.00532, 0.06397, 0.13916, 0.03266, 0.03901, 0.0112, 0.19758, 0.04564, 0.00572, 0.06547],[],[],36,0
2.5,84,[0.01708, 0.0558, 0.0591, 0.00188, 0.04265, 0.00404, 0.11066, 0.06175, 0.08295, 0.07413, 0.07734, 0.0028, 0.12235, 0.04901],[],[],14,0
2.5,85,[0.00157, 0.05318, 0.02142, 0.10178, 0.02442, 0.01279, 0.12454, 0.03605, 0.00262, 0.03786, 0.02757, 0.12419, 0.02767, 0.10109, 0.02324, 0.12928, 0.03688, 0.20571, 0.04574, 0.06359, 0.08505, 0.11681, 0.00391, 0.00424, 0.2228, 0.00428, 0.03872, 0.17299, 0.02184, 0.07117, 0.22001, 0.25672, 0.00452, 0.0453, 0.16465, 0.0046, 0.13523, 0.18278, 0.32852, 0.07538, 0.31949, 0.21909, 0.17374, 0.0791, 0.2234, 0.07415, 0.09746, 0.24677, 0.11567, 0.06398, 0.06987],[],[],51,0
2.5,86,[0.01812, 0.00053, 0.08001, 0.07865, 0.01241, 0.031, 0.114, 0.00218, 0.1788, 0.04232, 0.07382, 0.00316, 0.0097, 0.22, 0.00682, 0.02048, 0.07922, 0.02769, 0.01392, 0.10252, 0.08052, 0.2497, 0.0981, 0.07772, 0.02212, 0.27093, 0.27176, 0.00921, 0.0508, 0.16129, 0.24034, 0.00983, 0.03465, 0.29305, 0.30584, 0.24622, 0.06846, 0.01056],[],[],38,0
2.5,87,[0.03716, 0.01001, 0.00263, 0.06904, 0.08547, 0.00208, 0.00629, 0.02315, 0.05706, 0.10691, 0.0898, 0.08218, 0.10587, 0.03565, 0.19229, 0.12483, 0.07586, 0.20973, 0.15377, 0.12715, 0.03524, 0.08249, 0.00835, 0.10225, 0.14298, 0.29005, 0.02304, 0.1992, 0.02865, 0.08142, 0.16476],[],[],31,0
2.5,88,[0.00204, 0.02654, 0.03508, 0.03252, 0.00659, 0.02633, 0.07609, 0.0681, 0.02859, 0.02309, 0.0205, 0.03002, 0.12703, 0.08647, 0.11214, 0.09764, 0.08911, 0.2494, 0.07347, 0.10741, 0.05796],[],[],21,0
2.5,89,[0.00721, 0.00909, 0.06114, 0.02047, 0.00781, 0.00158, 0.08183, 0.00685, 0.02224, 0.04106, 0.16249, 0.01333, 0.03833, 0.06093, 0.00584, 0.01079, 0.00735, 0.0037, 0.03434, 0.00398, 0.04901, 0.00446, 0.04549, 0.11467, 0.10703, 0.27609, 0.15194, 0.03112, 0.02112, 0.03217, 0.02159, 0.00541, 0.08174, 0.03817, 0.35326, 0.09476, 0.00561, 0.03405, 0.04679, 0.05884, 0.23567, 0.35156, 0.19138, 0.02468, 0.40132, 0.09357, 0.01254, 0.09415],[],[],48,0
2.5,90,[0.00269, 0.01422, 0.01455, 0.0192, 0.00193, 0.01839, 0.04624, 0.01358, 0.026, 0.12208, 0.00284, 0.07205, 0.00292, 0.01521, 0.04879, 0.0365, 0.01343, 0.00399, 0.01657, 0.03734, 0.12514, 0.0976, 0.03396, 0.01312, 0.00447, 0.1541, 0.0138, 0.12074, 0.15841, 0.03411, 0.10252, 0.02044],[],[],32,0
2.5,91,[0.00234, 0.00351, 0.00971, 0.00753, 0.04582, 0.04103, 0.07033, 0.0165, 0.03256, 0.04286, 0.00417, 0.06158, 0.09405, 0.23566, 0.00404, 0.01631, 0.0125, 0.01726],[],[],18,0
2.5,92,[0.00594, 0.08936, 0.00163, 0.00164, 0.06569, 0.03808, 0.01993, 0.00416, 0.13449, 0.02841, 0.00856, 0.00595, 0.19446, 0.19367, 0.02661, 0.06237, 0.22181, 0.2246, 0.01518, 0.03827, 0.07309, 0.0039, 0.25412, 0.00832, 0.25113, 0.1141, 0.00462, 0.10744, 0.03869, 0.05589, 0.06322],[],[],31,0
2.5,93,[0.02676, 0.00649, 0.09016, 0.05971, 0.00612, 0.00817, 0.08758, 0.01838, 0.03738, 0.04973, 0.00717, 0.00503, 0.17256, 0.0766, 0.15024, 0.1597, 0.01165, 0.16828, 0.01193, 0.11351, 0.00914, 0.03992],[],[],22,0
2.5,94,[0.00951, 0.06645, 0.03305, 0.012, 0.04799, 0.06953, 0.01985, 0.02487, 0.0199, 0.04181, 0.09052],[],[],11,0
2.5,95,[0.03661, 0.06975, 0.01257, 0.0881, 0.02497, 0.05595, 0.00263, 0.10536, 0.00264, 0.00796, 0.08977, 0.08263, 0.03334, 0.18967, 0.1085, 0.12625, 0.07343, 0.03267, 0.21111, 0.12467, 0.08007, 0.15541, 0.02191, 0.02695, 0.10418, 0.14524],[],[],26,0
2.5,96,[0.0186, 0.00562, 0.0689, 0.01651, 0.07044, 0.06746, 0.01747, 0.00368, 0.00191, 0.0192, 0.02495, 0.09481, 0.01379, 0.15917, 0.08617, 0.05943, 0.00298, 0.01507, 0.07573, 0.0871, 0.1325, 0.21082, 0.20277, 0.20834],[],[],24,0
2.5,97,[0.00774, 0.02741, 0.02368, 0.00132, 0.01381, 0.00148, 0.0298, 0.11019, 0.06661, 0.10353, 0.14119, 0.02346, 0.05252, 0.04328, 0.00255, 0.03891, 0.12578, 0.17777, 0.18227, 0.01208],[],[],20,0
2.5,98,[0.02681, 0.00312, 0.01176, 0.006, 0.00571, 0.01209, 0.08381, 0.00197, 0.06515, 0.04098, 0.00272, 0.0187, 0.04913, 0.04627, 0.23661, 0.15728, 0.00404, 0.0944, 0.12405, 0.0046, 0.01391, 0.02322, 0.0699, 0.00473, 0.28683, 0.08467, 0.01013, 0.02534, 0.04101, 0.30371, 0.05752, 0.04716, 0.00526, 0.34001, 0.00543, 0.08721, 0.12212, 0.07817, 0.02274, 0.01156, 0.19283, 0.01763],[],[],42,0
2.5,99,[0.00602, 0.00773, 0.00367, 0.00473, 0.0369, 0.00279, 0.06899, 0.08484, 0.06896, 0.00322, 0.14264, 0.00329, 0.1275, 0.00341, 0.02638, 0.00755, 0.16985, 0.18004, 0.10577, 0.26369, 0.06236, 0.08526, 0.28959, 0.00492, 0.14287, 0.25043, 0.0106, 0.22667, 0.02748],[],[],29,0
2.5,100,[0.00615, 0.0482, 0.07131, 0.06164, 0.12515, 0.12995, 0.13863, 0.05741, 0.05256, 0.15277, 0.00253, 0.00539, 0.06318, 0.08263, 0.00909, 0.02427],[],[],16,0
2.5,101,[0.01067, 0.00168, 0.00924, 0.12027, 0.00646, 0.00219, 0.09859, 0.05824, 0.16162, 0.02714, 0.06068, 0.02506, 0.00401, 0.03046, 0.01321, 0.01768, 0.04184, 0.10253, 0.06125, 0.04326, 0.00491, 0.00991, 0.0695, 0.01573, 0.31188, 0.18256, 0.1377, 0.06125, 0.0684, 0.04413, 0.10087, 0.40753, 0.00641, 0.41678, 0.16147, 0.1874, 0.00648, 0.16918, 0.20434, 0.07388, 0.41684, 0.02122, 0.10628, 0.02156],[],[],44,0
2.5,102,[0.00847, 0.03668, 0.0208, 0.00118, 0.08114, 0.03007, 0.09021, 0.11458, 0.01336, 0.0072, 0.11554, 0.01142, 0.02648, 0.05112, 0.00306, 0.00654, 0.00327, 0.19816, 0.0314, 0.00726, 0.2204, 0.03501, 0.18004, 0.09216, 0.23705, 0.18003, 0.05779, 0.17353, 0.05878, 0.11589, 0.14229, 0.16585, 0.06699, 0.17473, 0.10389, 0.19204, 0.10826, 0.06223, 0.059, 0.33013, 0.09544, 0.02026],[],[],42,0
2.5,103,[0.00931, 0.00109, 0.09139, 0.1078, 0.00547, 0.03911, 0.0109, 0.02907, 0.15956, 0.02987, 0.10968, 0.0213, 0.05576, 0.02907, 0.0162, 0.11067, 0.01858, 0.24787, 0.06668, 0.15359, 0.06346, 0.20569, 0.02512],[],[],23,0
2.5,104,[0.00576, 0.06628, 0.04435, 0.00191, 0.12654, 0.01945, 0.05202, 0.17583, 0.03703, 0.19617, 0.00694, 0.23094, 0.2197, 0.0702, 0.24743, 0.0333, 0.0042, 0.08446, 0.26771, 0.01826, 0.10622, 0.04641, 0.09542, 0.01964, 0.01986, 0.09163, 0.13109, 0.14828, 0.12738, 0.22592, 0.07565, 0.12704, 0.2538, 0.33359, 0.32848, 0.02304, 0.00587, 0.11225, 0.04728],[],[],39,0
2.5,105,[0.06432, 0.03139, 0.07504, 0.09839, 0.02626, 0.07101, 0.00913, 0.04165, 0.06577, 0.16988, 0.14656, 0.18141, 0.17301, 0.05695, 0.19823, 0.20744, 0.00339, 0.00352, 0.14974, 0.15211, 0.01548, 0.11313, 0.26048, 0.19361, 0.08424, 0.14007, 0.04748, 0.00434, 0.02196, 0.12802, 0.26784, 0.27822],[],[],32,0
2.5,106,[0.0183, 0.00163, 0.04629, 0.02401, 0.00219, 0.04693, 0.00239, 0.08306, 0.06355, 0.00251, 0.02712, 0.05736, 0.00853, 0.05985, 0.03327, 0.00615, 0.09009, 0.01671, 0.22338, 0.21713, 0.09258, 0.17451, 0.16757, 0.08255, 0.09156, 0.15917, 0.12303, 0.17747, 0.06249, 0.14572, 0.00439, 0.00439, 0.21324, 0.1232, 0.02399, 0.00486, 0.01518, 0.03044, 0.1174, 0.07149, 0.32568, 0.30032, 0.29546, 0.0371],[],[],44,0
2.5,107,[0.00502, 0.03425, 0.05697, 0.00916, 0.04094, 0.10366, 0.08217, 0.00181, 0.00181, 0.02964, 0.03804, 0.07785, 0.018, 0.13433, 0.08692, 0.00259, 0.01594, 0.01065, 0.01069, 0.05373, 0.00881, 0.00311, 0.08785, 0.00319, 0.09705, 0.20551, 0.02629, 0.09119, 0.19828, 0.25196],[],[],30,0
2.5,108,[0.03275, 0.06561, 0.00155, 0.0743, 0.00762, 0.00781, 0.08617, 0.00401, 0.05033, 0.01435, 0.00966, 0.05049, 0.15583, 0.17436, 0.20936, 0.0255, 0.01963, 0.13567, 0.04153, 0.22138, 0.23288, 0.04144, 0.1442, 0.1724, 0.1456, 0.14972],[],[],26,0
2.5,109,[0.03569, 0.00212, 0.0026, 0.05355, 0.02574, 0.02106, 0.03019, 0.01412, 0.03263, 0.03703, 0.00484, 0.02961, 0.04667, 0.09924, 0.16379, 0.12818, 0.01185, 0.01547, 0.02797, 0.15389, 0.19313, 0.02063, 0.01103, 0.02298, 0.1366, 0.18106, 0.05657, 0.17161, 0.02863, 0.25801, 0.26633, 0.14345, 0.21832, 0.06387, 0.00858, 0.09614, 0.02698, 0.00452, 0.1303, 0.0473, 0.2036, 0.31836, 0.11909, 0.00478, 0.19682, 0.00498, 0.15357, 0.19571, 0.13927, 0.07261, 0.00523],[],[],51,0
2.5,110,[0.0012, 0.00688, 0.02155, 0.02163, 0.01367, 0.06335, 0.09359, 0.08985, 0.11835, 0.00942, 0.05363, 0.15283, 0.00864, 0.00288, 0.10373, 0.08122, 0.08758, 0.0315, 0.09186, 0.21593, 0.13675, 0.05288, 0.16312, 0.00742],[],[],24,0
2.5,111,[0.02425, 0.02978, 0.0649, 0.00439, 0.10026, 0.00687, 0.01228, 0.11576, 0.12129, 0.00844, 0.00577, 0.01785, 0.0426, 0.20119, 0.07521, 0.04843, 0.02339, 0.19569, 0.24214, 0.00446, 0.0045, 0.04142, 0.06933, 0.29951, 0.00468, 0.21204, 0.12081, 0.0299, 0.09069, 0.04246],[],[],30,0
2.5,112,[0.00578, 0.0431, 0.05505, 0.00119, 0.00573, 0.0596, 0.04777, 0.09912, 0.00233, 0.06601, 0.02201, 0.11035, 0.05521, 0.09643, 0.01529, 0.20008],[],[],16,0
2.5,113,[0.04595, 0.07805, 0.00743, 0.07552, 0.00224, 0.01136, 0.03529, 0.17157, 0.05943, 0.03853, 0.12513, 0.20404, 0.06062, 0.05607, 0.07268, 0.20965, 0.00342, 0.01398, 0.08858, 0.03211, 0.08951, 0.08599, 0.15225, 0.0109, 0.24102, 0.1058, 0.0663, 0.15239, 0.19218, 0.24221, 0.19778, 0.01268, 0.08052, 0.00428, 0.00438, 0.03584, 0.00918],[],[],37,0
2.5,114,[0.04661, 0.01443, 0.01864, 0.00877, 0.08506, 0.02135, 0.08827, 0.06223, 0.14106, 0.0752, 0.03656, 0.00265, 0.11781, 0.14421, 0.0059, 0.12496, 0.04305, 0.10227, 0.18338, 0.11239, 0.21899, 0.05024, 0.16151, 0.01443],[],[],24,0
2.5,115,[0.00045, 0.00171, 0.06564, 0.10054, 0.00221, 0.02348, 0.05413, 0.0447, 0.00278, 0.18975, 0.04459, 0.02438, 0.01625, 0.00409, 0.01254, 0.00441, 0.04003, 0.00469, 0.00472, 0.073, 0.0394, 0.11271, 0.32808, 0.17743, 0.04742, 0.06535, 0.08914, 0.03608, 0.00606, 0.05474, 0.01846, 0.10011, 0.07658, 0.01915],[],[],34,0
2.5,116,[0.01025, 0.06621, 0.05937, 0.00146, 0.01168, 0.00152, 0.09742, 0.01441, 0.04031, 0.01951, 0.00257, 0.10256, 0.00881, 0.0849, 0.06012, 0.04561, 0.08458],[],[],17,0
2.5,117,[0.00593, 0.00266, 0.07365, 0.03178, 0.00472, 0.00732, 0.05024, 0.003, 0.08727, 0.0649, 0.00356, 0.0077, 0.00396, 0.00405, 0.08536, 0.102, 0.05881, 0.00907, 0.0954, 0.0346, 0.00999, 0.22744, 0.00548, 0.08931, 0.09515, 0.05641],[],[],26,0
2.5,118,[0.01586, 0.02093, 0.03577, 0.00966, 0.01426, 0.07548, 0.0168, 0.19075, 0.00291, 0.07509, 0.0858, 0.05548, 0.05497, 0.01685, 0.15217, 0.01384, 0.02081, 0.00378, 0.00379, 0.08439, 0.1546, 0.01985, 0.00398, 0.06466, 0.03278, 0.02874, 0.06202, 0.0301, 0.10815, 0.11285, 0.02289],[],[],31,0
2.5,119,[0.00439, 0.0193, 0.00333, 0.0141, 0.00335, 0.10247, 0.11183, 0.02593, 0.02357, 0.04611, 0.02007, 0.02139, 0.00217, 0.09484, 0.10361, 0.06288, 0.00261, 0.01158, 0.19094, 0.05873, 0.21446, 0.19874, 0.12688, 0.15563, 0.00771, 0.18468, 0.02004, 0.26375, 0.06934, 0.09791, 0.00824, 0.11606, 0.02994],[],[],33,0
2.5,120,[0.03152, 0.00249, 0.01873, 0.09833, 0.01467, 0.13042, 0.02148, 0.01936, 0.0117, 0.11825, 0.06234, 0.00634, 0.19427, 0.00956, 0.13631, 0.03957, 0.00686, 0.056, 0.24278, 0.00362, 0.09217, 0.09303, 0.08942, 0.08643, 0.06868, 0.02058, 0.24805, 0.1053, 0.07597, 0.12442, 0.12175, 0.07856, 0.06584, 0.17588, 0.28567],[],[],35,0
2.5,121,[0.02245, 0.00623, 0.03912, 0.00351, 0.03978, 0.03949, 0.0293, 0.0066, 0.0507, 0.01609, 0.01155, 0.07017, 0.01783, 0.06933, 0.03847, 0.22647, 0.14511, 0.01771, 0.0216, 0.00369, 0.04798, 0.04672, 0.02462, 0.15628, 0.01273],[],[],25,0
2.5,122,[0.0014, 0.02771, 0.04425, 0.1017, 0.03885, 0.10202, 0.0254, 0.13636, 0.01773, 0.06906, 0.09837, 0.14801, 0.20686, 0.14013, 0.17575, 0.00689, 0.05235, 0.1958, 0.05524, 0.07024, 0.13779, 0.14632, 0.10173, 0.04071, 0.00829, 0.27368, 0.17663, 0.24403, 0.26215, 0.04352, 0.0697, 0.13066, 0.00458, 0.06875, 0.15129, 0.0321, 0.05632, 0.08953, 0.26923, 0.22265, 0.04297],[],[],41,0
2.5,123,[0.06201, 0.08205, 0.06837, 0.0164, 0.00859, 0.12023, 0.0026, 0.0387, 0.11267, 0.00309, 0.18493, 0.02252],[],[],12,0
2.5,124,[0.00821, 0.00131, 0.1071, 0.01216, 0.09974, 0.14875, 0.06287, 0.08654, 0.10774, 0.15223, 0.15233, 0.18715, 0.0211, 0.19763, 0.02004, 0.09396, 0.14203, 0.01692, 0.11203, 0.20261, 0.22701, 0.02473, 0.04368, 0.01114, 0.21685, 0.02293, 0.25684, 0.25442, 0.03165],[],[],29,0
2.5,125,[0.00046, 0.02357, 0.04571, 0.08192, 0.01175, 0.03313, 0.00455, 0.04331, 0.00694, 0.06942, 0.1062, 0.09328, 0.02086, 0.01048, 0.18311, 0.0581, 0.12307, 0.15883, 0.08532, 0.12108, 0.05406, 0.18945, 0.22193, 0.03783, 0.09585, 0.05762, 0.13492, 0.2454, 0.19758, 0.0299, 0.01756],[],[],31,0
2.5,126,[0.00852, 0.00136, 0.00563, 0.03217, 0.00191, 0.06894, 0.08797, 0.0044, 0.03604, 0.11946, 0.03774, 0.01517, 0.02166, 0.02202, 0.01655, 0.061, 0.0317, 0.16442, 0.01747, 0.13082, 0.05217, 0.09513, 0.19891, 0.00359, 0.01085, 0.23156, 0.15831, 0.01136, 0.01152, 0.10479, 0.04277, 0.02366, 0.0121, 0.10129, 0.05676, 0.17498, 0.13872, 0.02496],[],[],38,0
2.5,127,[0.01652, 0.06677, 0.00529, 0.0612, 0.00459, 0.07743, 0.05442, 0.00531, 0.0059, 0.09932, 0.18412, 0.04999, 0.00728, 0.11932, 0.1324, 0.24504, 0.10498, 0.1509, 0.00418, 0.19674, 0.00455, 0.0756],[],[],22,0
2.5,128,[0.02021, 0.00484, 0.00114, 0.00264, 0.04763, 0.01279, 0.0333, 0.04581, 0.00521, 0.07672, 0.03845, 0.06334, 0.00302, 0.03955, 0.00376, 0.00399, 0.06452, 0.09686, 0.04617, 0.00444, 0.00965, 0.09747, 0.01951, 0.01969, 0.00493, 0.20921, 0.13836, 0.00549, 0.38481, 0.09869, 0.01744],[],[],31,0
2.5,129,[0.03821, 0.02181, 0.04411, 0.00908, 0.00423, 0.00431, 0.07432, 0.12899, 0.14825, 0.00259, 0.04484, 0.13946, 0.03442, 0.02676],[],[],14,0
2.5,130,[0.00113, 0.0242, 0.03294, 0.00491, 0.07154, 0.00156, 0.01591, 0.0743, 0.05432, 0.02714, 0.15553, 0.17733, 0.02716, 0.00919, 0.2029, 0.19616, 0.19034, 0.15509, 0.08697, 0.25081, 0.10584, 0.19958, 0.03847, 0.26515, 0.01759, 0.08805, 0.05315, 0.28756, 0.10547, 0.03314, 0.30722, 0.08424, 0.01027, 0.0157, 0.22142, 0.01593, 0.10109, 0.01597, 0.10248, 0.35262, 0.09285, 0.09288, 0.22417, 0.00569, 0.02339, 0.15239, 0.01174, 0.21161, 0.17158, 0.23367, 0.07814, 0.34452, 0.17051, 0.00613, 0.06746, 0.36338, 0.03702, 0.17336, 0.01862, 0.07463, 0.06899],[],[],61,0
2.5,131,[0.02747, 0.0448, 0.0014, 0.10036, 0.04017, 0.10126, 0.02538, 0.13616, 0.01659, 0.06924, 0.09956, 0.14765, 0.00613, 0.20796, 0.13949, 0.17714, 0.05333, 0.06886, 0.19633, 0.05466, 0.00371, 0.13695, 0.04028, 0.14651, 0.10213, 0.27241, 0.00831, 0.17527, 0.24264, 0.26129, 0.06834, 0.0044, 0.04433, 0.12934, 0.06816, 0.05501, 0.15269, 0.22126, 0.09008, 0.27053, 0.03346, 0.1585, 0.00483, 0.04419],[],[],44,0
2.5,132,[0.00053, 0.03913, 0.01754, 0.04299, 0.07614, 0.0337, 0.04785, 0.00157, 0.0694, 0.12382, 0.08129, 0.04869, 0.0094, 0.14062, 0.0865, 0.13147, 0.10399, 0.08942, 0.12141, 0.01016],[],[],20,0
2.5,133,[0.01568, 0.00803, 0.07488, 0.04297, 0.03811, 0.02811, 0.10962, 0.00616, 0.0645, 0.00233, 0.07192, 0.08313, 0.12258, 0.0057, 0.12686, 0.02356, 0.05319, 0.04498],[],[],18,0
2.5,134,[0.00178, 0.02038, 0.08486, 0.09803, 0.02374, 0.13525, 0.1356, 0.06183, 0.0692, 0.15905, 0.10482, 0.01395, 0.04761, 0.02331, 0.0707, 0.21113, 0.01664, 0.21608, 0.17731, 0.03132, 0.21999, 0.0459, 0.0326, 0.22535, 0.05481, 0.15785, 0.17429, 0.1654, 0.01704, 0.10303, 0.00868],[],[],31,0
2.5,135,[0.01763, 0.01874, 0.05347, 0.03572, 0.01811, 0.02443, 0.00913, 0.04855, 0.01181, 0.05477, 0.01314, 0.0029, 0.04227, 0.0121, 0.01518, 0.03684, 0.01957, 0.21573, 0.1145, 0.21527, 0.14952, 0.13757, 0.09437, 0.00388, 0.00777, 0.10699],[],[],26,0
2.5,136,[0.04246, 0.00634, 0.00117, 0.06853, 0.01561, 0.06954, 0.0048, 0.06432, 0.08991, 0.09334, 0.08298, 0.11586, 0.11866, 0.00677, 0.20807, 0.2034, 0.1459, 0.00764, 0.00785, 0.09265, 0.13057, 0.09141, 0.14187, 0.00893, 0.17106, 0.05094, 0.04188],[],[],27,0
2.5,137,[0.00433, 0.03315, 0.01051, 0.0062, 0.02591, 0.01462, 0.02943, 0.00888, 0.05021, 0.08644, 0.10791, 0.10183, 0.13036, 0.0027, 0.00314, 0.01894, 0.18049, 0.03531, 0.00654, 0.01345, 0.09189, 0.04854, 0.02438, 0.15577, 0.02198, 0.21192, 0.10562],[],[],27,0
2.5,138,[0.00408, 0.00151, 0.06092, 0.05226, 0.023, 0.04948, 0.00513, 0.0292, 0.06693, 0.07846, 0.02488],[],[],11,0
2.5,139,[0.00178, 0.00574, 0.04886, 0.07361, 0.00136, 0.0252, 0.02026, 0.14019, 0.05234, 0.05982, 0.11805, 0.01442, 0.10858, 0.05763, 0.12973, 0.12438, 0.0434, 0.20855, 0.23548, 0.23609, 0.03641, 0.03339, 0.22572, 0.11891, 0.19982, 0.07271, 0.09413, 0.1094, 0.08351, 0.00909, 0.01364, 0.00456, 0.00916, 0.28274, 0.0093, 0.22562, 0.27765, 0.10372, 0.11688, 0.04954, 0.01985, 0.15649, 0.00506],[],[],43,0
2.5,140,[0.00325, 0.00459, 0.02646, 0.00576, 0.02122, 0.0015, 0.0034, 0.067, 0.13674, 0.00211, 0.00502, 0.15626, 0.04594, 0.09025, 0.01091, 0.13494, 0.03042, 0.1604, 0.19011, 0.19727, 0.01035, 0.16643, 0.04735, 0.09559, 0.07773, 0.10105, 0.16281, 0.10867, 0.16999, 0.10381],[],[],30,0
2.5,141,[0.0031, 0.01621, 0.00824, 0.0252, 0.03022, 0.00998, 0.0042, 0.02438, 0.00542, 0.12309, 0.00585, 0.13007, 0.07174, 0.01721, 0.13182, 0.0036, 0.07541, 0.10667, 0.04621],[],[],19,0
2.5,142,[0.00154, 0.06204, 0.03531, 0.00956, 0.08765, 0.0127, 0.01707, 0.04396, 0.01247, 0.0035, 0.15113, 0.06542, 0.0404, 0.00412, 0.0655, 0.01326, 0.12083, 0.27402, 0.00451, 0.02811, 0.00944, 0.28848, 0.0049, 0.00516, 0.02675, 0.1255, 0.36542, 0.02862],[],[],28,0
2.5,143,[0.03667, 0.01797, 0.00229, 0.03229, 0.1498, 0.16085, 0.099, 0.00846, 0.00862, 0.00577, 0.19304, 0.00633, 0.20734, 0.14159, 0.04089, 0.01042, 0.01813, 0.0466, 0.06316, 0.22834, 0.27701, 0.00933, 0.29145, 0.28085, 0.13844, 0.19354, 0.00993, 0.1602, 0.01002, 0.02014, 0.02545],[],[],31,0
2.5,144,[0.00189, 0.04194, 0.00224, 0.00254, 0.07301, 0.00532, 0.0742, 0.12657, 0.11893, 0.05601, 0.02999, 0.17779, 0.03568, 0.0133, 0.0034, 0.01023, 0.01029, 0.05837, 0.16161, 0.2377, 0.21983, 0.22811, 0.07048, 0.01515, 0.23724, 0.0385, 0.23154, 0.00405, 0.2609, 0.07146, 0.0872, 0.29358, 0.01411, 0.00471, 0.18379, 0.00473, 0.13283, 0.06742, 0.11856, 0.11524, 0.2433, 0.13231, 0.02142, 0.00538, 0.01092, 0.14225, 0.03831, 0.01113],[],[],48,0
2.5,145,[0.02723, 0.10099, 0.01315, 0.06925, 0.13523, 0.00232, 0.0088, 0.14816, 0.00305, 0.02589, 0.07894, 0.01975, 0.02649, 0.08521, 0.04213],[],[],15,0
2.5,146,[0.02843, 0.0178, 0.06117, 0.06767, 0.08234, 0.03286, 0.03626, 0.10799, 0.00538, 0.02028, 0.18627, 0.1465, 0.20922, 0.00365, 0.08569, 0.14961, 0.00404, 0.01214, 0.24037, 0.17332, 0.05025, 0.09648, 0.05908, 0.013, 0.20206, 0.00911, 0.20849, 0.31526, 0.20492, 0.16189, 0.33371, 0.31617, 0.1808, 0.19899, 0.09958, 0.06411, 0.00535],[],[],37,0
2.5,147,[0.03775, 0.03032, 0.03663, 0.032, 0.03492, 0.0038, 0.06562, 0.08947, 0.00228, 0.00243, 0.00753, 0.01759, 0.02907, 0.03258, 0.11989, 0.01856, 0.03653, 0.21745, 0.00681, 0.0743, 0.0071, 0.08769, 0.04979, 0.0039, 0.07367, 0.20066, 0.06728, 0.02129, 0.09413, 0.01285, 0.02591],[],[],31,0
2.5,148,[0.04025, 0.00562, 0.00803, 0.05895, 0.01462, 0.0855, 0.00196, 0.13879, 0.07918, 0.0991, 0.11503, 0.07409, 0.18015, 0.12786, 0.01285, 0.1942, 0.1514, 0.06907, 0.08157, 0.00375, 0.12479, 0.05901, 0.23285, 0.06038],[],[],24,0
2.5,149,[0.00385, 0.0146, 0.05872, 0.02471, 0.01986, 0.11157, 0.11947, 0.02012, 0.11757, 0.09584, 0.03881, 0.04459, 0.03434, 0.0546, 0.13358, 0.19775, 0.07564, 0.03519, 0.03694, 0.05271, 0.11501, 0.0083, 0.17, 0.22376, 0.0044, 0.13027, 0.01371, 0.26587, 0.22969, 0.01428, 0.18144, 0.17417, 0.32978, 0.21231, 0.0799, 0.06694, 0.00519, 0.03637, 0.32824, 0.00525, 0.17965],[],[],41,0
2.5,150,[0.02154, 0.08294, 0.05795, 0.05725, 0.00356, 0.06377, 0.00215, 0.00232, 0.00729, 0.11734, 0.01863, 0.08544, 0.0036, 0.00364, 0.22665, 0.2461, 0.24394, 0.13479, 0.0393],[],[],19,0
2.5,151,[0.00976, 0.01715, 0.08025, 0.09622, 0.13123, 0.12601, 0.00735, 0.01889, 0.1777, 0.12422, 0.05649, 0.01785, 0.10767, 0.04633, 0.00315, 0.00633, 0.09569, 0.03251, 0.07341, 0.01039, 0.04601, 0.10871, 0.05385, 0.02786, 0.06407, 0.02114, 0.05963, 0.02163, 0.04387, 0.0044, 0.05284, 0.0134, 0.0359, 0.18505, 0.02805],[],[],35,0
2.5,152,[0.00268, 0.00124, 0.00426, 0.049, 0.07917, 0.05083, 0.03561, 0.03154, 0.06409, 0.00226, 0.00227, 0.13015, 0.08777, 0.17526, 0.10922, 0.1153, 0.14898, 0.11106, 0.00301, 0.00913, 0.19265, 0.02534, 0.2298, 0.13043, 0.17065, 0.01577, 0.11101, 0.2359, 0.19734, 0.00421, 0.15197, 0.00847, 0.03502],[],[],33,0
2.5,153,[0.01586, 0.00983, 0.07296, 0.07136, 0.01138, 0.02212, 0.04129, 0.00401, 0.00203, 0.02758, 0.07562, 0.03311, 0.15129, 0.16116, 0.03131, 0.11779, 0.01587, 0.06107],[],[],18,0
2.5,154,[0.01987, 0.00353, 0.04526, 0.02226, 0.02074, 0.00559, 0.03173, 0.00289, 0.01634, 0.06942, 0.14405, 0.0241, 0.08639, 0.04164, 0.09497, 0.15887, 0.15722, 0.00385, 0.03181, 0.13198, 0.27309, 0.09227, 0.10548, 0.02685, 0.05091, 0.10223, 0.01489, 0.23559, 0.01524, 0.05168, 0.02092, 0.25255, 0.15874, 0.20293, 0.10282, 0.02194, 0.00555, 0.15004, 0.10067, 0.01134, 0.02879, 0.01173, 0.0178, 0.14265, 0.01799, 0.36231, 0.38353, 0.13637, 0.00623, 0.42, 0.00664, 0.03992, 0.04676, 0.22014, 0.05084],[],[],55,0
2.5,155,[0.00311, 0.00778, 0.05892, 0.00329, 0.05618, 0.00173, 0.02134, 0.00845, 0.14413, 0.04503, 0.05124, 0.00285, 0.01171, 0.06841, 0.13399, 0.03908, 0.02287, 0.09342, 0.15847, 0.10752, 0.08959, 0.03063, 0.1157, 0.0233],[],[],24,0
2.5,156,[0.00094, 0.06343, 0.00167, 0.03169, 0.03978, 0.0123, 0.03316, 0.10772, 0.00525, 0.12436, 0.13912, 0.04842, 0.02042, 0.21151, 0.05971, 0.0863, 0.02118, 0.21593, 0.01836, 0.14744, 0.0974, 0.09758, 0.00399, 0.15174, 0.23574, 0.01646, 0.11528, 0.03305, 0.00855, 0.02256, 0.01811, 0.05085, 0.30248, 0.29697, 0.10676, 0.12797, 0.12049, 0.11886, 0.09449, 0.08988, 0.01586, 0.22515, 0.02171, 0.15784, 0.05503],[],[],45,0
2.5,157,[0.0086, 0.03212, 0.04763, 0.02029, 0.09342, 0.04873, 0.06499, 0.14479, 0.04599, 0.01456, 0.00297, 0.00315, 0.15361, 0.00357, 0.19833, 0.00817],[],[],16,0
2.5,158,[0.03771, 0.01671, 0.00125, 0.00273, 0.02227, 0.08135, 0.09339, 0.03164, 0.06617, 0.02916, 0.03489, 0.14784, 0.07126, 0.01782, 0.1089, 0.09408, 0.14112, 0.1749, 0.12964, 0.03112, 0.20994, 0.00956],[],[],22,0
2.5,159,[0.0349, 0.00182, 0.01358, 0.09364, 0.03067, 0.00919, 0.00314, 0.07658, 0.15114, 0.03249, 0.00385, 0.00794, 0.00401, 0.18905, 0.02056, 0.01648, 0.01249, 0.09829, 0.00457, 0.17542, 0.30092, 0.14249, 0.00489, 0.00982, 0.11794, 0.00492, 0.10584, 0.04039, 0.00507, 0.15467, 0.21474, 0.1416, 0.33755, 0.11469, 0.37128, 0.02285, 0.27648, 0.05913, 0.12464],[],[],39,0
2.5,160,[0.00143, 0.02796, 0.0014, 0.00454, 0.09543, 0.00579, 0.01688, 0.13828, 0.10348, 0.04427, 0.02376, 0.05975, 0.00598, 0.03051, 0.01957, 0.01316, 0.05994, 0.04307, 0.00396, 0.04217, 0.09847, 0.04308, 0.01745, 0.06183, 0.27268, 0.03251, 0.00473, 0.11874, 0.00492, 0.00987, 0.06651, 0.16462, 0.02185, 0.02236, 0.00564, 0.36443, 0.01783, 0.38652, 0.06543, 0.18606],[],[],40,0
2.5,161,[0.00107, 0.01236, 0.0437, 0.03889, 0.0272, 0.03061, 0.11464, 0.04785, 0.04794, 0.08633, 0.0023, 0.0647, 0.15498, 0.01459, 0.0299],[],[],15,0
2.5,162,[0.03061, 0.01664, 0.03001, 0.02338, 0.02503, 0.00302, 0.00308, 0.01898, 0.14266, 0.14109, 0.00676, 0.07575, 0.10254, 0.10154, 0.00407, 0.04527, 0.16919, 0.04995, 0.01671, 0.27682, 0.10287, 0.0433, 0.145, 0.2223, 0.00475, 0.0095, 0.0333, 0.10229, 0.15064, 0.10638, 0.19304, 0.00515, 0.00523, 0.12636, 0.25514, 0.14898, 0.10062, 0.1237, 0.00589, 0.01191, 0.37072, 0.35883, 0.06611, 0.11443, 0.40671, 0.01233, 0.03238, 0.21377, 0.20652, 0.14544, 0.00693],[],[],51,0
2.5,163,[0.00091, 0.00414, 0.01912, 0.02956, 0.00174, 0.13848, 0.00266, 0.11524, 0.02111, 0.06339, 0.12659, 0.18685, 0.20485, 0.09408, 0.10676, 0.17818, 0.00351, 0.02116, 0.02185, 0.11671, 0.23477, 0.01215, 0.01258, 0.1084, 0.01912, 0.12615, 0.31654, 0.0049, 0.12682, 0.01071, 0.21732, 0.02786, 0.13555, 0.00566, 0.37746],[],[],35,0
2.5,164,[0.00532, 0.06117, 0.08737, 0.07493, 0.04997, 0.02971, 0.03304, 0.18077, 0.10827, 0.13292, 0.10148, 0.24924, 0.004, 0.18311, 0.1378, 0.15121, 0.02843],[],[],17,0
2.5,165,[0.00999, 0.01804, 0.01068, 0.06782, 0.09544, 0.01312, 0.08114, 0.10769, 0.16813, 0.16568, 0.1653, 0.07046, 0.02918, 0.00663, 0.00671, 0.13692, 0.00368, 0.00372, 0.01127, 0.25406, 0.01162, 0.01198, 0.00844, 0.1799],[],[],24,0
2.5,166,[0.07685, 0.01015, 0.06159, 0.01787, 0.07656, 0.11944, 0.05174, 0.16871, 0.17148, 0.14305, 0.19518, 0.22415, 0.21648, 0.2107, 0.02569, 0.1058, 0.0076, 0.05398, 0.19518, 0.02392],[],[],20,0
2.5,167,[0.01033, 0.00777, 0.00093, 0.04938, 0.01476, 0.04847, 0.00204, 0.05725, 0.00275, 0.11919, 0.02221, 0.0263, 0.0088, 0.16818, 0.08766, 0.01262, 0.05116, 0.13276, 0.11737, 0.25438, 0.11777, 0.03223, 0.00404, 0.18268, 0.00413, 0.08025, 0.09061],[],[],27,0
2.5,168,[0.02891, 0.04181, 0.00154, 0.03022, 0.01532, 0.01603, 0.02118, 0.00512, 0.0291],[],[],9,0
2.5,169,[0.00146, 0.00515, 0.00083, 0.0561, 0.03903, 0.00853, 0.06352, 0.00618, 0.03471, 0.15893, 0.02097, 0.0739, 0.00708, 0.00361, 0.07977, 0.15453, 0.05771],[],[],17,0
2.5,170,[0.03106, 0.0547, 0.04464, 0.01257, 0.01076, 0.00939, 0.00199, 0.00901, 0.0984, 0.14428, 0.16552, 0.17804, 0.1658, 0.02136, 0.03616, 0.0659, 0.0165, 0.15712, 0.08163, 0.03068, 0.08201, 0.1664, 0.04348, 0.21592, 0.00757, 0.05037, 0.06831, 0.03649, 0.10334, 0.04613, 0.01272, 0.04407, 0.02223],[],[],33,0
2.5,171,[0.01519, 0.02215, 0.0128, 0.09875, 0.00185, 0.03066, 0.00751, 0.01304, 0.00266, 0.02722, 0.06279, 0.02001, 0.13396, 0.00317, 0.01294, 0.12871, 0.03291, 0.02198, 0.0149, 0.11852, 0.02072, 0.10059, 0.00467, 0.0187, 0.0851, 0.057, 0.06203, 0.0965, 0.2127, 0.04373, 0.1494, 0.04007, 0.05671, 0.05157, 0.01105, 0.32507],[],[],36,0
2.5,172,[0.01203, 0.00202, 0.08895, 0.12746, 0.17649, 0.11066, 0.00268, 0.04093, 0.10971, 0.07163, 0.13548, 0.0031, 0.01631, 0.20152, 0.00347, 0.2168, 0.05771, 0.02339, 0.02999, 0.07368, 0.01334, 0.27801, 0.02763, 0.29515, 0.01845, 0.15338, 0.17681, 0.11738, 0.0866, 0.11239, 0.05885, 0.12972, 0.14491, 0.00528, 0.13385, 0.28086, 0.02194, 0.23776, 0.26191, 0.06436, 0.24799, 0.3809, 0.01216],[],[],43,0
2.5,173,[0.00586, 0.00699, 0.00864, 0.00167, 0.02416, 0.04548, 0.03857, 0.0033, 0.00514, 0.00172, 0.0278, 0.01086, 0.04816, 0.04909, 0.09053, 0.03603, 0.00487, 0.16003, 0.0813, 0.04896, 0.13319, 0.04173],[],[],22,0
2.5,174,[0.06491, 0.0119, 0.07573, 0.00121, 0.07647, 0.07219, 0.03209, 0.02362, 0.00374, 0.00383, 0.13056, 0.01676, 0.06253, 0.04567, 0.00467, 0.05495, 0.02415],[],[],17,0
2.5,175,[0.03401, 0.05795, 0.15145, 0.00253, 0.00256, 0.00271, 0.17476, 0.18284, 0.06015, 0.19762, 0.01082, 0.02961, 0.03182, 0.07559, 0.03984, 0.01616, 0.24834, 0.01282, 0.25989, 0.08312, 0.08887, 0.18899, 0.00924, 0.01867, 0.06659, 0.02873, 0.13506, 0.0338, 0.1222, 0.30463, 0.30356, 0.27243, 0.13421, 0.00552, 0.00559, 0.03365],[],[],36,0
2.5,176,[0.0039, 0.00166, 0.11114, 0.01223, 0.00246, 0.01055, 0.02948, 0.11763, 0.01473, 0.0122, 0.0406, 0.02854, 0.01303, 0.09127, 0.03444, 0.20712, 0.039, 0.02517, 0.23529, 0.12157],[],[],20,0
2.5,177,[0.02641, 0.00768, 0.0448, 0.07402, 0.11224, 0.08217, 0.00187, 0.03828, 0.14584, 0.05884, 0.02652, 0.02071, 0.02873, 0.14829, 0.03052, 0.13254, 0.08051, 0.14713, 0.20732, 0.21181, 0.09713, 0.00721, 0.16963, 0.01212, 0.13668, 0.01292, 0.07436, 0.26988, 0.06438, 0.01397, 0.06693, 0.32129, 0.00974, 0.20815, 0.01502, 0.07512],[],[],36,0
2.5,178,[0.01644, 0.0013, 0.03647, 0.02887, 0.01101, 0.0092, 0.18279, 0.08236, 0.02247, 0.02587, 0.08153, 0.05973, 0.09346, 0.05756, 0.02056, 0.15251, 0.0035, 0.01769, 0.00356, 0.07838, 0.14672, 0.02225, 0.02671, 0.05983, 0.00401, 0.06533, 0.02986],[],[],27,0
2.5,179,[0.00011, 0.02033, 0.03329, 0.02877, 0.08645, 0.01577, 0.02077, 0.00242, 0.10658, 0.04825, 0.08046, 0.07399, 0.06589, 0.01338, 0.00345, 0.10563, 0.13329, 0.19748, 0.08716, 0.0343, 0.08949, 0.08224],[],[],22,0
2.5,180,[0.01575, 0.017, 0.02226, 0.02225, 0.07286, 0.07877, 0.05453, 0.04176, 0.04247, 0.11036, 0.10949, 0.17343, 0.01827],[],[],13,0
2.5,181,[0.00252, 0.0133, 0.00096, 0.01816, 0.06829, 0.00515, 0.04546, 0.00192, 0.00425, 0.00221, 0.03446, 0.10192, 0.00249, 0.0714, 0.07046, 0.04987, 0.21731, 0.08769, 0.05578, 0.00377, 0.16893, 0.18883, 0.10491, 0.00812, 0.08134, 0.16514, 0.00851, 0.26349, 0.04453, 0.01784, 0.10026, 0.0139, 0.08356, 0.27478],[],[],34,0
2.5,182,[0.02475, 0.01663, 0.01442, 0.11937, 0.00624, 0.14272, 0.10807, 0.00541, 0.03593, 0.17089, 0.10249, 0.18058, 0.0031, 0.0913, 0.07846, 0.03644, 0.16907, 0.2208, 0.11947, 0.02132, 0.23285, 0.01135, 0.14849, 0.05726, 0.18009, 0.00395, 0.23327, 0.00821, 0.00844, 0.09005, 0.05212, 0.04875, 0.04015, 0.00915],[],[],34,0
2.5,183,[0.00347, 0.01466, 0.01798, 0.01045, 0.0753, 0.01103, 0.07167, 0.01357, 0.02554, 0.05752, 0.00528, 0.0715, 0.00266, 0.06397, 0.00267, 0.11243, 0.04636, 0.00645, 0.00656, 0.0033, 0.2243, 0.02478, 0.09221, 0.04296, 0.09798, 0.01452, 0.06744],[],[],27,0
2.5,184,[0.02396, 0.0232, 0.10291, 0.03184, 0.09985, 0.0051, 0.0868, 0.11568, 0.10333, 0.07018, 0.00421, 0.10122, 0.00471, 0.02717, 0.00557, 0.00576, 0.13674, 0.03233, 0.18435, 0.06168, 0.02535, 0.09896, 0.09695, 0.08694, 0.16408, 0.0196, 0.24771, 0.04805, 0.05701, 0.1728, 0.09163, 0.04617, 0.04671, 0.20716, 0.0755],[],[],35,0
2.5,185,[0.05593, 0.08163, 0.01147, 0.0078, 0.00272, 0.00556, 0.00563, 0.17132, 0.01198, 0.19948, 0.00359, 0.03591, 0.0112, 0.01193, 0.26369, 0.2649, 0.21237, 0.17924, 0.01718, 0.00458, 0.01378],[],[],21,0
2.5,186,[0.00426, 0.00609, 0.08374, 0.05339, 0.08534, 0.1176, 0.11176, 0.09642, 0.02139, 0.00225, 0.02522, 0.03299, 0.11115, 0.00248, 0.118, 0.00515, 0.04654, 0.00868, 0.09053, 0.0517, 0.07486, 0.00675, 0.05087, 0.20549, 0.02167, 0.22935, 0.15592],[],[],27,0
2.5,187,[0.03392, 0.09005, 0.00622, 0.09463, 0.03819, 0.08528, 0.05226, 0.01577, 0.10144, 0.01995, 0.1628, 0.00754, 0.01079, 0.00589, 0.0063, 0.10435, 0.24292, 0.23222, 0.02382, 0.09956, 0.15929, 0.00423, 0.00848, 0.00848, 0.15397],[],[],25,0
2.5,188,[0.06564, 0.01663, 0.00283, 0.00636, 0.02429, 0.02409, 0.07288, 0.17876, 0.05112, 0.04814, 0.13693, 0.07065, 0.05838, 0.02578, 0.02294, 0.22746, 0.08986, 0.02049, 0.13, 0.17012, 0.0991, 0.27724, 0.00448, 0.01365, 0.02305, 0.27211, 0.0095, 0.02437, 0.00491, 0.00501, 0.01509, 0.05623, 0.13831, 0.05193, 0.00537, 0.34074, 0.18452, 0.35145, 0.09713],[],[],39,0
2.5,189,[0.00073, 0.01663, 0.00154, 0.01974, 0.02252, 0.00826, 0.04561, 0.01585, 0.05695, 0.0676, 0.00259, 0.0157, 0.00536, 0.01086, 0.02591, 0.06111, 0.02047, 0.06611, 0.03036, 0.12555, 0.00313, 0.10028, 0.13221, 0.00711, 0.07137, 0.01505, 0.24846, 0.01154, 0.09487, 0.08684, 0.18151, 0.02561, 0.00435, 0.00455, 0.0047, 0.08558, 0.22962, 0.01492, 0.13455, 0.24522, 0.15681, 0.03662, 0.02635, 0.20406, 0.01634, 0.0056, 0.01689],[],[],47,0
2.5,190,[0.0363, 0.00106, 0.0085, 0.04469, 0.05417, 0.02714, 0.00404, 0.01871, 0.01048, 0.02606, 0.06882, 0.03238, 0.03473, 0.03474, 0.00929, 0.00631, 0.00952, 0.01645, 0.02412, 0.20828, 0.01078, 0.22049],[],[],22,0
2.5,191,[0.01062, 0.05631, 0.00507, 0.02225, 0.10981, 0.03537, 0.05734, 0.07836, 0.13418, 0.09889, 0.02542, 0.04841, 0.09288, 0.07099, 0.16874, 0.13232, 0.20665, 0.06074, 0.03082, 0.12576, 0.04076, 0.23693, 0.08593, 0.01575, 0.17238, 0.2426, 0.13063, 0.08753, 0.10328, 0.18913, 0.06853, 0.07514, 0.00472, 0.209, 0.04309, 0.14016, 0.01023, 0.21497, 0.13199, 0.25136],[],[],40,0
2.5,192,[0.02126, 0.00413, 0.03777, 0.00455, 0.00225, 0.08667, 0.08265, 0.13886, 0.08426, 0.05058, 0.09468, 0.11943, 0.07474, 0.16886, 0.0845, 0.0973, 0.24782, 0.04566, 0.23653, 0.0285, 0.00432, 0.09613, 0.01835, 0.20504, 0.22974, 0.08348, 0.1936, 0.05993, 0.00515, 0.01054, 0.18028, 0.01067, 0.11228],[],[],33,0
2.5,193,[0.00058, 0.03251, 0.00844, 0.00172, 0.01131, 0.0247, 0.05813, 0.03365, 0.00833, 0.00422, 0.07266, 0.06471, 0.1437, 0.08973, 0.01069, 0.01792, 0.01526, 0.01539],[],[],18,0
2.5,194,[0.03876, 0.0008, 0.05497, 0.00993, 0.00663, 0.02667, 0.03003, 0.02948, 0.03615, 0.02537, 0.02617, 0.0129, 0.04486, 0.12344, 0.02574, 0.10329, 0.16435, 0.00866, 0.15743, 0.00652, 0.02397, 0.19754, 0.05141, 0.00755, 0.02278, 0.17641, 0.26187, 0.14361, 0.00411, 0.06232, 0.14165, 0.26267, 0.00418, 0.1768, 0.02547, 0.0085, 0.22216, 0.02167, 0.09647, 0.02728],[],[],40,0
2.5,195,[0.00502, 0.04199, 0.06099, 0.05577, 0.00908, 0.10052, 0.04426, 0.03574, 0.0665, 0.02963, 0.00203, 0.01723, 0.12873, 0.06905, 0.04893, 0.10412, 0.02464, 0.01234, 0.01666, 0.03103, 0.2368, 0.02518],[],[],22,0
2.5,196,[0.01541, 0.00108, 0.043, 0.03281, 0.01912, 0.03773, 0.09382, 0.10313, 0.01263, 0.13185, 0.10063, 0.01855, 0.08221, 0.17232],[],[],14,0
2.5,197,[0.03419, 0.01905, 0.03899, 0.0014, 0.00145, 0.02979, 0.02363, 0.00188, 0.00821, 0.0042, 0.04705, 0.0025, 0.00523, 0.01149, 0.08573, 0.02273, 0.05952, 0.01869, 0.0546, 0.10805, 0.05201, 0.01901, 0.01913, 0.02419, 0.21035, 0.01519, 0.13985, 0.00518, 0.00555, 0.1114, 0.06237],[],[],31,0
2.5,198,[0.02125, 0.02609, 0.09459, 0.04776, 0.06182, 0.02614, 0.01815, 0.05313, 0.13746, 0.08658, 0.22628, 0.00372, 0.22171, 0.23357, 0.00787, 0.00399, 0.16999, 0.21556, 0.01272, 0.02545, 0.01286, 0.0262, 0.00958, 0.02493, 0.07503],[],[],25,0
2.5,199,[0.00119, 0.02491, 0.05545, 0.01089, 0.04991, 0.02995, 0.02129, 0.09757, 0.05197, 0.0224, 0.16414, 0.05753, 0.07191, 0.02325, 0.01198, 0.06435, 0.1491, 0.08725, 0.08135, 0.04261, 0.06507, 0.01493, 0.04943],[],[],23,0

