2.5,0,[0.00901, 0.02454, 0.01096, 0.0284, 0.08761, 0.02939, 0.14521, 0.00577, 0.0029, 0.12831, 0.17312, 0.02283, 0.03293, 0.00671, 0.01381, 0.05193, 0.0386, 0.10263, 0.04393, 0.17241, 0.03843, 0.14396, 0.01208, 0.02127, 0.00449, 0.12233, 0.00459, 0.18748, 0.03757, 0.00971, 0.0783, 0.1618, 0.21132, 0.2876, 0.12105, 0.05387, 0.01078, 0.31369, 0.04351, 0.02721, 0.02214, 0.03363, 0.00566],[],[],43,0
2.5,1,[0.01621, 0.03837, 0.03007, 0.01082, 0.00512, 0.00204, 0.04212, 0.13339, 0.01925, 0.09271, 0.05716, 0.00302, 0.07232, 0.01889, 0.08373, 0.02577, 0.04953, 0.00729, 0.05384],[],[],19,0
2.5,2,[0.04507, 0.07308, 0.00167, 0.00534, 0.00551, 0.11947, 0.00679, 0.03265, 0.0458, 0.02266, 0.00292, 0.0117, 0.06459, 0.05696, 0.13489, 0.0812, 0.03745, 0.02388, 0.08313, 0.04063, 0.0378, 0.14334, 0.03875, 0.004, 0.05827],[],[],25,0
2.5,3,[0.06099, 0.00784, 0.08082, 0.02256, 0.07554, 0.02413, 0.00226, 0.09716, 0.00234, 0.10913, 0.07748, 0.13678, 0.00515, 0.05238, 0.02409, 0.09787, 0.10695, 0.0501, 0.20125, 0.09038, 0.00399, 0.01605, 0.0689, 0.23944, 0.07568, 0.04267, 0.16864, 0.0524, 0.06129, 0.00906, 0.0273],[],[],31,0
2.5,4,[0.00079, 0.04229, 0.0125, 0.01656, 0.0335, 0.00645, 0.03713, 0.05616, 0.00839, 0.14105, 0.00286, 0.06814, 0.00629, 0.11631, 0.14424, 0.15182, 0.05004, 0.00393, 0.01182, 0.15268, 0.23786, 0.14482, 0.02988, 0.06216, 0.24234, 0.17679, 0.01386],[],[],27,0
2.5,5,[0.001, 0.0408, 0.02408, 0.06897, 0.02106, 0.00332, 0.03161, 0.11903, 0.00431, 0.01376, 0.06542, 0.00489, 0.0628, 0.14159, 0.12844, 0.06221, 0.06397, 0.10854, 0.09507, 0.12866, 0.22976, 0.14589, 0.02623],[],[],23,0
2.5,6,[0.01941, 0.00672, 0.08473, 0.04102, 0.01287, 0.07231, 0.00441, 0.01695, 0.15467, 0.17671, 0.1548, 0.01124, 0.11922, 0.12675, 0.06186, 0.09833, 0.07554, 0.21673, 0.01408, 0.08675, 0.00381, 0.03136, 0.21314, 0.0282, 0.0446, 0.22354, 0.13813, 0.10131, 0.0611, 0.00443, 0.03136, 0.15996, 0.22619, 0.12175, 0.00479, 0.06797, 0.08504, 0.11528, 0.11911, 0.09344, 0.0212, 0.03218, 0.12419, 0.04864, 0.30891, 0.14692, 0.27628, 0.08849],[],[],48,0
2.5,7,[0.00652, 0.02434, 0.0245, 0.07815, 0.08335, 0.08034, 0.04482, 0.04765, 0.00941, 0.11472, 0.10582, 0.07907, 0.07703, 0.14337, 0.07116, 0.01536, 0.00628, 0.00317, 0.08361, 0.00338, 0.00716, 0.01166, 0.04714, 0.05912, 0.1306, 0.04543],[],[],26,0
2.5,8,[0.0145, 0.00187, 0.02376, 0.00527, 0.0321, 0.04046, 0.03509, 0.01529, 0.01249, 0.12723, 0.0119, 0.03957],[],[],12,0
2.5,9,[0.03735, 0.01841, 0.03639, 0.03778, 0.04405, 0.01943, 0.01476, 0.0366, 0.03517],[],[],9,0
2.5,10,[0.00895, 0.03198, 0.0019, 0.00418, 0.01726, 0.08096, 0.00416, 0.06565, 0.03183, 0.07591, 0.01631, 0.02507, 0.16812, 0.00591, 0.05521, 0.00926, 0.0956, 0.02117, 0.10115, 0.09634, 0.01113, 0.08173, 0.01487, 0.04153, 0.21287, 0.19815, 0.01662],[],[],27,0
2.5,11,[0.0042, 0.02767, 0.03677, 0.0036, 0.12144, 0.01701, 0.07634, 0.02756, 0.12716, 0.02308, 0.11126, 0.05486, 0.12534, 0.0317, 0.16631, 0.0633, 0.15391, 0.07382, 0.22372, 0.18691, 0.07901, 0.09068, 0.10063, 0.03931, 0.05051, 0.085, 0.27351, 0.25029, 0.018, 0.03194, 0.19735, 0.19032, 0.18888, 0.19856, 0.05334, 0.16694, 0.14442, 0.27008, 0.03545, 0.2242, 0.12715, 0.06425],[],[],42,0
2.5,12,[0.02656, 0.04456, 0.00122, 0.00292, 0.06351, 0.10331, 0.11071, 0.07343, 0.02957, 0.002, 0.03077],[],[],11,0
2.5,13,[0.01309, 0.00364, 0.05353, 0.05356, 0.09849, 0.00318, 0.00319, 0.00994, 0.04272, 0.05937, 0.03242, 0.02415, 0.13392, 0.00733, 0.00769, 0.00277, 0.10319, 0.04757, 0.05693, 0.00348, 0.0105, 0.18712, 0.21953, 0.216, 0.01158, 0.21278, 0.13029, 0.07212, 0.07269, 0.08189],[],[],30,0
2.5,14,[0.02714, 0.00505, 0.04271, 0.01491, 0.05233, 0.03056, 0.021, 0.14447, 0.09256, 0.00852, 0.0878, 0.17823, 0.02251, 0.01007, 0.16928, 0.0513],[],[],16,0
2.5,15,[0.00279, 0.0012, 0.08358, 0.00173, 0.03287, 0.07619, 0.02621, 0.00223, 0.06198, 0.04234, 0.01881, 0.00269, 0.00585, 0.04859, 0.0466, 0.09937, 0.13275, 0.0035, 0.17522, 0.00381, 0.00382, 0.11139, 0.02727, 0.08083, 0.01214, 0.0041, 0.13651, 0.18307, 0.00479, 0.23654],[],[],30,0
2.5,16,[0.02232, 0.01008, 0.03258, 0.00251, 0.10012, 0.09261, 0.00231, 0.03032, 0.20082, 0.15674, 0.10134, 0.01712, 0.01034, 0.06573, 0.11176, 0.02944, 0.10774, 0.05238, 0.0229, 0.08864, 0.01883],[],[],21,0
2.5,17,[0.05557, 0.0136, 0.00242, 0.12647, 0.08339, 0.11885, 0.11316, 0.00294, 0.03237, 0.12347, 0.01838, 0.13733, 0.1755, 0.00659, 0.031, 0.12209, 0.03316, 0.07423, 0.03346, 0.09804, 0.14441],[],[],21,0
2.5,18,[0.00984, 0.05488, 0.07716, 0.00197, 0.03035, 0.0069, 0.00485, 0.12797, 0.17328, 0.04964, 0.0032, 0.01288, 0.00329, 0.14577, 0.04253, 0.11068, 0.14811, 0.00372, 0.01529, 0.00398, 0.03598],[],[],21,0
2.5,19,[0.00325, 0.00246, 0.04817, 0.03633, 0.09754, 0.004, 0.00222, 0.13492, 0.12646, 0.15843, 0.06057, 0.05591, 0.11122, 0.00309, 0.01634, 0.02711, 0.21668, 0.13692, 0.11971, 0.13154, 0.10986, 0.088, 0.21084, 0.07188, 0.03211, 0.06634, 0.02941, 0.08061, 0.09977, 0.2233, 0.00458, 0.24826, 0.07442, 0.12594, 0.00508, 0.00509, 0.29135, 0.28189, 0.08985, 0.14365, 0.03213, 0.12979, 0.07116, 0.0055, 0.15617, 0.12909, 0.31658, 0.10213, 0.20211, 0.04087, 0.00591, 0.05324, 0.07697, 0.0771],[],[],54,0
2.5,20,[0.00555, 0.05068, 0.03107, 0.04446, 0.00146, 0.09484, 0.07731, 0.06344, 0.1142, 0.08245, 0.01611, 0.12696, 0.17948, 0.0404, 0.05767, 0.00724, 0.21913, 0.21332, 0.02728, 0.13581, 0.23106, 0.08324, 0.00417, 0.03797, 0.05126, 0.03, 0.08672, 0.00902, 0.19298, 0.17216, 0.00469, 0.01409, 0.00952, 0.02873, 0.21548, 0.0145, 0.00969, 0.32784, 0.02609],[],[],39,0
2.5,21,[0.02546, 0.03311, 0.00166, 0.04565, 0.06644, 0.02046, 0.00963, 0.05252, 0.00451, 0.0384, 0.01402, 0.09962, 0.12314, 0.12388, 0.00315, 0.01592, 0.01936, 0.09296, 0.13634, 0.0036, 0.02589, 0.0148, 0.2489, 0.02276, 0.01529, 0.18706, 0.23638, 0.04634, 0.06578, 0.02509, 0.00503, 0.06042, 0.10091, 0.0051, 0.15738, 0.3515, 0.03174, 0.02669],[],[],38,0
2.5,22,[0.00417, 0.02873, 0.02193, 0.02298, 0.03111, 0.02551, 0.00956, 0.0024, 0.15751, 0.03488, 0.04283, 0.05592, 0.05019, 0.0085, 0.05812, 0.16007, 0.14667, 0.04649, 0.17421, 0.11567, 0.00365, 0.09716, 0.21552, 0.00385, 0.02428, 0.0163, 0.10608, 0.24605, 0.0376, 0.02212, 0.11361, 0.20844, 0.27149, 0.01944, 0.12257, 0.03939],[],[],36,0
2.5,23,[0.06135, 0.00732, 0.08609, 0.00643, 0.03545, 0.06524, 0.02026, 0.00603, 0.00418, 0.04055, 0.00449, 0.05464, 0.1009, 0.00793, 0.05386, 0.04836, 0.08841, 0.05986, 0.20901, 0.12861, 0.17114, 0.03866, 0.01951, 0.08919, 0.00996, 0.02507],[],[],26,0
2.5,24,[0.00067, 0.02555, 0.06303, 0.063, 0.08765, 0.02892, 0.04534, 0.00181, 0.00636, 0.09191, 0.00479, 0.10208, 0.1205, 0.00282, 0.00291, 0.06738, 0.02715, 0.12429, 0.19247, 0.00941, 0.01938, 0.06461],[],[],22,0
2.5,25,[0.0117, 0.02348, 0.00241, 0.02392, 0.03198, 0.04103, 0.00201, 0.00225, 0.10376, 0.02526, 0.13837, 0.00626, 0.03861, 0.02576, 0.01656, 0.02376, 0.01727, 0.06319, 0.20161, 0.02838, 0.08688, 0.00379, 0.24684, 0.04202, 0.16104, 0.1229, 0.07864],[],[],27,0
2.5,26,[0.00119, 0.00254, 0.01283, 0.08905, 0.02711, 0.0388, 0.0907, 0.10882, 0.02147, 0.03888, 0.00292, 0.07748, 0.12385, 0.08908, 0.04358, 0.09018, 0.00349, 0.00352, 0.04936, 0.05708, 0.02919, 0.01833, 0.01103, 0.00377],[],[],24,0
2.5,27,[0.00339, 0.01715, 0.03042, 0.0831, 0.11052, 0.02885, 0.02771, 0.13331, 0.0067, 0.08616, 0.04507, 0.15113, 0.02124, 0.00918, 0.05724, 0.12406, 0.13935, 0.14995, 0.2505, 0.00399, 0.03217, 0.00812, 0.00816, 0.14354, 0.05795, 0.20282, 0.24158, 0.07857, 0.07862, 0.0132, 0.01779, 0.12925, 0.24127, 0.24568, 0.07343, 0.02298],[],[],36,0
2.5,28,[0.04427, 0.00097, 0.00236, 0.00682, 0.03195, 0.00158, 0.06573, 0.01062, 0.0768, 0.11044, 0.04714, 0.00825, 0.00212, 0.06092, 0.02886, 0.02428],[],[],16,0
2.5,29,[0.01133, 0.00277, 0.05882, 0.09402, 0.00315, 0.04019, 0.05881, 0.05653, 0.00547, 0.03411, 0.00227, 0.13816, 0.01513, 0.02909, 0.04247, 0.00287, 0.10345, 0.05175, 0.00639, 0.00357, 0.0109, 0.0037, 0.18746, 0.0488, 0.06793, 0.21639, 0.05435, 0.21741, 0.21782, 0.13407, 0.20715, 0.07648, 0.27226, 0.01298, 0.08717],[],[],35,0
2.5,30,[0.0022, 0.00456, 0.07079, 0.06022, 0.04844, 0.00234, 0.07495, 0.02413, 0.15757, 0.09543, 0.01578, 0.00959, 0.00644, 0.22296, 0.00357, 0.0823, 0.04744, 0.00398, 0.11004, 0.07477, 0.08721, 0.15365, 0.04942, 0.08752, 0.26159, 0.05682, 0.02379, 0.03815, 0.15557, 0.27567, 0.23456, 0.00527, 0.05308, 0.15074, 0.01696, 0.01144, 0.35376, 0.01185, 0.01191, 0.27558, 0.30907, 0.13984, 0.31934, 0.03223, 0.00659, 0.16207, 0.04094],[],[],47,0
2.5,31,[0.00416, 0.00332, 0.10428, 0.01555, 0.02407, 0.06675, 0.01556, 0.00547, 0.00301, 0.00635, 0.00637, 0.20228, 0.02661, 0.00344, 0.08476, 0.18457, 0.08574, 0.20193, 0.07201, 0.21114, 0.06123, 0.24708, 0.08947, 0.05975, 0.0044, 0.00445, 0.02259, 0.02303, 0.08806, 0.05629, 0.22719, 0.18072, 0.3246, 0.11735, 0.0207, 0.13499, 0.29134, 0.01059, 0.10097, 0.0554, 0.18451, 0.02821, 0.22113, 0.10845, 0.37772],[],[],45,0
2.5,32,[0.01451, 0.00244, 0.04009, 0.08919, 0.05001, 0.02099, 0.02387, 0.02509, 0.00264, 0.01649, 0.00293, 0.00306, 0.17605, 0.21565, 0.04551, 0.00733, 0.09646, 0.18609, 0.22902, 0.07345, 0.05889, 0.05525, 0.22101, 0.01683, 0.09287, 0.08068, 0.27945, 0.04839, 0.1741, 0.04025],[],[],30,0
2.5,33,[0.00277, 0.02579, 0.03285, 0.00573, 0.0781, 0.03335, 0.08662, 0.00918, 0.06444, 0.00969, 0.08813, 0.00576, 0.03525, 0.0693, 0.07387, 0.06688, 0.08153, 0.0512, 0.00383, 0.09976, 0.09238, 0.08256, 0.19962, 0.00411, 0.06682, 0.17479, 0.02247, 0.11144, 0.11769, 0.32078, 0.01509, 0.01007, 0.14204, 0.09189, 0.32516, 0.01566, 0.01056, 0.05865, 0.33338, 0.05731, 0.12636, 0.16793, 0.28947],[],[],43,0
2.5,34,[0.00037, 0.08407, 0.07367, 0.03412, 0.07627, 0.00532, 0.07101, 0.02469, 0.11913, 0.09462, 0.00253, 0.06099, 0.1579, 0.05466, 0.00287, 0.08384, 0.067, 0.10128, 0.07618, 0.04044, 0.04524, 0.0105, 0.24445],[],[],23,0
2.5,35,[0.00991, 0.01914, 0.01536, 0.04435, 0.00476, 0.11258, 0.13921, 0.16349, 0.00298, 0.05794, 0.00614, 0.00647, 0.11887, 0.09958, 0.00379, 0.02277, 0.01155, 0.00387, 0.004, 0.15229, 0.04184, 0.19668, 0.02107, 0.01304, 0.00449, 0.03681, 0.00468, 0.07171, 0.14061, 0.05394, 0.0101, 0.00525, 0.01078, 0.21708, 0.02736, 0.05601, 0.32517, 0.24783, 0.08115, 0.33816, 0.19643, 0.0956, 0.39737, 0.06034, 0.07538, 0.07023, 0.00639, 0.02598, 0.00655, 0.26874, 0.00658, 0.01326, 0.15301, 0.28418, 0.22202, 0.01396, 0.3283, 0.00716, 0.00731, 0.2781, 0.34228],[],[],61,0
2.5,36,[0.01404, 0.0426, 0.01405, 0.03524, 0.00972, 0.02288, 0.02828, 0.04354, 0.00884, 0.04888, 0.03868, 0.00242, 0.15529, 0.01003, 0.05049, 0.04489, 0.16836, 0.10376, 0.15608, 0.16079, 0.04907, 0.0033, 0.20383, 0.03379, 0.23181, 0.00793, 0.11138, 0.1159, 0.10742, 0.01901, 0.29939, 0.27382, 0.21657, 0.01479],[],[],34,0
2.5,37,[0.01204, 0.01001, 0.00524, 0.00112, 0.04051, 0.04612, 0.02261, 0.00389, 0.05273, 0.00225, 0.02764, 0.06887, 0.00282, 0.00568, 0.00285, 0.01719, 0.00299],[],[],17,0
2.5,38,[0.00345, 0.04231, 0.00664, 0.11478, 0.06426, 0.09213, 0.05422, 0.10639, 0.02421, 0.15629, 0.0333, 0.00279, 0.03847, 0.16223, 0.10007, 0.00335, 0.08134, 0.13984, 0.00345, 0.02099, 0.14371, 0.17207, 0.04276, 0.0072, 0.15343, 0.06302, 0.02342, 0.00401, 0.01219, 0.1244, 0.10342, 0.09922, 0.06062, 0.0177],[],[],34,0
2.5,39,[0.03004, 0.0637, 0.00692, 0.03771, 0.04869, 0.0018, 0.06151, 0.10823, 0.0196, 0.00204, 0.00427, 0.05026, 0.00857, 0.00929, 0.17326, 0.07656, 0.09805, 0.07532, 0.02308, 0.0194, 0.11487],[],[],21,0
2.5,40,[0.04874, 0.0031, 0.0871, 0.00158, 0.01754, 0.02906, 0.00225, 0.11237, 0.10753, 0.02498, 0.06553, 0.04514, 0.08832, 0.08085, 0.06751, 0.04338],[],[],16,0
2.5,41,[0.06005, 0.03968, 0.06284, 0.03465, 0.05938, 0.08005, 0.14446, 0.18237, 0.04872, 0.20687, 0.13171, 0.16857, 0.07047, 0.09095, 0.07543, 0.03819, 0.1625, 0.00357],[],[],18,0
2.5,42,[0.00589, 0.02015, 0.00205, 0.03713, 0.00427, 0.111, 0.14385, 0.16448, 0.09242, 0.00355, 0.0719, 0.00397, 0.14243, 0.0084, 0.08511, 0.16597, 0.00899, 0.06292, 0.21494, 0.00504, 0.00538, 0.16814, 0.23854, 0.01818, 0.04293, 0.00614, 0.35202, 0.35918, 0.41058, 0.06267, 0.09476, 0.27385, 0.00639, 0.06483, 0.22302, 0.02051, 0.28192, 0.00699, 0.0421, 0.07772, 0.2909, 0.00715, 0.27453, 0.11628, 0.34294, 0.07476, 0.24309, 0.51528, 0.1787, 0.04717],[],[],50,0
2.5,43,[0.01497, 0.01861, 0.00697, 0.06089, 0.10148, 0.01173, 0.00707, 0.04691, 0.04751, 0.10899, 0.00209, 0.02727, 0.02177, 0.02253, 0.02318, 0.09935, 0.16682, 0.01749, 0.00881, 0.08008, 0.00305, 0.03696, 0.02905],[],[],23,0
2.5,44,[0.01044, 0.02055, 0.0585, 0.00789, 0.00805, 0.04402, 0.09014, 0.05115, 0.07311, 0.00269, 0.19621, 0.16203, 0.00607, 0.06749, 0.20301, 0.00631, 0.11005, 0.01725, 0.05213, 0.02115, 0.0108, 0.18852, 0.1165, 0.16182, 0.13283, 0.19933, 0.06147, 0.18989, 0.11171, 0.11912, 0.07495, 0.05177, 0.00472, 0.19697],[],[],34,0
2.5,45,[0.0022, 0.01269, 0.05161, 0.04133, 0.00245, 0.0946, 0.00817, 0.05493, 0.14183, 0.07651, 0.02483, 0.13623, 0.14258, 0.06917, 0.05642, 0.06135, 0.06166, 0.00658, 0.11342, 0.22492, 0.05661, 0.03234, 0.03446, 0.00392, 0.02392, 0.07017, 0.11866, 0.14934, 0.04704, 0.00428, 0.00439, 0.02251, 0.08423, 0.08758, 0.11815, 0.08373],[],[],36,0
2.5,46,[0.00857, 0.00062, 0.01114, 0.02244, 0.06479, 0.00236, 0.07472, 0.07738, 0.01336, 0.01337, 0.01394, 0.06641, 0.11869, 0.00326, 0.0033, 0.02779, 0.05235],[],[],17,0
2.5,47,[0.02729, 0.1012, 0.04617, 0.00851, 0.04163, 0.08803, 0.00244, 0.10446, 0.06137, 0.05653, 0.00614, 0.07163, 0.09947, 0.17537, 0.0551, 0.12739, 0.12877, 0.11359, 0.01341, 0.05325, 0.00989, 0.01997, 0.18553, 0.17829, 0.03184],[],[],25,0
2.5,48,[0.00371, 0.04152, 0.00131, 0.0728, 0.07384, 0.0062, 0.01535, 0.04173, 0.15472, 0.0274, 0.00828, 0.10586, 0.14568, 0.09302, 0.08116, 0.00612, 0.18512, 0.12994, 0.022, 0.02042, 0.06984, 0.15913, 0.05803, 0.20744, 0.15373, 0.0155, 0.16741, 0.01618, 0.05116, 0.27351, 0.12456, 0.12107, 0.04047, 0.25617, 0.00488, 0.27737, 0.1242, 0.2293, 0.13192, 0.00513, 0.30081, 0.17755, 0.0472, 0.14706],[],[],44,0
2.5,49,[0.0015, 0.03328, 0.01395, 0.01145, 0.01572, 0.09637, 0.0082, 0.00841, 0.00213, 0.0325, 0.14041, 0.03458, 0.04798, 0.12273, 0.02088, 0.17092, 0.01227, 0.12747, 0.08888, 0.11667, 0.13387, 0.02312, 0.10377, 0.05316, 0.00413, 0.24935, 0.0467],[],[],27,0
2.5,50,[0.0069, 0.02747, 0.00749, 0.00772, 0.01282, 0.02512, 0.07618, 0.06625, 0.11859, 0.13367, 0.08635, 0.11396, 0.20536, 0.01642, 0.02007, 0.03374, 0.09105, 0.10292, 0.08397, 0.00386, 0.04691, 0.004, 0.14549, 0.17897, 0.02878, 0.09186],[],[],26,0
2.5,51,[0.0328, 0.04064, 0.00549, 0.05448, 0.05306, 0.06286, 0.03121, 0.01225, 0.02457, 0.02381, 0.00234, 0.02704, 0.10239, 0.12701, 0.09013, 0.01172, 0.16042, 0.00302, 0.04672, 0.00342, 0.10351, 0.02857],[],[],22,0
2.5,52,[0.0053, 0.04636, 0.03902, 0.03521, 0.02945, 0.05099, 0.015, 0.07664, 0.04044, 0.09653, 0.16003, 0.00283, 0.09396, 0.17329, 0.157, 0.02873, 0.00998, 0.18985, 0.14059, 0.08954, 0.17436, 0.08062, 0.1621, 0.00416, 0.26472, 0.18522, 0.09274, 0.24968, 0.0273, 0.00455, 0.24714, 0.30992, 0.13609, 0.17283, 0.05106, 0.10239, 0.14375, 0.03109, 0.24119, 0.14374, 0.31177, 0.17807],[],[],42,0
2.5,53,[0.00539, 0.00069, 0.00321, 0.02271, 0.0658, 0.14144, 0.02086, 0.00618, 0.2184, 0.22463, 0.20489, 0.01067, 0.00367, 0.18247, 0.11726, 0.02304, 0.07685, 0.09758],[],[],18,0
2.5,54,[0.00063, 0.02697, 0.00912, 0.10238, 0.04521, 0.01671, 0.08561, 0.05667, 0.04384, 0.01117, 0.07984, 0.06419, 0.01318, 0.00271, 0.0143, 0.07321, 0.04809, 0.08097, 0.0033, 0.23099, 0.03501, 0.1422, 0.08623, 0.15192, 0.16724, 0.0413, 0.23655, 0.15515, 0.00764, 0.0849, 0.04653, 0.22458, 0.08288, 0.21307, 0.07627],[],[],35,0
2.5,55,[0.01824, 0.01977, 0.00345, 0.08309, 0.11074, 0.01192, 0.00744, 0.00499, 0.03997, 0.05741, 0.03079, 0.0031, 0.03983, 0.19124, 0.22338, 0.0036, 0.09428, 0.0666, 0.02271, 0.14559, 0.03179, 0.07371, 0.11902, 0.00415, 0.08469, 0.09372, 0.02307, 0.00934, 0.11401, 0.02853],[],[],30,0
2.5,56,[0.00046, 0.0177, 0.01078, 0.02225, 0.05614, 0.0145, 0.0145, 0.00686, 0.06305, 0.00399, 0.01652, 0.00221, 0.0297, 0.09125, 0.03439, 0.09743, 0.05151, 0.00621, 0.05015, 0.04147, 0.03534],[],[],21,0
2.5,57,[0.0005, 0.00211, 0.00277, 0.00074, 0.01661, 0.00817, 0.01101, 0.04585, 0.07668, 0.00219, 0.01364, 0.14253, 0.08423, 0.00257, 0.09257, 0.01432, 0.11567, 0.00585, 0.13858, 0.09381, 0.0731, 0.00658, 0.02327, 0.00669, 0.07304, 0.09073, 0.01818, 0.03716, 0.09339, 0.12246, 0.08572, 0.00391, 0.00829, 0.09774, 0.00441, 0.26368, 0.23993, 0.01414, 0.26988, 0.22963, 0.04528],[],[],41,0
2.5,58,[0.00792, 0.05501, 0.05457, 0.05859, 0.09944, 0.00371, 0.05234, 0.00695, 0.12334, 0.11572, 0.00851, 0.05678, 0.04565, 0.07793, 0.1987, 0.09492, 0.02862, 0.0501, 0.03693, 0.16211, 0.15318, 0.13864, 0.25144, 0.0413, 0.06289, 0.01614, 0.02065],[],[],27,0
2.5,59,[0.05189, 0.0048, 0.01289, 0.03277, 0.04408, 0.05226, 0.03739, 0.00696, 0.05454, 0.07709, 0.14052, 0.06994, 0.01128, 0.0368, 0.18389, 0.00576, 0.05859, 0.01781, 0.00306, 0.11016, 0.00982, 0.00336, 0.0035, 0.06771, 0.03825, 0.00776, 0.219, 0.00393, 0.03979, 0.00834, 0.00866, 0.13876, 0.24731, 0.13128, 0.10321, 0.02858, 0.01516, 0.03076],[],[],38,0
2.5,60,[0.00115, 0.00986, 0.01156, 0.06133, 0.05222, 0.01296, 0.02666, 0.03744, 0.11825, 0.05146, 0.0284, 0.03338, 0.01511, 0.05798, 0.02777, 0.06613, 0.15056, 0.18645, 0.00318, 0.12397, 0.11842, 0.1942, 0.01767],[],[],23,0
2.5,61,[0.00405, 0.02929, 0.00139, 0.07904, 0.07749, 0.04719, 0.02751, 0.0672, 0.01647, 0.10674, 0.08383, 0.01384, 0.09597, 0.18977, 0.06041, 0.05752, 0.0297, 0.14439, 0.01323, 0.00444, 0.03192],[],[],21,0
2.5,62,[0.00144, 0.00647, 0.05827, 0.01946, 0.08366, 0.10941, 0.00425, 0.03145, 0.09799, 0.0423, 0.10758, 0.15532, 0.00824, 0.16734, 0.08085, 0.08045, 0.05148, 0.00323, 0.08604, 0.03311, 0.10078, 0.23422, 0.2114, 0.18903, 0.06899],[],[],25,0
2.5,63,[0.00492, 0.06888, 0.06169, 0.00313, 0.03014, 0.05851, 0.03756, 0.0319, 0.04577, 0.0059, 0.07017],[],[],11,0
2.5,64,[0.00289, 0.00093, 0.00447, 0.02699, 0.06667, 0.00667, 0.01356, 0.10208, 0.00183, 0.01441, 0.06669, 0.08646, 0.05052, 0.01414, 0.00285, 0.07423, 0.0917, 0.09953, 0.06788, 0.14062, 0.17279, 0.02723, 0.0924, 0.14186, 0.04121, 0.24613, 0.09476, 0.20075, 0.01324, 0.18779, 0.10349, 0.14653, 0.04156, 0.19512, 0.04912, 0.04468, 0.19867, 0.02043, 0.13868, 0.01565, 0.12076, 0.27229, 0.02154, 0.29189, 0.34126, 0.15261],[],[],46,0
2.5,65,[0.01154, 0.05911, 0.00696, 0.00244, 0.07555, 0.02061, 0.07244, 0.00548, 0.08304, 0.06664, 0.14507, 0.02949, 0.01788, 0.09278, 0.01549, 0.02505, 0.00324, 0.1892, 0.18223, 0.16205, 0.09607, 0.0735, 0.04639, 0.05692, 0.03051, 0.03441, 0.09746, 0.00406, 0.06508, 0.08188, 0.00451, 0.00459, 0.2543, 0.1872, 0.04051, 0.07766, 0.0104, 0.06812, 0.10113, 0.20564, 0.12506, 0.06126, 0.1863, 0.15136, 0.01829, 0.11016],[],[],46,0
2.5,66,[0.04416, 0.03709, 0.01022, 0.01799, 0.02242, 0.00411, 0.0353, 0.02457, 0.00365, 0.00856, 0.04521, 0.04107, 0.00223, 0.00519, 0.0187, 0.08152, 0.17301, 0.19051, 0.11672, 0.14095, 0.16998, 0.019, 0.13587, 0.00995, 0.00352, 0.00363, 0.00366, 0.00375, 0.15603, 0.02707],[],[],30,0
2.5,67,[0.01922, 0.01775, 0.00898, 0.01127, 0.0203, 0.09691, 0.0713, 0.01958, 0.01009, 0.02881, 0.03705, 0.07506, 0.00477, 0.11227, 0.05652, 0.00292, 0.12883, 0.00945, 0.00719, 0.07674, 0.12968, 0.14441, 0.07874, 0.07245, 0.01665],[],[],25,0
2.5,68,[0.00245, 0.02732, 0.0117, 0.00654, 0.02087, 0.07823, 0.12579, 0.09722, 0.01066, 0.0022, 0.00234, 0.10996, 0.09182, 0.04658, 0.08437, 0.02349, 0.18653, 0.09133, 0.04077, 0.18969, 0.00365, 0.00373, 0.18559, 0.01895, 0.15572, 0.06473, 0.09457, 0.16837, 0.00403, 0.10282, 0.13671, 0.07558, 0.17605, 0.17642, 0.10723, 0.24711, 0.11487, 0.0876, 0.23914, 0.19778],[],[],40,0
2.5,69,[0.01244, 0.00726, 0.02876, 0.00254, 0.02187, 0.06231, 0.00324, 0.0178, 0.03173, 0.13372, 0.09586, 0.03359, 0.05919, 0.06839, 0.13956, 0.02372, 0.01157],[],[],17,0
2.5,70,[0.01237, 0.04884, 0.02227, 0.06559, 0.02134, 0.11457, 0.00909, 0.09164, 0.00485, 0.04943, 0.10901, 0.12207, 0.16349, 0.10875, 0.06573],[],[],15,0
2.5,71,[0.03148, 0.0335, 0.03762, 0.06208, 0.05408, 0.0155, 0.00452, 0.12018, 0.02983, 0.00295, 0.06287, 0.14344, 0.17943, 0.02249, 0.00654, 0.18596, 0.20421, 0.07404, 0.1588, 0.03412, 0.12444, 0.07777, 0.22664, 0.09876, 0.10499, 0.08419, 0.02983, 0.01716],[],[],28,0
2.5,72,[0.02283, 0.04951, 0.02015, 0.02914, 0.05698, 0.00269, 0.06061, 0.03764, 0.01587, 0.00323, 0.05809, 0.01296, 0.02726, 0.15647, 0.09182, 0.18317, 0.04487, 0.0315, 0.00797],[],[],19,0
2.5,73,[0.03633, 0.00256, 0.0159, 0.00337, 0.05642, 0.06734, 0.05065, 0.06521, 0.02065, 0.03739, 0.00213, 0.02192, 0.04963, 0.07293, 0.05332, 0.16116, 0.01732, 0.00308, 0.20201, 0.07562, 0.00339, 0.04088, 0.12198, 0.01536, 0.01179, 0.00797, 0.22567, 0.05356, 0.00871, 0.23933, 0.02668, 0.00896, 0.01377, 0.02331, 0.05353, 0.22491, 0.01503, 0.15936, 0.02589, 0.0052],[],[],40,0
2.5,74,[0.0021, 0.07141, 0.01754, 0.04291, 0.04112, 0.05588, 0.00434, 0.11509, 0.00249, 0.02148, 0.04958, 0.12833, 0.06843, 0.08869, 0.09763, 0.08428, 0.05612, 0.24233, 0.00757, 0.02812, 0.24724, 0.06169, 0.24828, 0.12058, 0.04647, 0.12297, 0.01895, 0.01909, 0.05761, 0.18949, 0.00495, 0.04998, 0.01001, 0.05645, 0.13378, 0.04261, 0.02227, 0.05589, 0.00562],[],[],39,0
2.5,75,[0.01128, 0.07395, 0.00521, 0.01288, 0.08805, 0.03909, 0.1277, 0.06165, 0.17465, 0.08309, 0.14835, 0.11338, 0.04849, 0.00347, 0.22353, 0.0304, 0.08792],[],[],17,0
2.5,76,[0.00419, 0.00085, 0.05949, 0.01549, 0.04453, 0.00446, 0.03446, 0.05754, 0.05246, 0.05327, 0.01958, 0.15092, 0.13411, 0.08463, 0.00268, 0.02021, 0.00291, 0.02084],[],[],18,0
2.5,77,[0.01157, 0.00259, 0.00862, 0.0469, 0.0742, 0.17308, 0.13647, 0.04924, 0.00293, 0.01204, 0.0392, 0.02503, 0.07331, 0.18978, 0.00716, 0.00364, 0.02212],[],[],17,0
2.5,78,[0.00511, 0.01189, 0.014, 0.04527, 0.04549, 0.02858, 0.03059, 0.07517, 0.02589, 0.00961, 0.0964, 0.00993, 0.08675, 0.01319, 0.01492, 0.00305, 0.11978, 0.01975, 0.13845, 0.00733, 0.08605, 0.01933, 0.15915, 0.00398, 0.13074, 0.09561, 0.04077],[],[],27,0
2.5,79,[0.01456, 0.00177, 0.00117, 0.02495, 0.00479, 0.08892, 0.03358, 0.0463, 0.06205, 0.02135, 0.05433, 0.16372, 0.01299, 0.00331, 0.00332, 0.00336, 0.11088, 0.00338, 0.07494, 0.10175],[],[],20,0
2.5,80,[0.0043, 0.02103, 0.08054, 0.04534, 0.04037, 0.05673, 0.00886, 0.00475, 0.02861, 0.04659, 0.03855],[],[],11,0
2.5,81,[0.00195, 0.07565, 0.13899, 0.00279, 0.02304, 0.09423, 0.00352, 0.05001, 0.12159, 0.23127, 0.23177, 0.11439, 0.04227, 0.17553, 0.0583, 0.00509, 0.29793, 0.17086, 0.00523, 0.03248],[],[],20,0
2.5,82,[0.0214, 0.04855, 0.06591, 0.04771, 0.05518, 0.00156, 0.00187, 0.01779, 0.0552, 0.08524, 0.15043, 0.10727, 0.00238, 0.00487, 0.00488, 0.07947, 0.01081, 0.0406],[],[],18,0
2.5,83,[0.00081, 0.00102, 0.00904, 0.05224, 0.05571, 0.10974, 0.04131, 0.10634, 0.10008, 0.08053, 0.0527, 0.02748, 0.02756, 0.06649, 0.0534, 0.03411, 0.0701, 0.17529, 0.0599, 0.00601],[],[],20,0
2.5,84,[0.00741, 0.00166, 0.06068, 0.02119, 0.02897, 0.02462, 0.03439, 0.00957, 0.00768, 0.05801, 0.06875, 0.05361, 0.00323, 0.13741, 0.04422],[],[],15,0
2.5,85,[0.00258, 0.02314, 0.00239, 0.08934, 0.05816, 0.09192, 0.03145, 0.01724, 0.09906, 0.07132, 0.08252, 0.00575, 0.06421, 0.04476, 0.19278, 0.16819, 0.14617, 0.0313, 0.01502, 0.02267, 0.04584, 0.03508, 0.10358, 0.06776, 0.12048, 0.0995, 0.25191, 0.02238, 0.00901, 0.05932, 0.11939, 0.01387, 0.03252],[],[],33,0
2.5,86,[0.01662, 0.06435, 0.00863, 0.07019, 0.0679, 0.02044, 0.08118, 0.00204, 0.09661, 0.00224, 0.07681, 0.01816, 0.01543, 0.03741, 0.07183, 0.05787, 0.11925, 0.17994, 0.02459, 0.03866, 0.00357, 0.11351, 0.06269, 0.08757, 0.02738, 0.15531, 0.01195],[],[],27,0
2.5,87,[0.00182, 0.02822, 0.00762, 0.0492, 0.1344, 0.00563, 0.02558, 0.06064, 0.0236, 0.01868, 0.15909, 0.04801, 0.01011, 0.08973, 0.1903, 0.01436, 0.2279, 0.08853, 0.08864, 0.09529, 0.05152, 0.00437, 0.2108, 0.23779, 0.0354, 0.07203, 0.08709, 0.27734, 0.04753, 0.05378, 0.16378, 0.0051, 0.18042, 0.34546, 0.01091, 0.14472],[],[],36,0
2.5,88,[0.00604, 0.01868, 0.01061, 0.05807, 0.03367, 0.03585, 0.00369, 0.0037, 0.07637, 0.03128, 0.0363, 0.01881, 0.02337, 0.0194, 0.10169, 0.03269, 0.19049, 0.01021, 0.08851, 0.00348, 0.02478, 0.00365, 0.17524, 0.15297, 0.1018, 0.05889],[],[],26,0
2.5,89,[0.02356, 0.04582, 0.01966, 0.04503, 0.06149, 0.06712, 0.02261, 0.06841, 0.11695, 0.01314, 0.00443, 0.01211, 0.10107, 0.00548, 0.05312, 0.00889, 0.00309, 0.17914, 0.02625, 0.01688, 0.02433, 0.00351],[],[],22,0
2.5,90,[0.02457, 0.04345, 0.00134, 0.08389, 0.08228, 0.02573, 0.00206, 0.01056, 0.00464, 0.00494, 0.0401, 0.03785, 0.00566, 0.00615, 0.04622, 0.03797, 0.13288, 0.03687],[],[],18,0
2.5,91,[0.01296, 0.00791, 0.02033, 0.06419, 0.07789, 0.03069, 0.01925, 0.01722, 0.00219, 0.05396, 0.03578, 0.01664, 0.03702, 0.06058, 0.1828, 0.02591, 0.15442, 0.08548, 0.13239, 0.05345, 0.11312, 0.01415, 0.16026, 0.09957, 0.00385, 0.12677, 0.02453, 0.13309, 0.17619, 0.01389, 0.07523],[],[],31,0
2.5,92,[0.03569, 0.0169, 0.0339, 0.01297, 0.06649, 0.02682, 0.01645, 0.01208, 0.04962, 0.07315, 0.07925, 0.04023],[],[],12,0
2.5,93,[0.02412, 0.04232, 0.03066, 0.00171, 0.04479, 0.02015, 0.01543, 0.01176, 0.00869, 0.01589, 0.07535, 0.11595, 0.00761, 0.05445, 0.01089, 0.00843, 0.06566, 0.003, 0.07218, 0.03426, 0.04909],[],[],21,0
2.5,94,[0.01437, 0.00056, 0.00969, 0.06266, 0.00708, 0.08053, 0.01954, 0.00415, 0.00892, 0.02701, 0.00901, 0.00688, 0.10003, 0.10211, 0.00266, 0.00819, 0.01657, 0.00279, 0.10212, 0.08449, 0.12896, 0.19534, 0.01708],[],[],23,0
2.5,95,[0.01399, 0.0032, 0.01189, 0.10179, 0.03896, 0.11938, 0.07434, 0.0196, 0.03377, 0.02626, 0.19953, 0.01549, 0.02236, 0.18988, 0.17747, 0.00753, 0.034],[],[],17,0
2.5,96,[0.00111, 0.00455, 0.06629, 0.03874, 0.02504, 0.00142, 0.08274, 0.07995, 0.02521, 0.05426, 0.01337, 0.14954, 0.11374, 0.07153, 0.00597, 0.06211, 0.20118, 0.23182, 0.15155, 0.0259, 0.19073, 0.00751, 0.00755, 0.07195, 0.14096, 0.13325, 0.1357, 0.00801, 0.0487, 0.07154, 0.2075, 0.02581, 0.23289, 0.17787, 0.05679, 0.00444],[],[],36,0
2.5,97,[0.0423, 0.11247, 0.06327, 0.08872, 0.05493, 0.03003, 0.10789, 0.01009, 0.15974, 0.02759, 0.03719, 0.16568, 0.10333, 0.00952, 0.00324, 0.13647, 0.04063, 0.00343, 0.00345, 0.14155, 0.17008, 0.08472, 0.02133, 0.15152, 0.0635, 0.00795, 0.1225, 0.03676, 0.02468, 0.00424, 0.00433, 0.07823, 0.10492, 0.10232, 0.18053, 0.07709],[],[],36,0
2.5,98,[0.0318, 0.03826, 0.02644, 0.06626, 0.11346, 0.10343, 0.05698, 0.02362, 0.09329, 0.17526, 0.14375, 0.15614, 0.00296, 0.13239, 0.11047, 0.15047, 0.06497, 0.00385, 0.13342, 0.01676, 0.18191, 0.00849, 0.00849, 0.27855, 0.00903, 0.0229, 0.00917, 0.01842, 0.01865, 0.22856, 0.01437, 0.03906, 0.20055, 0.09439, 0.17245, 0.13804, 0.34472, 0.21656, 0.27887, 0.00524, 0.1223, 0.00534, 0.09127],[],[],43,0
2.5,99,[0.02715, 0.0123, 0.02726, 0.0387, 0.00304, 0.05017, 0.00898, 0.00459, 0.06731, 0.15756, 0.00266, 0.11922, 0.02069, 0.00312, 0.03906],[],[],15,0
2.5,100,[0.0047, 0.00726, 0.0038, 0.00582, 0.03695, 0.00273, 0.07325, 0.02915, 0.00834, 0.00442, 0.01368, 0.15322, 0.00472, 0.14866, 0.00502, 0.02557, 0.03809, 0.30007, 0.14589, 0.00578, 0.39341, 0.23228, 0.00613, 0.00622, 0.32681, 0.01934, 0.00657, 0.16187, 0.00685, 0.46611, 0.00727, 0.31495, 0.01484, 0.01535, 0.06295],[],[],35,0
2.5,101,[0.01008, 0.03008, 0.08494, 0.02423, 0.05735, 0.00925, 0.03697, 0.09539, 0.09831, 0.05776, 0.0027, 0.07059, 0.011, 0.08188, 0.01426, 0.19266, 0.00306, 0.02187, 0.03772, 0.00318, 0.14004, 0.17545, 0.01058, 0.00706, 0.06228, 0.09865, 0.02379, 0.01297, 0.24752, 0.12688, 0.03942, 0.11395, 0.01319, 0.01806],[],[],34,0
2.5,102,[0.00534, 0.01819, 0.00414, 0.09539, 0.01676, 0.04311, 0.01823, 0.05913, 0.05042, 0.10792, 0.00273, 0.06919, 0.08219, 0.10073, 0.13208, 0.0063, 0.09646, 0.16006, 0.00722, 0.14475, 0.21628, 0.00387, 0.00776, 0.04933],[],[],24,0
2.5,103,[0.00612, 0.00045, 0.04731, 0.01587, 0.01397, 0.00178, 0.04287, 0.04537, 0.04331, 0.09387, 0.0092],[],[],11,0
2.5,104,[0.03987, 0.10392, 0.00227, 0.00255, 0.00268, 0.01901, 0.03631, 0.0028, 0.17835, 0.01795, 0.03846, 0.06618, 0.1889, 0.04624, 0.00386, 0.07617, 0.24158, 0.20922, 0.01679, 0.23381, 0.2091, 0.01309, 0.0089, 0.17358, 0.12378, 0.1144, 0.11756, 0.05162, 0.09867, 0.10972, 0.34544, 0.29593, 0.34278, 0.05919, 0.09813, 0.01648, 0.15452, 0.32653, 0.0452],[],[],39,0
2.5,105,[0.0005, 0.00102, 0.01739, 0.02448, 0.01991, 0.14958, 0.00458, 0.01856, 0.00238, 0.03074, 0.00569, 0.14879, 0.19593, 0.03234, 0.13821, 0.00336, 0.168, 0.14813, 0.0617, 0.02921, 0.0037, 0.12616, 0.21641, 0.00763, 0.03876],[],[],25,0
2.5,106,[0.00242, 0.00205, 0.00401, 0.09408, 0.03474, 0.00207, 0.08933, 0.1114, 0.03793, 0.04927, 0.00742, 0.00257, 0.02151, 0.00273, 0.01437, 0.03777, 0.02932, 0.00602, 0.07502, 0.08458, 0.05085, 0.08888, 0.04937, 0.13477, 0.0356],[],[],25,0
2.5,107,[0.02562, 0.0077, 0.07228, 0.01934, 0.00262, 0.01056, 0.01883, 0.08887, 0.06251, 0.02827, 0.06145, 0.00971, 0.02276, 0.15604, 0.0299, 0.00671, 0.14507, 0.17382, 0.02145],[],[],19,0
2.5,108,[0.00434, 0.06845, 0.14128, 0.10415, 0.00811, 0.06842, 0.07523, 0.02972, 0.01488, 0.055, 0.05078, 0.06792],[],[],12,0
2.5,109,[0.00071, 0.03424, 0.00139, 0.03281, 0.01318, 0.02398, 0.03549, 0.03615, 0.01294, 0.07776, 0.0162, 0.03694, 0.04903, 0.04782, 0.00886, 0.00455, 0.02645, 0.06806, 0.08811, 0.00372, 0.05703, 0.05905],[],[],22,0
2.5,110,[0.00297, 0.03339, 0.03332, 0.00103, 0.00496, 0.01047, 0.02109, 0.04045, 0.03142, 0.03402, 0.0493, 0.01428],[],[],12,0
2.5,111,[0.0137, 0.01266, 0.04855, 0.00167, 0.02658, 0.01013, 0.10779, 0.09824, 0.03798, 0.09808, 0.03307, 0.11447, 0.0155, 0.0959, 0.08846, 0.10462, 0.00669, 0.10002, 0.05146, 0.00788, 0.01627, 0.05215],[],[],22,0
2.5,112,[0.01449, 0.07787, 0.00716, 0.06989, 0.00224, 0.01623, 0.13929, 0.144, 0.05548, 0.17897, 0.10453, 0.05906, 0.2045, 0.08237, 0.14091, 0.02211, 0.20017, 0.12265, 0.0264, 0.00384, 0.11267, 0.02839, 0.03671, 0.09076, 0.02476, 0.01696, 0.1108, 0.14949, 0.07851, 0.00439, 0.02636, 0.23837, 0.06406, 0.07375, 0.03245, 0.11241, 0.10938, 0.0048, 0.23646, 0.13348, 0.04027, 0.06682, 0.05661, 0.03682, 0.07025, 0.29522, 0.31178, 0.00557, 0.28824, 0.00578, 0.16194, 0.13319],[],[],52,0
2.5,113,[0.02109, 0.00234, 0.00376, 0.0868, 0.04026, 0.03271, 0.00265, 0.03834, 0.07256, 0.0522, 0.05463, 0.01041, 0.01055, 0.02112, 0.05285, 0.03907, 0.00359, 0.0655, 0.00364, 0.15351, 0.24926, 0.01922, 0.20728, 0.08901, 0.00872, 0.0132, 0.02733],[],[],27,0
2.5,114,[0.01422, 0.0181, 0.01014, 0.02473, 0.01593, 0.00364, 0.00197, 0.01193, 0.00513, 0.01334, 0.01373, 0.05539, 0.00305, 0.0183],[],[],14,0
2.5,115,[0.01266, 0.0329, 0.00421, 0.04566, 0.05387, 0.00128, 0.00878, 0.00295, 0.00201, 0.02674, 0.00224, 0.06457, 0.04183, 0.00739, 0.01305, 0.08034, 0.02161, 0.1363, 0.11359, 0.13706, 0.02149, 0.00365, 0.05512, 0.14521, 0.00384, 0.26218, 0.04476, 0.02517, 0.24485, 0.19946, 0.01755, 0.00477, 0.05774, 0.10117, 0.02611, 0.07426, 0.16323, 0.36489, 0.01637],[],[],39,0
2.5,116,[0.04067, 0.04802, 0.02673, 0.00116, 0.01591, 0.00422, 0.06317, 0.10869, 0.00598, 0.04576, 0.10546, 0.0365, 0.05841, 0.00711, 0.04362, 0.10009, 0.11473, 0.19963, 0.2076, 0.0358, 0.05525, 0.00374, 0.04495, 0.06971, 0.18191, 0.15847, 0.17419, 0.05694, 0.12327, 0.00441, 0.29436, 0.05563, 0.02349],[],[],33,0
2.5,117,[0.00068, 0.00886, 0.01337, 0.02444, 0.0275, 0.04092, 0.02977, 0.03113, 0.10018, 0.02438],[],[],10,0
2.5,118,[0.00296, 0.03697, 0.06682, 0.0032, 0.08302, 0.05278, 0.00201, 0.01922, 0.05311, 0.0966, 0.09666, 0.04467, 0.12662, 0.10992, 0.07194, 0.01367, 0.01945, 0.01777],[],[],18,0
2.5,119,[0.00309, 0.07413, 0.00586, 0.01621, 0.05748, 0.03812, 0.02115, 0.15846, 0.11547, 0.00328, 0.00692, 0.00737, 0.06763, 0.00387, 0.03911, 0.0374, 0.18, 0.09657, 0.10791, 0.08612, 0.00473, 0.00977],[],[],22,0
2.5,120,[0.00599, 0.05317, 0.01093, 0.08448, 0.04114, 0.06232, 0.06546, 0.06959, 0.13025, 0.06492, 0.03748, 0.07824, 0.01094, 0.12716, 0.03878],[],[],15,0
2.5,121,[0.00793, 0.01184, 0.00114, 0.04306, 0.01883, 0.0441, 0.00903, 0.01398, 0.05729, 0.05585, 0.05568, 0.15992, 0.12914, 0.03456, 0.16802, 0.00304, 0.00327, 0.14518, 0.03382, 0.00338, 0.03732, 0.14846, 0.00365, 0.09247, 0.15015, 0.0341, 0.11368, 0.09067, 0.11881, 0.03234],[],[],30,0
2.5,122,[0.00206, 0.00286, 0.02038, 0.00248, 0.06686, 0.01202, 0.12416, 0.00219, 0.08667, 0.0777, 0.0218, 0.139, 0.00273, 0.0539, 0.1893, 0.18749, 0.10705, 0.02343, 0.18274, 0.08754, 0.06576, 0.095, 0.07333, 0.04905, 0.01914, 0.06171, 0.02355, 0.05243, 0.00405, 0.15879, 0.02858, 0.14495, 0.11588, 0.0129, 0.13055, 0.02732, 0.0652, 0.04671, 0.25255, 0.10628, 0.01453, 0.11192, 0.12139, 0.25278, 0.14733, 0.28497, 0.02646, 0.02157, 0.02199, 0.02782],[],[],50,0
2.5,123,[0.01827, 0.05436, 0.02521, 0.0434, 0.06406, 0.11229, 0.0375, 0.07482, 0.05483, 0.00528, 0.00598, 0.13775, 0.04207, 0.05127, 0.23861, 0.01558, 0.0273, 0.03547, 0.10283, 0.02384, 0.09216, 0.03235, 0.10306, 0.22347, 0.00432],[],[],25,0
2.5,124,[0.01113, 0.02056, 0.00628, 0.03994, 0.00666, 0.02306, 0.03375, 0.01925, 0.00206, 0.00418, 0.01669],[],[],11,0
2.5,125,[0.00072, 0.03554, 0.08654, 0.06403, 0.01663, 0.13803, 0.03254, 0.08197, 0.09361, 0.00892, 0.06911, 0.01565, 0.21302, 0.00409, 0.02576, 0.1164, 0.00435, 0.15254, 0.04377, 0.136, 0.00885, 0.08291, 0.13192, 0.26415, 0.00996, 0.10007, 0.05668, 0.29001, 0.01083, 0.1036, 0.01105, 0.25629, 0.0058, 0.25675, 0.12903, 0.35825, 0.29266, 0.1905, 0.01234, 0.07751, 0.01981, 0.04691, 0.03381, 0.33927],[],[],44,0
2.5,126,[0.02822, 0.05476, 0.03666, 0.00142, 0.00457, 0.08958, 0.03611, 0.00408, 0.11603, 0.02737, 0.13831, 0.00671, 0.12817, 0.01436, 0.00968, 0.06534, 0.04039, 0.04571, 0.00798, 0.02784, 0.07882, 0.07533, 0.03876, 0.05089, 0.00302, 0.00319, 0.2226, 0.12293, 0.11767, 0.03265, 0.06445, 0.0039],[],[],32,0
2.5,127,[0.01086, 0.00591, 0.01251, 0.00392, 0.06726, 0.01732, 0.02232, 0.06525, 0.07397, 0.01277, 0.1385, 0.07055, 0.09062, 0.08824, 0.06704, 0.00645, 0.0486, 0.0431, 0.02001, 0.10084, 0.19607, 0.02711, 0.18508, 0.17017, 0.09156, 0.00798, 0.08797, 0.00442, 0.07102, 0.24839, 0.04179, 0.00479, 0.01985, 0.07475, 0.18623, 0.04156, 0.12227, 0.00539, 0.10255, 0.18003, 0.20911],[],[],41,0
2.5,128,[0.04902, 0.00097, 0.05125, 0.03785, 0.05252, 0.00623, 0.09175, 0.07397, 0.02734, 0.09816, 0.04124, 0.09994, 0.00537, 0.12606, 0.22344, 0.00339, 0.16293, 0.00719, 0.00745, 0.21896, 0.01978, 0.01639, 0.05804, 0.0296, 0.11819, 0.07185, 0.02791, 0.04754, 0.14568],[],[],29,0
2.5,129,[0.00372, 0.02813, 0.01671, 0.01698, 0.04628, 0.04333, 0.01474, 0.14747, 0.01451, 0.17253, 0.14671, 0.01105, 0.0586, 0.06935, 0.13341, 0.0674, 0.12221, 0.00931, 0.01638, 0.04377, 0.14458, 0.11421, 0.10393, 0.0243, 0.05561, 0.01758],[],[],26,0
2.5,130,[0.03906, 0.01165, 0.0873, 0.04337, 0.05248, 0.0118, 0.03747, 0.10104, 0.00305, 0.04556],[],[],10,0
2.5,131,[0.00892, 0.02927, 0.0108, 0.04646, 0.03604, 0.08569, 0.03079, 0.08097, 0.10111, 0.0371, 0.09414, 0.10259, 0.00838, 0.18531, 0.13617, 0.00603, 0.00307, 0.13795, 0.03346, 0.04702, 0.10984, 0.02156, 0.21527, 0.02777],[],[],24,0
2.5,132,[0.01745, 0.02478, 0.04307, 0.03019, 0.01003, 0.08599, 0.07447, 0.08015, 0.00813, 0.08115, 0.00283, 0.02281, 0.12867, 0.00933, 0.14055, 0.16175, 0.10444, 0.11919, 0.15786],[],[],19,0
2.5,133,[0.03998, 0.00691, 0.00426, 0.00435, 0.01104, 0.02774, 0.02827, 0.00487, 0.08127, 0.1324, 0.00735, 0.01807, 0.01588, 0.17047, 0.00547, 0.01388, 0.07481, 0.16214, 0.0175, 0.1679, 0.10494, 0.04528, 0.04245, 0.02957, 0.023, 0.00332, 0.21601, 0.11441, 0.10316, 0.02307, 0.0515, 0.02925, 0.0866, 0.17161, 0.10879, 0.08193],[],[],36,0
2.5,134,[0.00839, 0.00821, 0.03785, 0.0047, 0.05302, 0.00481, 0.06848, 0.06832, 0.07862, 0.09006, 0.04614, 0.08167, 0.12021, 0.1497, 0.01802, 0.03734, 0.0069, 0.04879, 0.02508, 0.00363, 0.00373, 0.2195, 0.07744, 0.06795, 0.23119, 0.11975, 0.02086, 0.00419, 0.1695, 0.10089, 0.10603, 0.0093, 0.18143, 0.02796, 0.03761],[],[],35,0
2.5,135,[0.01389, 0.00273, 0.02913, 0.00876, 0.01596, 0.02882, 0.00321, 0.00335, 0.04762, 0.02854, 0.05734, 0.04815, 0.00284, 0.04701, 0.00313, 0.14066, 0.08079, 0.01065, 0.04283, 0.17858, 0.04557, 0.22722, 0.03599, 0.03367, 0.05482],[],[],25,0
2.5,136,[0.00274, 0.05704, 0.00509, 0.00713, 0.00904, 0.04669, 0.0671, 0.08844, 0.06425, 0.00464, 0.1339, 0.11475, 0.08641, 0.04474, 0.02537, 0.00278, 0.09511, 0.00333, 0.11216, 0.07492, 0.02477, 0.01252, 0.04276, 0.07709, 0.03488, 0.11444, 0.18931, 0.014, 0.1184, 0.03328],[],[],30,0
2.5,137,[0.03922, 0.01811, 0.08753, 0.00189, 0.00998, 0.04595, 0.02508, 0.03128, 0.00759, 0.06241, 0.03845, 0.04217, 0.05999, 0.17393, 0.12633, 0.06487, 0.06283, 0.20487, 0.00687, 0.10075, 0.2244],[],[],21,0
2.5,138,[0.00461, 0.01088, 0.09474, 0.00701, 0.10892, 0.05391, 0.02318, 0.01557, 0.11149, 0.04512, 0.04773, 0.00536, 0.00612, 0.05748, 0.03838, 0.01346, 0.20353, 0.1133, 0.0554, 0.09181, 0.07054, 0.13999, 0.2667, 0.23546, 0.11113, 0.05575, 0.01784, 0.05971, 0.01385, 0.04158],[],[],30,0
2.5,139,[0.01062, 0.01923, 0.04969, 0.01281, 0.00367, 0.02593, 0.1027, 0.09859, 0.02407, 0.027, 0.07127, 0.12244, 0.06626, 0.15908, 0.00877, 0.13267, 0.00295, 0.0031, 0.02823, 0.00328, 0.00329, 0.13962, 0.13266, 0.02057, 0.0249, 0.01087],[],[],26,0
2.5,140,[0.00049, 0.00052, 0.00064, 0.03042, 0.00361, 0.01241, 0.03843, 0.00308, 0.03803, 0.00334, 0.0282, 0.05898, 0.10395, 0.06552, 0.16249, 0.00558, 0.15535, 0.0067, 0.0436, 0.00365, 0.00366, 0.16814, 0.11231, 0.07043, 0.00786, 0.03715, 0.06231, 0.15799, 0.01663, 0.05456, 0.00437, 0.25247, 0.25542, 0.13433, 0.23295, 0.05152],[],[],36,0
2.5,141,[0.00319, 0.00137, 0.00842, 0.00728, 0.00553, 0.06006, 0.0021, 0.0367, 0.06998, 0.00778, 0.13099, 0.01323, 0.00289, 0.05015, 0.18506, 0.07663, 0.0075, 0.12795, 0.09427, 0.00394, 0.22971, 0.0403, 0.09922, 0.01695, 0.15749, 0.0298, 0.24157, 0.01346, 0.13669, 0.23046, 0.02406],[],[],31,0
2.5,142,[0.01817, 0.04347, 0.08769, 0.04226, 0.082, 0.05514, 0.02223, 0.00224, 0.02271, 0.04289, 0.09403, 0.05892, 0.00905, 0.21384, 0.15029, 0.08203, 0.06173, 0.14066, 0.09014, 0.22979, 0.14673, 0.09805, 0.15886, 0.02664, 0.08183, 0.20927, 0.02052, 0.22793, 0.15427, 0.22569, 0.24135, 0.0043, 0.07341, 0.02618, 0.09764, 0.07562, 0.02307, 0.05589, 0.05638, 0.05253, 0.05395],[],[],41,0
2.5,143,[0.00022, 0.00653, 0.08087, 0.0316, 0.04263, 0.11455, 0.08163, 0.138, 0.07038, 0.01933, 0.056, 0.17235, 0.10704, 0.07256, 0.01753, 0.03844],[],[],16,0
2.5,144,[0.0008, 0.02854, 0.01092, 0.08842, 0.00187, 0.00393, 0.07648, 0.01168, 0.11249, 0.00615, 0.1799, 0.02174, 0.03672, 0.00356, 0.01087, 0.00807, 0.00814, 0.00421, 0.00422, 0.02131, 0.02633, 0.04045, 0.08166, 0.01863, 0.1998, 0.0291, 0.11649, 0.01486, 0.10662],[],[],29,0
2.5,145,[0.02224, 0.00178, 0.03183, 0.00515, 0.05679, 0.01429, 0.00352, 0.0206, 0.12804, 0.12201, 0.02063, 0.12669, 0.00478, 0.04554, 0.06549, 0.03433, 0.05685, 0.10447, 0.1773, 0.04576, 0.07083, 0.09853, 0.25304, 0.07684, 0.04238, 0.14083, 0.00433, 0.03486],[],[],28,0
2.5,146,[0.00267, 0.00524, 0.05219, 0.07562, 0.07806, 0.07875, 0.0238, 0.11376, 0.01852, 0.00433, 0.00435, 0.0886, 0.03573, 0.07696, 0.06354, 0.1177, 0.00523, 0.07203, 0.02883, 0.0183],[],[],20,0
2.5,147,[0.00922, 0.04952, 0.00116, 0.0698, 0.00651, 0.01487, 0.00521, 0.08636, 0.02646, 0.01987, 0.13598, 0.09243, 0.11843, 0.17327, 0.07533, 0.00385, 0.06325, 0.16529, 0.10136, 0.11964, 0.04346, 0.08736, 0.10109, 0.05718, 0.14089, 0.07981, 0.18771, 0.0403, 0.15937, 0.10606, 0.26806, 0.02322, 0.02326, 0.21656, 0.04786, 0.18559, 0.27017, 0.25088],[],[],38,0
2.5,148,[0.00179, 0.04086, 0.00283, 0.05211, 0.02802, 0.05278, 0.04404, 0.01192, 0.07125, 0.06245, 0.04753, 0.00758, 0.15027, 0.0636, 0.18667, 0.01466, 0.05647, 0.0302, 0.10774, 0.03652, 0.04808, 0.21375, 0.00428, 0.02574, 0.23679, 0.05447, 0.05189, 0.14855, 0.00981, 0.10801, 0.1407, 0.30596, 0.07743],[],[],33,0
2.5,149,[0.01704, 0.03439, 0.05854, 0.08301, 0.01872, 0.02648, 0.08764, 0.10362, 0.07084, 0.01103, 0.11731, 0.04792, 0.09286, 0.00597, 0.00319, 0.18401, 0.04255, 0.07163, 0.12568, 0.00381, 0.23094, 0.22071, 0.22527, 0.16053, 0.00436, 0.20167, 0.0283, 0.09839, 0.20677, 0.00507, 0.03575, 0.04187, 0.33846, 0.34165, 0.00553, 0.13287, 0.11765, 0.05048, 0.09545, 0.14063, 0.03991, 0.23595, 0.04029, 0.23037, 0.06937, 0.01185],[],[],46,0
2.5,150,[0.03543, 0.00994, 0.05661, 0.01398, 0.01605, 0.05032, 0.0235, 0.01528, 0.00614, 0.013, 0.1262, 0.00394, 0.03171],[],[],13,0
2.5,151,[0.00953, 0.00275, 0.0061, 0.05154, 0.00458, 0.00938, 0.0047, 0.01258, 0.03628, 0.03728, 0.01286, 0.03471, 0.00798, 0.01081, 0.05776, 0.00699],[],[],16,0
2.5,152,[0.00302, 0.02807, 0.0598, 0.04261, 0.04437, 0.00905, 0.13056, 0.04714, 0.00884, 0.08548, 0.02996, 0.0183, 0.09031, 0.14486, 0.04721, 0.07812, 0.00342, 0.01501, 0.03398, 0.09858, 0.25784, 0.01636, 0.04095, 0.00821, 0.04698, 0.06417, 0.24567, 0.26366, 0.03789],[],[],29,0
2.5,153,[0.01546, 0.01672, 0.06839, 0.07854, 0.03787, 0.04894, 0.02196, 0.00205, 0.08482, 0.0025, 0.00533, 0.06184, 0.04191, 0.07248, 0.01282, 0.0106, 0.0036, 0.07062, 0.08641, 0.07954, 0.09876, 0.09535, 0.10004, 0.00838, 0.00423, 0.21493, 0.07851, 0.00875, 0.12441, 0.01337, 0.02252, 0.00907, 0.03189],[],[],33,0
2.5,154,[0.02772, 0.01612, 0.00874, 0.06614, 0.06542, 0.07586, 0.06341, 0.04738],[],[],8,0
2.5,155,[0.00852, 0.00112, 0.02209, 0.06174, 0.00723, 0.03097, 0.02229, 0.05015, 0.00774, 0.09774, 0.00634, 0.08638, 0.0975, 0.02453, 0.01149, 0.06237, 0.0096, 0.00522, 0.14875, 0.01709, 0.08089, 0.06733],[],[],22,0
2.5,156,[0.01378, 0.04144, 0.01169, 0.02016, 0.04288, 0.03465, 0.01262, 0.00215, 0.07653, 0.01785, 0.05952, 0.00265, 0.12257],[],[],13,0
2.5,157,[0.00269, 0.08723, 0.01433, 0.08111, 0.04733, 0.0546, 0.01569, 0.01817, 0.01369, 0.03901, 0.0246],[],[],11,0
2.5,158,[0.00888, 0.0353, 0.03847, 0.0055, 0.01954, 0.05475, 0.03164, 0.06558, 0.0281, 0.02, 0.00466, 0.10252, 0.00572, 0.0353, 0.1149, 0.03649, 0.01337, 0.01399, 0.0178, 0.06079, 0.03261, 0.02197, 0.01471, 0.09247, 0.15927, 0.02122, 0.05237, 0.0569, 0.03503],[],[],29,0
2.5,159,[0.0153, 0.03439, 0.01596, 0.03324, 0.00167, 0.00176, 0.01863, 0.14835, 0.09385, 0.04326, 0.06759, 0.15169, 0.00564, 0.05701, 0.04622, 0.01202, 0.10017, 0.09865, 0.06924, 0.1655, 0.03303, 0.15474, 0.21329, 0.22995, 0.18495, 0.26463, 0.02572, 0.15083, 0.17453, 0.08864, 0.12502],[],[],31,0
2.5,160,[0.05774, 0.02292, 0.01663, 0.03611, 0.06463, 0.00949, 0.00329, 0.04758, 0.02304, 0.09592],[],[],10,0
2.5,161,[0.00719, 0.00605, 0.01044, 0.03124, 0.02516, 0.00694, 0.14802, 0.11637, 0.00491, 0.04571, 0.03814, 0.06769, 0.07567, 0.01495, 0.16426, 0.0065, 0.00335, 0.02364, 0.08693, 0.13149, 0.17932, 0.22864, 0.20591],[],[],23,0
2.5,162,[0.00323, 0.02601, 0.03553, 0.01944, 0.1291, 0.03023, 0.06015, 0.00689, 0.07451, 0.05722, 0.19262, 0.07122, 0.01889, 0.13101, 0.05172, 0.05526, 0.01957, 0.12509, 0.00676, 0.16904, 0.05226],[],[],21,0
2.5,163,[0.05664, 0.04504, 0.03464, 0.00365, 0.01415, 0.00432, 0.03284, 0.02768, 0.01798, 0.05172, 0.04354, 0.14165, 0.00569, 0.02638, 0.04776, 0.10308, 0.00632, 0.0819, 0.01815, 0.01138, 0.10138, 0.00404, 0.00819, 0.16459, 0.0132],[],[],25,0
2.5,164,[0.00013, 0.0223, 0.0017, 0.00099, 0.02014, 0.02987, 0.05695, 0.02235, 0.0494, 0.04237, 0.15726, 0.14147, 0.02684],[],[],13,0
2.5,165,[0.01584, 0.06976, 0.03141, 0.06631, 0.00246, 0.04826, 0.07832, 0.02139, 0.108, 0.01598, 0.04255, 0.04433, 0.00526, 0.04995, 0.09555, 0.03938, 0.00321, 0.07097, 0.1911, 0.00348, 0.007, 0.04174, 0.008, 0.23329, 0.00403, 0.13379, 0.11179, 0.00866, 0.08339, 0.12663, 0.20908, 0.02275, 0.18334, 0.29448, 0.19769, 0.31314, 0.06088, 0.02543],[],[],38,0
2.5,166,[0.00077, 0.02146, 0.0369, 0.00567, 0.08911, 0.05112, 0.10041, 0.04676, 0.04849, 0.03022, 0.03837, 0.02943, 0.08834, 0.14014, 0.09119, 0.11572, 0.05255],[],[],17,0
2.5,167,[0.00322, 0.02185, 0.06227, 0.09084, 0.00202, 0.00673, 0.00226, 0.03214, 0.09352, 0.00725, 0.03723, 0.06934, 0.05144, 0.17201, 0.1339, 0.10423, 0.17734, 0.00327, 0.01966, 0.09679, 0.06394, 0.05432, 0.02586, 0.09122, 0.24528, 0.06959, 0.10891, 0.04802, 0.00877, 0.02207, 0.00442, 0.03095],[],[],32,0
2.5,168,[0.04108, 0.00103, 0.0541, 0.0218, 0.00437, 0.09478, 0.12588, 0.06826, 0.04781, 0.11182, 0.09812, 0.07477, 0.00318, 0.17835, 0.15232, 0.00333, 0.17346, 0.13084, 0.17993, 0.15152, 0.12696, 0.0895, 0.09836, 0.16742, 0.25716, 0.0083, 0.00428, 0.0261, 0.30277, 0.12429, 0.03702],[],[],31,0
2.5,169,[0.03597, 0.0201, 0.01905, 0.05628, 0.00264, 0.01099, 0.10575, 0.01436, 0.02412, 0.00605, 0.16154, 0.00334, 0.08726, 0.15399, 0.00364, 0.0922, 0.00748, 0.01978, 0.07471, 0.09995, 0.02571, 0.00445, 0.2857, 0.09823, 0.0447, 0.01823, 0.04579, 0.09671, 0.26577, 0.00471, 0.13914, 0.14091, 0.00506, 0.05503],[],[],34,0
2.5,170,[0.00044, 0.00575, 0.01041, 0.00163, 0.0288, 0.03672, 0.01969, 0.10633, 0.03548, 0.09827, 0.02785, 0.02611, 0.00492, 0.13575, 0.00252, 0.00506, 0.10008, 0.01176, 0.03085, 0.05667, 0.00326, 0.01315, 0.01679, 0.11814, 0.10497, 0.10067, 0.00746, 0.06084],[],[],28,0
2.5,171,[0.01922, 0.07505, 0.00533, 0.05233, 0.0143, 0.00619, 0.00847, 0.07534, 0.05196, 0.01421, 0.12599, 0.08681, 0.19985, 0.01356, 0.02445, 0.0399, 0.18693, 0.00436, 0.24842, 0.00899, 0.05655, 0.15989, 0.01549, 0.0682, 0.02627, 0.02631],[],[],26,0
2.5,172,[0.00811, 0.00332, 0.03031, 0.00752, 0.00812, 0.08256, 0.07507, 0.03565, 0.00333, 0.12902, 0.19039, 0.1147, 0.08605, 0.02592, 0.04495, 0.04101, 0.02488, 0.01692, 0.21802, 0.07361, 0.08404],[],[],21,0
2.5,173,[0.0042, 0.00731, 0.00687, 0.00147, 0.0019, 0.00383, 0.00204, 0.0577, 0.10585, 0.03887, 0.007, 0.01179, 0.03162, 0.02268, 0.07086, 0.07107],[],[],16,0
2.5,174,[0.02854, 0.0016, 0.03535, 0.08712, 0.00411, 0.07869, 0.00424, 0.04712, 0.04639, 0.12408, 0.0064, 0.06144, 0.17008, 0.11104, 0.11435, 0.11113, 0.08832, 0.10781, 0.01675, 0.0558, 0.00457, 0.06418, 0.16968, 0.11372, 0.163, 0.0097, 0.07405],[],[],27,0
2.5,175,[0.01356, 0.00946, 0.04283, 0.00323, 0.05036, 0.01081, 0.0898, 0.00382, 0.14881, 0.01601, 0.01605, 0.00829, 0.03067, 0.08682, 0.0437, 0.00675, 0.00339, 0.18689, 0.00694, 0.00351, 0.03516, 0.08599, 0.01083, 0.06544, 0.07309, 0.00753, 0.20083, 0.00826, 0.11634, 0.12482, 0.11726, 0.06718, 0.03788, 0.04989, 0.01364, 0.04178, 0.00473, 0.10621, 0.11039, 0.01013],[],[],40,0
2.5,176,[0.00305, 0.00752, 0.03589, 0.00892, 0.09861, 0.04803, 0.03738, 0.03025, 0.13143, 0.02624, 0.10056, 0.08224, 0.1793, 0.05574, 0.07179, 0.06346, 0.16135, 0.01291, 0.16092, 0.08889, 0.05079, 0.1336, 0.06305, 0.23013, 0.09359, 0.0637, 0.07687, 0.0132, 0.06191, 0.28081, 0.24454, 0.02316, 0.00465, 0.17233, 0.20747, 0.16565, 0.07885, 0.10966, 0.13007, 0.09609],[],[],40,0
2.5,177,[0.00094, 0.00133, 0.00229, 0.00992, 0.14866, 0.01104, 0.03934, 0.01196, 0.12899, 0.0071, 0.21632, 0.0187, 0.09406, 0.03087, 0.02779, 0.07372, 0.02051, 0.00448, 0.04186, 0.19747, 0.17778, 0.01774, 0.04048, 0.15557, 0.16117, 0.07515, 0.05263, 0.36134, 0.18167, 0.00791],[],[],30,0
2.5,178,[0.00094, 0.00658, 0.00296, 0.02308, 0.01109, 0.08293, 0.03703, 0.00206, 0.01258, 0.12242, 0.01213, 0.01487, 0.00992, 0.06113, 0.01442, 0.02923],[],[],16,0
2.5,179,[0.02326, 0.02584, 0.12287, 0.00578, 0.05821, 0.15231, 0.00612, 0.00311, 0.17519, 0.12324, 0.00764, 0.02294, 0.07282, 0.10695, 0.00805, 0.19568, 0.03007, 0.16828, 0.01371, 0.02409, 0.00994, 0.15244, 0.01064, 0.05887, 0.21906, 0.00576, 0.04621, 0.08149, 0.01173, 0.33444, 0.05878, 0.0059, 0.08859, 0.02377, 0.25552, 0.35509, 0.00623, 0.41345, 0.21154, 0.0199, 0.00692, 0.28476, 0.22362, 0.11254, 0.00704, 0.00723, 0.29834, 0.07286, 0.16891, 0.00748, 0.34465, 0.28794, 0.09101, 0.03799, 0.07606, 0.01526, 0.00776, 0.01558],[],[],58,0
2.5,180,[0.01061, 0.01422, 0.01194, 0.02061, 0.00195, 0.10114, 0.02642, 0.14592, 0.02935, 0.10058, 0.17003, 0.10687, 0.02567, 0.00515, 0.02084],[],[],15,0
2.5,181,[0.0189, 0.03299, 0.03427, 0.03988, 0.13826, 0.01799, 0.07356, 0.03434, 0.05652, 0.10991, 0.04024, 0.00678, 0.13102, 0.03821, 0.23204, 0.03222, 0.11259, 0.02185, 0.0902],[],[],19,0
2.5,182,[0.01261, 0.01309, 0.02192, 0.00692, 0.11103, 0.03875, 0.02577, 0.11016, 0.1255, 0.02186, 0.02793, 0.09257, 0.10902, 0.13773, 0.20773, 0.16391, 0.06253, 0.1824, 0.01045, 0.00701, 0.03545, 0.0071, 0.02657, 0.00804, 0.00402, 0.09275, 0.08988, 0.01668, 0.00422, 0.1057, 0.2678, 0.17654, 0.00439, 0.11551, 0.01799, 0.15391, 0.19726, 0.26503, 0.09462, 0.19223, 0.2037, 0.00981, 0.26537, 0.03494, 0.06119, 0.12511, 0.01071],[],[],47,0
2.5,183,[0.01136, 0.02212, 0.02802, 0.00518, 0.0018, 0.01001, 0.02003, 0.13233, 0.01067, 0.11579, 0.02709, 0.04184, 0.09903, 0.02284, 0.16023, 0.0212, 0.0345, 0.03974, 0.01708, 0.00354, 0.13234, 0.10705, 0.04227, 0.18486, 0.01209, 0.03237, 0.11079, 0.06805, 0.02185, 0.00902, 0.04813, 0.16056, 0.04933, 0.19891, 0.21926, 0.01023, 0.11766, 0.29394, 0.0156, 0.30679, 0.02177, 0.02202, 0.37471, 0.08882],[],[],44,0
2.5,184,[0.00096, 0.02177, 0.00256, 0.03132, 0.04409, 0.00909, 0.15567, 0.06588, 0.03517, 0.01969, 0.1666, 0.06637, 0.09282, 0.00361, 0.2294, 0.06967, 0.1772, 0.01127, 0.09091, 0.00397, 0.21465, 0.00404, 0.03787, 0.05505, 0.00878, 0.24127, 0.15226, 0.00921, 0.13379, 0.03908],[],[],30,0
2.5,185,[0.0148, 0.01178, 0.00174, 0.05055, 0.03227, 0.02575, 0.02723, 0.0692, 0.0541, 0.03514, 0.00184, 0.01857, 0.01218, 0.06904, 0.00325, 0.0033, 0.0895, 0.03353, 0.01546, 0.04927, 0.00411, 0.09938, 0.08814, 0.01354, 0.10909, 0.10577, 0.13004, 0.18478, 0.23773, 0.07236, 0.02022],[],[],31,0
2.5,186,[0.00148, 0.02918, 0.01198, 0.03938, 0.01873, 0.02303, 0.04539, 0.04829, 0.08214, 0.04569, 0.00259, 0.08307, 0.06728, 0.00284, 0.03195, 0.07977, 0.1787, 0.21771, 0.01123, 0.1337, 0.09346, 0.23258, 0.23377, 0.00441, 0.20729, 0.0512, 0.02396, 0.00488, 0.1199, 0.01534, 0.01031],[],[],31,0
2.5,187,[0.00064, 0.04716, 0.05717, 0.08499, 0.04724, 0.10409, 0.08889, 0.0179, 0.00268, 0.08605, 0.05085, 0.16398, 0.09583, 0.11527, 0.04687, 0.01623, 0.07369, 0.02114, 0.00909, 0.24076, 0.10344, 0.27108, 0.12829, 0.11526, 0.01532, 0.29686, 0.00514, 0.11353, 0.21187, 0.03102, 0.13009, 0.01629],[],[],32,0
2.5,188,[0.00354, 0.02101, 0.09435, 0.0729, 0.01178, 0.00942, 0.06296, 0.08999, 0.05506, 0.00837, 0.07174, 0.02694, 0.00318, 0.01922, 0.01688, 0.01034, 0.03455, 0.1079, 0.08029, 0.06369, 0.10493, 0.01459, 0.15201, 0.18553, 0.01205, 0.00809, 0.24026, 0.17419, 0.19178, 0.00424, 0.15648, 0.09971, 0.12457, 0.1858, 0.19495, 0.04293, 0.02431, 0.15768, 0.13877, 0.02486, 0.11633, 0.27801, 0.02082, 0.32982, 0.04735, 0.02633],[],[],46,0
2.5,189,[0.01095, 0.0183, 0.01213, 0.03985, 0.01541, 0.02154, 0.05459, 0.00275, 0.00572, 0.01663, 0.03436, 0.19619, 0.04777, 0.12446, 0.15887, 0.00838, 0.00427, 0.22074, 0.0045, 0.01358, 0.07803],[],[],21,0
2.5,190,[0.02309, 0.0123, 0.06766, 0.00192, 0.04843, 0.02768, 0.00472, 0.10496, 0.14415, 0.14287, 0.04842, 0.05894, 0.12731, 0.14761, 0.08212, 0.01582, 0.02773, 0.15499, 0.13936, 0.03717, 0.06551, 0.26375, 0.25715, 0.02882, 0.00492, 0.00493, 0.19592],[],[],27,0
2.5,191,[0.02611, 0.00262, 0.01208, 0.01629, 0.10982, 0.0754, 0.07905, 0.03188, 0.01761, 0.0089, 0.02706, 0.03714, 0.18197, 0.03252, 0.00332, 0.17074, 0.07131, 0.21078, 0.01651, 0.10036, 0.12007, 0.12924, 0.1189, 0.12934, 0.10243, 0.01401, 0.08407, 0.13279, 0.00475, 0.0048, 0.09645],[],[],31,0
2.5,192,[0.00811, 0.00513, 0.00271, 0.05219, 0.09994, 0.01318, 0.00196, 0.11486, 0.05886, 0.12295, 0.02556, 0.01423, 0.14517, 0.08921, 0.06205, 0.01836, 0.0409],[],[],17,0
2.5,193,[0.00536, 0.00174, 0.06286, 0.04702, 0.04026, 0.02821, 0.08381, 0.11326, 0.0056, 0.10358, 0.00591, 0.00201, 0.00653, 0.05727, 0.01107, 0.01554, 0.00733, 0.13895, 0.04226, 0.03588, 0.00886, 0.0853, 0.04208, 0.06127, 0.06173, 0.01725, 0.04278, 0.03299, 0.01924],[],[],29,0
2.5,194,[0.0107, 0.01277, 0.03609, 0.07564, 0.04339, 0.06448, 0.00413, 0.12323, 0.09014, 0.00288, 0.18488, 0.00579, 0.00321, 0.01603, 0.00338, 0.09175, 0.06164, 0.0378, 0.12326, 0.02853, 0.00749, 0.12133, 0.1152, 0.08356, 0.23582, 0.03045, 0.10127, 0.0233, 0.04792, 0.09201, 0.01006, 0.27195, 0.02174],[],[],33,0
2.5,195,[0.01242, 0.00544, 0.01033, 0.00324, 0.03955, 0.02694, 0.03876, 0.00197, 0.07372, 0.02537, 0.11651, 0.13014, 0.00723, 0.01225, 0.12679, 0.01658, 0.00847, 0.12879, 0.03326, 0.02493, 0.05735, 0.09884, 0.0098, 0.15013, 0.03913],[],[],25,0
2.5,196,[0.00723, 0.00465, 0.07141, 0.02048, 0.0346, 0.0764, 0.07308, 0.0504, 0.01858, 0.07828, 0.14196, 0.00507, 0.03466, 0.0515, 0.01158, 0.01461, 0.07969, 0.02155, 0.00337, 0.02375, 0.03911, 0.00357, 0.12437, 0.00384, 0.12862, 0.0156, 0.22102, 0.00396, 0.03182, 0.04433, 0.23592, 0.01639, 0.00833, 0.0421, 0.09527, 0.03911],[],[],36,0
2.5,197,[0.01901, 0.04098, 0.00311, 0.01963, 0.00139, 0.01106, 0.0114, 0.00502, 0.06104, 0.05863, 0.02704, 0.00511, 0.01832, 0.0693, 0.16264, 0.06307, 0.06298, 0.02407],[],[],18,0
2.5,198,[0.00915, 0.03822, 0.07774, 0.01166, 0.13068, 0.08436, 0.01296, 0.01041, 0.00274, 0.05306, 0.11463, 0.09277, 0.04306, 0.083, 0.05643, 0.07536, 0.00391, 0.04857, 0.00416],[],[],19,0
2.5,199,[0.00951, 0.06511, 0.08819, 0.05594, 0.00255, 0.00261, 0.10403, 0.00274, 0.04172, 0.0699, 0.07366, 0.03507, 0.19234, 0.09719, 0.08737, 0.0791, 0.0243, 0.20654, 0.09437, 0.09513, 0.04776, 0.01924, 0.00786, 0.15399, 0.06772, 0.11582, 0.03693, 0.02054],[],[],28,0

