2.5,0,[0.01116, 0.00513, 0.01038, 0.00749, 0.02414, 0.01511, 0.03003, 0.00208, 0.08212, 0.00697, 0.05505, 0.15365, 0.09391, 0.12193, 0.14633, 0.14666, 0.02277, 0.01562, 0.17745, 0.06837, 0.04853, 0.17426, 0.08587, 0.06343, 0.21924, 0.11918, 0.11938, 0.1268, 0.03332, 0.21148, 0.23747, 0.20203, 0.02031],[],[],33,0
2.5,1,[0.00314, 0.05991, 0.01243, 0.01109, 0.0084, 0.10395, 0.06415, 0.00679, 0.00746, 0.09587, 0.14306, 0.03555, 0.00344, 0.0035, 0.01834, 0.11984, 0.12348, 0.04571, 0.06329, 0.09028, 0.18621, 0.05033],[],[],22,0
2.5,2,[0.03773, 0.00142, 0.03738, 0.02687, 0.05667, 0.00426, 0.00738, 0.06766, 0.05553, 0.07983, 0.0029, 0.1574, 0.00649, 0.14491, 0.16218, 0.1751, 0.0663, 0.10088, 0.06186, 0.01238, 0.08752, 0.02106, 0.17125, 0.16049, 0.2518, 0.00436, 0.17078, 0.20508, 0.22466, 0.01419, 0.27362, 0.23294, 0.01015, 0.11936, 0.1063, 0.07553, 0.20183, 0.19664],[],[],38,0
2.5,3,[0.00831, 0.00231, 0.00485, 0.01409, 0.02287, 0.04646, 0.04919, 0.01504, 0.07668, 0.03007, 0.00219, 0.01279, 0.12807, 0.00267, 0.01112, 0.00564, 0.09052, 0.00577, 0.00593, 0.10477, 0.05223, 0.02535],[],[],22,0
2.5,4,[0.01558, 0.0063, 0.00125, 0.01816, 0.06771, 0.06706, 0.10222, 0.14053, 0.03151, 0.02648],[],[],10,0
2.5,5,[0.00066, 0.06325, 0.0525, 0.05052, 0.00265, 0.04063, 0.0037, 0.08876, 0.00822, 0.01423, 0.01178, 0.08725, 0.1393, 0.01294, 0.04558, 0.0325, 0.01446, 0.00737, 0.1512, 0.04947, 0.01691],[],[],21,0
2.5,6,[0.00033, 0.00098, 0.00322, 0.06223, 0.07334, 0.04163, 0.01237, 0.03373, 0.10738, 0.04036, 0.0314, 0.01952, 0.03104, 0.18193, 0.11579, 0.18413, 0.20895, 0.03318, 0.02678, 0.2252, 0.00348, 0.14914],[],[],22,0
2.5,7,[0.01244, 0.02095, 0.06387, 0.01738, 0.01244, 0.07132, 0.11304, 0.05852, 0.12948, 0.00572, 0.04468, 0.00304, 0.00321, 0.17139, 0.00349, 0.01109, 0.01112, 0.15566, 0.05805, 0.00405, 0.01751, 0.29698, 0.19493, 0.13731, 0.17963, 0.15788, 0.00465, 0.153, 0.23251, 0.11703, 0.09312, 0.14536, 0.22279, 0.00507, 0.05102, 0.29744, 0.11343, 0.01633, 0.07775, 0.01113, 0.07267, 0.01695],[],[],42,0
2.5,8,[0.04176, 0.00865, 0.05267, 0.08884, 0.0135, 0.00289, 0.00146, 0.0612, 0.00185, 0.00211, 0.06927, 0.04005, 0.10324, 0.06515, 0.00993, 0.15478, 0.01686, 0.03907, 0.06656, 0.106, 0.04616, 0.01592, 0.18366, 0.15623, 0.00477, 0.20064, 0.02398, 0.00486, 0.16574, 0.10248, 0.21548, 0.22235, 0.17945, 0.19543, 0.30289, 0.01612],[],[],36,0
2.5,9,[0.05259, 0.03297, 0.0365, 0.02957, 0.13254, 0.03154, 0.09948, 0.00822, 0.05062, 0.03735, 0.15101, 0.00338, 0.23123, 0.1667, 0.01044, 0.1961, 0.15106, 0.02924, 0.00733, 0.04225, 0.15133, 0.03212, 0.09248, 0.04026, 0.00467],[],[],25,0
2.5,10,[0.01484, 0.03584, 0.02877, 0.04863, 0.06816, 0.05238, 0.08689, 0.08255, 0.03961, 0.06021, 0.1607, 0.10816, 0.01394, 0.11524, 0.00285, 0.00604, 0.02121],[],[],17,0
2.5,11,[0.0004, 0.00097, 0.01229, 0.07572, 0.02172, 0.03718, 0.00448, 0.10812, 0.00493, 0.00172, 0.03813, 0.08776, 0.04457, 0.01666, 0.12921, 0.16258, 0.01718, 0.02296, 0.09482, 0.00595, 0.06656, 0.12072, 0.09721, 0.02723, 0.18239, 0.12511, 0.12803, 0.03957, 0.00407, 0.24027, 0.21028, 0.01665, 0.11731, 0.09762, 0.15841, 0.28555, 0.06422, 0.00475, 0.25483, 0.25063, 0.01006, 0.01022, 0.09305, 0.05275],[],[],44,0
2.5,12,[0.02551, 0.06271, 0.07066, 0.04682, 0.05552, 0.16447, 0.01474, 0.10686, 0.20749, 0.03586, 0.15822, 0.05888, 0.10898, 0.01121, 0.04488, 0.05653, 0.22772, 0.25486, 0.00427, 0.14342, 0.10441, 0.16773, 0.21289, 0.21939, 0.18964, 0.03194, 0.02775, 0.06617, 0.24697, 0.16631, 0.15315, 0.25144, 0.2182, 0.09902, 0.11466, 0.14924, 0.22559, 0.13159, 0.05509],[],[],39,0
2.5,13,[0.01134, 0.04473, 0.00108, 0.00738, 0.10529, 0.07931, 0.03546, 0.08771, 0.04397, 0.13402, 0.06236, 0.04995, 0.113, 0.00307, 0.00924, 0.02176, 0.0921, 0.00321, 0.21935, 0.00375, 0.04205, 0.12689, 0.01961, 0.2668, 0.01218, 0.09758, 0.0122, 0.19201, 0.03327, 0.04233, 0.17826, 0.13147],[],[],32,0
2.5,14,[0.01485, 0.01557, 0.01853, 0.00268, 0.01236, 0.00815, 0.00331, 0.05883, 0.00974, 0.08777, 0.0097, 0.11179, 0.11089, 0.01656, 0.03652, 0.01154, 0.0211, 0.05853, 0.14273, 0.01872, 0.08601, 0.09033, 0.05621, 0.00338, 0.06587, 0.07669, 0.0143],[],[],27,0
2.5,15,[0.01075, 0.03774, 0.03761, 0.12225, 0.00461, 0.0347, 0.01196, 0.05752, 0.03167, 0.03737, 0.00275, 0.00295, 0.02068, 0.07977],[],[],14,0
2.5,16,[0.00042, 0.00564, 0.02016, 0.031, 0.00311, 0.04575, 0.01499, 0.1141, 0.0072, 0.13415, 0.18753, 0.07371, 0.09879, 0.10214, 0.13009, 0.02185, 0.0765, 0.01277, 0.10267, 0.12449],[],[],20,0
2.5,17,[0.01811, 0.02456, 0.0728, 0.02172, 0.01932, 0.03988, 0.002, 0.01855, 0.0692, 0.0757, 0.00307, 0.11153, 0.18875, 0.1918, 0.06416, 0.12801, 0.17355, 0.00695, 0.00369, 0.16069, 0.12853, 0.14747, 0.08738, 0.11486, 0.19245, 0.0902, 0.01734, 0.02193, 0.16711, 0.29748, 0.28607, 0.10305, 0.06727, 0.00462, 0.1297, 0.21326, 0.0047, 0.10011, 0.19211, 0.00997, 0.02031, 0.04584],[],[],42,0
2.5,18,[0.02084, 0.00119, 0.04857, 0.01502, 0.05824, 0.07154, 0.04635, 0.05606, 0.00209, 0.0068, 0.10524, 0.00237, 0.03615, 0.0394, 0.1412, 0.07687, 0.02189],[],[],17,0
2.5,19,[0.00137, 0.01078, 0.01425, 0.01369, 0.01263, 0.03517, 0.0076],[],[],7,0
2.5,20,[0.01172, 0.01902, 0.01224, 0.04906, 0.00214, 0.06517, 0.00223, 0.13936, 0.01766, 0.12417, 0.07963, 0.01977, 0.03571, 0.15079, 0.0183, 0.00369, 0.03067],[],[],17,0
2.5,21,[0.00344, 0.02444, 0.02947, 0.05994, 0.07054, 0.0342, 0.04273, 0.00783, 0.02948, 0.0901, 0.04696, 0.10903, 0.06804, 0.16849],[],[],14,0
2.5,22,[0.01224, 0.00991, 0.01853, 0.0712, 0.01118, 0.08436, 0.00694, 0.0869, 0.10897, 0.01442, 0.00906, 0.06356, 0.03125, 0.05034, 0.14171, 0.01932, 0.00322, 0.14188, 0.10203, 0.19597, 0.08334, 0.11841, 0.0037, 0.01125, 0.22471, 0.09343, 0.08714, 0.03172],[],[],28,0
2.5,23,[0.02197, 0.02956, 0.00128, 0.00151, 0.0689, 0.04099],[],[],6,0
2.5,24,[0.00106, 0.07412, 0.06927, 0.02896, 0.00159, 0.05736, 0.04617, 0.04373, 0.02811, 0.05742, 0.0343, 0.06193, 0.02526, 0.10815, 0.02033, 0.0554, 0.23241, 0.0141, 0.03901],[],[],19,0
2.5,25,[0.00762, 0.02086, 0.06972, 0.10676, 0.01732, 0.15422, 0.00509, 0.00267, 0.05791, 0.02269, 0.04717, 0.00727, 0.13984, 0.01504, 0.26007, 0.0818, 0.0989, 0.02885, 0.08701, 0.05069, 0.20616, 0.16694, 0.07522, 0.08922, 0.08925, 0.2333, 0.00919, 0.19581, 0.07956, 0.00948, 0.029, 0.2476, 0.05826, 0.00489, 0.32886, 0.0357, 0.16379, 0.21466, 0.30173, 0.34942, 0.30032, 0.24862, 0.02769],[],[],43,0
2.5,26,[0.00097, 0.0019, 0.00572, 0.00742, 0.04862, 0.07704, 0.01769, 0.14164, 0.05165, 0.1282, 0.03059, 0.20739, 0.15494, 0.02071, 0.14298, 0.16031, 0.02164, 0.02276, 0.21739, 0.08081, 0.00386, 0.27159, 0.07042, 0.00851, 0.01281],[],[],25,0
2.5,27,[0.00537, 0.00295, 0.00414, 0.05682, 0.0077, 0.08125, 0.01605, 0.07822, 0.02896, 0.0103, 0.01045, 0.01155, 0.01722, 0.044, 0.09945, 0.21902, 0.0038, 0.00793, 0.088, 0.20792, 0.01258, 0.12127, 0.19732, 0.19024, 0.01436, 0.20769, 0.16503, 0.1142, 0.03519, 0.04614, 0.05814, 0.00534, 0.03863],[],[],33,0
2.5,28,[0.05484, 0.00339, 0.00347, 0.00542, 0.01965, 0.10022, 0.06006, 0.09122, 0.10656, 0.04791, 0.0563, 0.09261, 0.14644, 0.10436, 0.00293, 0.10934, 0.06519, 0.18935, 0.00327, 0.12167, 0.15742, 0.0609, 0.01886, 0.17673, 0.01592, 0.01234, 0.02899, 0.00835, 0.01297, 0.25429, 0.06065, 0.10858, 0.01919, 0.27726, 0.25168, 0.04993, 0.00506, 0.06122, 0.16396, 0.07841, 0.27859, 0.15541, 0.2599, 0.07102, 0.11494, 0.02784, 0.00559, 0.21547],[],[],48,0
2.5,29,[0.0085, 0.03755, 0.04566, 0.09559, 0.04185, 0.10846, 0.10062, 0.01966, 0.134, 0.00611, 0.03769, 0.15355, 0.19988, 0.0038, 0.15181, 0.04858, 0.01273, 0.01309, 0.10778, 0.06835, 0.03199, 0.13556, 0.00472, 0.31768, 0.1441, 0.0097, 0.00504, 0.11611, 0.02656, 0.1392, 0.2584, 0.03955, 0.18318, 0.33539, 0.00587, 0.05892, 0.20402, 0.01811, 0.27118, 0.08043, 0.08099, 0.05613, 0.06255, 0.01268, 0.12875, 0.2495, 0.35195, 0.38766, 0.16472, 0.02115, 0.26166, 0.05016],[],[],52,0
2.5,30,[0.01026, 0.00988, 0.00114, 0.02765, 0.11919, 0.00431, 0.01087, 0.03491, 0.09113, 0.01938, 0.14316, 0.01023, 0.0071, 0.01104, 0.00377, 0.00387, 0.11762, 0.00398, 0.03222, 0.00819, 0.15917, 0.1886, 0.01361, 0.01841, 0.0323, 0.06087],[],[],26,0
2.5,31,[0.0172, 0.02149, 0.05314, 0.02665, 0.09545, 0.0524, 0.035, 0.07208, 0.02909, 0.00482, 0.00737, 0.01807, 0.11724, 0.00523, 0.0027, 0.00272, 0.10551, 0.14248, 0.1138, 0.00326, 0.1838, 0.02194, 0.10333, 0.05541, 0.21717, 0.09024, 0.23148, 0.004, 0.00401, 0.10749, 0.19725, 0.04349, 0.01319, 0.00444, 0.16449, 0.08005, 0.24772, 0.25219, 0.23915, 0.01016, 0.29534, 0.19849, 0.0317],[],[],43,0
2.5,32,[0.01468, 0.00584, 0.04218, 0.09289, 0.02139, 0.03544, 0.01834, 0.01202, 0.00234, 0.06926, 0.01662, 0.00611, 0.00615, 0.12089, 0.03354, 0.01376],[],[],16,0
2.5,33,[0.0386, 0.00523, 0.05049, 0.00833, 0.00852, 0.04149, 0.07893, 0.05283, 0.10381, 0.11119, 0.10805, 0.09965, 0.16764, 0.01299, 0.02632, 0.09638, 0.14249, 0.1698, 0.15878, 0.05393],[],[],20,0
2.5,34,[0.00122, 0.07843, 0.07085, 0.08945, 0.06759, 0.05518, 0.08014, 0.10129, 0.05453, 0.0498, 0.04366, 0.11103, 0.08073, 0.00707, 0.07572, 0.05775, 0.2431, 0.0808, 0.07131, 0.10935, 0.00396, 0.09644, 0.16551, 0.03831, 0.01721],[],[],25,0
2.5,35,[0.00972, 0.00242, 0.03667, 0.00195, 0.13882, 0.01152, 0.0306, 0.1175, 0.08576, 0.00261, 0.01044, 0.12541, 0.12433, 0.00289, 0.00968, 0.00352, 0.02144, 0.04737, 0.01468, 0.12475, 0.06826, 0.17079, 0.1236, 0.06716, 0.00404, 0.05368, 0.16651, 0.17659],[],[],28,0
2.5,36,[0.0136, 0.00278, 0.04745, 0.05373, 0.01897, 0.05093, 0.05902, 0.09874, 0.04312, 0.11788, 0.13347, 0.14907, 0.01736, 0.0143, 0.0756, 0.02605, 0.01529, 0.00437, 0.00898, 0.0137],[],[],20,0
2.5,37,[0.00603, 0.00089, 0.07254, 0.00953, 0.01226, 0.04312, 0.0263, 0.06815, 0.05302, 0.02759, 0.04013, 0.05903, 0.04564, 0.08543, 0.17472, 0.15705, 0.14439, 0.03169, 0.19614, 0.01233],[],[],20,0
2.5,38,[0.00026, 0.01778, 0.0085, 0.02695, 0.04111, 0.016, 0.03806, 0.09585, 0.0154, 0.03549, 0.02612],[],[],11,0
2.5,39,[0.00709, 0.00405, 0.03357, 0.0081, 0.07256, 0.05244, 0.01326, 0.00204, 0.11059, 0.02649, 0.05376, 0.07319, 0.01104, 0.16616, 0.13458, 0.03232, 0.08859, 0.09263, 0.00312, 0.00635, 0.14316, 0.02614, 0.00998, 0.07007, 0.00397, 0.14839, 0.1294, 0.08136, 0.03522],[],[],29,0
2.5,40,[0.01821, 0.05283, 0.03907, 0.03714, 0.02195, 0.03948, 0.01202, 0.05226, 0.03632, 0.06894, 0.04444, 0.00249, 0.03407, 0.0027, 0.17486, 0.00577, 0.15621, 0.17976],[],[],18,0
2.5,41,[0.0123, 0.01018, 0.0203, 0.0557, 0.05715, 0.01269, 0.04874, 0.01339, 0.02364, 0.03942, 0.10859, 0.10767, 0.05693, 0.16143, 0.00915, 0.00316, 0.04877, 0.00708, 0.01897, 0.10505, 0.00802, 0.16105, 0.0505, 0.08895, 0.19477, 0.04795, 0.20133, 0.01776, 0.00444, 0.08277],[],[],30,0
2.5,42,[0.00281, 0.00859, 0.00354, 0.04165, 0.0022, 0.00544, 0.01257, 0.00321, 0.09904, 0.05309, 0.07627, 0.01915, 0.15001, 0.14133, 0.05185, 0.11782, 0.03686, 0.02156, 0.01802, 0.01383, 0.20343, 0.18037, 0.00509, 0.13003, 0.0062, 0.2778],[],[],26,0
2.5,43,[0.016, 0.01069, 0.02465, 0.07032, 0.00574, 0.00881, 0.02122, 0.0857, 0.01715, 0.11456, 0.00931, 0.04197, 0.09298, 0.02269, 0.20012, 0.17029, 0.20051, 0.10817, 0.04251, 0.06295, 0.00987],[],[],21,0
2.5,44,[0.06737, 0.0631, 0.09499, 0.0507, 0.08673, 0.00788, 0.12647, 0.01114, 0.0289, 0.1726, 0.00318, 0.016, 0.01651, 0.01664, 0.1414, 0.11143, 0.01061, 0.12538, 0.1587, 0.0798, 0.18476, 0.14917, 0.05011, 0.00423, 0.16037, 0.07993, 0.12889, 0.05813, 0.04536, 0.02282, 0.2712, 0.02967, 0.05948, 0.10054, 0.02517, 0.10631, 0.06602, 0.04772],[],[],38,0
2.5,45,[0.00051, 0.03752, 0.00102, 0.03696, 0.02892, 0.0066, 0.03566, 0.06429, 0.01994, 0.10882, 0.01553, 0.11911, 0.00627, 0.03294, 0.16658, 0.00252, 0.0077, 0.0551, 0.07485, 0.10137, 0.04848, 0.07723, 0.20835, 0.23337, 0.18643, 0.12357, 0.07573, 0.19332, 0.1079, 0.15348, 0.10788, 0.22204, 0.02181, 0.08292, 0.04368, 0.00443, 0.24515, 0.06973, 0.08652, 0.01946],[],[],40,0
2.5,46,[0.01498, 0.02739, 0.0014, 0.06028, 0.00151, 0.00169, 0.01658, 0.02068, 0.05121, 0.00829, 0.00426, 0.10785, 0.18034, 0.1808, 0.00287, 0.00327, 0.20139, 0.03658, 0.06059, 0.01755, 0.02485, 0.08237, 0.00395, 0.21234, 0.16602, 0.07329, 0.12985, 0.02621, 0.10537, 0.01801, 0.11332, 0.00952, 0.24645, 0.18555, 0.20503, 0.04007, 0.21337, 0.00509, 0.28047, 0.24521, 0.12378, 0.30489, 0.25222, 0.23896, 0.10321, 0.02207, 0.23456],[],[],47,0
2.5,47,[0.00066, 0.02108, 0.00107, 0.00373, 0.04372, 0.06569, 0.00599, 0.08569, 0.08579, 0.14408, 0.08797, 0.07255, 0.03889, 0.21758, 0.01955, 0.02649, 0.0365],[],[],17,0
2.5,48,[0.0336, 0.00305, 0.06636, 0.03045, 0.04542, 0.11792, 0.02499, 0.11101, 0.10706, 0.00283, 0.01467, 0.12886, 0.00321, 0.176, 0.15297, 0.09496, 0.29353, 0.1759, 0.00937, 0.23426, 0.15954, 0.07574, 0.06641, 0.00525, 0.11699, 0.16066, 0.3128, 0.15676, 0.18574, 0.01102, 0.07607, 0.07099, 0.04192, 0.26356, 0.00607, 0.23726, 0.16329, 0.23779, 0.3741, 0.34158, 0.15853, 0.02002, 0.08794, 0.13328, 0.14178, 0.02148, 0.15199, 0.0073, 0.05109, 0.28515, 0.07444, 0.10581, 0.00759, 0.34336, 0.19878, 0.05361, 0.26937, 0.05408],[],[],58,0
2.5,49,[0.00472, 0.00885, 0.03492, 0.00417, 0.05102, 0.04805, 0.02868, 0.17823, 0.1391, 0.15771, 0.05868, 0.03282, 0.10036, 0.00932, 0.03802, 0.13668, 0.00331, 0.00332, 0.11016, 0.11438, 0.14402, 0.03869, 0.10228, 0.13051, 0.14999, 0.09716],[],[],26,0
2.5,50,[0.04025, 0.04087, 0.04093, 0.0034, 0.07139, 0.00345, 0.01928, 0.01446, 0.04576, 0.15904, 0.17487, 0.02305, 0.00299, 0.02401, 0.20673, 0.12432, 0.04444, 0.03344, 0.00346, 0.03124, 0.18843, 0.09405],[],[],22,0
2.5,51,[0.00243, 0.03808, 0.00989, 0.08455, 0.0115, 0.11977, 0.12735, 0.08373, 0.06946, 0.08789, 0.01889, 0.07894, 0.2858, 0.11357, 0.11294, 0.22639, 0.1052, 0.04872, 0.12236, 0.11749, 0.10085, 0.14657, 0.18645, 0.22494, 0.17691, 0.03228, 0.17556, 0.33503, 0.00553, 0.05798, 0.22134, 0.01761, 0.16188, 0.01235, 0.01238, 0.00628, 0.41943, 0.10627, 0.30066, 0.0068],[],[],40,0
2.5,52,[0.00212, 0.00459, 0.05301, 0.00095, 0.06196, 0.01165, 0.07236, 0.00805, 0.02658, 0.07581, 0.10805, 0.00265, 0.07982, 0.14694, 0.13521, 0.12083, 0.01008, 0.01741, 0.13967, 0.22382, 0.14448, 0.14578, 0.08195, 0.06065, 0.00766, 0.02324, 0.03248, 0.05794, 0.00844, 0.00425, 0.14231, 0.00433],[],[],32,0
2.5,53,[0.00171, 0.06733, 0.01129, 0.11225, 0.07735, 0.01852, 0.11377, 0.06419, 0.03956, 0.00267, 0.1083, 0.05996, 0.01484, 0.11007, 0.08446, 0.17464, 0.00311, 0.11515, 0.1743, 0.02642, 0.01674, 0.00707, 0.04332, 0.19087, 0.11141, 0.01169, 0.01188, 0.09251, 0.17332, 0.17088, 0.00422, 0.00864, 0.08672, 0.28965, 0.14492, 0.16357, 0.0322, 0.01382],[],[],38,0
2.5,54,[0.09672, 0.00674, 0.03184, 0.00984, 0.0125, 0.01281, 0.00802, 0.01773, 0.07159, 0.12913, 0.01659, 0.01357, 0.04448, 0.01039, 0.03566, 0.01514, 0.03428, 0.13879, 0.0039, 0.00394, 0.01189, 0.00827, 0.25243, 0.02506],[],[],24,0
2.5,55,[0.01038, 0.0044, 0.01865, 0.07535, 0.01165, 0.05717, 0.05654, 0.03304, 0.06161, 0.16181, 0.05575, 0.01064, 0.21272, 0.14648, 0.16742, 0.10839, 0.05867, 0.1688, 0.15024, 0.00819, 0.07073, 0.08115, 0.19693, 0.09064, 0.01745, 0.12296, 0.01406, 0.09333, 0.22197, 0.13393, 0.12365, 0.24718, 0.01128, 0.22197, 0.01725, 0.00576, 0.27862],[],[],37,0
2.5,56,[0.02065, 0.06113, 0.00985, 0.02013, 0.02095, 0.10883, 0.09644, 0.03053, 0.00261, 0.00316, 0.01282, 0.01436, 0.11692, 0.06735, 0.08008, 0.03677, 0.02893],[],[],17,0
2.5,57,[0.0044, 0.00565, 0.05721, 0.06614, 0.01667, 0.06268, 0.00766, 0.00331, 0.03888, 0.0198, 0.04237],[],[],11,0
2.5,58,[0.001, 0.02748, 0.00463, 0.05744, 0.00658, 0.00265, 0.05234, 0.00298, 0.09395, 0.06528, 0.13763, 0.05151, 0.05699, 0.0024, 0.04146, 0.08038, 0.0434, 0.00263, 0.0138, 0.0029, 0.07138, 0.04147],[],[],22,0
2.5,59,[0.01637, 0.05544, 0.00161, 0.02543, 0.1145, 0.07792, 0.01047, 0.05913, 0.10046, 0.0024, 0.08543, 0.08294],[],[],12,0
2.5,60,[0.00461, 0.10312, 0.00595, 0.09212, 0.0233, 0.15623, 0.03434, 0.0417, 0.10062, 0.11229, 0.13383, 0.12078, 0.07582, 0.1992, 0.13488, 0.01651, 0.14756, 0.18655, 0.00762, 0.06886, 0.03084, 0.22491, 0.15374, 0.10267, 0.00413, 0.03314, 0.19943, 0.16339, 0.02188],[],[],29,0
2.5,61,[0.05971, 0.02314, 0.00394, 0.05599, 0.03202, 0.02202, 0.07175, 0.04364, 0.13357, 0.02887, 0.19462, 0.01503, 0.17874, 0.1314, 0.05543, 0.0948, 0.06263, 0.17539, 0.16153, 0.13861, 0.10014, 0.10081, 0.14666, 0.09305, 0.08565, 0.01817, 0.25996, 0.01481, 0.2175, 0.19485, 0.19037, 0.16724, 0.00523],[],[],33,0
2.5,62,[0.01395, 0.01958, 0.14282, 0.06885, 0.09991, 0.04167, 0.08937, 0.0117, 0.06801, 0.02935, 0.1027, 0.00345, 0.00694, 0.15836, 0.21874, 0.06598, 0.03709, 0.01116, 0.15348, 0.20512, 0.09402, 0.02921, 0.10295, 0.00862, 0.23741, 0.00454, 0.0503, 0.17775, 0.00964, 0.10227, 0.02499, 0.11578],[],[],32,0
2.5,63,[0.01331, 0.00313, 0.09595, 0.02976, 0.04926, 0.04638, 0.07618, 0.08307, 0.11112, 0.05204, 0.01106, 0.14444, 0.12152, 0.12602, 0.04726, 0.08903, 0.22289, 0.00373, 0.03069],[],[],19,0
2.5,64,[0.00644, 0.01595, 0.01628, 0.00521, 0.03253, 0.00565, 0.02854, 0.01204, 0.15778, 0.0134, 0.04047, 0.11696, 0.00311, 0.0307, 0.04265, 0.18979, 0.21032, 0.03721, 0.14569, 0.0452, 0.00413, 0.04686, 0.19795, 0.00445, 0.14364, 0.01821, 0.02796, 0.19328, 0.14519, 0.02461, 0.10411, 0.22515, 0.0859],[],[],33,0
2.5,65,[0.00349, 0.06629, 0.00451, 0.02346, 0.03349, 0.03816, 0.01832, 0.0054, 0.03821, 0.06912, 0.0028, 0.17498, 0.15661, 0.08108, 0.11748, 0.06874, 0.02677, 0.14392, 0.06599, 0.20008, 0.11415, 0.03442, 0.01166, 0.14663, 0.00396, 0.01634, 0.28873, 0.09058, 0.01317, 0.00442, 0.16847, 0.16449, 0.12435],[],[],33,0
2.5,66,[0.00066, 0.04879, 0.06145, 0.05684, 0.00884, 0.01789, 0.002, 0.09066, 0.00736, 0.0963, 0.01066, 0.02747, 0.00289, 0.12191, 0.084, 0.02367, 0.10173, 0.05443, 0.15751, 0.02276, 0.08573, 0.18939, 0.01677, 0.12933, 0.03063, 0.01339, 0.01354, 0.00918, 0.05733, 0.02408, 0.00978, 0.26083, 0.09919, 0.00501],[],[],34,0
2.5,67,[0.00287, 0.05859, 0.00913, 0.00481, 0.10307, 0.10878, 0.03754, 0.01132, 0.06723, 0.06132, 0.18016, 0.09769, 0.01091, 0.17676, 0.10557, 0.10612, 0.09941, 0.1338, 0.21589, 0.15474, 0.00778, 0.22905, 0.01229],[],[],23,0
2.5,68,[0.00069, 0.00256, 0.07695, 0.03718, 0.00158, 0.01144, 0.00837, 0.00408, 0.05748, 0.03646, 0.04904, 0.00754, 0.01529, 0.00264, 0.12904, 0.01142, 0.00302, 0.07596, 0.01815, 0.1855, 0.10035, 0.15209, 0.1752, 0.01575, 0.17394, 0.08642, 0.16397, 0.20186, 0.1365, 0.19965, 0.16793, 0.09094, 0.03235, 0.17274, 0.2164, 0.00483, 0.29256, 0.07711, 0.30181, 0.10148, 0.13451, 0.12514, 0.01134, 0.0057, 0.17152],[],[],45,0
2.5,69,[0.05957, 0.0212, 0.06653, 0.02167, 0.05191, 0.01018, 0.00439, 0.02313, 0.03356, 0.01295, 0.00331, 0.09277, 0.00357, 0.0037, 0.01575],[],[],15,0
2.5,70,[0.02042, 0.06592, 0.05724, 0.03409, 0.02773, 0.08525, 0.05583, 0.01448, 0.01212, 0.11575, 0.01586, 0.01675],[],[],12,0
2.5,71,[0.00872, 0.034, 0.00268, 0.06133, 0.049, 0.08101, 0.08515, 0.00391, 0.07474, 0.09468, 0.07483, 0.01874, 0.01333, 0.06289, 0.13572, 0.07877, 0.08536],[],[],17,0
2.5,72,[0.00435, 0.01243, 0.03448, 0.00523, 0.0057, 0.00362, 0.04941, 0.07572, 0.09436, 0.12846, 0.00657, 0.00885, 0.01135, 0.05277, 0.02079, 0.04276, 0.09133, 0.11307, 0.13068, 0.08466, 0.13576, 0.01786, 0.02818, 0.02907],[],[],24,0
2.5,73,[0.00073, 0.00108, 0.02283, 0.0146, 0.00981, 0.01042, 0.02807, 0.07696, 0.0178, 0.07899, 0.10105, 0.14293, 0.05681, 0.00792, 0.05381, 0.03485, 0.01911, 0.0032, 0.03865, 0.02789, 0.02185, 0.18322, 0.00745, 0.01519, 0.18763, 0.1771, 0.0251],[],[],27,0
2.5,74,[0.00529, 0.04262, 0.00071, 0.03033, 0.06345, 0.00661, 0.05912, 0.09925, 0.04998, 0.00457, 0.03204, 0.04393, 0.11474, 0.00278, 0.12143, 0.02858, 0.04991, 0.07836, 0.17393, 0.15092, 0.00381],[],[],21,0
2.5,75,[0.00188, 0.01255, 0.08404, 0.05045, 0.00147, 0.0068, 0.07647, 0.04053, 0.07531, 0.04204, 0.02777, 0.15471, 0.03602, 0.15497, 0.09742, 0.14804, 0.08914, 0.09383, 0.21856, 0.03453, 0.00704, 0.01828],[],[],22,0
2.5,76,[0.0215, 0.11743, 0.07638, 0.01569, 0.01029, 0.04458, 0.02594, 0.01365, 0.00848, 0.00293, 0.01855, 0.00975, 0.00653, 0.04912, 0.10215, 0.00738, 0.16006, 0.15592, 0.01684, 0.19617, 0.1098, 0.0309, 0.09548, 0.04669, 0.01037, 0.28689, 0.03661, 0.07493, 0.289, 0.017, 0.07683],[],[],31,0
2.5,77,[0.00201, 0.02452, 0.00324, 0.00167, 0.04897, 0.03529, 0.07368, 0.01915, 0.03072, 0.0678, 0.00621],[],[],11,0
2.5,78,[0.00123, 0.0625, 0.01585, 0.0691, 0.00181, 0.057, 0.00747, 0.09662, 0.02079, 0.00313, 0.04258, 0.01381, 0.1771, 0.00358, 0.00358, 0.07138, 0.05653, 0.23093, 0.15176, 0.18147, 0.05242, 0.0222, 0.0269, 0.06886, 0.01945, 0.15899, 0.07794, 0.1092, 0.09517, 0.02193],[],[],30,0
2.5,79,[0.05894, 0.00105, 0.09967, 0.01571, 0.04248, 0.09747, 0.01637, 0.09026, 0.07227, 0.00792, 0.09784, 0.03987, 0.07232, 0.02318, 0.00293, 0.15747, 0.12005, 0.09459, 0.12194, 0.18902, 0.01726, 0.00358, 0.01827, 0.00367, 0.04727, 0.02371, 0.20837, 0.05, 0.00422, 0.1752, 0.17962, 0.13819, 0.088, 0.08696, 0.02289, 0.10867, 0.17173, 0.30571, 0.07195, 0.04797, 0.28927, 0.06456, 0.25794, 0.23509, 0.01559],[],[],45,0
2.5,80,[0.01194, 0.04191, 0.00133, 0.00139, 0.00427, 0.08087, 0.03827, 0.08113, 0.13634, 0.06114, 0.09948, 0.00254, 0.09485, 0.08709, 0.03965, 0.04248],[],[],16,0
2.5,81,[0.02254, 0.08999, 0.0251, 0.06091, 0.02991, 0.03211, 0.05691, 0.00174, 0.0796, 0.0155, 0.00452, 0.00239, 0.03449, 0.12196, 0.13505, 0.10875, 0.0031, 0.11483, 0.17595, 0.09667, 0.01047, 0.03565, 0.22086, 0.22562, 0.06109, 0.19028, 0.09569, 0.15722, 0.00436, 0.11444, 0.01874, 0.01408, 0.24961, 0.02945, 0.02963, 0.01489, 0.25542, 0.0353, 0.24549, 0.08747, 0.29552, 0.19706, 0.12959, 0.05444, 0.14841, 0.17659, 0.01129, 0.00593],[],[],48,0
2.5,82,[0.04261, 0.0102, 0.03397, 0.01736, 0.00715, 0.07457, 0.09798, 0.14166, 0.11232, 0.04255, 0.03651, 0.03456, 0.00241, 0.0025, 0.00832, 0.04784, 0.095, 0.00936, 0.0194, 0.11362, 0.01036, 0.00699, 0.12089, 0.07271, 0.1937, 0.0484, 0.085, 0.24153, 0.02087, 0.13179, 0.00427, 0.03491, 0.19335, 0.08583, 0.00453],[],[],35,0
2.5,83,[0.01972, 0.0098, 0.06045, 0.00499, 0.01645, 0.02891, 0.05949, 0.01354, 0.06095, 0.05241, 0.03067, 0.04586, 0.02996, 0.09157, 0.0108, 0.12987, 0.01632, 0.02299, 0.05687, 0.01826, 0.10435, 0.04352],[],[],22,0
2.5,84,[0.02182, 0.00307, 0.00257, 0.02577, 0.00799, 0.06822, 0.04351, 0.00689, 0.05927, 0.05856, 0.10761, 0.00263, 0.00289, 0.13378, 0.12806, 0.06232, 0.16, 0.0033, 0.01383, 0.11919, 0.08178, 0.00359, 0.19066, 0.0185, 0.13052, 0.15426, 0.14205, 0.19696, 0.1306, 0.13553, 0.03685, 0.10284, 0.00947, 0.275, 0.31863, 0.09532, 0.09462, 0.24867, 0.03639],[],[],39,0
2.5,85,[0.0874, 0.00197, 0.05073, 0.07328, 0.12324, 0.0889, 0.15283, 0.04089, 0.01672, 0.13605, 0.10654, 0.07017, 0.00331, 0.1709, 0.13671, 0.0037, 0.19638, 0.10605, 0.08047, 0.08067, 0.0204, 0.14725, 0.2673, 0.1771, 0.21967, 0.17729, 0.00871, 0.03945, 0.05286, 0.12946, 0.03628, 0.14713, 0.06922, 0.06481],[],[],34,0
2.5,86,[0.00195, 0.03761, 0.03745, 0.03004, 0.00743, 0.00199, 0.0114, 0.03465, 0.06712, 0.05974, 0.20854, 0.04947, 0.01414, 0.00757, 0.07287, 0.02337],[],[],16,0
2.5,87,[0.02135, 0.05305, 0.0288, 0.04368, 0.07664, 0.00893, 0.00163, 0.02789, 0.12718, 0.01748, 0.0284, 0.00259, 0.03641, 0.08357, 0.09572, 0.06497, 0.14335, 0.03749, 0.06645, 0.03597, 0.01514, 0.04641, 0.03613, 0.14513, 0.01633, 0.00822, 0.00411, 0.16986, 0.07557, 0.02521],[],[],30,0
2.5,88,[0.00059, 0.00343, 0.03132, 0.02891, 0.01359, 0.01399, 0.02727, 0.10793, 0.07156, 0.01441, 0.05865, 0.07089, 0.00254, 0.06988, 0.05681, 0.12211, 0.11354, 0.0837, 0.07615, 0.02466, 0.14298, 0.00639],[],[],22,0
2.5,89,[0.00422, 0.04288, 0.01137, 0.03626, 0.03044, 0.03301, 0.00557, 0.06743, 0.11375, 0.1143, 0.02505, 0.00228, 0.16454, 0.00737, 0.03628, 0.05788, 0.04394, 0.09611, 0.07953, 0.01717, 0.20601, 0.08123, 0.0108, 0.07034, 0.23884, 0.19128, 0.03827, 0.12908, 0.18958, 0.15459, 0.11221, 0.08239, 0.10928, 0.2273, 0.06694, 0.24082, 0.00465, 0.17969, 0.24629, 0.33395, 0.18616, 0.18187, 0.01012, 0.09201],[],[],44,0
2.5,90,[0.0131, 0.00477, 0.02581, 0.02253, 0.05797, 0.09524, 0.00589, 0.00806, 0.14559, 0.02231, 0.13243, 0.08875, 0.00268, 0.0027, 0.08755, 0.05253, 0.00845, 0.00295, 0.0417, 0.05461, 0.02478, 0.04707, 0.16807, 0.21368, 0.08601, 0.10082, 0.19956, 0.07896, 0.25699, 0.14508, 0.21924, 0.04577, 0.00427, 0.15808, 0.02997, 0.00439, 0.14651, 0.12929, 0.23888, 0.17768, 0.24248, 0.00982, 0.00992, 0.10568, 0.09741, 0.12819, 0.13377, 0.34672, 0.04827, 0.23465, 0.00549, 0.15634],[],[],52,0
2.5,91,[0.00244, 0.00121, 0.02984, 0.04361, 0.07549, 0.04278, 0.01778, 0.11519, 0.05338, 0.13051, 0.06399, 0.1653, 0.11133, 0.14788, 0.07859, 0.00732, 0.08821, 0.10682, 0.14498, 0.13394, 0.01213, 0.00408, 0.13939, 0.21839, 0.12803, 0.0688, 0.00432],[],[],27,0
2.5,92,[0.02394, 0.0545, 0.0074, 0.0236, 0.03753, 0.00205, 0.00633, 0.09979, 0.00443, 0.1482, 0.00249, 0.11315, 0.08148, 0.00277, 0.06765, 0.01131, 0.03808, 0.009, 0.09093, 0.01002, 0.06474, 0.14056, 0.153, 0.00747, 0.00394, 0.23323, 0.1847, 0.05972],[],[],28,0
2.5,93,[0.01752, 0.02941, 0.0107, 0.0282, 0.0441, 0.0655, 0.08328, 0.04713],[],[],8,0
2.5,94,[0.04511, 0.05932, 0.03175, 0.02998, 0.11868, 0.00836, 0.0021, 0.00657, 0.10597, 0.05508, 0.05071, 0.02718, 0.03359, 0.03124, 0.03125],[],[],15,0
2.5,95,[0.01751, 0.01152, 0.02728, 0.02067, 0.01345, 0.06767, 0.08134, 0.00183, 0.09567, 0.04771, 0.07641, 0.02173, 0.02019, 0.11742, 0.03517],[],[],15,0
2.5,96,[0.01843, 0.01634, 0.02256, 0.01333, 0.02695, 0.05695, 0.05279, 0.02846],[],[],8,0
2.5,97,[0.00294, 0.05827, 0.02534, 0.05314, 0.00806, 0.00818, 0.08423, 0.00449, 0.00452, 0.11103, 0.07868, 0.03157, 0.09791, 0.02836, 0.00269, 0.00288, 0.12665, 0.12439, 0.16866, 0.21465, 0.07747, 0.09934, 0.11975, 0.15566, 0.16037, 0.00408, 0.18779, 0.188, 0.02541, 0.00434, 0.07864, 0.01314, 0.30301, 0.08221, 0.02751],[],[],35,0
2.5,98,[0.0386, 0.00263, 0.00294, 0.00728, 0.01548, 0.01084, 0.1041, 0.12945, 0.0209, 0.00534, 0.00553, 0.03932, 0.13336, 0.14421, 0.01255, 0.22799, 0.17788, 0.11895, 0.19499, 0.00417, 0.00426, 0.04686, 0.17931, 0.013, 0.03471, 0.00446, 0.17363, 0.17651, 0.27462, 0.0652, 0.11052, 0.02028, 0.18764, 0.02056, 0.00515, 0.30504, 0.18308, 0.28016, 0.11871],[],[],39,0
2.5,99,[0.06005, 0.04895, 0.01709, 0.05573, 0.0131, 0.10682, 0.06368, 0.09918, 0.12475, 0.00272, 0.00567, 0.17287, 0.15381, 0.04601],[],[],14,0
2.5,100,[0.00092, 0.02509, 0.01541, 0.08778, 0.00401, 0.00415, 0.01246, 0.00425, 0.07304, 0.02744, 0.10082, 0.00789, 0.10474, 0.01421, 0.06357, 0.1367, 0.14116, 0.11555, 0.01387, 0.02085, 0.21098, 0.05741, 0.01082, 0.10321, 0.01161, 0.12069, 0.08569, 0.07241, 0.10194, 0.03288],[],[],30,0
2.5,101,[0.01326, 0.01501, 0.00286, 0.00585, 0.0115, 0.05118, 0.07838, 0.03785, 0.03673, 0.01849, 0.12092, 0.09359, 0.09218, 0.00693, 0.03861, 0.08391, 0.00372, 0.06069, 0.01835, 0.04599, 0.06572, 0.14553, 0.00474, 0.01447],[],[],24,0
2.5,102,[0.00662, 0.0269, 0.0299, 0.05737, 0.00771, 0.0542, 0.00187, 0.00196, 0.06542, 0.06399, 0.04081, 0.01189, 0.0637, 0.00636, 0.03225, 0.02019, 0.01372, 0.00357, 0.08242, 0.00795, 0.0215, 0.0216, 0.10485],[],[],23,0
2.5,103,[0.01622, 0.01431, 0.0305, 0.02884, 0.07854, 0.02594, 0.03111, 0.00432, 0.00435, 0.01132, 0.01134, 0.10448, 0.13674, 0.0028, 0.0169, 0.06177, 0.01511, 0.00311, 0.10114, 0.14503, 0.0102, 0.05273, 0.22435, 0.03334],[],[],24,0
2.5,104,[0.03894, 0.01335, 0.0177, 0.01252, 0.11283, 0.00966, 0.03925, 0.00489, 0.01815, 0.05289, 0.10364, 0.05924, 0.14247, 0.05075, 0.02095, 0.06406, 0.03876, 0.00382, 0.06713, 0.06443, 0.27587, 0.08259, 0.03314, 0.16536, 0.00877],[],[],25,0
2.5,105,[0.02012, 0.00737, 0.00181, 0.12157, 0.03324, 0.01816, 0.03147, 0.12306, 0.03217, 0.01089, 0.16621, 0.00287, 0.02318, 0.03817, 0.14588, 0.00319, 0.10674, 0.0033, 0.06505, 0.01562, 0.12878, 0.10107, 0.18218, 0.05433, 0.00436, 0.17583, 0.20241, 0.00451, 0.12268],[],[],29,0
2.5,106,[0.00047, 0.01855, 0.03837, 0.00116, 0.02037, 0.04811, 0.07143, 0.00994, 0.02908, 0.03643, 0.01255, 0.08288, 0.1324, 0.09434, 0.00864, 0.06854, 0.00335, 0.1449, 0.03412, 0.01056, 0.03063, 0.02681, 0.13026, 0.00392, 0.22776, 0.01992, 0.01641, 0.05755, 0.12018, 0.03905, 0.13475, 0.25711, 0.00447],[],[],33,0
2.5,107,[0.07663, 0.06212, 0.00349, 0.02993, 0.00211, 0.00215, 0.09075, 0.00746, 0.08647, 0.05012, 0.16936, 0.14511, 0.02627, 0.03134, 0.17806, 0.08412, 0.05622, 0.06915, 0.08769, 0.10192, 0.0995, 0.04407, 0.03996],[],[],23,0
2.5,108,[0.01475, 0.00155, 0.09078, 0.00192, 0.12148, 0.13206, 0.00302, 0.03307, 0.13913, 0.01046, 0.10683, 0.00375, 0.11298, 0.08093, 0.12392, 0.00777, 0.18815, 0.00809, 0.04088, 0.18411, 0.01651, 0.25431, 0.11263, 0.02534],[],[],24,0
2.5,109,[0.0055, 0.01117, 0.00113, 0.01958, 0.01417, 0.02077, 0.10703, 0.01214, 0.07235, 0.01888, 0.12969, 0.00322, 0.00698, 0.04297, 0.22109, 0.1338, 0.03365, 0.09462, 0.05619, 0.03213, 0.00403, 0.22993],[],[],22,0
2.5,110,[0.01207, 0.06706, 0.09992, 0.11263, 0.11489, 0.03308, 0.03035, 0.1018, 0.09032, 0.1031, 0.00699, 0.16134, 0.00361, 0.17132, 0.11426, 0.06707, 0.24987, 0.07825, 0.14099, 0.09453, 0.00466, 0.06504, 0.07187, 0.09846, 0.3063, 0.00529],[],[],26,0
2.5,111,[0.04867, 0.04695, 0.09962, 0.01228, 0.05337, 0.01381, 0.02219, 0.00258, 0.10358, 0.15707, 0.14864, 0.11313, 0.05349, 0.02599, 0.08949, 0.0187, 0.0305, 0.0903, 0.08015, 0.00814, 0.02046],[],[],21,0
2.5,112,[0.0129, 0.00055, 0.07326, 0.03304, 0.0728, 0.11427, 0.05229, 0.06103, 0.00802, 0.01692, 0.15472, 0.15336, 0.04158, 0.0031, 0.10724, 0.15089, 0.07416, 0.00345, 0.01385, 0.02877, 0.16338, 0.01491, 0.07529, 0.00808, 0.10124, 0.13566, 0.28427, 0.00891, 0.25843, 0.00446, 0.21522, 0.00914, 0.06494],[],[],33,0
2.5,113,[0.03879, 0.02563, 0.02569, 0.0259, 0.10799, 0.04728, 0.10756, 0.00938, 0.18853, 0.02276, 0.09135, 0.01024, 0.10361, 0.15567, 0.00692, 0.15485, 0.01833, 0.0447, 0.04917, 0.02322, 0.08191, 0.05103, 0.08646, 0.07965, 0.19944, 0.01682, 0.03379, 0.12152, 0.17415, 0.12322, 0.20167, 0.17584, 0.0046, 0.12601, 0.13147, 0.01968],[],[],36,0
2.5,114,[0.00148, 0.02101, 0.08935, 0.00222, 0.08735, 0.06334, 0.13446, 0.01058, 0.00265, 0.00267, 0.09106, 0.02423, 0.05374, 0.03208, 0.0032, 0.19168, 0.05199, 0.04476, 0.0152, 0.00771, 0.08763, 0.01629, 0.21108, 0.18821, 0.03352, 0.07481, 0.13668, 0.22874, 0.34124, 0.22076, 0.03755, 0.00553, 0.11826, 0.10153, 0.30231, 0.12655, 0.30809, 0.06533],[],[],38,0
2.5,115,[0.00468, 0.00078, 0.03251, 0.005, 0.0783, 0.00781, 0.12012, 0.06478, 0.12513, 0.0838, 0.0817, 0.01744, 0.07404, 0.27967, 0.10863, 0.0044, 0.00453, 0.09988, 0.01363, 0.22011, 0.1113, 0.11615, 0.02802, 0.11276, 0.0946, 0.04946, 0.14038, 0.18031, 0.0521, 0.1696, 0.17642, 0.22474, 0.33178, 0.00565, 0.01131, 0.21527, 0.0171, 0.15572, 0.01243, 0.00628, 0.07723, 0.41351, 0.2958, 0.00661],[],[],44,0
2.5,116,[0.00161, 0.00657, 0.06411, 0.02261, 0.06684, 0.10569, 0.08789, 0.00915, 0.00245, 0.02005, 0.12585, 0.13589, 0.00299, 0.03683, 0.02827, 0.0716, 0.02364, 0.12867, 0.00342, 0.02637, 0.1506, 0.05134, 0.08813, 0.21306, 0.01266, 0.01347, 0.32426, 0.10012, 0.00503, 0.14729, 0.06866, 0.13824, 0.16361, 0.26892, 0.1356, 0.06437, 0.23002, 0.35295, 0.19775, 0.02526, 0.02536, 0.32999, 0.01276, 0.09665, 0.3689, 0.0656, 0.01342, 0.2284, 0.1228, 0.00683, 0.30081],[],[],51,0
2.5,117,[0.03838, 0.05942, 0.05119, 0.01218, 0.00379, 0.07028, 0.04435, 0.02137, 0.03196, 0.03403, 0.01533, 0.0925, 0.16425, 0.00664, 0.05678, 0.10715, 0.02809],[],[],17,0
2.5,118,[0.02914, 0.00088, 0.01123, 0.0305, 0.05219, 0.06571, 0.02442, 0.07952, 0.11113, 0.02488, 0.01354, 0.07817, 0.00253, 0.00263, 0.00555, 0.0087, 0.00309, 0.10853, 0.09284, 0.07078, 0.01382, 0.04521, 0.16235, 0.00358, 0.04105, 0.04886, 0.00379, 0.03079, 0.03492],[],[],29,0
2.5,119,[0.00063, 0.0157, 0.03169, 0.01934, 0.00403, 0.02306, 0.0017, 0.07488, 0.12517, 0.00598, 0.0904, 0.02834, 0.09596, 0.01458, 0.05671, 0.0224, 0.18405, 0.15678, 0.02034, 0.18596, 0.01478, 0.09885, 0.05709, 0.09277, 0.17855, 0.14522, 0.01193],[],[],27,0
2.5,120,[0.00107, 0.00069, 0.00452, 0.00158, 0.01768, 0.04876, 0.00331, 0.00992, 0.10512, 0.06762, 0.03317, 0.12173, 0.16369, 0.15586, 0.00309, 0.02731, 0.16134, 0.07451, 0.08563, 0.21793, 0.00362, 0.15702, 0.04684],[],[],23,0
2.5,121,[0.00816, 0.0686, 0.02022, 0.1514, 0.01055, 0.00801, 0.04469, 0.1921, 0.05513, 0.03952, 0.15634, 0.03984, 0.07093, 0.1054, 0.06916, 0.14908, 0.20085, 0.12745, 0.13571, 0.07419, 0.18163, 0.0668, 0.2129, 0.11889, 0.0831, 0.0421, 0.16232, 0.11094, 0.01806, 0.00913, 0.00464, 0.0885, 0.03867],[],[],33,0
2.5,122,[0.00504, 0.01917, 0.02759, 0.06277, 0.13122, 0.02997, 0.01288, 0.08494, 0.04195, 0.05434, 0.11016, 0.05845, 0.07782, 0.10788, 0.05603, 0.00735, 0.212, 0.04937, 0.081, 0.07457, 0.18934, 0.19098, 0.13081, 0.00414, 0.22345, 0.23525, 0.00893],[],[],27,0
2.5,123,[0.00164, 0.03668, 0.06866, 0.07573, 0.04292, 0.03105, 0.06055, 0.06523, 0.03277, 0.01441, 0.00902, 0.03504, 0.01435, 0.08678, 0.2472, 0.12419, 0.09042, 0.05303, 0.06067, 0.17155, 0.17327, 0.0251, 0.13463, 0.20301, 0.08603, 0.15077, 0.00434, 0.01314, 0.00906],[],[],29,0
2.5,124,[0.00068, 0.02013, 0.05326, 0.04565, 0.00679, 0.01053, 0.03196, 0.0135, 0.0036, 0.07144, 0.11181, 0.00635, 0.00871, 0.03727, 0.10684, 0.03642, 0.09233, 0.00354, 0.09654, 0.16844, 0.16369, 0.07858, 0.10741, 0.004, 0.05816, 0.04166, 0.00424, 0.00955, 0.32582, 0.10345, 0.07887, 0.02056, 0.24146, 0.19466],[],[],34,0
2.5,125,[0.00911, 0.01482, 0.07077, 0.02116, 0.00684, 0.00463, 0.01938, 0.01535, 0.10219, 0.01085, 0.02223, 0.02789, 0.02796, 0.14878, 0.06999, 0.19625, 0.13342, 0.03818, 0.0928, 0.02072, 0.0629],[],[],21,0
2.5,126,[0.00574, 0.05529, 0.04143, 0.06422, 0.01709, 0.10905, 0.09028, 0.02314, 0.01133, 0.02437, 0.00694, 0.04902, 0.05739, 0.01407, 0.01251, 0.10306, 0.0952, 0.00352, 0.05985, 0.00359, 0.11593, 0.00363, 0.12349, 0.02919, 0.02192, 0.07421, 0.01504, 0.18642, 0.00833, 0.02506, 0.03056, 0.22803, 0.26945, 0.02746],[],[],34,0
2.5,127,[0.02551, 0.00196, 0.03656, 0.02107, 0.04317, 0.0848, 0.00998, 0.00705, 0.00237, 0.01088, 0.0533, 0.03796, 0.08993, 0.1556, 0.06686, 0.16468, 0.00736, 0.01509, 0.0881, 0.1539, 0.16779, 0.00404, 0.19403, 0.24929, 0.00853, 0.0043, 0.00432],[],[],27,0
2.5,128,[0.01316, 0.00268, 0.02547, 0.06484, 0.05004, 0.10592, 0.10062, 0.00928, 0.01201, 0.06406, 0.11272, 0.00269, 0.18572, 0.00279, 0.06449, 0.06924, 0.14173, 0.11708, 0.21289, 0.02102, 0.01458, 0.0877, 0.04896],[],[],23,0
2.5,129,[0.01789, 0.07394, 0.00531, 0.06875, 0.007, 0.02975, 0.01755, 0.03333, 0.07254, 0.01179, 0.00612, 0.19669, 0.16408, 0.05827, 0.14322, 0.07558, 0.06889, 0.05503, 0.0147, 0.0115, 0.17407, 0.14382, 0.1101, 0.00794, 0.0162, 0.17476, 0.00416, 0.08115, 0.19733, 0.12112, 0.02166, 0.11954, 0.07197, 0.02704, 0.01371, 0.08907, 0.2177, 0.23373, 0.20924, 0.1104, 0.12315, 0.29164, 0.27781],[],[],43,0
2.5,130,[0.01823, 0.00199, 0.00214, 0.06894, 0.06529, 0.02276, 0.00842, 0.01901, 0.09097, 0.028, 0.04212, 0.00843, 0.1417, 0.05565, 0.00619, 0.00621],[],[],16,0
2.5,131,[0.01687, 0.03302, 0.06765, 0.05463, 0.0212, 0.03198, 0.00401, 0.12089, 0.01146, 0.02025, 0.1197, 0.07858, 0.00331, 0.14859, 0.00347, 0.09468, 0.02511, 0.16613, 0.10734, 0.04898, 0.03845, 0.01624, 0.08794, 0.05905, 0.08542, 0.06456, 0.00435, 0.0044, 0.02242, 0.0226],[],[],30,0
2.5,132,[0.01389, 0.0144, 0.01396, 0.05475, 0.05985, 0.01389, 0.04734, 0.02083, 0.0706, 0.00839, 0.04967, 0.00238, 0.02264, 0.00281, 0.01693],[],[],15,0
2.5,133,[0.03469, 0.04232, 0.01226, 0.01125, 0.10881, 0.10203, 0.08779, 0.05312, 0.12043, 0.0234, 0.15427, 0.0218, 0.07856, 0.00351, 0.1269, 0.20886, 0.06333, 0.22955, 0.00418, 0.20142, 0.17279, 0.06387, 0.13644, 0.16905, 0.02265, 0.0046, 0.18517, 0.03731],[],[],28,0
2.5,134,[0.0026, 0.01715, 0.00796, 0.0031, 0.00338, 0.03173, 0.13432, 0.12704, 0.01826, 0.06559, 0.10471, 0.11837, 0.01545, 0.00332, 0.07927, 0.00698, 0.03519, 0.00352, 0.07438, 0.052, 0.01128, 0.14874, 0.02088, 0.09234],[],[],24,0
2.5,135,[0.0624, 0.07793, 0.05252, 0.03882, 0.08358, 0.03225, 0.01104, 0.08527, 0.00521, 0.13469, 0.16709, 0.00321, 0.16221, 0.00343, 0.00345, 0.09069, 0.03616, 0.0121, 0.0122],[],[],19,0
2.5,136,[0.02747, 0.00433, 0.02153, 0.03703, 0.12162, 0.03061, 0.04783, 0.04803, 0.00268, 0.03216, 0.13235, 0.04992, 0.11709, 0.01336, 0.05381, 0.05722, 0.06744, 0.02417, 0.0698, 0.02978, 0.25927, 0.14819, 0.00796, 0.19391, 0.10331, 0.01776, 0.03251, 0.03266, 0.00977, 0.27031, 0.00986, 0.00992, 0.02508, 0.25801, 0.26459, 0.22638, 0.11349, 0.03803, 0.3708],[],[],39,0
2.5,137,[0.01093, 0.00856, 0.05111, 0.02494, 0.1223, 0.12837, 0.04667, 0.05576, 0.00581, 0.15261, 0.21359, 0.14068, 0.00981, 0.06653, 0.12995, 0.00669, 0.12158, 0.02434],[],[],18,0
2.5,138,[0.01736, 0.00952, 0.02917, 0.00222, 0.00226, 0.00383, 0.06649, 0.00157, 0.0209, 0.01951, 0.00403, 0.11952, 0.07661, 0.04484, 0.02553, 0.02153, 0.1279, 0.09551, 0.00813, 0.0063, 0.0942, 0.12027, 0.14976, 0.15871, 0.22971, 0.04988, 0.02962, 0.19568, 0.16324, 0.23419, 0.14701, 0.03714, 0.11641, 0.0048],[],[],34,0
2.5,139,[0.00014, 0.00232, 0.00988, 0.00094, 0.04316, 0.05511, 0.04752, 0.08312, 0.02881, 0.00228, 0.15551, 0.15359, 0.12488, 0.01599, 0.05487, 0.07224, 0.03636, 0.21229, 0.00358, 0.03759, 0.16125, 0.16119, 0.10185, 0.21774, 0.02606, 0.18458, 0.04032, 0.02266, 0.01816, 0.23654, 0.02744, 0.1907, 0.22516, 0.08507, 0.05295, 0.00487],[],[],36,0
2.5,140,[0.01399, 0.00437, 0.00377, 0.01242, 0.04207, 0.09593, 0.05247, 0.15719, 0.12721, 0.04548, 0.00278, 0.01743, 0.00298, 0.02872, 0.0033, 0.13409, 0.00393, 0.13115, 0.01646, 0.17929, 0.05576, 0.29137, 0.03077, 0.08815, 0.08985, 0.26762, 0.31845, 0.19646, 0.219, 0.01952, 0.2503, 0.24045, 0.00515, 0.03145, 0.01052, 0.27029, 0.2018, 0.01604],[],[],38,0
2.5,141,[0.01874, 0.02068, 0.08191, 0.09848, 0.16641, 0.05689, 0.00585, 0.02108, 0.00315, 0.02277, 0.02651, 0.25838, 0.15057, 0.08508, 0.09788, 0.0042, 0.0042, 0.01269, 0.0043, 0.20828, 0.18329, 0.22423, 0.01763, 0.17138, 0.05918, 0.09179, 0.07842, 0.31593, 0.24069, 0.15633, 0.08349, 0.2023, 0.10046, 0.10101, 0.00505, 0.06122, 0.29547, 0.03644, 0.2391, 0.11212, 0.34322, 0.30748, 0.00562, 0.2102, 0.03421, 0.00573],[],[],46,0
2.5,142,[0.00319, 0.03022, 0.00868, 0.01291, 0.07732, 0.0106, 0.07003, 0.10758, 0.06969, 0.11259, 0.05199, 0.00233, 0.05402, 0.09872, 0.13005, 0.22001, 0.00339, 0.06028, 0.15651, 0.18808, 0.08216, 0.09046, 0.17462, 0.07824, 0.02643],[],[],25,0
2.5,143,[0.00377, 0.04827, 0.01586, 0.02724, 0.004, 0.00339, 0.00764, 0.13552, 0.09616, 0.03713, 0.13731, 0.02715, 0.00595, 0.17179, 0.12551, 0.01533, 0.02461, 0.00315, 0.02633, 0.0132, 0.1055],[],[],21,0
2.5,144,[0.00374, 0.00499, 0.01842, 0.00627, 0.07393, 0.04687, 0.01396, 0.00619, 0.07985, 0.00233, 0.02715, 0.09034, 0.01089, 0.14377, 0.03449, 0.02989, 0.00672, 0.19723, 0.06737, 0.03156, 0.05615, 0.02075, 0.1914, 0.06317, 0.09278, 0.04984, 0.03176, 0.0187, 0.12784, 0.32605, 0.19666, 0.0891, 0.20871, 0.22504, 0.11008, 0.10732],[],[],36,0
2.5,145,[0.03966, 0.0959, 0.00752, 0.02179, 0.1162, 0.02461, 0.12369, 0.00518, 0.0108, 0.18795, 0.1039, 0.09163, 0.04657, 0.02845, 0.09169, 0.05547, 0.01363, 0.0732, 0.06989, 0.07361, 0.1637, 0.1785, 0.00793, 0.02416, 0.15738, 0.20313, 0.07897],[],[],27,0
2.5,146,[0.03267, 0.003, 0.10667, 0.04898, 0.09782, 0.03997, 0.01065, 0.04623, 0.08241, 0.02514, 0.08142, 0.14132, 0.00269, 0.04981, 0.00339, 0.08682, 0.13575, 0.07153, 0.02877, 0.04684, 0.05469, 0.01826, 0.07334, 0.211, 0.0561, 0.10488, 0.03062, 0.05785, 0.2389, 0.15685, 0.22388, 0.03155, 0.16553, 0.028],[],[],34,0
2.5,147,[0.00852, 0.002, 0.00489, 0.0065, 0.04061, 0.05191, 0.04336, 0.00924],[],[],8,0
2.5,148,[0.02217, 0.02698, 0.08198, 0.04189, 0.00204, 0.02347, 0.06533, 0.05062, 0.03032, 0.03868, 0.10133, 0.00292, 0.17193, 0.00611, 0.18376, 0.00675, 0.08484, 0.0068, 0.17058, 0.01723, 0.11206, 0.15809, 0.07785, 0.00745, 0.1382, 0.15365, 0.00835, 0.28027, 0.15161, 0.00421, 0.01693, 0.2836, 0.03631, 0.20449, 0.00912, 0.09861, 0.00478, 0.13199, 0.09915, 0.15444, 0.23052, 0.06539, 0.13083],[],[],43,0
2.5,149,[0.00471, 0.06286, 0.04953, 0.08994, 0.04731, 0.00206, 0.08336, 0.10685, 0.07881, 0.00249, 0.00749, 0.00787, 0.11501, 0.09709, 0.00911, 0.07071, 0.01584, 0.00321, 0.21755, 0.00689, 0.06292, 0.00351, 0.02464, 0.14885],[],[],24,0
2.5,150,[0.00232, 0.02219, 0.01017, 0.00378, 0.00163, 0.0072, 0.02347, 0.0938, 0.0646, 0.00468, 0.01717, 0.10092, 0.06407, 0.00242, 0.01758, 0.1011, 0.11155, 0.06821, 0.01614, 0.13323, 0.1124, 0.10404, 0.0106, 0.08861, 0.06677, 0.25212, 0.00397],[],[],27,0
2.5,151,[0.02825, 0.03243, 0.01153, 0.00144, 0.03377, 0.02529, 0.01134, 0.09644, 0.04447, 0.02487, 0.02027, 0.01902, 0.03387],[],[],13,0
2.5,152,[0.01737, 0.00204, 0.00134, 0.01076, 0.05432, 0.05784, 0.12229, 0.09559, 0.00245, 0.00878, 0.09106, 0.01484, 0.01868, 0.1377, 0.01736, 0.00369, 0.04116, 0.17992, 0.06382, 0.00381, 0.01145, 0.07351, 0.07907, 0.15089, 0.19007, 0.00426, 0.00428, 0.12944, 0.02179, 0.01311, 0.20187, 0.03081, 0.17222, 0.19909, 0.07562],[],[],35,0
2.5,153,[0.00948, 0.01243, 0.00168, 0.04398, 0.04895, 0.02078, 0.06125, 0.00924, 0.0633, 0.01193, 0.06423, 0.10362, 0.01648, 0.09024, 0.05909, 0.02049, 0.00918, 0.04136, 0.04507],[],[],19,0
2.5,154,[0.04796, 0.00774, 0.0109, 0.00674, 0.00197, 0.0608, 0.00232, 0.13687, 0.00978, 0.01638, 0.1261, 0.07827, 0.03647, 0.12479, 0.0338, 0.23009, 0.15497, 0.20154, 0.0039, 0.004, 0.08452, 0.17107, 0.10859, 0.17504, 0.02574, 0.12944, 0.09202, 0.02198],[],[],28,0
2.5,155,[0.00975, 0.08188, 0.01454, 0.14565, 0.01118, 0.0554, 0.03291, 0.01312, 0.1121, 0.05079, 0.12712, 0.12115, 0.00306, 0.12906, 0.12692, 0.13362, 0.15363, 0.16683, 0.04935, 0.21367, 0.20433, 0.05586, 0.00384, 0.03878, 0.03148, 0.153, 0.15308, 0.21339, 0.02103, 0.13192],[],[],30,0
2.5,156,[0.01061, 0.03513, 0.02844, 0.08275, 0.08694, 0.00229, 0.10174, 0.05981, 0.00251, 0.00258, 0.00554, 0.00582, 0.00301, 0.14725, 0.10419, 0.07625, 0.14553, 0.14979, 0.2409, 0.06072, 0.19753, 0.00392, 0.00397],[],[],23,0
2.5,157,[0.01618, 0.04035, 0.02344, 0.08695, 0.00953, 0.13274, 0.06853, 0.17236, 0.01326, 0.11946, 0.01127, 0.01225, 0.01534, 0.05486, 0.02322, 0.13932, 0.20395, 0.01033, 0.12063, 0.01395, 0.00353, 0.08856, 0.17275, 0.04096, 0.08817, 0.11405, 0.01282, 0.13726, 0.16473, 0.09616, 0.09167, 0.23417, 0.11193, 0.0568, 0.03321],[],[],35,0
2.5,158,[0.0004, 0.00142, 0.00086, 0.01179, 0.10519, 0.06862, 0.0443, 0.02699, 0.03035, 0.04708, 0.06613, 0.17096, 0.01014, 0.05032, 0.01084, 0.06239, 0.06374, 0.06811, 0.14815, 0.04179, 0.17601, 0.16064, 0.01203, 0.00432, 0.10846, 0.14361, 0.27307, 0.02487, 0.0352, 0.03585, 0.10288],[],[],31,0
2.5,159,[0.00136, 0.05559, 0.00469, 0.00649, 0.00826, 0.07823, 0.00177, 0.00181, 0.02278, 0.08489, 0.02096, 0.00924, 0.01363, 0.00345, 0.0139, 0.01047, 0.2207, 0.01882, 0.10536, 0.20568, 0.11573, 0.05063, 0.09456, 0.01295, 0.01741, 0.20321, 0.19607, 0.15931, 0.05165, 0.20586, 0.00968, 0.02451, 0.0099, 0.01003, 0.11952, 0.02607, 0.03206, 0.0328, 0.0497, 0.03871, 0.01705, 0.00578, 0.04066],[],[],43,0
2.5,160,[0.03888, 0.03516, 0.02826, 0.04824, 0.06567, 0.01393, 0.00221, 0.02882, 0.06559, 0.05258, 0.06108, 0.10204, 0.0152, 0.08828, 0.06252, 0.00319, 0.00989, 0.07114, 0.0034, 0.01401],[],[],20,0
2.5,161,[0.01371, 0.00257, 0.03088, 0.0409, 0.03621, 0.0747, 0.01036, 0.09114, 0.00425, 0.00507, 0.12738, 0.10254, 0.16389, 0.16193, 0.08106, 0.14374, 0.01072, 0.00365, 0.16881, 0.01486, 0.05269, 0.00377, 0.01537, 0.07357, 0.09249, 0.00404, 0.0859, 0.09004, 0.01246, 0.00423, 0.01701, 0.16611, 0.15102, 0.2927, 0.15327, 0.08805, 0.25719, 0.06232],[],[],38,0
2.5,162,[0.04919, 0.00091, 0.00398, 0.05356, 0.09389, 0.00217, 0.02188, 0.09738, 0.14102, 0.11236, 0.00567, 0.10458, 0.09885, 0.06146, 0.05411, 0.11152, 0.00618, 0.11522, 0.18309, 0.07143, 0.16357, 0.00372, 0.01509, 0.17422, 0.01142, 0.00381, 0.01149, 0.06722, 0.012, 0.0543, 0.00863, 0.25999, 0.0549, 0.02328, 0.0191, 0.27517, 0.11265, 0.2524, 0.15872, 0.00999, 0.03529, 0.02535, 0.14889, 0.1088, 0.02614, 0.05263, 0.01066],[],[],47,0
2.5,163,[0.07983, 0.02485, 0.03953, 0.01025, 0.07336, 0.07983, 0.06878, 0.11302, 0.05521, 0.18569, 0.16178, 0.01569, 0.03282, 0.09288, 0.08704, 0.1489, 0.1858, 0.01122, 0.03021],[],[],19,0
2.5,164,[0.00126, 0.0044, 0.0032, 0.04427, 0.01992, 0.0671, 0.0971, 0.04798, 0.07798, 0.00591, 0.003, 0.04565, 0.00339, 0.20043, 0.03206, 0.00357, 0.00377, 0.17253, 0.16617, 0.07752, 0.01228, 0.21315, 0.0981, 0.00433, 0.07768, 0.01381, 0.00923],[],[],27,0
2.5,165,[0.01594, 0.04371, 0.02934, 0.03836, 0.03843, 0.04766, 0.03836, 0.00878, 0.059, 0.03064, 0.1265, 0.0816, 0.09473, 0.10589, 0.08169, 0.20514, 0.1514, 0.07173, 0.0034, 0.14374, 0.07815, 0.05009, 0.09703, 0.00367, 0.0147],[],[],25,0
2.5,166,[0.02005, 0.04971, 0.01117, 0.06787, 0.08559, 0.09331, 0.01588, 0.1047, 0.06017, 0.03356, 0.01727, 0.04455, 0.09112, 0.09212, 0.10945, 0.02579, 0.18174, 0.17547, 0.00819, 0.01301, 0.03085, 0.06709, 0.00922, 0.24474, 0.0294, 0.03027, 0.0153, 0.02082, 0.02607, 0.02095, 0.0535, 0.03764, 0.36482, 0.00554, 0.04997, 0.01676],[],[],36,0
2.5,167,[0.00174, 0.00117, 0.05174, 0.05111, 0.01145, 0.01022, 0.07991, 0.02964, 0.0023, 0.07383, 0.06027, 0.06523, 0.00261, 0.13067, 0.05511, 0.01833, 0.20843, 0.00645, 0.01374, 0.02147, 0.08712, 0.23478, 0.22897, 0.01541, 0.20528, 0.13233, 0.05737, 0.04571, 0.07482, 0.09188, 0.18422, 0.02121, 0.02122, 0.17939, 0.01754, 0.00448, 0.0137, 0.01402, 0.23082, 0.02377],[],[],40,0
2.5,168,[0.02829, 0.0133, 0.02239, 0.06644, 0.01005, 0.00154, 0.03104],[],[],7,0
2.5,169,[0.05895, 0.00394, 0.07193, 0.02606, 0.0768, 0.09617, 0.00933, 0.004, 0.02445, 0.01703, 0.02219, 0.01756, 0.12934, 0.00921, 0.14845, 0.00326, 0.12782, 0.07426, 0.01366, 0.00687, 0.01412, 0.13845, 0.00764, 0.01151, 0.05227, 0.09172, 0.22497, 0.00428, 0.00454, 0.03184, 0.09457, 0.13782, 0.12616, 0.33678, 0.00515, 0.15689, 0.05607, 0.02283, 0.28119, 0.14223, 0.01194, 0.00607, 0.08037, 0.23848, 0.36417, 0.09647, 0.33708, 0.0716, 0.20943, 0.07926, 0.37741, 0.07469, 0.12406, 0.30476, 0.23727],[],[],55,0
2.5,170,[0.01904, 0.03077, 0.04629, 0.00681, 0.0368, 0.04846, 0.05224, 0.00219, 0.13989, 0.07637, 0.04312],[],[],11,0
2.5,171,[0.0041, 0.00131, 0.01527, 0.07263, 0.07821, 0.10178, 0.08419, 0.06579, 0.13168, 0.03741, 0.22611, 0.16224, 0.11895, 0.13296, 0.18283, 0.0141, 0.0073, 0.05153, 0.23628, 0.09137, 0.00418, 0.00876, 0.16318, 0.00455, 0.19664, 0.01405, 0.09018, 0.20481, 0.22666, 0.01601, 0.11348, 0.02712],[],[],32,0
2.5,172,[0.00051, 0.03786, 0.02136, 0.00427, 0.00698, 0.03498, 0.01134, 0.03074, 0.00784, 0.00885, 0.1162, 0.10462, 0.13294, 0.02334, 0.13332, 0.09869, 0.09995, 0.00379, 0.01162, 0.01212, 0.02068, 0.24246],[],[],22,0
2.5,173,[0.00193, 0.07442, 0.07097, 0.07233, 0.1414, 0.16206, 0.09088, 0.13065, 0.15539, 0.07139, 0.06911, 0.0729, 0.15157, 0.00357, 0.0621, 0.01472, 0.00383, 0.00391, 0.06692, 0.15172, 0.11773, 0.03062, 0.00444, 0.18491, 0.03252, 0.1459, 0.08975, 0.08123, 0.23332, 0.00976, 0.00492, 0.28999, 0.23338, 0.0631, 0.00537, 0.19939, 0.24946, 0.00564, 0.09626, 0.32343, 0.25675, 0.12583, 0.07029, 0.25361, 0.15101, 0.41693, 0.40087],[],[],47,0
2.5,174,[0.04799, 0.05514, 0.04455, 0.00551, 0.02401, 0.05284, 0.00196, 0.02576, 0.03657, 0.00789, 0.00316, 0.00324, 0.03252, 0.01399, 0.02588],[],[],15,0
2.5,175,[0.00644, 0.01595, 0.01628, 0.00521, 0.03253, 0.00565, 0.02854, 0.01204, 0.15778, 0.0134, 0.04047, 0.11696, 0.00311, 0.0307, 0.04265, 0.18979, 0.21032, 0.03721, 0.14569, 0.0452, 0.00413, 0.04686, 0.19795, 0.00445, 0.14364, 0.01821, 0.02796, 0.19328, 0.14519, 0.02461, 0.10411, 0.22515, 0.0859],[],[],33,0
2.5,176,[0.03927, 0.06715, 0.01808, 0.00967, 0.04671, 0.06661, 0.01179, 0.05041, 0.00955, 0.00795, 0.12044, 0.00998, 0.03758, 0.05066, 0.08672, 0.1386, 0.00626],[],[],17,0
2.5,177,[0.05597, 0.0382, 0.02207, 0.03112, 0.01703, 0.0069, 0.0023, 0.07748, 0.04321, 0.13724, 0.16869, 0.19219, 0.13338, 0.09864, 0.06477, 0.16548, 0.18505, 0.03636, 0.07311, 0.14337, 0.08226, 0.01213, 0.10469, 0.00845, 0.07208, 0.24296, 0.10321, 0.17433, 0.0377],[],[],29,0
2.5,178,[0.02604, 0.03487, 0.00238, 0.00462, 0.03649, 0.06803, 0.0612, 0.04525, 0.04362, 0.04997, 0.00897, 0.01235, 0.0849, 0.05811, 0.02085, 0.09215, 0.16162, 0.14738, 0.02172, 0.00436, 0.03591, 0.00462, 0.05103],[],[],23,0
2.5,179,[0.02099, 0.02273, 0.01694, 0.04836, 0.00145, 0.07501, 0.01014, 0.0339, 0.09707, 0.04729, 0.15215, 0.01674, 0.07766, 0.15953, 0.01119, 0.12017, 0.23165, 0.06029, 0.02238, 0.01466],[],[],20,0
2.5,180,[0.02795, 0.02478, 0.00597, 0.03151, 0.03561, 0.10696, 0.05448, 0.02864, 0.00224, 0.05941, 0.09059, 0.15769, 0.06872, 0.10554, 0.17746, 0.02964, 0.21125, 0.05971, 0.12305, 0.02775, 0.00706],[],[],21,0
2.5,181,[0.03815, 0.04655, 0.013, 0.03132, 0.01122, 0.01096, 0.08301, 0.002, 0.03299, 0.17423, 0.0622, 0.13405, 0.07317, 0.19927, 0.00345, 0.10995, 0.02241, 0.23037, 0.06433, 0.01538, 0.01561, 0.00416, 0.2271, 0.02636, 0.02691, 0.08077, 0.04986, 0.25187, 0.06526, 0.17836, 0.11459, 0.15778, 0.22986, 0.09155, 0.11604, 0.20477, 0.0196, 0.24171, 0.25307, 0.19899, 0.22054, 0.04618, 0.0053, 0.22389, 0.18685],[],[],45,0
2.5,182,[0.03148, 0.02137, 0.05221, 0.12446, 0.10593, 0.02186, 0.05471, 0.01888, 0.11464, 0.01952],[],[],10,0
2.5,183,[0.04561, 0.01995, 0.02504, 0.00387, 0.03751, 0.00189, 0.11988, 0.00939, 0.00264, 0.11208, 0.04102, 0.0538, 0.01272, 0.00659, 0.02657, 0.16357, 0.00352, 0.17152, 0.24331, 0.1388, 0.15401, 0.04464, 0.20639, 0.03052, 0.0965, 0.01294, 0.02231, 0.00909, 0.04592, 0.03831],[],[],30,0
2.5,184,[0.01637, 0.00074, 0.07065, 0.06058, 0.07452, 0.0095, 0.05805, 0.05418, 0.02862, 0.03067, 0.00626, 0.02637, 0.16889, 0.08861, 0.0733, 0.00374, 0.10971, 0.26441, 0.19333, 0.00412, 0.10139, 0.00855],[],[],22,0
2.5,185,[0.03296, 0.00105, 0.02593, 0.01303, 0.05568, 0.00651, 0.01442, 0.0126, 0.06937, 0.13377, 0.08561, 0.1731, 0.10653, 0.01699, 0.05509, 0.07132, 0.17102, 0.03149, 0.00658, 0.00659],[],[],20,0
2.5,186,[0.05451, 0.01408, 0.00553, 0.00468, 0.01843, 0.02444, 0.10638, 0.01993, 0.00264, 0.03368, 0.15155, 0.03753, 0.12916, 0.23501, 0.16176, 0.00371, 0.1424, 0.02736, 0.19284, 0.20992, 0.03277, 0.09037, 0.05382],[],[],23,0
2.5,187,[0.04045, 0.01292, 0.00729, 0.02064, 0.10693, 0.14089, 0.11031, 0.05906, 0.01021, 0.0348, 0.12903, 0.0205, 0.00884, 0.04126],[],[],14,0
2.5,188,[0.00436, 0.02182, 0.05738, 0.05959, 0.07974, 0.06833, 0.06793, 0.0741, 0.06863, 0.06838, 0.00736, 0.00247, 0.11416, 0.08572, 0.00261, 0.16877, 0.01652, 0.12004],[],[],18,0
2.5,189,[0.01779, 0.00939, 0.02732, 0.00211, 0.06467, 0.0089, 0.08239, 0.12807, 0.07092, 0.02093, 0.00226, 0.00269, 0.15933, 0.05601, 0.02692, 0.11961, 0.10373, 0.10917, 0.00773, 0.031],[],[],20,0
2.5,190,[0.02457, 0.03602, 0.07048, 0.06278, 0.01572, 0.00543, 0.01119, 0.06874, 0.07537, 0.05705, 0.10508, 0.11708, 0.01752, 0.04575, 0.03152, 0.01591, 0.01973, 0.00334, 0.00339, 0.03514, 0.09369, 0.02207, 0.19891, 0.09439, 0.01809, 0.07925, 0.24926, 0.07063, 0.00491, 0.2112, 0.06033],[],[],31,0
2.5,191,[0.0083, 0.05131, 0.07239, 0.02006, 0.00623, 0.00964, 0.09113, 0.01104, 0.01484, 0.00963, 0.00346, 0.02797, 0.21865, 0.01899, 0.10871, 0.01956, 0.2002, 0.01622, 0.04504, 0.01661, 0.11235, 0.00838, 0.00438, 0.00878, 0.15229, 0.0045, 0.09967, 0.02719, 0.02302, 0.02765, 0.20068, 0.2102, 0.20307, 0.05703, 0.00486, 0.01508, 0.01516, 0.02083, 0.00529, 0.12653, 0.05046, 0.02824],[],[],42,0
2.5,192,[0.01475, 0.00403, 0.02142, 0.14104, 0.00272, 0.17812, 0.02471, 0.07338, 0.06715, 0.00352, 0.15015, 0.14094, 0.04484, 0.06756, 0.13908, 0.00391, 0.22294, 0.03526, 0.05263, 0.03688, 0.01259, 0.09687, 0.10168, 0.06456, 0.01759, 0.04071, 0.13598, 0.06361, 0.06506, 0.06177, 0.00491, 0.02566, 0.01561],[],[],33,0
2.5,193,[0.05156, 0.00297, 0.06706, 0.03663, 0.00612, 0.04122, 0.12048, 0.12346, 0.00435, 0.04682, 0.05062, 0.08363, 0.07194, 0.17062, 0.01158, 0.19597, 0.07619, 0.07924, 0.02683, 0.00357, 0.04145, 0.24429, 0.10209, 0.09903, 0.07961, 0.1395, 0.21666, 0.22091, 0.21274, 0.06752, 0.16281, 0.03624, 0.09234, 0.00951, 0.24744],[],[],35,0
2.5,194,[0.03626, 0.07534, 0.00286, 0.00164, 0.00196, 0.00207, 0.0633, 0.02578, 0.05686, 0.10848, 0.02898, 0.02061, 0.0734, 0.04519, 0.09289, 0.17561, 0.024, 0.00403, 0.03698, 0.0878, 0.24229, 0.0094],[],[],22,0
2.5,195,[0.00401, 0.01954, 0.06503, 0.01484, 0.00374, 0.00189, 0.09301, 0.09702, 0.1224, 0.10502, 0.00249, 0.06048, 0.00278, 0.00301, 0.06251, 0.01308, 0.01313, 0.15356, 0.03966, 0.00369, 0.01107, 0.15057],[],[],22,0
2.5,196,[0.03978, 0.0408, 0.01263, 0.07798, 0.00585, 0.00163, 0.07804, 0.07729, 0.00386, 0.02094, 0.00419, 0.01526, 0.05151, 0.00794, 0.04333, 0.14702, 0.03211, 0.05823, 0.02387],[],[],19,0
2.5,197,[0.0003, 0.08983, 0.03421, 0.01653, 0.00465, 0.10559, 0.09492, 0.01335, 0.05685, 0.14439, 0.13584, 0.02564, 0.00326, 0.03913, 0.08711, 0.07409, 0.01064, 0.1325, 0.0036, 0.01117, 0.10697, 0.18469, 0.12637, 0.01375, 0.08759, 0.07872],[],[],26,0
2.5,198,[0.00872, 0.01218, 0.04448, 0.05702, 0.05002, 0.043, 0.03982, 0.11642, 0.04379, 0.06069, 0.09431, 0.09045],[],[],12,0
2.5,199,[0.00898, 0.05548, 0.05708, 0.02339, 0.08233, 0.0674, 0.05884, 0.00511, 0.04937, 0.01663, 0.13241, 0.07101, 0.01217, 0.21392, 0.01617, 0.08381, 0.01482, 0.24121, 0.23061, 0.12753, 0.20311, 0.02413, 0.17777, 0.02436, 0.17446, 0.07685, 0.09687, 0.01324, 0.00448, 0.06342, 0.02288, 0.03228, 0.22826, 0.05215, 0.26315, 0.13484, 0.24575, 0.27384, 0.15918, 0.01594, 0.01073, 0.0705],[],[],42,0

