2.5,0,[0.00099, 0.04948, 0.0239, 0.02922, 0.02584, 0.12005, 0.00978, 0.07709, 0.02282, 0.06487, 0.13577, 0.01477, 0.0358, 0.00319, 0.15738, 0.05904, 0.05653, 0.03238, 0.22843, 0.0414, 0.16755, 0.00814, 0.02084, 0.06322, 0.07214, 0.00866, 0.22591, 0.28734, 0.02618, 0.00449, 0.19261, 0.29122, 0.08533, 0.15476, 0.09222, 0.32342, 0.32056, 0.11211, 0.03591],[],[],39,0
2.5,1,[0.00443, 0.00281, 0.02101, 0.00574, 0.12955, 0.12929, 0.0976, 0.01071, 0.03838, 0.00275, 0.00848, 0.02852, 0.01158, 0.03878, 0.01584, 0.00999, 0.10612, 0.00755, 0.17384, 0.00419, 0.07189, 0.15745, 0.31015, 0.26797, 0.09409, 0.1744, 0.06614, 0.03079, 0.23452, 0.09402, 0.01695],[],[],31,0
2.5,2,[0.01747, 0.01095, 0.00096, 0.00892, 0.0027, 0.08713, 0.02682, 0.00183, 0.01879, 0.01787, 0.0428, 0.05297, 0.08596, 0.0025, 0.00518, 0.0107, 0.03155, 0.00576, 0.11983, 0.00945, 0.07142, 0.06752, 0.06767, 0.19115, 0.01644, 0.00837, 0.05133, 0.1089, 0.00444, 0.06778, 0.17736, 0.15512, 0.04764, 0.25301, 0.29512, 0.0588, 0.02146, 0.03819],[],[],38,0
2.5,3,[0.01029, 0.01939, 0.00317, 0.01531, 0.0792, 0.08797, 0.01262, 0.02805, 0.04754, 0.10832, 0.06412, 0.00324, 0.00676, 0.01773],[],[],14,0
2.5,4,[0.00086, 0.05093, 0.00154, 0.00795, 0.00325, 0.08077, 0.01583, 0.01046, 0.00231, 0.14003, 0.05369, 0.00256, 0.0248, 0.18236, 0.04853, 0.12726, 0.04904, 0.05017, 0.15848, 0.11469, 0.13811, 0.06149, 0.08993, 0.04344, 0.2813, 0.13446, 0.063, 0.28086, 0.02823, 0.0668, 0.09236, 0.24857, 0.01497, 0.06524, 0.08258, 0.05746, 0.23199, 0.00543, 0.2464, 0.02262, 0.07378, 0.04573, 0.046],[],[],43,0
2.5,5,[0.00598, 0.01385, 0.03615, 0.04098, 0.00623, 0.00474, 0.11422, 0.15458, 0.03775, 0.09915, 0.003, 0.06818, 0.0033, 0.00345, 0.08986, 0.03458, 0.18674, 0.12284, 0.18552, 0.01192, 0.01332],[],[],21,0
2.5,6,[0.01545, 0.02268, 0.03378, 0.0065, 0.0085, 0.03713, 0.0163, 0.04298, 0.00236, 0.06143, 0.15065, 0.12498, 0.15766, 0.10258, 0.02443, 0.01978, 0.0815, 0.19935, 0.01613, 0.06892, 0.19803, 0.01086, 0.22394, 0.16399, 0.03786, 0.12119, 0.07635, 0.17185, 0.23627, 0.0123, 0.00429, 0.02201],[],[],32,0
2.5,7,[0.0011, 0.00548, 0.07422, 0.00656, 0.20675, 0.0034, 0.13749, 0.1191, 0.24856, 0.04146, 0.00928, 0.00939, 0.00477, 0.13822, 0.0986, 0.2261, 0.28998, 0.17695, 0.06152, 0.20797, 0.29267, 0.2712, 0.36836, 0.11164, 0.0061, 0.00656, 0.0841, 0.09128, 0.04274, 0.02149, 0.00761, 0.0153, 0.47902, 0.28116, 0.51634, 0.01617, 0.00837, 0.11824, 0.3893, 0.47472, 0.10278, 0.06],[],[],42,0
2.5,8,[0.02183, 0.04566, 0.01669, 0.00745, 0.10346, 0.00444, 0.12279, 0.05355, 0.10565, 0.09995, 0.01432, 0.08462, 0.00292, 0.00296, 0.03657, 0.05184, 0.10739, 0.07135, 0.00733, 0.13269, 0.0327, 0.06279, 0.00431, 0.00439, 0.00442, 0.19188, 0.04139, 0.00471, 0.00472, 0.27515, 0.03039],[],[],31,0
2.5,9,[0.00036, 0.05413, 0.01543, 0.02001, 0.09504, 0.00161, 0.04913, 0.08258, 0.10762, 0.01625, 0.01019, 0.03024, 0.00965],[],[],13,0
2.5,10,[0.01823, 0.01148, 0.00527, 0.0092, 0.03593, 0.07804, 0.07654, 0.0524, 0.0045, 0.03484, 0.07562, 0.10868, 0.0323, 0.01092, 0.18655, 0.08403, 0.01905, 0.00322, 0.02299],[],[],19,0
2.5,11,[0.00644, 0.04468, 0.0036, 0.00367, 0.00235, 0.08277, 0.08706, 0.03699, 0.08991, 0.03304, 0.01667, 0.08765, 0.04199, 0.11601, 0.01173, 0.00303, 0.01542, 0.0031, 0.07773, 0.03856, 0.06554, 0.02298, 0.15147, 0.13898, 0.08446, 0.02368, 0.19544, 0.22593, 0.16781, 0.01178, 0.21108, 0.04986, 0.02573, 0.02162, 0.22571, 0.02292],[],[],36,0
2.5,12,[0.02201, 0.01213, 0.00661, 0.00138, 0.07976, 0.04467, 0.00374, 0.06229, 0.10533, 0.00212, 0.00222, 0.00739, 0.07943, 0.00277, 0.03058, 0.06028, 0.06847, 0.14356, 0.02059, 0.00358, 0.04382, 0.04477, 0.07101, 0.00382, 0.01601, 0.02029, 0.0534, 0.09393, 0.15846, 0.05004, 0.00914, 0.26577, 0.00491, 0.31009, 0.05118, 0.03099, 0.0163],[],[],37,0
2.5,13,[0.01191, 0.02646, 0.00183, 0.06484, 0.06267, 0.0305, 0.00567, 0.09928, 0.00586, 0.00201, 0.00201, 0.00659, 0.00232, 0.17213, 0.02977, 0.18299, 0.01907, 0.00322, 0.1582, 0.02615, 0.03604],[],[],21,0
2.5,14,[0.01319, 0.02978, 0.00751, 0.00638, 0.09358, 0.02309, 0.00257, 0.00284, 0.00288, 0.00883, 0.06531, 0.18819, 0.0247, 0.19912, 0.18665, 0.01958, 0.23473, 0.02999, 0.03025, 0.04362, 0.25913, 0.00897, 0.00451, 0.04094],[],[],24,0
2.5,15,[0.00711, 0.00353, 0.08503, 0.02663, 0.01315, 0.01363, 0.03786, 0.02507, 0.04536, 0.0132, 0.0654, 0.16009, 0.07636, 0.19321, 0.0984, 0.16921, 0.04596, 0.04282, 0.00357, 0.18716, 0.20608, 0.01118, 0.07908, 0.23526, 0.17012, 0.06212, 0.04418, 0.01726, 0.11663, 0.17582, 0.00456, 0.11917],[],[],32,0
2.5,16,[0.00124, 0.09424, 0.02862, 0.10878, 0.01561, 0.0518, 0.12987, 0.01061, 0.00554, 0.15575, 0.10758, 0.05854, 0.00323, 0.21416, 0.10741, 0.14756, 0.0742, 0.09098, 0.20154, 0.01602, 0.06021, 0.22107, 0.24157, 0.16529, 0.06275, 0.00464, 0.1021, 0.14917, 0.10269, 0.00473, 0.00477, 0.11997, 0.00501, 0.00519, 0.11623, 0.34021, 0.06934, 0.12471, 0.0977],[],[],39,0
2.5,17,[0.00021, 0.01192, 0.03535, 0.02415, 0.02441, 0.0013, 0.06414, 0.12499, 0.04812, 0.08242, 0.04296, 0.14094, 0.06695, 0.13739, 0.05751, 0.15928, 0.01561, 0.03999, 0.18833, 0.06107, 0.16443, 0.00443, 0.0311, 0.10819, 0.0454],[],[],25,0
2.5,18,[0.00033, 0.00098, 0.01504, 0.03554, 0.04364, 0.01307, 0.00139, 0.01026, 0.01861, 0.02948, 0.04598, 0.00302, 0.13425, 0.01987, 0.04367, 0.14105, 0.08849, 0.01223, 0.13187],[],[],19,0
2.5,19,[0.01404, 0.00425, 0.01361, 0.00238, 0.12628, 0.14374, 0.03965, 0.0872, 0.10484, 0.00288, 0.03527, 0.00296, 0.00894, 0.05844, 0.17763, 0.1714, 0.1974, 0.00637, 0.02328, 0.07392, 0.02727, 0.00364, 0.18321, 0.01144, 0.09487],[],[],25,0
2.5,20,[0.01401, 0.00177, 0.07367, 0.00389, 0.00609, 0.03552, 0.00721, 0.01417, 0.00328, 0.03082, 0.01756, 0.00374, 0.11987, 0.06702, 0.01764, 0.1566, 0.0045, 0.01423, 0.33129, 0.0053, 0.02137, 0.04278, 0.01088, 0.00545, 0.0436, 0.05311],[],[],26,0
2.5,21,[0.01978, 0.03388, 0.00166, 0.00168, 0.01762, 0.10206, 0.16816, 0.01385, 0.07499, 0.11222, 0.00305, 0.05198, 0.00935, 0.07832, 0.17343, 0.17597, 0.23739, 0.00956, 0.10133, 0.05352, 0.07906, 0.01987, 0.04002, 0.09209],[],[],24,0
2.5,22,[0.00075, 0.00146, 0.1059, 0.05532, 0.01895, 0.01799, 0.04401, 0.03246, 0.065, 0.13216, 0.02639, 0.01606, 0.1037, 0.08816, 0.03462, 0.18789, 0.06758, 0.15094, 0.08743, 0.08614, 0.00799, 0.00401, 0.04471, 0.01657, 0.14351, 0.08652, 0.10384, 0.03503, 0.14786, 0.00495, 0.00497, 0.31797, 0.03979],[],[],33,0
2.5,23,[0.00543, 0.0887, 0.01442, 0.05912, 0.01689, 0.00208, 0.09346, 0.01464, 0.03025],[],[],9,0
2.5,24,[0.00426, 0.00713, 0.00458, 0.05003, 0.01684, 0.0569, 0.00191, 0.03956, 0.12691, 0.02007, 0.00261, 0.011, 0.05223, 0.0473, 0.04982, 0.12383, 0.22913, 0.07747, 0.16043, 0.01364, 0.02851, 0.04363, 0.00495, 0.03477, 0.00994, 0.00499, 0.27694, 0.33107, 0.01566, 0.21983, 0.27502, 0.31432, 0.22788, 0.21758, 0.02292, 0.12128, 0.00583, 0.29046, 0.02996, 0.00608, 0.12355, 0.35211],[],[],42,0
2.5,25,[0.00322, 0.01625, 0.01645, 0.00076, 0.04425, 0.07819, 0.00183, 0.01509, 0.05512, 0.0432, 0.01829, 0.00461, 0.00934, 0.05125, 0.15877, 0.00286, 0.10667, 0.01155, 0.00612, 0.04305, 0.0601, 0.0383, 0.13804, 0.1257, 0.08224, 0.04661, 0.05563, 0.01116, 0.0149, 0.1742, 0.00767, 0.15367, 0.07866, 0.25679, 0.28588, 0.03097, 0.06649, 0.02737, 0.15943, 0.01901, 0.05824, 0.23005, 0.01506],[],[],43,0
2.5,26,[0.04106, 0.02352, 0.00396, 0.05857, 0.06725, 0.01465, 0.16154, 0.00322, 0.01935, 0.09156, 0.06108, 0.00681, 0.09258, 0.22594, 0.00391, 0.13462, 0.00801, 0.09762, 0.01228, 0.16765, 0.27718, 0.23779, 0.15852, 0.2666, 0.09654, 0.01452, 0.09398, 0.06003, 0.24648, 0.09117, 0.05136, 0.31999, 0.05167, 0.01039, 0.01041, 0.10529, 0.29809, 0.10441, 0.14295, 0.191, 0.11906, 0.08517, 0.35011, 0.133, 0.27633, 0.26186, 0.0299, 0.05985, 0.05394, 0.15644, 0.33245, 0.07979],[],[],52,0
2.5,27,[0.00115, 0.00235, 0.00192, 0.064, 0.24482, 0.1137, 0.16502, 0.14075, 0.24333, 0.0044, 0.11148, 0.25388, 0.15907, 0.22447, 0.00532, 0.35213, 0.29963, 0.08163, 0.01176, 0.28606, 0.0299, 0.2351, 0.0065, 0.05381, 0.01348, 0.02716, 0.25617, 0.00736, 0.00742, 0.46532, 0.1431, 0.00775, 0.10917, 0.50103, 0.10499, 0.01628, 0.4559, 0.01635, 0.01686, 0.06749, 0.39039, 0.10316, 0.02582, 0.25137, 0.07962, 0.09822, 0.35866, 0.12851, 0.07425, 0.00944, 0.06632],[],[],51,0
2.5,28,[0.00062, 0.03762, 0.05229, 0.11867, 0.0243, 0.08755, 0.0177, 0.00258, 0.00296, 0.07402, 0.09471, 0.18718, 0.08553, 0.02957, 0.24512, 0.03951, 0.09355, 0.24688, 0.03405],[],[],19,0
2.5,29,[0.04223, 0.00971, 0.03507, 0.02014, 0.00586, 0.0617, 0.03447, 0.00876, 0.00238, 0.13492, 0.1612, 0.03498, 0.17602, 0.00278, 0.03653, 0.02577, 0.14964, 0.12562, 0.0245, 0.19904, 0.1853, 0.13421, 0.21242, 0.11147, 0.10854, 0.05013],[],[],26,0
2.5,30,[0.02559, 0.04902, 0.03425, 0.00213, 0.13701, 0.04135, 0.12272, 0.05555, 0.09816, 0.04153, 0.02237, 0.00988, 0.05609, 0.16387, 0.02121, 0.04259, 0.11608, 0.011, 0.01845, 0.00375, 0.05825, 0.19949, 0.04414, 0.24402, 0.05621, 0.06444, 0.11217, 0.04816, 0.16916, 0.04577, 0.00517, 0.069, 0.0425],[],[],33,0
2.5,31,[0.04361, 0.02888, 0.00974, 0.00334, 0.0172, 0.00402, 0.04959, 0.05116, 0.04987, 0.00479, 0.02463, 0.01701, 0.16466, 0.10713, 0.08805, 0.0622, 0.07398, 0.1208, 0.05529, 0.21086, 0.00742, 0.00747, 0.06369, 0.01135, 0.0153, 0.08859, 0.01167],[],[],27,0
2.5,32,[0.02251, 0.02071, 0.13163, 0.10242, 0.13353, 0.1159, 0.05645, 0.04055, 0.16855, 0.16815, 0.07393, 0.07766, 0.06219, 0.05691, 0.20711, 0.18647, 0.03015, 0.06376, 0.10445, 0.15807, 0.06475, 0.0958, 0.07405],[],[],23,0
2.5,33,[0.03607, 0.06064, 0.10426, 0.01362, 0.03471, 0.06351, 0.0173, 0.01158, 0.00594, 0.19727, 0.0417, 0.04599, 0.08594, 0.12498, 0.0185, 0.06509, 0.02775, 0.08197, 0.09608, 0.25125, 0.01776, 0.04453, 0.22307, 0.02284, 0.05105, 0.06511, 0.02801, 0.08943, 0.00949, 0.24316, 0.02392],[],[],31,0
2.5,34,[0.00235, 0.00163, 0.12052, 0.03318, 0.0215, 0.02849, 0.1583, 0.03363, 0.02071, 0.15696, 0.04419, 0.00839, 0.05399, 0.17105, 0.13495, 0.06556, 0.15744, 0.20009, 0.08478, 0.03653, 0.00334, 0.0179, 0.10036, 0.19538],[],[],24,0
2.5,35,[0.05428, 0.00531, 0.00982, 0.04021, 0.05027, 0.01785, 0.03471, 0.04974, 0.05855, 0.06933, 0.03498, 0.01131, 0.09778, 0.07534, 0.18292, 0.0032, 0.03233, 0.07472, 0.18957, 0.01021],[],[],20,0
2.5,36,[0.00137, 0.00459, 0.02302, 0.01508, 0.09617, 0.00705, 0.04251, 0.02173, 0.07411, 0.02847, 0.0452, 0.08851, 0.03567, 0.00557, 0.0988, 0.00931, 0.16602, 0.0778, 0.01633, 0.17737, 0.08464, 0.00759, 0.00765, 0.0231, 0.00814, 0.00827],[],[],26,0
2.5,37,[0.03094, 0.01377, 0.01598, 0.05224, 0.01257, 0.07492, 0.00617, 0.04959, 0.10101, 0.03793, 0.00253, 0.03507, 0.04596, 0.04096, 0.15215, 0.01014, 0.03488, 0.00349, 0.01757, 0.20917, 0.01552],[],[],21,0
2.5,38,[0.00098, 0.01418, 0.00285, 0.06873, 0.0039, 0.09027, 0.03439, 0.04274, 0.01917, 0.03902, 0.01204, 0.13595, 0.05104],[],[],13,0
2.5,39,[0.00076, 0.0185, 0.00109, 0.07306, 0.08466, 0.02599, 0.04434, 0.12198, 0.06717, 0.00824, 0.08717, 0.05492, 0.12998, 0.13855, 0.15637, 0.04397, 0.06132, 0.10048],[],[],18,0
2.5,40,[0.00157, 0.00494, 0.01508, 0.00519, 0.07329, 0.09118, 0.08548, 0.01906, 0.13345, 0.13588, 0.13156, 0.00822, 0.09733, 0.04627, 0.05865, 0.03631, 0.02643],[],[],17,0
2.5,41,[0.04061, 0.03167, 0.00837, 0.04942, 0.06851, 0.00587, 0.08193, 0.16895, 0.00702, 0.12258, 0.10097, 0.06811, 0.23007, 0.10138, 0.14998, 0.22792, 0.04343, 0.17678, 0.25621, 0.28912, 0.09365, 0.02419, 0.0492, 0.02484, 0.0754, 0.25222, 0.09801, 0.1092, 0.06766, 0.1801, 0.03192, 0.10681, 0.33192, 0.10201, 0.05402, 0.0979, 0.30913, 0.06769, 0.26527, 0.13107, 0.14843, 0.15361, 0.3616, 0.006, 0.33515, 0.00615, 0.07422, 0.14226, 0.27294, 0.05622, 0.20547, 0.41882, 0.35266],[],[],53,0
2.5,42,[0.00309, 0.01835, 0.01196, 0.01691, 0.00282, 0.09485, 0.08521, 0.01592, 0.00252, 0.01334, 0.04157, 0.10184, 0.18519, 0.1141, 0.10611, 0.21614, 0.00352, 0.02162, 0.06609, 0.0039, 0.13504, 0.20644, 0.03416, 0.04349, 0.04377, 0.15869, 0.01798],[],[],27,0
2.5,43,[0.10639, 0.08126, 0.02821, 0.0765, 0.08635, 0.10907, 0.15286, 0.04129, 0.14995, 0.00943, 0.10135, 0.04421, 0.08157, 0.24192, 0.02625, 0.00377, 0.25015, 0.03585, 0.14988, 0.08349, 0.00843, 0.04667, 0.0596, 0.01749, 0.06149, 0.03313, 0.02475, 0.27029, 0.10596, 0.07659, 0.05653, 0.07382, 0.24437, 0.04789],[],[],34,0
2.5,44,[0.04602, 0.01848, 0.00704, 0.08779, 0.01877, 0.0303, 0.00271, 0.011, 0.03457, 0.00578, 0.04178, 0.00668, 0.01362, 0.16407, 0.01772, 0.10719, 0.1957, 0.01951, 0.03602, 0.00426, 0.08851, 0.11194, 0.03498, 0.18307, 0.01047, 0.10522, 0.00535, 0.07545, 0.19323, 0.17334, 0.01695],[],[],31,0
2.5,45,[0.01783, 0.03438, 0.04675, 0.10183, 0.07025, 0.05124, 0.03187, 0.00684, 0.02515, 0.00482, 0.02199, 0.12291, 0.19489, 0.21218, 0.02301, 0.21229, 0.08487, 0.06102, 0.06836, 0.1656, 0.03031, 0.00386],[],[],22,0
2.5,46,[0.07521, 0.00191, 0.10494, 0.0064, 0.12281, 0.09317, 0.09007, 0.0873, 0.08219, 0.03938, 0.01207, 0.00314, 0.06317, 0.09938, 0.22386, 0.12511, 0.00721, 0.07954, 0.00732, 0.04843, 0.01511, 0.02285],[],[],22,0
2.5,47,[0.00852, 0.05046, 0.00223, 0.00115, 0.03221, 0.01975, 0.06725, 0.04203, 0.10011, 0.00657, 0.14212, 0.0047, 0.02457, 0.0689, 0.1545, 0.03116, 0.1815, 0.00858, 0.13722, 0.13031, 0.15952, 0.04998, 0.01005, 0.01066, 0.13256, 0.12186, 0.12376, 0.1899],[],[],28,0
2.5,48,[0.02673, 0.06755, 0.08412, 0.01657, 0.07735, 0.05178, 0.10358, 0.0032, 0.04249, 0.07755, 0.24236, 0.11471, 0.10456, 0.16442, 0.1676, 0.14954, 0.06565, 0.02347, 0.02875, 0.23638, 0.18363, 0.05135, 0.0393],[],[],23,0
2.5,49,[0.06756, 0.00478, 0.01774, 0.01753, 0.00744, 0.11724, 0.04244, 0.01849, 0.09643, 0.00224, 0.02057, 0.02396, 0.01201, 0.14096, 0.01616, 0.05249, 0.04343, 0.10841],[],[],18,0
2.5,50,[0.00764, 0.01463, 0.01975, 0.0112, 0.02781, 0.04218, 0.00401, 0.00247, 0.10696, 0.0928, 0.02237, 0.00613, 0.01951, 0.09957, 0.01384, 0.1194, 0.01118, 0.08553, 0.03785, 0.21616, 0.04261],[],[],21,0
2.5,51,[0.03406, 0.02207, 0.09052, 0.00687, 0.1323, 0.04607, 0.12605, 0.01285, 0.10968, 0.14446, 0.05346, 0.06093, 0.02528, 0.00596, 0.03342, 0.17834, 0.07759, 0.07579, 0.09593, 0.12203, 0.00416, 0.15476, 0.20711, 0.03403, 0.03059, 0.25109, 0.1652, 0.03674, 0.29597, 0.0048, 0.18535, 0.00489, 0.1091, 0.0398, 0.03149, 0.03711, 0.1796, 0.04507, 0.03943, 0.16358, 0.11175, 0.02955, 0.18445, 0.03627],[],[],44,0
2.5,52,[0.02011, 0.03261, 0.01724, 0.04408, 0.04479, 0.09283, 0.02684, 0.01523, 0.04591, 0.05476, 0.01106, 0.07013, 0.10385, 0.10957, 0.06362, 0.02457, 0.17512, 0.01913, 0.00321, 0.00348, 0.15416, 0.01826, 0.01537, 0.15717, 0.03144, 0.25183, 0.18451, 0.01679, 0.06589, 0.05315, 0.00899, 0.00454, 0.30151, 0.07043, 0.09495],[],[],35,0
2.5,53,[0.0028, 0.02534, 0.00783, 0.01992, 0.00477, 0.0584, 0.1192, 0.02888, 0.03921, 0.07345, 0.02394, 0.01711, 0.06697, 0.02847, 0.20896, 0.11506, 0.05029, 0.22999, 0.02261, 0.2082, 0.17621, 0.00428, 0.10355],[],[],23,0
2.5,54,[0.00187, 0.01315, 0.01683, 0.01609, 0.01758, 0.02011, 0.12293, 0.0134, 0.00279, 0.00325, 0.01039, 0.00696, 0.04039, 0.03414, 0.0456, 0.01545, 0.00426, 0.12163, 0.2694, 0.01957, 0.31828, 0.04915, 0.09489, 0.16439, 0.07215, 0.07392, 0.08478, 0.19548, 0.1191, 0.38993, 0.26654, 0.19941, 0.35768, 0.00689, 0.43281, 0.0844, 0.00716, 0.00717, 0.40217, 0.45975, 0.29029, 0.01471, 0.08136, 0.22368, 0.25791, 0.03037, 0.36927, 0.12425, 0.42873, 0.31771, 0.27865, 0.19155, 0.0639],[],[],53,0
2.5,55,[0.00832, 0.00792, 0.01005, 0.07305, 0.02586, 0.04555, 0.03499, 0.03006, 0.04481, 0.13075, 0.04124, 0.0076, 0.10741, 0.25534, 0.22842, 0.13082, 0.00829, 0.0083, 0.00879, 0.0578, 0.01814, 0.03263, 0.02799, 0.02335, 0.05165, 0.13669, 0.05348],[],[],27,0
2.5,56,[0.00554, 0.03508, 0.02308, 0.05447, 0.0015, 0.06098, 0.01689, 0.03217, 0.01205, 0.08051, 0.01352, 0.00276, 0.00293, 0.08518, 0.12972, 0.0096, 0.10689, 0.06948],[],[],18,0
2.5,57,[0.03857, 0.06188, 0.0239, 0.0989, 0.00616, 0.07757, 0.11789, 0.02806, 0.05266, 0.01834, 0.16505, 0.11372, 0.05315, 0.2455, 0.19567, 0.13969, 0.00406, 0.05661, 0.06168, 0.16301, 0.11794, 0.25229, 0.13413, 0.01557, 0.30134, 0.18088, 0.03778, 0.0708, 0.17125, 0.02778],[],[],30,0
2.5,58,[0.01606, 0.00543, 0.01506, 0.0153, 0.13937, 0.1478, 0.03556, 0.01147, 0.06221, 0.15327, 0.06404, 0.19054, 0.17936, 0.14391, 0.13258, 0.09118, 0.20612, 0.06863, 0.01085, 0.00726, 0.10041, 0.03736, 0.00378, 0.12338, 0.01954, 0.2434, 0.10413, 0.03615, 0.04116, 0.20406, 0.11323, 0.18569, 0.28679, 0.08887, 0.01397, 0.07569, 0.12943, 0.09162, 0.01933, 0.0631, 0.04185],[],[],41,0
2.5,59,[0.00058, 0.00415, 0.01686, 0.02942, 0.1001, 0.15862, 0.00316, 0.03797, 0.02249, 0.02348, 0.02708, 0.06877, 0.11989, 0.00402, 0.00844, 0.03018, 0.00866, 0.15941, 0.19346, 0.08665, 0.00502, 0.28041, 0.08403, 0.29095, 0.0322, 0.18762, 0.1191, 0.01137, 0.29335, 0.01729],[],[],30,0
2.5,60,[0.01822, 0.03302, 0.00119, 0.00251, 0.05035, 0.00796, 0.08625, 0.00427, 0.00241, 0.1285, 0.02932, 0.04189, 0.16085, 0.09226, 0.01314, 0.02872, 0.10493, 0.16751, 0.00373, 0.23337, 0.03854, 0.24137, 0.04316, 0.25714, 0.16989, 0.23281, 0.1977, 0.06754, 0.27612, 0.13856, 0.16064],[],[],31,0
2.5,61,[0.01789, 0.07282, 0.00435, 0.05471, 0.12678, 0.01533, 0.01164, 0.05936, 0.00327, 0.13082, 0.05902, 0.09388, 0.0039, 0.25501, 0.09576, 0.10597, 0.00815, 0.00821, 0.24011, 0.07473, 0.04641, 0.1138, 0.03582, 0.04078, 0.01827, 0.02329, 0.02346, 0.00471],[],[],28,0
2.5,62,[0.01387, 0.01048, 0.02249, 0.03293, 0.09646, 0.05979, 0.00195, 0.10824, 0.04504, 0.00239, 0.00257, 0.05437, 0.0727],[],[],13,0
2.5,63,[0.00836, 0.00094, 0.007, 0.0288, 0.00963, 0.06884, 0.02437, 0.0614, 0.0773, 0.02198, 0.00684, 0.06723, 0.08131, 0.09154, 0.13258, 0.03783, 0.05335, 0.05134, 0.21705, 0.14214, 0.01072, 0.20643, 0.01812, 0.00363, 0.00417, 0.0713],[],[],26,0
2.5,64,[0.0002, 0.00127, 0.08148, 0.04404, 0.02575, 0.04247, 0.03841, 0.01513, 0.00203, 0.01181, 0.01447, 0.00484, 0.07435, 0.09885, 0.01752, 0.02634, 0.17622, 0.06353, 0.08642, 0.04329, 0.02668, 0.00339, 0.01705, 0.11282, 0.02559, 0.0966, 0.0488, 0.19904, 0.00802],[],[],29,0
2.5,65,[0.00979, 0.00812, 0.01257, 0.02685, 0.00176, 0.00755, 0.06914, 0.07685, 0.05505, 0.08051, 0.08845, 0.00341, 0.01791, 0.0436, 0.02627, 0.08733, 0.206, 0.07028, 0.07035, 0.03708, 0.18155, 0.08667],[],[],22,0
2.5,66,[0.00385, 0.03968, 0.00368, 0.03293, 0.0292, 0.08146, 0.00258, 0.14319, 0.03347, 0.0168, 0.05768, 0.00306, 0.01265, 0.18687, 0.04979, 0.02529, 0.00372, 0.25427, 0.03993, 0.02399, 0.00406, 0.1423, 0.00414, 0.04602, 0.18289, 0.02567, 0.04823, 0.06736, 0.06755, 0.05822, 0.14084, 0.01499, 0.005, 0.01031, 0.27399],[],[],35,0
2.5,67,[0.0162, 0.01672, 0.01332, 0.07809, 0.02183, 0.05034, 0.11301, 0.05682, 0.04825, 0.01947, 0.1382, 0.00643, 0.05806, 0.0034, 0.05455, 0.00348, 0.00363, 0.01095, 0.02648],[],[],19,0
2.5,68,[0.01652, 0.00117, 0.01868, 0.00174, 0.07175, 0.10559, 0.07647, 0.06014, 0.12261, 0.0816, 0.09309, 0.02359, 0.00533, 0.05983, 0.09664, 0.0267, 0.07444, 0.00373, 0.01199, 0.17612, 0.00423, 0.13756, 0.03629, 0.01362, 0.25579, 0.03343],[],[],26,0
2.5,69,[0.02817, 0.03114, 0.02682, 0.00563, 0.00188, 0.00616, 0.02275, 0.10172, 0.03425, 0.12944, 0.13796, 0.0815, 0.0566, 0.03975, 0.00804, 0.09961, 0.06092, 0.16928, 0.20421, 0.02532, 0.02744, 0.05241],[],[],22,0
2.5,70,[0.02933, 0.04535, 0.01121, 0.10519, 0.0122, 0.11642, 0.03269, 0.05589, 0.05983, 0.0743, 0.02062, 0.00344, 0.02116, 0.01085, 0.11076, 0.08312, 0.17216, 0.07544, 0.004, 0.0565, 0.03655, 0.00411, 0.00411, 0.04166, 0.042, 0.24148],[],[],26,0
2.5,71,[0.00056, 0.00664, 0.08334, 0.01585, 0.10376, 0.04888, 0.01084, 0.12076, 0.10932, 0.0675, 0.15078, 0.06717, 0.02158, 0.07027, 0.20804, 0.02934, 0.07525, 0.04362, 0.00406, 0.08144, 0.05356, 0.08372, 0.16891, 0.16569, 0.1391, 0.26417, 0.13702, 0.23504, 0.09678, 0.00984, 0.15348, 0.0051, 0.32618, 0.1898, 0.02667, 0.01619, 0.01092, 0.04417, 0.12537, 0.00577, 0.0407, 0.09906, 0.0061, 0.03679],[],[],44,0
2.5,72,[0.00039, 0.06921, 0.02315, 0.10557, 0.0218, 0.00194, 0.13071, 0.00406, 0.01667, 0.08942, 0.06361, 0.00478, 0.13516, 0.02008, 0.12469, 0.1567, 0.18149, 0.13336, 0.05336, 0.1078, 0.13889, 0.15284, 0.00369, 0.21309, 0.06761, 0.00378, 0.11331, 0.09944, 0.00797, 0.11793, 0.02037, 0.21841, 0.05122, 0.0691, 0.08743, 0.03586, 0.04095, 0.01822, 0.13358, 0.00936, 0.12826, 0.04753, 0.03343, 0.11965, 0.09214],[],[],45,0
2.5,73,[0.0131, 0.02861, 0.0132, 0.0692, 0.00708, 0.09697, 0.11154, 0.00352, 0.01353, 0.0104, 0.12261, 0.02676, 0.02825, 0.02014, 0.11979, 0.10657, 0.06859, 0.12435, 0.06141, 0.18321, 0.14742, 0.08482, 0.0308, 0.00685, 0.1873, 0.21638, 0.10829, 0.16592, 0.20067, 0.0041, 0.12282, 0.07649, 0.02157, 0.14046, 0.00448, 0.00451, 0.00919, 0.09209, 0.21039, 0.01476, 0.08377, 0.0149, 0.06506, 0.07783, 0.15263],[],[],45,0
2.5,74,[0.03758, 0.09201, 0.13105, 0.00849, 0.00451, 0.01417, 0.1465, 0.00653, 0.00997, 0.03412, 0.22956, 0.10382, 0.14575, 0.05666, 0.01259, 0.00421, 0.07368, 0.19569, 0.0382, 0.26828, 0.05849],[],[],21,0
2.5,75,[0.01266, 0.04413, 0.09383, 0.01366, 0.01199, 0.00521, 0.00392, 0.03104, 0.029, 0.07665, 0.06009, 0.05736, 0.1522, 0.02943, 0.01278, 0.01919, 0.07915, 0.11487, 0.10061],[],[],19,0
2.5,76,[0.01033, 0.02842, 0.02618, 0.01516, 0.00962, 0.02139, 0.07301, 0.09605, 0.02715, 0.07104, 0.00239],[],[],11,0
2.5,77,[0.04768, 0.01952, 0.05603, 0.06842, 0.01572, 0.13203, 0.05206, 0.11936, 0.10713, 0.01805, 0.08836, 0.00558, 0.05599, 0.06891, 0.0763, 0.00667, 0.0676, 0.06031, 0.01066],[],[],19,0
2.5,78,[0.00674, 0.00819, 0.0256, 0.0058, 0.09907, 0.05013, 0.00235, 0.16374, 0.0078, 0.05047, 0.14834, 0.12851, 0.16536, 0.09584, 0.20175, 0.04215, 0.0227, 0.19876, 0.06256, 0.12145, 0.02554],[],[],21,0
2.5,79,[0.00036, 0.00684, 0.00242, 0.04549, 0.0132, 0.02241, 0.05917, 0.09208, 0.0351, 0.00978, 0.0349, 0.02796, 0.07809, 0.13144, 0.06352, 0.01393, 0.0088, 0.00612, 0.01609, 0.03228, 0.19023, 0.23505, 0.01458, 0.04478, 0.02635],[],[],25,0
2.5,80,[0.00099, 0.00797, 0.01334, 0.00143, 0.01699, 0.05929, 0.01668, 0.0414, 0.00442, 0.11717, 0.00916, 0.06079, 0.0825, 0.15303, 0.13729, 0.01346, 0.03381, 0.19269, 0.01742, 0.12241, 0.01864, 0.08304, 0.02459, 0.00843, 0.01285, 0.02174, 0.05709, 0.10264, 0.01365, 0.06403, 0.00474, 0.17275, 0.15452, 0.00486, 0.11778, 0.01485, 0.25503, 0.06013, 0.06649, 0.01539, 0.09833, 0.26224, 0.11046, 0.07933, 0.02746, 0.1715, 0.01112, 0.09006, 0.32647, 0.01693],[],[],50,0
2.5,81,[0.00507, 0.03306, 0.01852, 0.024, 0.00129, 0.0961, 0.04017, 0.01391, 0.01031, 0.12436, 0.17784, 0.01099, 0.01481],[],[],13,0
2.5,82,[0.00557, 0.01484, 0.08203, 0.00694, 0.09976, 0.03218, 0.00208, 0.00213, 0.00669, 0.23725, 0.24571, 0.03141, 0.07509, 0.17417, 0.00827, 0.04293, 0.07517, 0.16826, 0.10742, 0.03739, 0.06507, 0.01509, 0.17486, 0.00523, 0.0846, 0.00537, 0.04314, 0.01083, 0.23644, 0.26409],[],[],30,0
2.5,83,[0.01218, 0.02776, 0.05764, 0.09068, 0.10432, 0.01208, 0.0039, 0.01574, 0.00204, 0.13821, 0.00701, 0.1448, 0.12319, 0.00529, 0.00265, 0.02147, 0.01499, 0.19861, 0.20041, 0.01611, 0.01615],[],[],21,0
2.5,84,[0.01335, 0.00093, 0.07641, 0.04748, 0.03138, 0.06104, 0.01325, 0.00186, 0.00564, 0.00826, 0.00833, 0.13914, 0.12261, 0.02495, 0.07892, 0.02023, 0.17961, 0.00638, 0.0997, 0.09674, 0.05127],[],[],21,0
2.5,85,[0.01918, 0.04615, 0.00541, 0.14307, 0.16035, 0.12392, 0.04837, 0.0204, 0.02924, 0.0355, 0.09238, 0.14715, 0.03048, 0.01031, 0.05967, 0.00723, 0.13391, 0.03142, 0.00812, 0.20494, 0.00441, 0.04862, 0.05923, 0.1733, 0.03194, 0.06521, 0.07528, 0.29152, 0.1687, 0.10625, 0.29171, 0.08992, 0.01077, 0.00546, 0.08782, 0.03878, 0.00555],[],[],37,0
2.5,86,[0.00339, 0.00512, 0.05099, 0.02899, 0.06414, 0.02023, 0.00278, 0.03861, 0.06129, 0.0906, 0.07159, 0.02643, 0.16229, 0.1132, 0.06003, 0.08667, 0.01988, 0.00311, 0.00319, 0.06587, 0.21974, 0.22814, 0.17768, 0.06726],[],[],24,0
2.5,87,[0.01336, 0.01733, 0.00776, 0.06541, 0.00341, 0.02185, 0.1175, 0.02959, 0.0467, 0.04778, 0.09391, 0.13952, 0.0031, 0.07896, 0.1521, 0.05477, 0.22384, 0.17246, 0.00392, 0.07618, 0.27457, 0.01672, 0.03778, 0.02557, 0.09529, 0.07388, 0.01765, 0.04113, 0.19513, 0.24274, 0.03312, 0.01432, 0.29914, 0.27119, 0.15673, 0.09122, 0.32691, 0.33602, 0.33864, 0.05792, 0.05805, 0.06864, 0.09282],[],[],43,0
2.5,88,[0.00283, 0.03678, 0.00407, 0.05413, 0.02119, 0.00857, 0.02623, 0.10549, 0.16328, 0.01492, 0.03064, 0.17455, 0.07637, 0.02271, 0.00762, 0.00399, 0.02478, 0.07438, 0.01672, 0.00422, 0.05107, 0.01743, 0.02675, 0.00456, 0.19409, 0.03253],[],[],26,0
2.5,89,[0.00581, 0.04019, 0.08117, 0.05977, 0.10067, 0.05804, 0.0227, 0.00239, 0.02398, 0.07683, 0.09662, 0.05242, 0.03311, 0.00281, 0.00605, 0.13305, 0.0692, 0.01581, 0.14472, 0.03307, 0.17731, 0.0809, 0.00443, 0.06662, 0.04923, 0.0231, 0.24738, 0.26172],[],[],28,0
2.5,90,[0.10204, 0.05907, 0.05148, 0.03812, 0.00617, 0.00432, 0.0072, 0.02423, 0.02568, 0.09615, 0.03642, 0.00567, 0.14581, 0.03051, 0.01878, 0.0269, 0.17942, 0.08296, 0.0729, 0.10034, 0.03785, 0.13016, 0.09535, 0.00405, 0.01628, 0.16451, 0.00427, 0.09535, 0.01314, 0.08087, 0.00467, 0.00468, 0.22524, 0.02913, 0.27761, 0.0294, 0.06007, 0.13021, 0.29207, 0.00504, 0.06604, 0.32667, 0.01041, 0.05756, 0.01054],[],[],45,0
2.5,91,[0.01714, 0.01479, 0.05921, 0.00963, 0.11165, 0.02861, 0.13703, 0.00419, 0.08376, 0.09622, 0.13518, 0.0576, 0.01025, 0.24108, 0.15986, 0.04941, 0.24866, 0.02488, 0.18546, 0.03894, 0.03605, 0.16133, 0.05291, 0.21771, 0.25668, 0.00534, 0.01144, 0.02864, 0.13181, 0.09336, 0.17216, 0.01192],[],[],32,0
2.5,92,[0.01452, 0.00794, 0.01429, 0.03123, 0.00988, 0.10582, 0.14975, 0.00274, 0.00571, 0.15791, 0.04594, 0.0029, 0.10802, 0.01762, 0.01896, 0.19207, 0.10815, 0.2243, 0.00364, 0.01132, 0.07632, 0.18734, 0.20247, 0.01192, 0.22101, 0.09761, 0.1719, 0.03022, 0.00866, 0.10488, 0.05937, 0.16568, 0.02309, 0.10189, 0.01412, 0.15308, 0.00502, 0.01011],[],[],38,0
2.5,93,[0.00106, 0.00159, 0.07116, 0.0658, 0.06218, 0.00226, 0.00707, 0.02056, 0.16237, 0.00298, 0.05218, 0.1808, 0.13869, 0.07773, 0.00382, 0.13902, 0.01565, 0.00401, 0.01607, 0.00849, 0.06555, 0.04291, 0.01007, 0.14716, 0.00541, 0.01085, 0.16942, 0.23855],[],[],28,0
2.5,94,[0.02267, 0.02042, 0.01076, 0.01585, 0.02484, 0.01403, 0.13891, 0.14457, 0.09634, 0.15071, 0.05916, 0.0127, 0.00333, 0.13052, 0.14048, 0.08781],[],[],16,0
2.5,95,[0.01886, 0.0191, 0.05118, 0.03695, 0.01541, 0.08708, 0.05595, 0.10238, 0.12434, 0.13206, 0.0375, 0.00449, 0.06758, 0.06442, 0.0456],[],[],15,0
2.5,96,[0.00072, 0.02435, 0.01905, 0.01934, 0.08958, 0.04584, 0.02008, 0.02574, 0.05417, 0.09558, 0.02093, 0.03079, 0.06812, 0.01241, 0.13183, 0.00363, 0.01886, 0.07335, 0.00781, 0.07004, 0.19806, 0.00897, 0.17537, 0.11245, 0.01406, 0.03364, 0.05372, 0.1671, 0.05951, 0.26062, 0.07672],[],[],31,0
2.5,97,[0.00578, 0.06041, 0.00969, 0.14247, 0.00934, 0.08687, 0.17085, 0.11916, 0.10869, 0.01581, 0.06057, 0.26848, 0.04979, 0.02934, 0.00856, 0.06536, 0.072, 0.01888, 0.31511, 0.02403, 0.00504, 0.17793, 0.26958, 0.06716, 0.08805, 0.06443, 0.08209, 0.22073, 0.34965, 0.25788, 0.1317, 0.20064],[],[],32,0
2.5,98,[0.00054, 0.0069, 0.02731, 0.06478, 0.05759, 0.00413, 0.02911, 0.13242, 0.02798, 0.02188, 0.1146, 0.00271, 0.01137, 0.00859, 0.00576, 0.09895, 0.02355, 0.02498, 0.13432, 0.19651, 0.00766, 0.25004, 0.01564],[],[],23,0
2.5,99,[0.01836, 0.01014, 0.01218, 0.11739, 0.07037, 0.06769, 0.01176, 0.00478, 0.01465, 0.04505, 0.10599, 0.01039, 0.08413, 0.05007, 0.19844, 0.05757, 0.04225, 0.04039, 0.15296, 0.00352, 0.04055, 0.23074, 0.09313, 0.1493],[],[],24,0
2.5,100,[0.03212, 0.05176, 0.07994, 0.0161, 0.00578, 0.02035, 0.02387, 0.15233, 0.03205, 0.0228, 0.02289],[],[],11,0
2.5,101,[0.00145, 0.0924, 0.07782, 0.12576, 0.03231, 0.09512, 0.00275, 0.17349, 0.18903, 0.05347, 0.0332, 0.00684, 0.00694, 0.01736, 0.10103, 0.15471, 0.19117, 0.20227, 0.10405, 0.02197],[],[],20,0
2.5,102,[0.02068, 0.00124, 0.0028, 0.07142, 0.00205, 0.02151, 0.09561, 0.15405, 0.00475, 0.00263, 0.01323, 0.17755, 0.01941, 0.05084, 0.05144, 0.03816, 0.09397, 0.02788, 0.16865, 0.04128, 0.00445, 0.00913, 0.0046, 0.07429, 0.17247, 0.0151, 0.17734, 0.00516, 0.24396, 0.03646, 0.29193, 0.00529, 0.00531, 0.20184, 0.32875, 0.21575, 0.00579, 0.01786],[],[],38,0
2.5,103,[0.03811, 0.00287, 0.07768, 0.05992, 0.01079, 0.00234, 0.00804, 0.02429, 0.01958, 0.01543, 0.00329, 0.02643, 0.22106, 0.05571, 0.08266, 0.08659, 0.00378, 0.0493, 0.05316, 0.01542, 0.19671, 0.13762, 0.11086, 0.12966, 0.19167, 0.25147, 0.13959, 0.00901, 0.0091, 0.05998, 0.07892, 0.06519, 0.0188, 0.00967, 0.04897, 0.16728, 0.11875, 0.02053],[],[],38,0
2.5,104,[0.00121, 0.01533, 0.00119, 0.00397, 0.06024, 0.00178, 0.06452, 0.12266, 0.12926, 0.07007, 0.04262, 0.02228, 0.00248, 0.14034, 0.02807, 0.0285, 0.00263, 0.08955, 0.02096],[],[],19,0
2.5,105,[0.05027, 0.0016, 0.09299, 0.02895, 0.0961, 0.06476, 0.07769, 0.11999, 0.10875, 0.00272, 0.08561, 0.03178, 0.01455, 0.03684, 0.00641, 0.06778, 0.07001, 0.01681, 0.19167, 0.15574, 0.1395, 0.06923, 0.03334, 0.04498, 0.04899, 0.0077, 0.06437, 0.11786, 0.2789, 0.18457, 0.00429, 0.00441, 0.13156, 0.0545, 0.24124, 0.03832, 0.30743, 0.19801, 0.06523, 0.34814, 0.34501],[],[],41,0
2.5,106,[0.00166, 0.00662, 0.05607, 0.05022, 0.02258, 0.00698, 0.02848, 0.01348, 0.02964, 0.11321, 0.17439, 0.18386, 0.01124, 0.00759, 0.03528, 0.04714, 0.01984, 0.00399, 0.02505, 0.14647, 0.03781, 0.0169, 0.09394, 0.2522, 0.194, 0.08326],[],[],26,0
2.5,107,[0.00024, 0.05372, 0.06244, 0.05083, 0.05045, 0.02783, 0.0034, 0.00171, 0.00196, 0.00205, 0.00215, 0.01949, 0.0113, 0.1331, 0.038],[],[],15,0
2.5,108,[0.00253, 0.03562, 0.01071, 0.0749, 0.02553, 0.01424, 0.08202, 0.05631, 0.13622, 0.14583, 0.07581, 0.04212, 0.03228, 0.19203, 0.1333, 0.0215, 0.00318, 0.00672, 0.22295, 0.21331, 0.02134],[],[],21,0
2.5,109,[0.02866, 0.05464, 0.02005, 0.02966, 0.01651, 0.05821, 0.00649, 0.0738, 0.0464, 0.01339, 0.00269, 0.07189, 0.17694, 0.05673, 0.00605, 0.06526, 0.05793, 0.09202, 0.0756, 0.11404, 0.00366, 0.03775, 0.16814, 0.02363],[],[],24,0
2.5,110,[0.09763, 0.01448, 0.01108, 0.06938, 0.01136, 0.0114, 0.07379, 0.03311, 0.02718, 0.00571, 0.0923, 0.19275],[],[],12,0
2.5,111,[0.00057, 0.02408, 0.02045, 0.05795, 0.04574, 0.00842, 0.10015, 0.02769, 0.00799, 0.02669, 0.00243, 0.00807, 0.02189, 0.05754, 0.08561, 0.02863],[],[],16,0
2.5,112,[0.03109, 0.00498, 0.05074, 0.0342, 0.019, 0.07365, 0.00674, 0.15351, 0.02674, 0.13981, 0.00572, 0.18263, 0.04216],[],[],13,0
2.5,113,[0.01708, 0.06889, 0.03048, 0.01646, 0.00886, 0.09862, 0.05112, 0.083, 0.14105, 0.01789, 0.02558, 0.13348, 0.03658, 0.11299, 0.14351, 0.00847, 0.05215, 0.01167, 0.05549, 0.06225, 0.00633, 0.17341, 0.10277, 0.10834, 0.16458, 0.05699, 0.16334, 0.17163, 0.01618, 0.04859],[],[],30,0
2.5,114,[0.00735, 0.00084, 0.05092, 0.02328, 0.01076, 0.00201, 0.03891, 0.02719, 0.15818, 0.0136, 0.10944, 0.0058, 0.09421, 0.0059, 0.03703, 0.13273, 0.03099, 0.02414, 0.07987, 0.22993, 0.1629, 0.10668, 0.04557, 0.04943, 0.01905, 0.12217, 0.0555, 0.24765, 0.05992, 0.11672, 0.0769, 0.02064, 0.07976, 0.1848, 0.27069, 0.18833, 0.00434, 0.20534, 0.30286, 0.08489, 0.00476, 0.03841, 0.25561, 0.10878, 0.0202, 0.32835, 0.02546],[],[],47,0
2.5,115,[0.00266, 0.05804, 0.01038, 0.05352, 0.03592, 0.06556, 0.03202, 0.0027, 0.05454, 0.15927, 0.08484, 0.07731, 0.19548, 0.22683, 0.15503, 0.00782, 0.09455, 0.01206, 0.03289, 0.08266, 0.20961, 0.09027, 0.26958, 0.03945, 0.24691, 0.04033, 0.00458, 0.12082, 0.014, 0.03279, 0.00478, 0.21066, 0.07825, 0.00493, 0.10715, 0.05162, 0.31578, 0.29883, 0.17924, 0.28813, 0.35657, 0.09952, 0.14375, 0.30564, 0.13219],[],[],45,0
2.5,116,[0.002, 0.03174, 0.0197, 0.03932, 0.04425, 0.13904, 0.09599, 0.14292, 0.10044, 0.07787, 0.01271, 0.13312, 0.01059, 0.07405, 0.17168, 0.00299, 0.07991, 0.07734, 0.05936, 0.08208, 0.06144],[],[],21,0
2.5,117,[0.00219, 0.00404, 0.07156, 0.01251, 0.01856, 0.02616, 0.01054, 0.16608, 0.00302, 0.04958, 0.14708, 0.01433, 0.01118, 0.00793, 0.02122, 0.07479, 0.28965, 0.13822, 0.06791, 0.11081, 0.13074, 0.01892, 0.32594, 0.26419, 0.20286, 0.02083, 0.08182, 0.19787, 0.34984, 0.0888, 0.0712, 0.01188, 0.13199, 0.27256, 0.09024, 0.24905, 0.02154, 0.2231, 0.33199, 0.37632, 0.41606, 0.46477, 0.0676, 0.23719, 0.48975, 0.12261, 0.50201, 0.11633, 0.37946],[],[],49,0
2.5,118,[0.00717, 0.01344, 0.01123, 0.03827, 0.01079, 0.08504, 0.06097, 0.02214, 0.01868, 0.12538, 0.0024, 0.03231, 0.00915, 0.01534, 0.17648, 0.02501, 0.00343, 0.18219, 0.05501, 0.00408, 0.14706, 0.05721, 0.1424, 0.26482, 0.00424, 0.02603, 0.04361, 0.03497, 0.03502],[],[],29,0
2.5,119,[0.01879, 0.00898, 0.03171, 0.03926, 0.0348, 0.11872, 0.13711, 0.0057, 0.00291, 0.1363, 0.02996, 0.18042, 0.05569, 0.02111, 0.02919, 0.01119, 0.03925, 0.24589, 0.00411, 0.00428, 0.12558, 0.2081, 0.27352, 0.2912, 0.26014, 0.19274, 0.13588, 0.02353],[],[],28,0
2.5,120,[0.03234, 0.00734, 0.01711, 0.02149, 0.00204, 0.13684, 0.06567, 0.09549, 0.078, 0.10164, 0.08368, 0.15561, 0.141, 0.27604, 0.01277, 0.02185, 0.19839, 0.00919, 0.00461, 0.00464, 0.00969, 0.18917, 0.01482],[],[],23,0
2.5,121,[0.00607, 0.03813, 0.095, 0.02086, 0.10274, 0.1815, 0.03165, 0.00901, 0.04856, 0.01576, 0.03164, 0.04336, 0.07254, 0.01038, 0.0035, 0.04988, 0.01098, 0.24418, 0.0188, 0.14783, 0.19064, 0.06532, 0.09489, 0.17784, 0.07862, 0.00829, 0.14498, 0.06863, 0.19874, 0.07607, 0.21432, 0.30385, 0.02497],[],[],33,0
2.5,122,[0.02825, 0.0134, 0.0525, 0.03848, 0.00252, 0.15753, 0.14973, 0.00578, 0.03922, 0.11994, 0.05529, 0.03821, 0.02085, 0.22635, 0.0036, 0.15532, 0.00727, 0.02189, 0.02984],[],[],19,0
2.5,123,[0.00214, 0.00854, 0.02055, 0.09488, 0.06941, 0.13667, 0.14857, 0.00475, 0.09509, 0.04553, 0.0512, 0.12791, 0.00523, 0.06604, 0.00553, 0.17996, 0.08135, 0.08141, 0.0817],[],[],19,0
2.5,124,[0.02121, 0.09276, 0.02506, 0.00338, 0.09803, 0.03292, 0.00371, 0.08894, 0.12388, 0.14976, 0.06825, 0.03839, 0.07526, 0.01339, 0.10988, 0.08243, 0.07141, 0.12392, 0.00882, 0.1923, 0.01259, 0.02868],[],[],22,0
2.5,125,[0.05211, 0.10191, 0.1002, 0.00211, 0.06146, 0.00213, 0.02354, 0.0342, 0.02781, 0.07994, 0.10753, 0.12881, 0.08718, 0.00928, 0.05937, 0.14723, 0.13194, 0.20098, 0.07422, 0.0179, 0.0327, 0.01094, 0.07736, 0.06244, 0.01993, 0.0128, 0.00428, 0.12741, 0.28891, 0.19319, 0.05889, 0.05485, 0.24457, 0.03252],[],[],34,0
2.5,126,[0.00735, 0.03163, 0.013, 0.00934, 0.10083, 0.09775, 0.1161, 0.01904, 0.09176, 0.05143, 0.13252, 0.00243, 0.06896, 0.00305, 0.01887, 0.02559, 0.02294, 0.19511, 0.01691, 0.06836, 0.08513, 0.0482, 0.12064, 0.07428, 0.07958, 0.03199, 0.15862, 0.00438, 0.08438, 0.22029, 0.00451, 0.01366, 0.00461, 0.13546, 0.01415, 0.17776, 0.17323, 0.27546, 0.10686, 0.05374, 0.3229, 0.15962, 0.01057, 0.04265],[],[],44,0
2.5,127,[0.0085, 0.00874, 0.01159, 0.00937, 0.01656, 0.00753, 0.01707, 0.00213, 0.11812, 0.02702, 0.00458, 0.03572, 0.01401, 0.03065, 0.00309, 0.00338, 0.0988, 0.06079, 0.05653, 0.05897, 0.08115, 0.24498, 0.1401, 0.29579, 0.02279, 0.00486, 0.17417, 0.02497, 0.06046, 0.02082, 0.00554, 0.24253, 0.04815, 0.37961, 0.17725, 0.12902, 0.33386, 0.41077, 0.04666, 0.38205, 0.00683, 0.27382, 0.43859, 0.04126, 0.03469, 0.02796, 0.24056, 0.07861, 0.08649, 0.34686, 0.22087, 0.29579, 0.08148, 0.17809, 0.08916, 0.01527, 0.42207],[],[],57,0
2.5,128,[0.01968, 0.00105, 0.0242, 0.01006, 0.0184, 0.04065, 0.10638, 0.10671, 0.03039, 0.01806, 0.06394, 0.08074, 0.14999, 0.06038, 0.04129, 0.02282, 0.00328, 0.03102, 0.10862, 0.04658, 0.01076, 0.04815, 0.00835, 0.05701, 0.00459, 0.02359, 0.02489, 0.05623, 0.00531],[],[],29,0
2.5,129,[0.00102, 0.04623, 0.00359, 0.06474, 0.11088, 0.02946, 0.03417, 0.09177, 0.01935, 0.03921, 0.0308, 0.02521, 0.13932, 0.02223],[],[],14,0
2.5,130,[0.028, 0.00113, 0.007, 0.00994, 0.01075, 0.04117, 0.00236, 0.0143, 0.04991, 0.08533, 0.00545, 0.02231, 0.1545, 0.08449, 0.00319, 0.02926, 0.12125, 0.18571, 0.00698, 0.15125, 0.06249, 0.0037, 0.00371, 0.21164],[],[],24,0
2.5,131,[0.01687, 0.01956, 0.02638, 0.1306, 0.01267, 0.04825, 0.05062, 0.00245, 0.10544, 0.13508, 0.00266, 0.16942, 0.07244, 0.02591, 0.12799, 0.18201, 0.01232, 0.19434, 0.08384, 0.01242, 0.00312, 0.02846, 0.03243, 0.1819, 0.15183, 0.00353, 0.0652, 0.07062, 0.07096, 0.1187, 0.10661, 0.11418, 0.27931, 0.20379, 0.05664, 0.08806, 0.08411],[],[],37,0
2.5,132,[0.01277, 0.0533, 0.01148, 0.0854, 0.03341, 0.17372, 0.20662, 0.0102, 0.14874, 0.08724, 0.00364, 0.01845, 0.10885, 0.12525, 0.00402, 0.19392, 0.15053, 0.21223, 0.0783, 0.06048, 0.04496, 0.05424, 0.00922, 0.30447, 0.04317, 0.0337, 0.0149, 0.28388, 0.11079, 0.02371, 0.00599, 0.08381, 0.01198, 0.06688, 0.01836, 0.08786],[],[],36,0
2.5,133,[0.00483, 0.06761, 0.00325, 0.09216, 0.05549, 0.0039, 0.06343, 0.02821, 0.11068, 0.139, 0.11342, 0.05, 0.06141, 0.02999],[],[],14,0
2.5,134,[0.00032, 0.00474, 0.04879, 0.07971, 0.03425, 0.11091, 0.05812, 0.0136, 0.00689, 0.00739, 0.09337, 0.0052, 0.08122, 0.02913],[],[],14,0
2.5,135,[0.00533, 0.00499, 0.00119, 0.00954, 0.03142, 0.00576, 0.08076, 0.10753, 0.11014, 0.04356, 0.11844, 0.12949, 0.00716, 0.01957, 0.05317, 0.00539, 0.03704, 0.16937, 0.09623, 0.06517, 0.02777, 0.02786, 0.09027, 0.08272, 0.19371, 0.02033, 0.14659, 0.02493, 0.03371, 0.01278, 0.04264],[],[],31,0
2.5,136,[0.0007, 0.00044, 0.00058, 0.01422, 0.00633, 0.01338, 0.00513, 0.02749, 0.03442, 0.08703, 0.02022, 0.03133, 0.0451, 0.00611, 0.01829, 0.13942, 0.09493, 0.04409, 0.10186, 0.227, 0.03879, 0.15802, 0.00754, 0.00394, 0.06501, 0.12371, 0.29109, 0.07205, 0.21683, 0.00491, 0.00991],[],[],31,0
2.5,137,[0.00163, 0.00069, 0.04135, 0.02248, 0.00419, 0.03672, 0.02077, 0.14402, 0.00724, 0.04288, 0.02806, 0.00537, 0.01909, 0.09044, 0.01465, 0.01189, 0.1281, 0.00311, 0.00312, 0.09462, 0.12671, 0.04501, 0.21248, 0.0629, 0.02041, 0.02819, 0.01807, 0.10888, 0.07287, 0.17664, 0.07205, 0.2483, 0.17908, 0.01662, 0.04995, 0.18344, 0.26884, 0.09675, 0.05068, 0.00431, 0.13977],[],[],41,0
2.5,138,[0.04325, 0.04828, 0.014, 0.00402, 0.14941, 0.14372, 0.02825, 0.02676, 0.10396, 0.15125, 0.00311, 0.00323, 0.20973, 0.19066, 0.20607, 0.02328, 0.13316, 0.19035, 0.19078, 0.16138, 0.03081, 0.04628],[],[],22,0
2.5,139,[0.01543, 0.01451, 0.01669, 0.01178, 0.06899, 0.11023, 0.0622, 0.00216, 0.02053, 0.10003, 0.15369, 0.08433, 0.01426, 0.18669, 0.1882, 0.0147, 0.18538, 0.08883, 0.05232, 0.03241, 0.00329, 0.1765, 0.13766, 0.04543, 0.08138, 0.01782, 0.21046, 0.00742, 0.11748, 0.16818, 0.2184],[],[],31,0
2.5,140,[0.0459, 0.03677, 0.01642, 0.07245, 0.02475, 0.04997, 0.00228, 0.00242, 0.01462, 0.14134, 0.14696, 0.19533, 0.01241, 0.00635, 0.06393, 0.07226, 0.11767, 0.11465, 0.10767, 0.02101, 0.02545, 0.11046],[],[],22,0
2.5,141,[0.00106, 0.00669, 0.03244, 0.02175, 0.02665, 0.03431, 0.0232, 0.10981, 0.00781, 0.06009, 0.0859, 0.10635, 0.1067, 0.00655, 0.05472, 0.00725, 0.02296, 0.01592, 0.05365, 0.02965, 0.08908, 0.16743, 0.03565],[],[],23,0
2.5,142,[0.00497, 0.0448, 0.04004, 0.00211, 0.00212, 0.01256, 0.12386, 0.0232, 0.03358, 0.17189, 0.00281, 0.10961, 0.04442, 0.14011, 0.14662, 0.0281, 0.10256, 0.00712, 0.06371, 0.17931, 0.08306, 0.0644, 0.00811, 0.15481, 0.05108, 0.0043, 0.26853, 0.07838, 0.0093, 0.08263, 0.17068, 0.03466, 0.07171],[],[],33,0
2.5,143,[0.03246, 0.01111, 0.011, 0.0473, 0.10923, 0.03099, 0.01877, 0.00641, 0.0636, 0.00247, 0.0131, 0.00287, 0.10427, 0.19824, 0.04712, 0.03876, 0.0065, 0.04973, 0.00335, 0.07448, 0.22539, 0.03455, 0.16899, 0.21398, 0.09809, 0.01652, 0.14925, 0.00434, 0.02703, 0.27534, 0.14331, 0.00463, 0.06123, 0.21923, 0.05011, 0.07621],[],[],36,0
2.5,144,[0.00159, 0.00136, 0.04405, 0.00135, 0.00541, 0.00277, 0.13786, 0.05464, 0.01078, 0.17436, 0.00748, 0.11069, 0.14092, 0.0245, 0.2181, 0.00445, 0.00446, 0.09524, 0.01893],[],[],19,0
2.5,145,[0.01654, 0.00496, 0.02586, 0.06503, 0.03505, 0.00342, 0.02107, 0.02383, 0.0665, 0.115, 0.00211, 0.10052, 0.07058, 0.03214, 0.10828, 0.08455, 0.0621, 0.00625, 0.00996, 0.21807, 0.09797, 0.02378],[],[],22,0
2.5,146,[0.04038, 0.00082, 0.01197, 0.01344, 0.06711, 0.0367, 0.05735, 0.00254, 0.01856, 0.15923, 0.02614, 0.01147, 0.00824, 0.22811, 0.13476, 0.2152, 0.26308, 0.25068, 0.10994, 0.0048, 0.30531, 0.04972, 0.01007, 0.00508, 0.18889, 0.22919],[],[],26,0
2.5,147,[0.06627, 0.04318, 0.01364, 0.03954, 0.00418, 0.0398, 0.00212, 0.08592, 0.03837, 0.02435, 0.09769, 0.04747, 0.02919, 0.08684, 0.01113, 0.13274, 0.01588, 0.02815, 0.19745, 0.10237, 0.04725, 0.03814, 0.01435, 0.07291, 0.02942],[],[],25,0
2.5,148,[0.00812, 0.006, 0.0193, 0.05061, 0.0053, 0.0018, 0.07856, 0.10563, 0.09524, 0.08514, 0.01959, 0.01473, 0.04002, 0.12634, 0.01257, 0.15232, 0.04038, 0.04734, 0.09923, 0.19747, 0.10144, 0.00728, 0.10656, 0.11138, 0.20451, 0.004, 0.04407, 0.26523, 0.09434, 0.00836, 0.05044, 0.0379, 0.00433, 0.01298],[],[],34,0
2.5,149,[0.02689, 0.00229, 0.05602, 0.07546, 0.05266, 0.01397, 0.01479, 0.00256, 0.01312, 0.02933, 0.14987, 0.15619, 0.00293, 0.02086, 0.08792, 0.06692, 0.02778, 0.00937, 0.05548, 0.0033, 0.02668],[],[],21,0
2.5,150,[0.01039, 0.06975, 0.03546, 0.09657, 0.14348, 0.03912, 0.00236, 0.16046, 0.07988, 0.02765, 0.15106, 0.04376, 0.15778, 0.03161, 0.16208, 0.23139, 0.27951, 0.01516, 0.05063, 0.04088, 0.00511, 0.31256, 0.08403, 0.1996, 0.00526, 0.07372, 0.21699, 0.01675, 0.00604, 0.08612],[],[],30,0
2.5,151,[0.00884, 0.04418, 0.00849, 0.03107, 0.0058, 0.14491, 0.03375, 0.01937, 0.0029, 0.03283, 0.00325, 0.18607, 0.15221, 0.01509, 0.00386, 0.00774, 0.03813, 0.0085, 0.00437, 0.0044, 0.00447, 0.25664, 0.03258, 0.00968, 0.15011, 0.00488, 0.07834],[],[],27,0
2.5,152,[0.00069, 0.00147, 0.03043, 0.0051, 0.00264, 0.09662, 0.02412, 0.01272, 0.11216, 0.06944, 0.00493, 0.08721, 0.05319, 0.08151, 0.0399, 0.01235],[],[],16,0
2.5,153,[0.00037, 0.08248, 0.06065, 0.00888, 0.08331, 0.05438, 0.09322, 0.00564, 0.05397, 0.01171, 0.0557, 0.07944, 0.00926, 0.02893, 0.04636, 0.08714, 0.19117, 0.02446],[],[],18,0
2.5,154,[0.00252, 0.00628, 0.05336, 0.08603, 0.05781, 0.00426, 0.00223, 0.01174, 0.10598, 0.01788, 0.00768, 0.03802, 0.14519, 0.10522, 0.07454, 0.03952, 0.00669, 0.12108, 0.12218, 0.12287, 0.00363, 0.03026, 0.03165, 0.05327, 0.02068],[],[],25,0
2.5,155,[0.00032, 0.06573, 0.07521, 0.02029, 0.00421, 0.1115, 0.15828, 0.01566, 0.21927, 0.01013, 0.00376, 0.00762, 0.11349, 0.01205, 0.07219, 0.01803, 0.19993, 0.18738, 0.08227, 0.0049, 0.01475, 0.02031, 0.02074, 0.29801, 0.01631, 0.19626, 0.21738, 0.08416, 0.09629, 0.37225, 0.28929, 0.07453, 0.06211, 0.23909, 0.04447],[],[],35,0
2.5,156,[0.00071, 0.00376, 0.04943, 0.043, 0.02266, 0.00381, 0.03658, 0.10667, 0.07317, 0.0273, 0.09991, 0.10798, 0.0362, 0.09082, 0.04711, 0.16647, 0.04774, 0.07769],[],[],18,0
2.5,157,[0.00868, 0.00419, 0.00631, 0.00697, 0.07938, 0.00188, 0.03244, 0.12973, 0.02221, 0.18197, 0.00692, 0.01751, 0.00358, 0.06434, 0.01573, 0.0359, 0.30264, 0.07017, 0.18758, 0.14996, 0.25683, 0.00975, 0.33017, 0.01523, 0.14505, 0.00522, 0.128, 0.00537, 0.01093, 0.3461, 0.01146, 0.00576, 0.05238, 0.13002, 0.20996, 0.00601, 0.01854, 0.09278, 0.01261],[],[],39,0
2.5,158,[0.04406, 0.03877, 0.01841, 0.01184, 0.00202, 0.02027, 0.06497, 0.05324, 0.13045, 0.17019, 0.04275, 0.00302, 0.15805, 0.02013, 0.03417],[],[],15,0
2.5,159,[0.00713, 0.02677, 0.02192, 0.03317, 0.00288, 0.07385, 0.03167, 0.06075, 0.03158, 0.01613, 0.14643, 0.01187, 0.09632, 0.02419],[],[],14,0
2.5,160,[0.02248, 0.08951, 0.10805, 0.00209, 0.04579, 0.06289, 0.02402, 0.00268, 0.08524, 0.05295, 0.14793, 0.11802, 0.13816, 0.10317, 0.01843, 0.0721, 0.02322, 0.17236, 0.1919, 0.05595, 0.07799, 0.00772, 0.24398, 0.05052, 0.01951, 0.00396, 0.01598, 0.00429, 0.25952, 0.08245, 0.07007, 0.17586, 0.02011],[],[],33,0
2.5,161,[0.04008, 0.01773, 0.05059, 0.00594, 0.05144, 0.00922, 0.1142, 0.10244, 0.00955, 0.04308, 0.11285, 0.05997, 0.06963, 0.09961, 0.06528, 0.00318, 0.05261, 0.00349, 0.08374, 0.04498, 0.11072, 0.19764, 0.21328, 0.00397, 0.11625, 0.04173, 0.08533, 0.07376, 0.24783, 0.03157, 0.07671, 0.29522, 0.1604, 0.00928],[],[],34,0
2.5,162,[0.0227, 0.03986, 0.00295, 0.08599, 0.03255, 0.01141, 0.00909, 0.11614, 0.13948, 0.06093, 0.03249, 0.12137, 0.04321, 0.00594, 0.17991, 0.06425, 0.00983, 0.03007],[],[],18,0
2.5,163,[0.0025, 0.00195, 0.03728, 0.01768, 0.07025, 0.02223, 0.00859, 0.05314, 0.00902, 0.05456, 0.10844, 0.13804, 0.01893, 0.03422, 0.05624, 0.00304, 0.02741, 0.04249, 0.04403, 0.06955, 0.03849, 0.0036, 0.0482, 0.02896, 0.00838, 0.0042, 0.13261, 0.00856, 0.09194, 0.16039, 0.00921, 0.00463, 0.16272, 0.03478, 0.00502, 0.01576],[],[],36,0
2.5,164,[0.00981, 0.02621, 0.04741, 0.02722, 0.00663, 0.01177, 0.00183, 0.02761, 0.12339, 0.03411, 0.03223, 0.00216, 0.01106, 0.05802, 0.02335, 0.01985, 0.10116, 0.05652, 0.02346],[],[],19,0
2.5,165,[0.01675, 0.08568, 0.09885, 0.03093, 0.09546, 0.03134, 0.03793, 0.01097, 0.14582, 0.00707, 0.06429, 0.00735, 0.01717, 0.12985, 0.10281, 0.06435, 0.08222, 0.12569, 0.18818, 0.08861, 0.17541, 0.01643, 0.03303, 0.03671, 0.01367, 0.0071, 0.03947],[],[],27,0
2.5,166,[0.00273, 0.00187, 0.00862, 0.02452, 0.02719, 0.03609, 0.10868, 0.00711, 0.01544, 0.05772, 0.10554, 0.12542, 0.03892, 0.00316, 0.03857, 0.20571, 0.04204, 0.05321, 0.01426, 0.03929, 0.16538, 0.23848, 0.01852, 0.05955, 0.05232, 0.04496],[],[],26,0
2.5,167,[0.03055, 0.04531, 0.0641, 0.03621, 0.04344, 0.04885, 0.00284, 0.04582],[],[],8,0
2.5,168,[0.00966, 0.00614, 0.00728, 0.00082, 0.0542, 0.03205, 0.00666, 0.0706, 0.00955, 0.05476, 0.08082, 0.00462, 0.00237, 0.00738, 0.169, 0.03962, 0.03475, 0.02496, 0.102, 0.24395, 0.13616, 0.02356],[],[],22,0
2.5,169,[0.0079, 0.03063, 0.02371, 0.07344, 0.00589, 0.1663, 0.02526, 0.00364, 0.00372, 0.01504, 0.03461, 0.01928, 0.12442, 0.22818, 0.00432, 0.01319, 0.05807, 0.0366, 0.30423, 0.07575, 0.04738, 0.00474, 0.01907, 0.05466, 0.05099, 0.21963, 0.32804, 0.19147, 0.22615, 0.05683, 0.19415, 0.07094, 0.30808, 0.07197, 0.08078, 0.07596, 0.31283, 0.0131, 0.19065, 0.09252, 0.05304, 0.42008, 0.09521, 0.00696, 0.01395, 0.02103, 0.45152, 0.39944, 0.02152, 0.01455, 0.01471, 0.30712, 0.03864, 0.29101, 0.05564, 0.03197, 0.19374, 0.04047, 0.11356],[],[],59,0
2.5,170,[0.05525, 0.0562, 0.00717, 0.10747, 0.13238, 0.01201, 0.0051, 0.06123, 0.04492, 0.02366, 0.02233, 0.19306, 0.21327, 0.02483, 0.00355, 0.06075, 0.0506, 0.00723, 0.07386, 0.08443, 0.08986, 0.21713, 0.10604],[],[],23,0
2.5,171,[0.01003, 0.04039, 0.08338, 0.01363, 0.01874, 0.02208, 0.03486, 0.01497, 0.13242, 0.0588, 0.02953, 0.00651, 0.16582, 0.18926, 0.03578, 0.02914, 0.03286, 0.00423, 0.1596, 0.09429, 0.28746, 0.04728, 0.16503, 0.16969, 0.22469, 0.07731, 0.18345, 0.12607, 0.04246, 0.10682],[],[],30,0
2.5,172,[0.00118, 0.05019, 0.006, 0.01438, 0.01179, 0.03719, 0.02503, 0.09272, 0.09617, 0.00339, 0.00175, 0.0211, 0.10535, 0.01365, 0.05062, 0.10293, 0.1288, 0.12355, 0.13864, 0.0191, 0.00964, 0.00322, 0.08306, 0.00334, 0.01725, 0.19695, 0.2126, 0.08796, 0.15752, 0.19358, 0.00365, 0.04406, 0.01531, 0.00383, 0.00768, 0.08297, 0.21907, 0.02147, 0.02147, 0.12711, 0.14451, 0.04686, 0.03838, 0.14193, 0.00993],[],[],45,0
2.5,173,[0.01773, 0.04811, 0.00805, 0.05253, 0.028, 0.06444, 0.01407, 0.00572, 0.0022, 0.02107, 0.07505, 0.04695, 0.03968, 0.00538, 0.02841, 0.01588, 0.0516],[],[],17,0
2.5,174,[0.0041, 0.00265, 0.03399, 0.03857, 0.02243, 0.02879, 0.0273],[],[],7,0
2.5,175,[0.0051, 0.00297, 0.02656, 0.06997, 0.08982, 0.0289, 0.05543, 0.09927, 0.14314, 0.03013, 0.15543, 0.17291, 0.08347, 0.05196, 0.19558, 0.0123, 0.1387, 0.09191, 0.01599, 0.04532, 0.10726, 0.07111, 0.21122, 0.0189, 0.00383, 0.15405, 0.03863, 0.20675, 0.11855, 0.23602, 0.09621, 0.03467, 0.28714],[],[],33,0
2.5,176,[0.00077, 0.00631, 0.10026, 0.00189, 0.03475, 0.09384, 0.00411, 0.01669, 0.1376, 0.1402, 0.00223, 0.09409, 0.02255, 0.0047, 0.01195, 0.04019, 0.04353, 0.06978, 0.14369, 0.03558, 0.00274, 0.08269, 0.16353, 0.18833, 0.10052, 0.03811, 0.15052, 0.19829, 0.10473, 0.09038, 0.19196, 0.15141, 0.07007, 0.03124, 0.11896],[],[],35,0
2.5,177,[0.00136, 0.02198, 0.05975, 0.08978, 0.00482, 0.02118, 0.18291, 0.20498, 0.03991, 0.08148, 0.00353, 0.01434, 0.15835, 0.02711, 0.0039, 0.1097, 0.00394, 0.13013, 0.07893, 0.15675, 0.2036, 0.22243, 0.05251, 0.02795, 0.3121, 0.00489, 0.05018, 0.07041, 0.28332, 0.10592, 0.05026, 0.02866, 0.05464],[],[],33,0
2.5,178,[0.00322, 0.01625, 0.01645, 0.00076, 0.04425, 0.07819, 0.00183, 0.01509, 0.05512, 0.0432, 0.01829, 0.00461, 0.00934, 0.05125, 0.15877, 0.00286, 0.10667, 0.01155, 0.00612, 0.04305, 0.0601, 0.0383, 0.13804, 0.1257, 0.08224, 0.04661, 0.05563, 0.01116, 0.0149, 0.1742, 0.00767, 0.15367, 0.07866, 0.25679, 0.28588, 0.03097, 0.06649, 0.02737, 0.15943, 0.01901, 0.05824, 0.23005, 0.01506],[],[],43,0
2.5,179,[0.01714, 0.04418, 0.00162, 0.02033, 0.00949, 0.00426, 0.02967, 0.05517, 0.03, 0.07753, 0.13081, 0.00588, 0.09117, 0.00307, 0.00955, 0.14447, 0.01315, 0.12398, 0.01893, 0.03168, 0.08747, 0.04739, 0.28387, 0.01828, 0.26758, 0.09416, 0.04241, 0.10407],[],[],28,0
2.5,180,[0.00105, 0.00138, 0.06709, 0.18327, 0.03232, 0.04466, 0.04293, 0.21185, 0.02706, 0.06682, 0.01264, 0.18546, 0.00432, 0.01879, 0.29142, 0.01031, 0.36752, 0.04105, 0.18351, 0.02372, 0.09538, 0.0312, 0.01249, 0.01885, 0.00632, 0.02662, 0.23471, 0.29701, 0.24065, 0.06443, 0.01438, 0.35067, 0.11112],[],[],33,0
2.5,181,[0.00384, 0.02226, 0.08741, 0.10351, 0.0288, 0.00622, 0.02111, 0.02478, 0.11985, 0.11517, 0.01325, 0.0216, 0.0361, 0.02587, 0.00588, 0.01882, 0.07894, 0.15123, 0.03863],[],[],19,0
2.5,182,[0.04212, 0.01464, 0.07741, 0.00199, 0.01878, 0.03126, 0.00976, 0.02964, 0.03011, 0.09524, 0.02871, 0.0064, 0.02284, 0.15449, 0.18435, 0.10147, 0.0086, 0.02161, 0.08356, 0.01793, 0.00453, 0.03215, 0.06465, 0.06174, 0.00483],[],[],25,0
2.5,183,[0.01132, 0.02246, 0.0063, 0.00462, 0.0047, 0.02422, 0.07857, 0.01623, 0.05144, 0.05033, 0.16564, 0.1219, 0.1183, 0.00351, 0.01444, 0.2012, 0.03378, 0.00396, 0.017, 0.23604, 0.19048, 0.23433, 0.18849, 0.1768, 0.00467, 0.05788, 0.09672, 0.01949, 0.07079, 0.02533, 0.29488, 0.02112],[],[],32,0
2.5,184,[0.00275, 0.00632, 0.0236, 0.05787, 0.10466, 0.07444, 0.00823, 0.00286, 0.04987, 0.00949, 0.01043, 0.04885, 0.01749, 0.0248, 0.03266, 0.0111, 0.00377, 0.00764, 0.02332, 0.1356, 0.04241, 0.01706, 0.00428, 0.07774, 0.0173, 0.24975, 0.09604, 0.00944, 0.32404, 0.01003, 0.02515, 0.04594, 0.18439, 0.08439, 0.01059, 0.01084, 0.09787, 0.03811, 0.30246, 0.03856, 0.33023, 0.2396, 0.02936, 0.30058, 0.14245, 0.00599, 0.25246, 0.30424, 0.35306, 0.24285, 0.22382, 0.36676, 0.05806],[],[],53,0
2.5,185,[0.02457, 0.02011, 0.02142, 0.02595, 0.14235, 0.03798, 0.02646, 0.01695, 0.03844, 0.0546, 0.11238, 0.07685, 0.04498, 0.02202, 0.26445, 0.05624, 0.00967, 0.15904, 0.32328, 0.08714, 0.20277, 0.36918, 0.00598, 0.25924, 0.0858, 0.14051, 0.34944, 0.27246, 0.43861, 0.20525, 0.2408, 0.01417, 0.08693, 0.02917, 0.46706, 0.41103, 0.01469, 0.35764, 0.03011, 0.0078, 0.00783, 0.05641, 0.32382, 0.24399, 0.44784, 0.4943, 0.29985, 0.20677, 0.03448, 0.01742, 0.10602, 0.0713, 0.00895, 0.41659, 0.14554],[],[],55,0
2.5,186,[0.03014, 0.01191, 0.00691, 0.02786, 0.01138, 0.0759, 0.07976, 0.09055, 0.02175, 0.04832, 0.07508, 0.10161, 0.01914, 0.05788, 0.04004, 0.08068, 0.00367, 0.06992],[],[],18,0
2.5,187,[0.01257, 0.00097, 0.00477, 0.05165, 0.01199, 0.07814, 0.01585, 0.12249, 0.09302, 0.12468, 0.14208, 0.11264, 0.02167, 0.04749, 0.22101, 0.02684, 0.12338, 0.01166, 0.08652, 0.26534, 0.00821, 0.02238, 0.05974, 0.09522, 0.13643, 0.14939, 0.17448, 0.10618, 0.00506, 0.0978, 0.10447, 0.24276, 0.06469, 0.08511, 0.13639, 0.3074, 0.07472],[],[],37,0
2.5,188,[0.01009, 0.0029, 0.0062, 0.03622, 0.00515, 0.03415, 0.03813, 0.06911, 0.00335, 0.04037, 0.11192, 0.00748, 0.09436, 0.0318, 0.2634, 0.14304, 0.03737, 0.00433, 0.01396, 0.27081, 0.17245, 0.06931, 0.0252, 0.00518],[],[],24,0
2.5,189,[0.00061, 0.0018, 0.03526, 0.03031, 0.10093, 0.01054, 0.10846, 0.04072, 0.16029, 0.09606, 0.03245, 0.19861, 0.04336, 0.06967, 0.16292, 0.08196, 0.03372, 0.03045, 0.06496, 0.11506, 0.05291, 0.15227, 0.02506, 0.03425, 0.04319, 0.30223, 0.2376, 0.28807, 0.09182, 0.00483, 0.02468, 0.08015, 0.0803, 0.0784],[],[],34,0
2.5,190,[0.00076, 0.01541, 0.08485, 0.0134, 0.0057, 0.06657, 0.02352, 0.09478, 0.10492, 0.07184, 0.10065, 0.03636, 0.03375, 0.00563, 0.0873, 0.00914, 0.09146, 0.17937, 0.09368, 0.01327, 0.07047, 0.0716, 0.16764, 0.10635, 0.06091, 0.25693, 0.17606, 0.22158, 0.0168, 0.03797, 0.16473, 0.0485, 0.28228],[],[],33,0
2.5,191,[0.00748, 0.00227, 0.01633, 0.00175, 0.00594, 0.00225, 0.06325, 0.00455, 0.00692, 0.01225, 0.01156, 0.17612, 0.03478, 0.11517, 0.21738, 0.00393, 0.02755, 0.03253, 0.29948, 0.03794, 0.20751, 0.07806, 0.31499, 0.17904, 0.21118, 0.04798, 0.06457, 0.00539, 0.19027, 0.07221, 0.29509, 0.07952, 0.01165, 0.02936, 0.06519, 0.04152, 0.06152, 0.29849, 0.03189, 0.00642, 0.1883, 0.0651, 0.07841, 0.00667, 0.41514, 0.08119, 0.44754, 0.07074],[],[],48,0
2.5,192,[0.03669, 0.05363, 0.00512, 0.00258, 0.05735, 0.04983, 0.02423, 0.01525, 0.10761, 0.01907, 0.1395, 0.09741, 0.03993, 0.07862, 0.00344, 0.07273, 0.11927, 0.01773, 0.04616, 0.04282, 0.03269, 0.05846, 0.00381, 0.05737, 0.01538, 0.00809, 0.14222, 0.00411, 0.03462],[],[],29,0
2.5,193,[0.00318, 0.00283, 0.00755, 0.02588, 0.00426, 0.0503, 0.02351, 0.11858, 0.02146, 0.0027, 0.03989, 0.19521, 0.05893, 0.02497, 0.00325, 0.05857, 0.07262, 0.16862, 0.0504, 0.117, 0.01081, 0.17698, 0.04906, 0.09988, 0.00385, 0.02603, 0.09264, 0.138, 0.1505, 0.03798],[],[],30,0
2.5,194,[0.06446, 0.06107, 0.01565, 0.00132, 0.03208, 0.03046, 0.03371, 0.10931, 0.06585, 0.05, 0.07734, 0.1185, 0.00907, 0.04429, 0.01027, 0.03913, 0.00404, 0.05299, 0.04701, 0.04369, 0.02223, 0.00892, 0.01338, 0.04955, 0.06286, 0.01475, 0.02468],[],[],27,0
2.5,195,[0.00095, 0.01747, 0.06646, 0.00489, 0.06752, 0.00726, 0.00994, 0.00546, 0.01367, 0.04505, 0.00576, 0.06463, 0.10983, 0.01259, 0.0194, 0.02448, 0.00383, 0.14947, 0.00883, 0.02231, 0.04951, 0.30387, 0.04265, 0.27499, 0.12075, 0.08626, 0.0606, 0.04452, 0.07794, 0.19527, 0.0171, 0.0173, 0.00578, 0.01155],[],[],34,0
2.5,196,[0.0163, 0.00358, 0.06097, 0.07419, 0.00496, 0.01008, 0.03236, 0.00197, 0.114, 0.10593, 0.04705, 0.08624, 0.00916, 0.1724, 0.00971, 0.10349, 0.13154, 0.0833, 0.03073],[],[],19,0
2.5,197,[0.01004, 0.00103, 0.00372, 0.0324, 0.10724, 0.00229, 0.02557, 0.14581, 0.00258, 0.15048, 0.14856, 0.04603, 0.09493, 0.18415, 0.04445, 0.02772, 0.0719, 0.1147, 0.00327, 0.21319, 0.02339, 0.21871, 0.15792, 0.06835, 0.07997, 0.05881, 0.00408, 0.06151, 0.22257, 0.04146, 0.16712, 0.00418, 0.1017, 0.00446, 0.05017, 0.0046],[],[],36,0
2.5,198,[0.01121, 0.00268, 0.0076, 0.02029, 0.06528, 0.10962, 0.01376, 0.08321, 0.02405, 0.0246, 0.01252, 0.05181, 0.16374, 0.12703, 0.07041, 0.02732, 0.01589, 0.00645, 0.07261, 0.19182, 0.04627, 0.12409, 0.05325, 0.01158, 0.01985, 0.00405, 0.01776, 0.10536, 0.17062, 0.07162, 0.25194, 0.01533, 0.01536, 0.16499, 0.26307, 0.02581, 0.16076, 0.01601, 0.12823, 0.01619],[],[],40,0
2.5,199,[0.02609, 0.02145, 0.0456, 0.10927, 0.08999, 0.11645, 0.01232, 0.00548, 0.05993, 0.12936, 0.0441, 0.00653, 0.0135, 0.03151, 0.0142, 0.1974, 0.0541, 0.04121, 0.0577],[],[],19,0

