3.5,0,"[0.00067, 0.00119, 0.00204, 0.02537, 0.00266, 0.00336, 0.04318, 0.00442, 0.00607, 0.03916, 0.00669, 0.06044, 0.01452, 0.03768, 0.01535, 0.04613, 0.00785, 0.00786, 0.00808, 0.00812, 0.00823, 0.00829, 0.06628, 0.00847, 0.00847, 0.00864, 0.01737, 0.00912, 0.00916, 0.00927, 0.05717, 0.00974, 0.09761, 0.02018, 0.02061, 0.02204, 0.01113, 0.02269, 0.09142, 0.12903, 0.01175, 0.02365, 0.01185]","[]","[]",43,0
3.5,1,"[0.00453, 0.0104, 0.0053, 0.0062, 0.00314, 0.00316, 0.02442, 0.00381, 0.00394, 0.07358, 0.05894, 0.00667, 0.09151, 0.02129, 0.04988, 0.00773, 0.00785, 0.00839, 0.00853, 0.01766, 0.00934, 0.0094, 0.02848, 0.00956, 0.01941, 0.00997, 0.05019, 0.01027, 0.05319, 0.01067, 0.03239, 0.11935, 0.01087, 0.05549, 0.02221, 0.20269, 0.01126, 0.01156, 0.01161, 0.047, 0.03539, 0.01182, 0.02377, 0.07338, 0.13603, 0.01238, 0.01275, 0.013, 0.15716, 0.19688, 0.06673, 0.13401, 0.01377, 0.01406, 0.01408]","[]","[]",55,0
3.5,2,"[0.00145, 0.00206, 0.00314, 0.01308, 0.00441, 0.0101, 0.0056, 0.00579, 0.04862, 0.04284, 0.00621, 0.00724, 0.03931, 0.00822, 0.00826, 0.0083, 0.02654, 0.02702, 0.03735, 0.00938, 0.00946, 0.03961, 0.03009, 0.02009, 0.05063, 0.02056, 0.02067, 0.03126, 0.08521, 0.01079, 0.02159, 0.01079, 0.0344, 0.02365, 0.13146, 0.04783, 0.01216, 0.01218, 0.01224, 0.01236, 0.01238, 0.0637, 0.05131, 0.0517, 0.0389]","[]","[]",45,0
3.5,3,"[0.00283, 0.00287, 0.0033, 0.00673, 0.0169, 0.01825, 0.03665, 0.00408, 0.00449, 0.00463, 0.00475, 0.01536, 0.00545, 0.00549, 0.00564, 0.07836, 0.00608, 0.01285, 0.04036, 0.00673, 0.12403, 0.08433, 0.0552, 0.05214, 0.00875, 0.01843, 0.00928, 0.02801, 0.00965, 0.00967, 0.00993, 0.01005, 0.0328, 0.12062, 0.01126, 0.01128, 0.07965, 0.02309, 0.01155, 0.04633, 0.01159, 0.1647, 0.05902, 0.01203, 0.08465, 0.02501, 0.03772, 0.06396, 0.02639, 0.01322, 0.01326, 0.01329, 0.01345, 0.0404, 0.04116, 0.06873, 0.01396, 0.01415, 0.07177, 0.02912, 0.01463, 0.01475]","[]","[]",62,0
3.5,4,"[0.00233, 0.00283, 0.00586, 0.00294, 0.05342, 0.00486, 0.01076, 0.01134, 0.01178, 0.00781, 0.00802, 0.00804, 0.01612, 0.00808, 0.01645, 0.07787, 0.01742, 0.00929, 0.01865, 0.00943, 0.09523, 0.02908, 0.01006, 0.0505, 0.03145, 0.04396, 0.09162, 0.01179, 0.01201, 0.01232, 0.02471, 0.01248, 0.01264, 0.01283, 0.01292, 0.01297, 0.013, 0.0393, 0.0136, 0.01373, 0.12361, 0.02857, 0.08655, 0.01447, 0.01461, 0.01466, 0.04433]","[]","[]",47,0
3.5,5,"[0.00091, 0.00221, 0.00517, 0.00207, 0.00219, 0.00318, 0.00689, 0.02997, 0.00475, 0.00485, 0.04024, 0.07681, 0.00568, 0.00668, 0.04299, 0.00739, 0.02346, 0.05622, 0.0083, 0.00836, 0.00861, 0.08701, 0.01773, 0.01789, 0.00901, 0.00953, 0.00959, 0.00962, 0.00973, 0.03907, 0.01992, 0.01999, 0.01022, 0.01058, 0.0743, 0.01064, 0.02204, 0.02209, 0.01138, 0.0229, 0.01148, 0.02311, 0.06977]","[]","[]",43,0
3.5,6,"[0.01918, 0.00205, 0.00688, 0.00348, 0.03576, 0.00934, 0.02458, 0.04143, 0.01068, 0.03245, 0.00563, 0.00564, 0.0059, 0.04961, 0.03399, 0.00701, 0.00704, 0.01466, 0.07376, 0.00755, 0.02347, 0.0317, 0.00812, 0.06559, 0.00848, 0.13033, 0.03548, 0.03615, 0.02753, 0.00927, 0.00971, 0.00974, 0.12003, 0.01011, 0.091, 0.01021, 0.01026]","[]","[]",37,0
3.5,7,"[0.0017, 0.00207, 0.00504, 0.00842, 0.00319, 0.00983, 0.03578, 0.01269, 0.00433, 0.00451, 0.00465, 0.04798, 0.0057, 0.0059, 0.03901, 0.02686, 0.01368, 0.00724, 0.00761, 0.00789, 0.02433, 0.00826, 0.04984, 0.00838, 0.0949, 0.01756, 0.00922, 0.01918, 0.00988, 0.04012, 0.01011, 0.06071, 0.01048, 0.02124, 0.01129, 0.0227, 0.02383, 0.0723, 0.01214, 0.01232, 0.01234, 0.01247, 0.02501, 0.01258, 0.01265, 0.02544]","[]","[]",46,0
3.5,8,"[0.04198, 0.02696, 0.01286, 0.00904, 0.0245, 0.0049, 0.01074, 0.02171, 0.01212, 0.00624, 0.00626, 0.01282, 0.00672, 0.02089, 0.08454, 0.00811, 0.00816, 0.08083, 0.00899, 0.02722, 0.00912, 0.00918, 0.00943, 0.00967, 0.0877, 0.10951, 0.03014, 0.01025, 0.01068, 0.13181]","[]","[]",30,0
3.5,9,"[0.00239, 0.00259, 0.00294, 0.04299, 0.00935, 0.03197, 0.01649, 0.00385, 0.00459, 0.02396, 0.00985, 0.0148, 0.02531, 0.00508, 0.00512, 0.0053, 0.01128, 0.00608, 0.01216, 0.01251, 0.00664, 0.00679, 0.00715, 0.07224, 0.03989, 0.00809, 0.02505, 0.00853, 0.03435, 0.00877, 0.03571, 0.00895, 0.03594, 0.00929, 0.00938, 0.1056, 0.01009, 0.01014, 0.02062, 0.01068, 0.07518, 0.01107, 0.02245, 0.04565, 0.01155, 0.01157, 0.17375, 0.12953, 0.02411, 0.01218, 0.13525, 0.03692, 0.08778, 0.02525, 0.03815, 0.07717, 0.09048, 0.0388, 0.01296, 0.01325, 0.01338, 0.01353, 0.0137, 0.12457]","[]","[]",64,0
3.5,10,"[0.00131, 0.01811, 0.00269, 0.00561, 0.0178, 0.00322, 0.00409, 0.00469, 0.00493, 0.01513, 0.08432, 0.01129, 0.00584, 0.02347, 0.00604, 0.00611, 0.00621, 0.00623, 0.094, 0.00706, 0.00728, 0.05213, 0.01546, 0.00785, 0.008, 0.06426, 0.01637, 0.00823, 0.02475, 0.00849, 0.01735, 0.0087, 0.0176, 0.00885, 0.00949, 0.02898, 0.05803, 0.0194, 0.04923, 0.00987, 0.02, 0.01002, 0.01031, 0.03106, 0.06223, 0.01059, 0.01059, 0.08489, 0.01071, 0.10889, 0.12083, 0.04433]","[]","[]",52,0
3.5,11,"[0.01931, 0.00775, 0.01169, 0.00405, 0.00892, 0.04417, 0.04984, 0.00558, 0.00609, 0.01979, 0.00673, 0.04261, 0.0079, 0.00792, 0.01621, 0.00821, 0.0248, 0.1106, 0.00887, 0.06235, 0.00899, 0.00911, 0.01853, 0.04759, 0.01026, 0.02061, 0.01048, 0.01062, 0.02136, 0.02141, 0.01075, 0.03239, 0.03326, 0.02295, 0.01166, 0.01168, 0.01194, 0.10798, 0.01205, 0.07456, 0.01249, 0.01258, 0.11488]","[]","[]",43,0
3.5,12,"[0.0002, 0.0007, 0.0013, 0.00264, 0.00431, 0.00262, 0.00452, 0.00456, 0.00484, 0.02155, 0.02244, 0.00596, 0.00616, 0.00658, 0.00667, 0.00682, 0.00722, 0.05953, 0.00751, 0.01576, 0.00825, 0.01763, 0.12936, 0.0093, 0.00935, 0.0188, 0.00946, 0.05724, 0.00962, 0.17636, 0.00991, 0.01009, 0.01036, 0.04156, 0.0106, 0.02121, 0.02161, 0.05468, 0.04455, 0.01114, 0.02235, 0.12562, 0.01175, 0.012, 0.12428, 0.02496, 0.01264, 0.01275, 0.19366, 0.02594, 0.14323, 0.01303, 0.17027, 0.01351, 0.06824, 0.0277, 0.02787, 0.06986, 0.05638, 0.07184, 0.16326, 0.02984, 0.01493, 0.02987, 0.01498, 0.01516, 0.0152, 0.01521, 0.03133, 0.15722, 0.01597, 0.01599, 0.01601, 0.01609, 0.03238]","[]","[]",75,0
3.5,13,"[0.01736, 0.00178, 0.00252, 0.04498, 0.00343, 0.00477, 0.02436, 0.01, 0.02195, 0.0178, 0.00597, 0.00602, 0.03279, 0.00659, 0.00669, 0.07457, 0.02792, 0.04625, 0.01594, 0.02403, 0.00809, 0.03712, 0.00975, 0.00978, 0.01955, 0.01969, 0.14855, 0.09973, 0.07143, 0.01025, 0.11392, 0.07322, 0.0429, 0.02152, 0.01079, 0.05431, 0.01116, 0.01124, 0.01134, 0.01146, 0.02344, 0.01187, 0.0119, 0.01214, 0.08552]","[]","[]",45,0
3.5,14,"[0.00131, 0.00342, 0.00345, 0.00351, 0.02747, 0.03772, 0.01294, 0.00461, 0.0052, 0.00551, 0.01252, 0.02737, 0.00712, 0.00737, 0.02335, 0.03257, 0.02453, 0.00819, 0.00863, 0.00869, 0.0089, 0.12523, 0.00951, 0.02864, 0.08591, 0.03834, 0.09188, 0.01024, 0.0103, 0.04156, 0.04192, 0.09757, 0.02169, 0.01096, 0.03304, 0.01103, 0.01121, 0.02288, 0.02316, 0.035, 0.02358, 0.01182, 0.03549, 0.02371]","[]","[]",44,0
3.5,15,"[0.00232, 0.00217, 0.00709, 0.00426, 0.00438, 0.00918, 0.00492, 0.01489, 0.00505, 0.01212, 0.01254, 0.00701, 0.00712, 0.0147, 0.00764, 0.03105, 0.00788, 0.03169, 0.04848, 0.07491, 0.00835, 0.00842, 0.01698, 0.00903, 0.04559, 0.01848, 0.16779, 0.06711, 0.00962, 0.00975, 0.00981, 0.02037, 0.0103, 0.01032, 0.02113, 0.01089, 0.05488, 0.04442, 0.01135, 0.02291, 0.04678, 0.03526, 0.07062, 0.02356, 0.16612, 0.0242]","[]","[]",46,0
3.5,16,"[0.00686, 0.00464, 0.0048, 0.0049, 0.04139, 0.01108, 0.08619, 0.00625, 0.01288, 0.00666, 0.07321, 0.00744, 0.03169, 0.00816, 0.0082, 0.00823, 0.00825, 0.03408, 0.01745, 0.00885, 0.00922, 0.02776, 0.00953, 0.00959, 0.00972, 0.00973, 0.00993, 0.00995, 0.11176, 0.05105, 0.11636, 0.04249, 0.14115, 0.01104, 0.12226, 0.01112, 0.03364, 0.11419, 0.206, 0.02293, 0.0116, 0.01168, 0.04716, 0.01194, 0.02399, 0.01225, 0.02482, 0.18645, 0.01263, 0.0129, 0.0262, 0.01349, 0.04082, 0.01368, 0.02786, 0.01409, 0.01428, 0.02869, 0.05903, 0.01489, 0.01494, 0.01495, 0.01506, 0.01534, 0.10929, 0.04705, 0.01571, 0.03147, 0.11053, 0.01582]","[]","[]",70,0
3.5,17,"[0.00077, 0.0032, 0.01638, 0.01335, 0.07258, 0.00405, 0.00464, 0.01408, 0.00471, 0.01215, 0.00649, 0.00745, 0.05493, 0.00798, 0.00812, 0.00824, 0.00833, 0.03335, 0.03352, 0.04218, 0.00844, 0.01698, 0.00852, 0.01737, 0.06132, 0.02676, 0.05388, 0.00921, 0.01918, 0.00962, 0.00971, 0.00972, 0.05925, 0.00995, 0.01017, 0.0532, 0.03222, 0.01076, 0.05488, 0.01108, 0.01122, 0.01141, 0.10413, 0.02328, 0.10522, 0.04749, 0.01209, 0.01224, 0.02463, 0.01241, 0.01271, 0.01285, 0.02603, 0.16303, 0.08181, 0.12341, 0.17903, 0.09655, 0.08391]","[]","[]",59,0
3.5,18,"[0.00198, 0.006, 0.0032, 0.00456, 0.00524, 0.02099, 0.00591, 0.00601, 0.00715, 0.00742, 0.00747, 0.01554, 0.01573, 0.00791, 0.00838, 0.01701, 0.05315, 0.00948, 0.04751, 0.06011, 0.01044, 0.01066, 0.01131, 0.01137, 0.0235, 0.01184, 0.01201, 0.02463, 0.02572, 0.03867, 0.14308, 0.01303, 0.05245, 0.11834, 0.01323, 0.01332, 0.01367, 0.04105, 0.02747, 0.05519, 0.01385, 0.01405, 0.11239, 0.01407, 0.14125, 0.01415, 0.07099, 0.0143]","[]","[]",48,0
3.5,19,"[0.00128, 0.00492, 0.03261, 0.00238, 0.00935, 0.00661, 0.00357, 0.00841, 0.00459, 0.03924, 0.01506, 0.01007, 0.09119, 0.0052, 0.02708, 0.00549, 0.00551, 0.0353, 0.09457, 0.01811, 0.00619, 0.00643, 0.0198, 0.00701, 0.00726, 0.0078, 0.00798, 0.02492, 0.15028, 0.00887, 0.03857, 0.0195, 0.00976, 0.01, 0.02021, 0.05073, 0.02059, 0.01038, 0.0208, 0.02165, 0.01137, 0.02297, 0.0116, 0.01163, 0.01166, 0.01194, 0.07167, 0.03662, 0.01247, 0.03808, 0.03951, 0.01318, 0.17164, 0.27762, 0.09364, 0.01338, 0.0142]","[]","[]",57,0
3.5,20,"[0.008, 0.00641, 0.01397, 0.00792, 0.00809, 0.00409, 0.00429, 0.00937, 0.00484, 0.00492, 0.00493, 0.0104, 0.00581, 0.07088, 0.00733, 0.00781, 0.0173, 0.00866, 0.05785, 0.04853, 0.01, 0.01013, 0.02055, 0.10394, 0.02158, 0.01092, 0.03334, 0.02245, 0.02248, 0.01172, 0.07066, 0.10867, 0.0121, 0.04915, 0.01235, 0.01235, 0.01265, 0.01293, 0.01316, 0.01359, 0.17729, 0.04176, 0.01399, 0.02801, 0.04253, 0.11349, 0.01419, 0.01421, 0.01453, 0.01486]","[]","[]",50,0
3.5,21,"[0.00734, 0.0026, 0.00281, 0.00294, 0.00323, 0.01848, 0.0081, 0.0289, 0.03263, 0.00599, 0.00619, 0.06495, 0.07258, 0.01356, 0.02103, 0.00716, 0.00719, 0.00767, 0.00771, 0.11311, 0.00838, 0.00845, 0.00859, 0.02606, 0.04416, 0.07969, 0.12074, 0.01955, 0.10755, 0.01009, 0.0106, 0.0111, 0.02255, 0.01147, 0.11503, 0.02307, 0.01169, 0.01176, 0.04781, 0.01202, 0.02419, 0.01211, 0.01212, 0.01234, 0.01252, 0.0255, 0.12892, 0.01316, 0.01332, 0.01344]","[]","[]",50,0
3.5,22,"[0.00022, 0.00207, 0.01166, 0.00738, 0.05599, 0.00425, 0.02821, 0.00494, 0.04247, 0.05941, 0.0163, 0.01161, 0.00643, 0.00677, 0.00695, 0.02929, 0.03109, 0.00812, 0.00879, 0.01785, 0.05426, 0.00905, 0.00906, 0.05508, 0.00935, 0.00944, 0.00962, 0.01935, 0.01941, 0.00995, 0.05046, 0.01021, 0.04148, 0.02088, 0.14937, 0.01069, 0.0325, 0.01101, 0.01109, 0.08917, 0.01159, 0.01212, 0.02536, 0.14006, 0.01309, 0.03943, 0.01315, 0.01335, 0.01343, 0.15041, 0.01377, 0.0977, 0.01414, 0.12809, 0.01459, 0.01475, 0.04454]","[]","[]",57,0
3.5,23,"[0.00125, 0.00466, 0.02131, 0.00315, 0.08076, 0.00944, 0.00476, 0.0055, 0.0063, 0.00654, 0.00666, 0.049, 0.02227, 0.00744, 0.07583, 0.0309, 0.01552, 0.00778, 0.00863, 0.0176, 0.05431, 0.04553, 0.00919, 0.00935, 0.02965, 0.01995, 0.00999, 0.01007, 0.02063, 0.01067, 0.01068, 0.01069, 0.01075, 0.02221, 0.06673, 0.01129, 0.01139, 0.02279, 0.0692, 0.01224, 0.01251, 0.01266, 0.01267, 0.05266]","[]","[]",44,0
3.5,24,"[0.00252, 0.00289, 0.00304, 0.01247, 0.01295, 0.0444, 0.01537, 0.0163, 0.00672, 0.01471, 0.00736, 0.09947, 0.03844, 0.1104, 0.01683, 0.00869, 0.02626, 0.02646, 0.00902, 0.00921, 0.01843, 0.00998, 0.01005, 0.02027, 0.06171, 0.11345, 0.01041, 0.1103, 0.01104, 0.12494, 0.08004, 0.01207, 0.01259, 0.02522, 0.01291, 0.20069, 0.12214, 0.01411, 0.05674, 0.04283, 0.01449, 0.01455, 0.0146, 0.01464, 0.01466, 0.07338, 0.04503, 0.07526]","[]","[]",48,0
3.5,25,"[0.00198, 0.00256, 0.00312, 0.00641, 0.00378, 0.00383, 0.04325, 0.00439, 0.00468, 0.04006, 0.00552, 0.0062, 0.00622, 0.00671, 0.072, 0.04342, 0.07411, 0.0075, 0.00757, 0.01534, 0.0079, 0.00817, 0.00823, 0.00851, 0.05187, 0.07886, 0.00897, 0.08128, 0.00966, 0.00969, 0.02939, 0.00999, 0.01026, 0.08221, 0.01059, 0.01136, 0.0231, 0.01192, 0.012, 0.01214, 0.02457, 0.01255, 0.01283, 0.01283, 0.01295, 0.013, 0.03902, 0.01301, 0.01306, 0.01314, 0.01322, 0.13319, 0.06703, 0.02726, 0.01375, 0.01409, 0.01416, 0.01428, 0.01436, 0.01455, 0.0146, 0.07366]","[]","[]",62,0
3.5,26,"[0.00174, 0.01011, 0.00402, 0.00423, 0.00499, 0.00501, 0.00557, 0.00563, 0.00658, 0.0355, 0.0072, 0.00733, 0.00738, 0.00748, 0.00779, 0.00811, 0.02442, 0.11463, 0.0085, 0.00881, 0.00898, 0.00924, 0.00934, 0.00944, 0.00956, 0.08908, 0.01, 0.01061, 0.01089, 0.01121, 0.01141, 0.01148, 0.01161, 0.1051, 0.04826, 0.01281, 0.02578, 0.01289, 0.01296, 0.02707, 0.01356, 0.01401, 0.07123, 0.0288, 0.01463, 0.04412, 0.01473, 0.01484, 0.07486, 0.06045, 0.01526, 0.01545, 0.03093, 0.07739, 0.14353, 0.01601, 0.01618, 0.01634, 0.01642, 0.01643, 0.01696, 0.10212]","[]","[]",62,0
3.5,27,"[0.00434, 0.00132, 0.00221, 0.01658, 0.00348, 0.03, 0.00434, 0.03994, 0.0045, 0.00467, 0.00468, 0.00593, 0.00636, 0.03398, 0.01391, 0.00712, 0.00732, 0.01517, 0.00771, 0.00775, 0.00783, 0.00799, 0.00815, 0.04451, 0.01837, 0.03689, 0.00928, 0.01871, 0.00939, 0.00987, 0.08953, 0.03006, 0.01009, 0.01021, 0.01024, 0.09582, 0.01066, 0.05352, 0.04389, 0.09288]","[]","[]",40,0
3.5,28,"[0.01328, 0.00283, 0.01577, 0.00569, 0.00594, 0.00662, 0.00668, 0.00706, 0.0071, 0.0077, 0.00823, 0.01659, 0.00843, 0.0437, 0.00878, 0.0182, 0.05467, 0.01912, 0.00989, 0.00998, 0.01001, 0.01001, 0.01015, 0.07599, 0.1105, 0.02247, 0.02318, 0.01162, 0.01182, 0.02421, 0.12186, 0.01223, 0.01251, 0.05086, 0.01273, 0.02547, 0.01316, 0.05282, 0.02697, 0.14884, 0.01383, 0.01393, 0.05581, 0.02809, 0.14157, 0.01426, 0.01431, 0.01436, 0.01439, 0.01443, 0.02899, 0.05849]","[]","[]",52,0
3.5,29,"[0.0044, 0.00096, 0.00288, 0.00305, 0.00884, 0.00903, 0.00277, 0.00347, 0.00744, 0.00413, 0.00449, 0.00458, 0.00489, 0.00502, 0.00517, 0.0053, 0.01272, 0.09902, 0.12008, 0.02712, 0.07117, 0.00808, 0.00852, 0.01707, 0.01743, 0.1438, 0.00915, 0.00927, 0.00939, 0.06673, 0.00959, 0.00963, 0.00995, 0.02, 0.0616, 0.01047, 0.01053, 0.02178, 0.0218, 0.01096, 0.01109, 0.01124, 0.17088, 0.05722, 0.01147, 0.01167, 0.03602, 0.01274, 0.03854, 0.01294, 0.01303, 0.11821]","[]","[]",52,0
3.5,30,"[0.00438, 0.05964, 0.00374, 0.01335, 0.00448, 0.02149, 0.0055, 0.0062, 0.0065, 0.00669, 0.00696, 0.00805, 0.00807, 0.03606, 0.06335, 0.00947, 0.00952, 0.00962, 0.01004, 0.01028, 0.03147, 0.01071, 0.02161, 0.0109, 0.0219, 0.01095, 0.03353, 0.01129, 0.01157, 0.058, 0.01161, 0.01179, 0.01181, 0.01207, 0.04857, 0.01239, 0.0376, 0.03792, 0.01271, 0.03821, 0.01284, 0.01291, 0.01303, 0.01329, 0.01338, 0.05388, 0.01347, 0.01358, 0.04089]","[]","[]",49,0
3.5,31,"[0.00101, 0.00214, 0.01533, 0.00379, 0.00501, 0.00514, 0.00578, 0.00609, 0.00619, 0.01288, 0.00646, 0.02042, 0.00681, 0.0075, 0.01608, 0.00817, 0.00823, 0.02512, 0.00846, 0.03507, 0.01764, 0.00889, 0.11581, 0.00896, 0.00908, 0.00936, 0.0388, 0.00989, 0.00998, 0.01024, 0.09305, 0.06548, 0.01093, 0.11024, 0.01116, 0.05582, 0.01118, 0.02287, 0.05768, 0.03676, 0.01248, 0.01249, 0.10019]","[]","[]",43,0
3.5,32,"[0.0156, 0.00319, 0.01788, 0.00381, 0.05109, 0.00396, 0.00403, 0.00409, 0.0096, 0.005, 0.00524, 0.00554, 0.00563, 0.00576, 0.00591, 0.00641, 0.00681, 0.02099, 0.007, 0.01455, 0.02195, 0.03732, 0.00765, 0.00793, 0.00805, 0.00846, 0.01753, 0.00886, 0.01786, 0.00895, 0.01803, 0.00905, 0.01902, 0.01966, 0.01009, 0.01031, 0.01042, 0.01056, 0.18377, 0.01106, 0.02269, 0.02275, 0.01186, 0.01189, 0.02403, 0.01206, 0.01214, 0.07311, 0.01282, 0.01283, 0.01287, 0.01378, 0.01379, 0.01385, 0.04228, 0.01443]","[]","[]",56,0
3.5,33,"[0.0011, 0.00243, 0.02565, 0.00704, 0.00314, 0.00318, 0.00392, 0.00434, 0.0135, 0.00458, 0.00523, 0.02265, 0.04555, 0.01182, 0.00627, 0.11463, 0.00665, 0.01335, 0.02711, 0.00682, 0.01408, 0.00713, 0.00716, 0.0217, 0.11804, 0.02286, 0.13424, 0.02407, 0.00805, 0.00808, 0.01624, 0.04103, 0.00827, 0.00959, 0.02887, 0.01939, 0.04855, 0.05845, 0.01988, 0.01002, 0.03035, 0.0107, 0.01082, 0.14841, 0.01143, 0.02367, 0.02404, 0.01216, 0.01232, 0.0127, 0.0127, 0.02599, 0.27392, 0.01326, 0.01328, 0.01333, 0.01375, 0.01377, 0.15457]","[]","[]",59,0
3.5,34,"[0.03136, 0.00341, 0.0035, 0.00901, 0.01901, 0.04734, 0.006, 0.00614, 0.00741, 0.00766, 0.05607, 0.01666, 0.0084, 0.00853, 0.00875, 0.01771, 0.0178, 0.00896, 0.03754, 0.00953, 0.14375, 0.02876, 0.00989, 0.03986, 0.05046, 0.01043, 0.01074, 0.01098, 0.03422, 0.01173, 0.14812, 0.01252, 0.01268, 0.01307, 0.0133, 0.01345, 0.02733, 0.11182, 0.01402, 0.01408, 0.01418, 0.15631, 0.01434, 0.01435, 0.0146, 0.07324, 0.04411, 0.02947]","[]","[]",48,0
3.5,35,"[0.0071, 0.00351, 0.00356, 0.05698, 0.00999, 0.00535, 0.0054, 0.08424, 0.01125, 0.00668, 0.00736, 0.01483, 0.00751, 0.07728, 0.01671, 0.00847, 0.03821, 0.00978, 0.03954, 0.01023, 0.05207, 0.0107, 0.01071, 0.04625, 0.05924, 0.18103, 0.01209, 0.02447, 0.01226, 0.0124, 0.01269, 0.0132, 0.04028, 0.01344, 0.01345, 0.01348, 0.01355, 0.09491, 0.02735, 0.05487]","[]","[]",40,0
3.5,36,"[0.00102, 0.00205, 0.00131, 0.01126, 0.01132, 0.01836, 0.0702, 0.00874, 0.0049, 0.0104, 0.00539, 0.01252, 0.00636, 0.00652, 0.13808, 0.02667, 0.00685, 0.00751, 0.02292, 0.0464, 0.11152, 0.0082, 0.01652, 0.06237, 0.1003]","[]","[]",25,0
3.5,37,"[0.00746, 0.00289, 0.02613, 0.00335, 0.00432, 0.00437, 0.0044, 0.02231, 0.02763, 0.00545, 0.02844, 0.01746, 0.00583, 0.00597, 0.01247, 0.00641, 0.00661, 0.06702, 0.00675, 0.00675, 0.00698, 0.00703, 0.00708, 0.06463, 0.07457, 0.00823, 0.00846, 0.00856, 0.00864, 0.00875, 0.00896, 0.00908, 0.00913, 0.0092, 0.00931, 0.00955, 0.00974, 0.01, 0.04007, 0.0203, 0.03068, 0.01037, 0.01063, 0.06463, 0.01111, 0.03534, 0.03585, 0.01229, 0.03712, 0.13878, 0.11523, 0.12833, 0.01288, 0.01291]","[]","[]",54,0
3.5,38,"[0.01686, 0.00374, 0.00376, 0.0041, 0.05464, 0.00842, 0.00455, 0.00558, 0.03411, 0.00607, 0.00621, 0.02542, 0.01295, 0.05499, 0.0075, 0.0151, 0.00798, 0.00809, 0.02589, 0.00876, 0.13273, 0.03573, 0.02844, 0.00996, 0.00996, 0.01003, 0.01024, 0.01097, 0.08859, 0.01112, 0.02283, 0.01149, 0.01184, 0.01203, 0.01206, 0.04838, 0.02472, 0.01255, 0.05045, 0.01262, 0.11505, 0.01282, 0.01303, 0.0922, 0.02657, 0.0268, 0.04026, 0.0138, 0.1117, 0.04206, 0.01422, 0.01432, 0.01471, 0.05974, 0.01514]","[]","[]",55,0
3.5,39,"[0.01683, 0.01092, 0.00313, 0.00324, 0.01566, 0.06323, 0.00949, 0.00492, 0.06974, 0.01164, 0.0474, 0.00698, 0.00732, 0.11412, 0.01545, 0.11018, 0.0635, 0.00812, 0.00823, 0.01684, 0.01847, 0.03741, 0.04872, 0.07798, 0.02965, 0.00998, 0.01001, 0.03036, 0.01014, 0.01027, 0.01054, 0.04227, 0.0107, 0.06437, 0.02155, 0.01086, 0.04377, 0.01116, 0.05814, 0.02334, 0.09455, 0.01204, 0.01215, 0.01222, 0.02465]","[]","[]",45,0
3.5,40,"[0.00375, 0.05588, 0.04023, 0.0121, 0.01333, 0.00472, 0.00475, 0.00488, 0.00498, 0.00514, 0.00636, 0.01383, 0.007, 0.01405, 0.05711, 0.01446, 0.01464, 0.00768, 0.08188, 0.00825, 0.01806, 0.10539, 0.10776, 0.00997, 0.0201, 0.13676, 0.11658, 0.01069, 0.04342, 0.01099, 0.01105, 0.01131, 0.08006, 0.02297, 0.0116, 0.01162, 0.05877, 0.02387, 0.18257, 0.01232, 0.04943, 0.01253, 0.0126, 0.01269, 0.01306, 0.01313, 0.01316, 0.01325, 0.23856, 0.01334, 0.04019, 0.02681, 0.02724, 0.09591, 0.01371, 0.15497, 0.02875, 0.01439, 0.07369, 0.04462, 0.01507, 0.01526, 0.01527, 0.01533]","[]","[]",64,0
3.5,41,"[0.00212, 0.00263, 0.00632, 0.00319, 0.00368, 0.00846, 0.01905, 0.0202, 0.00549, 0.05617, 0.03744, 0.01266, 0.00682, 0.00694, 0.00715, 0.00727, 0.00762, 0.00771, 0.00781, 0.00782, 0.01608, 0.00842, 0.01717, 0.0086, 0.04395, 0.0265, 0.0091, 0.00929, 0.00987, 0.00996, 0.13134, 0.02058, 0.03087, 0.01033, 0.01039, 0.01056, 0.0107, 0.04283, 0.02194, 0.01103, 0.01141, 0.01141, 0.01143, 0.01149, 0.01151, 0.01154, 0.01176, 0.02363, 0.04787, 0.01217, 0.02484, 0.01248, 0.01258, 0.01276, 0.0383, 0.01299, 0.05313, 0.01347]","[]","[]",58,0
3.5,42,"[0.00156, 0.00632, 0.00896, 0.00271, 0.00277, 0.00305, 0.00389, 0.00439, 0.0046, 0.03236, 0.0287, 0.00487, 0.0099, 0.00526, 0.02312, 0.00599, 0.01864, 0.01252, 0.00692, 0.06688, 0.02254, 0.05261, 0.01524, 0.02396, 0.00821, 0.03338, 0.01677, 0.00854, 0.05185, 0.00901, 0.00931, 0.16833, 0.05627, 0.01883, 0.00954, 0.05882, 0.07097, 0.03141, 0.04206, 0.01056, 0.02145, 0.04537, 0.07942, 0.05703, 0.01144, 0.02296, 0.06912]","[]","[]",47,0
3.5,43,"[0.00063, 0.00171, 0.02169, 0.00463, 0.00965, 0.00487, 0.00489, 0.05437, 0.00559, 0.00593, 0.01212, 0.00617, 0.00629, 0.01298, 0.01319, 0.01347, 0.00731, 0.00773, 0.02454, 0.00829, 0.00833, 0.00845, 0.01726, 0.009, 0.02731, 0.0931, 0.01863, 0.03737, 0.0094, 0.00953, 0.07014, 0.0204, 0.01023, 0.01036, 0.0104, 0.01071, 0.01092, 0.01094, 0.01108, 0.01126, 0.01127, 0.02263, 0.05662, 0.03419, 0.0114, 0.07048, 0.02351, 0.0118, 0.02405, 0.03706, 0.01236, 0.01273]","[]","[]",52,0
3.5,44,"[0.0263, 0.00283, 0.0134, 0.06576, 0.04733, 0.00442, 0.00962, 0.00498, 0.0051, 0.0054, 0.00542, 0.00564, 0.00574, 0.03443, 0.01825, 0.00654, 0.00658, 0.02012, 0.00687, 0.01511, 0.00761, 0.00775, 0.0486, 0.01622, 0.00826, 0.00832, 0.02583, 0.01738, 0.00884, 0.00886, 0.00892, 0.00941, 0.13506, 0.00979, 0.05002]","[]","[]",35,0
3.5,45,"[0.00143, 0.00214, 0.00264, 0.00373, 0.0152, 0.00801, 0.04467, 0.00575, 0.00581, 0.00592, 0.00614, 0.00624, 0.04753, 0.02208, 0.00743, 0.00753, 0.03972, 0.04933, 0.06054, 0.02637, 0.01775, 0.00911, 0.00924, 0.01854, 0.00979, 0.00994, 0.0922, 0.03089, 0.04147, 0.01051, 0.07391, 0.04278, 0.01089, 0.01105, 0.07814, 0.02326, 0.01198, 0.01218, 0.06336, 0.01283, 0.01288, 0.01303, 0.01309, 0.0528, 0.01336, 0.04015]","[]","[]",46,0
3.5,46,"[0.00258, 0.00136, 0.00384, 0.01498, 0.00809, 0.03861, 0.03527, 0.04625, 0.01343, 0.02407, 0.00489, 0.01468, 0.00558, 0.01183, 0.00595, 0.03061, 0.01231, 0.0069, 0.00691, 0.00694, 0.03577, 0.08084, 0.00751, 0.03204, 0.0161, 0.04099, 0.00839, 0.02569, 0.01737, 0.16083, 0.009, 0.00944, 0.04728, 0.07023, 0.07182, 0.02092, 0.02106, 0.02165, 0.01095, 0.01128, 0.16159]","[]","[]",41,0
3.5,47,"[0.00052, 0.00557, 0.00211, 0.0045, 0.00344, 0.00407, 0.00439, 0.00452, 0.00958, 0.01468, 0.00995, 0.03223, 0.0055, 0.06673, 0.05354, 0.01218, 0.05552, 0.03813, 0.01271, 0.09533, 0.04105, 0.03082, 0.01557, 0.00799, 0.00817, 0.01684, 0.00856, 0.06197, 0.00889, 0.05395, 0.00912, 0.00919, 0.0186, 0.00955, 0.09903, 0.01005, 0.01028, 0.06249, 0.159]","[]","[]",39,0
3.5,48,"[0.00603, 0.00357, 0.00471, 0.00645, 0.00661, 0.00692, 0.01417, 0.05117, 0.00737, 0.00738, 0.04527, 0.01549, 0.00779, 0.01573, 0.00797, 0.01644, 0.00852, 0.06184, 0.00888, 0.01875, 0.14394, 0.18821, 0.0105, 0.09516, 0.07429, 0.08633, 0.02161, 0.01104, 0.04429, 0.11256, 0.02256, 0.01133, 0.01144, 0.01156, 0.01247, 0.04996, 0.01282, 0.01301, 0.02638, 0.01345, 0.04125, 0.08383, 0.05624, 0.01425, 0.0876, 0.23457, 0.01466, 0.07336, 0.01469, 0.02937, 0.01487, 0.01491, 0.21609, 0.01553]","[]","[]",54,0
3.5,49,"[0.00069, 0.00127, 0.0054, 0.01371, 0.00341, 0.01872, 0.00503, 0.00582, 0.0061, 0.0064, 0.01385, 0.04566, 0.00827, 0.00848, 0.0437, 0.00875, 0.00912, 0.0098, 0.01964, 0.00993, 0.00998, 0.07084, 0.01037, 0.01064, 0.01067, 0.01083, 0.01095, 0.01116, 0.20159, 0.0465, 0.01167, 0.01186, 0.03654, 0.01253, 0.01254, 0.01274, 0.01292, 0.01303, 0.02607, 0.19567, 0.01336, 0.01345, 0.14913, 0.0139, 0.06973, 0.01397, 0.01399, 0.02813, 0.02822, 0.01415, 0.01418, 0.11388, 0.20032, 0.02899, 0.01461, 0.08861, 0.01526, 0.03105, 0.01555, 0.01571, 0.0158, 0.1279]","[]","[]",62,0

