3.5,0,"[0.0001, 0.00774, 0.00292, 0.00326, 0.00383, 0.00767, 0.00475, 0.11395, 0.00604, 0.01911, 0.01314, 0.0156, 0.01625, 0.00837, 0.00863, 0.00917, 0.00961, 0.00977, 0.01023, 0.01024, 0.01028, 0.01053, 0.01065, 0.0435, 0.01113, 0.01113, 0.01142, 0.18352, 0.01184, 0.01192, 0.01217, 0.01218, 0.01224, 0.01231, 0.06166, 0.01259, 0.10146, 0.01272, 0.05153, 0.01289, 0.06509, 0.0131, 0.04006, 0.05356, 0.01347, 0.02731, 0.01372, 0.01374, 0.0283, 0.01434, 0.04402, 0.0149, 0.1056, 0.09271, 0.03146, 0.01574, 0.33281, 0.0159, 0.01607, 0.04843, 0.01641, 0.01704, 0.03434, 0.0172, 0.01724, 0.01726, 0.01736, 0.01742, 0.01802, 0.0183, 0.01879, 0.01899, 0.03826, 0.01917]","[]","[]",74,0
3.5,1,"[0.00203, 0.00762, 0.03676, 0.00601, 0.00312, 0.00447, 0.03066, 0.00623, 0.0068, 0.0069, 0.01492, 0.02312, 0.00784, 0.01593, 0.00803, 0.07336, 0.04076, 0.00821, 0.00839, 0.16921, 0.026, 0.0087, 0.00894, 0.00901, 0.02732, 0.06459, 0.00989, 0.01033, 0.01057, 0.01058, 0.01075, 0.07673, 0.01152, 0.1384, 0.01166, 0.01187, 0.01195, 0.01208, 0.01221, 0.0613, 0.09892, 0.01249, 0.01251, 0.07559, 0.01269, 0.0128, 0.16674, 0.01285, 0.02596, 0.0528]","[]","[]",50,0
3.5,2,"[0.00212, 0.00225, 0.00741, 0.0142, 0.00481, 0.01003, 0.01544, 0.0261, 0.01125, 0.01219, 0.03101, 0.00676, 0.00693, 0.04235, 0.00847, 0.02676, 0.00896, 0.0091, 0.18348, 0.00926, 0.0278, 0.01856, 0.0096, 0.06037, 0.08077, 0.01039, 0.08475, 0.01064, 0.01092, 0.01097, 0.02211, 0.01109, 0.01118, 0.01123, 0.01142, 0.01143, 0.096, 0.01213, 0.01238, 0.01238, 0.01248, 0.0125, 0.01258, 0.03944, 0.0263, 0.01325, 0.12138, 0.01392, 0.01408, 0.01408, 0.08454, 0.05655, 0.27055, 0.08666, 0.26446, 0.01472, 0.23793, 0.01518, 0.03107, 0.01587, 0.01601, 0.01628, 0.01653, 0.04965, 0.01657]","[]","[]",65,0
3.5,3,"[0.00604, 0.00166, 0.00368, 0.00189, 0.00816, 0.0063, 0.0036, 0.00498, 0.00522, 0.00528, 0.03351, 0.01139, 0.06442, 0.00589, 0.00644, 0.00721, 0.00734, 0.02213, 0.01495, 0.03977, 0.01686, 0.00859, 0.00918, 0.06917, 0.02055, 0.05191, 0.01074, 0.02188, 0.21065, 0.01155, 0.01162, 0.15204, 0.01174, 0.0122, 0.23227, 0.01225, 0.01274, 0.02557, 0.01282, 0.05208, 0.26322, 0.01333, 0.01337, 0.01351, 0.04091, 0.01371, 0.02776, 0.02776]","[]","[]",48,0
3.5,4,"[0.00451, 0.015, 0.01056, 0.05234, 0.00503, 0.02019, 0.00562, 0.07358, 0.00717, 0.00725, 0.04462, 0.03007, 0.04325, 0.00876, 0.00883, 0.01782, 0.04747, 0.00964, 0.01931, 0.01931, 0.00986, 0.12129, 0.01036, 0.01065, 0.17369, 0.1021, 0.01143, 0.03522, 0.01179, 0.01184, 0.05961, 0.02407, 0.19257, 0.01231, 0.03708, 0.01245, 0.06245, 0.2762, 0.01268, 0.01276, 0.09265]","[]","[]",41,0
3.5,5,"[0.00876, 0.00214, 0.00253, 0.05735, 0.0087, 0.00335, 0.00355, 0.00521, 0.00576, 0.00598, 0.00614, 0.00618, 0.00675, 0.04227, 0.04265, 0.04282, 0.00781, 0.03154, 0.05745, 0.00848, 0.11129, 0.00857, 0.00858, 0.03475, 0.00888, 0.02707, 0.1179, 0.02751, 0.10118, 0.0093, 0.01862, 0.01877, 0.00939, 0.00986, 0.05992, 0.01044, 0.01045, 0.03149, 0.03167, 0.01061, 0.01075, 0.04563, 0.01145, 0.21886, 0.02322]","[]","[]",45,0
3.5,6,"[0.00084, 0.04, 0.01504, 0.0037, 0.0082, 0.00825, 0.00428, 0.00465, 0.00477, 0.00504, 0.02042, 0.00556, 0.00559, 0.00628, 0.05045, 0.00632, 0.03587, 0.02191, 0.00731, 0.02988, 0.00842, 0.04289, 0.18103, 0.04358, 0.0179, 0.00941, 0.01905, 0.04767, 0.01019, 0.01049, 0.02154, 0.02198, 0.04399, 0.01108, 0.01117, 0.02346, 0.01197, 0.01234, 0.01235, 0.02581, 0.20685, 0.01307]","[]","[]",42,0
3.5,7,"[0.03456, 0.00309, 0.01252, 0.00639, 0.00842, 0.02738, 0.00489, 0.00517, 0.01199, 0.00608, 0.00632, 0.00642, 0.00696, 0.01467, 0.00808, 0.00836, 0.00881, 0.01832, 0.0093, 0.00932, 0.0096, 0.13023, 0.04047, 0.0926, 0.01041, 0.01046, 0.04214, 0.07482, 0.02207, 0.02212, 0.01116, 0.01156, 0.02389, 0.0122, 0.01225, 0.01242, 0.01261, 0.03812, 0.02555, 0.01316, 0.01318, 0.01321, 0.0929, 0.0133, 0.05366, 0.01344, 0.26973, 0.1759, 0.01365, 0.01378, 0.01384, 0.02779, 0.0278, 0.0139, 0.08566, 0.0432, 0.05801, 0.07356, 0.0148, 0.01507, 0.04581, 0.01531, 0.0463, 0.03114, 0.03117, 0.01568]","[]","[]",66,0
3.5,8,"[0.00092, 0.07835, 0.00393, 0.01194, 0.00823, 0.06131, 0.00538, 0.02196, 0.04985, 0.06175, 0.00586, 0.00603, 0.03364, 0.00673, 0.00724, 0.00732, 0.01499, 0.14284, 0.0158, 0.01605, 0.00803, 0.00809, 0.00815, 0.01647, 0.00833, 0.06728, 0.03601, 0.01811, 0.0091, 0.02777, 0.02057, 0.19656, 0.02122, 0.01064, 0.01092, 0.01098, 0.12084, 0.01099, 0.01102, 0.01106, 0.04436, 0.01126, 0.01137, 0.01139, 0.02312, 0.02319, 0.0939]","[]","[]",47,0
3.5,9,"[0.00479, 0.0518, 0.00296, 0.01271, 0.00487, 0.00539, 0.00562, 0.11424, 0.01931, 0.00648, 0.00667, 0.00687, 0.00687, 0.06894, 0.01403, 0.00735, 0.03074, 0.00769, 0.00806, 0.00839, 0.00869, 0.07494, 0.05079, 0.22972, 0.06328, 0.01057, 0.0107, 0.01124, 0.02249, 0.01144, 0.06955, 0.01178, 0.012, 0.01206, 0.01211, 0.01213, 0.07305, 0.03719, 0.01245, 0.02603, 0.09171]","[]","[]",41,0
3.5,10,"[0.0021, 0.00217, 0.00247, 0.00256, 0.00293, 0.00328, 0.01301, 0.08414, 0.01886, 0.00507, 0.01015, 0.02084, 0.00562, 0.00636, 0.00641, 0.0065, 0.02172, 0.1525, 0.01469, 0.0148, 0.00776, 0.02346, 0.00816, 0.01682, 0.00851, 0.01727, 0.00888, 0.00895, 0.00895, 0.01793, 0.00914, 0.0184, 0.0281, 0.00967, 0.08188, 0.01038, 0.03189, 0.11755, 0.01082, 0.01082, 0.066, 0.011, 0.02248, 0.02274, 0.01171, 0.07153, 0.01223, 0.07356, 0.01238, 0.01282, 0.03909, 0.02623, 0.01316, 0.01332, 0.01374, 0.01411, 0.02824, 0.01419, 0.18613, 0.01437, 0.01467, 0.01492, 0.01497, 0.135, 0.01603, 0.01621, 0.04865, 0.35874, 0.08202]","[]","[]",69,0
3.5,11,"[0.00267, 0.0049, 0.0051, 0.00513, 0.00532, 0.00548, 0.06646, 0.05183, 0.01153, 0.01254, 0.00643, 0.04928, 0.09691, 0.01589, 0.10361, 0.01612, 0.00808, 0.05714, 0.07382, 0.00826, 0.06644, 0.00838, 0.14064, 0.00894, 0.00917, 0.01859, 0.00961, 0.0101, 0.03107, 0.07395]","[]","[]",30,0
3.5,12,"[0.00151, 0.00256, 0.00268, 0.0084, 0.00368, 0.00387, 0.0044, 0.00464, 0.10656, 0.00491, 0.01026, 0.01053, 0.01148, 0.00634, 0.01295, 0.00715, 0.01449, 0.03047, 0.00782, 0.00788, 0.00817, 0.00825, 0.06615, 0.00876, 0.00893, 0.00904, 0.00918, 0.00945, 0.00946, 0.03823, 0.1056, 0.00988, 0.03031, 0.01029, 0.01041, 0.01057, 0.07419, 0.01085, 0.01108, 0.01117, 0.01127, 0.01135, 0.09131, 0.01144, 0.01149, 0.08059, 0.0116, 0.0116, 0.01201, 0.07477, 0.0125, 0.01259, 0.01272, 0.05211, 0.01312, 0.27816, 0.0412, 0.0138, 0.04149, 0.014, 0.01411, 0.02826, 0.02829, 0.01416, 0.09933, 0.02869, 0.0146]","[]","[]",67,0
3.5,13,"[0.00044, 0.00202, 0.00246, 0.0217, 0.00395, 0.00488, 0.00511, 0.01049, 0.01589, 0.01665, 0.00556, 0.01826, 0.00614, 0.00624, 0.00729, 0.00735, 0.00774, 0.04704, 0.03378, 0.00871, 0.0096, 0.07705, 0.01995, 0.01001, 0.02103, 0.04312, 0.02188, 0.04383, 0.03299, 0.01112, 0.01117, 0.01121, 0.17966, 0.20243, 0.02265, 0.09074, 0.05705, 0.01171, 0.05988, 0.01221, 0.24454, 0.01234, 0.03716, 0.051, 0.10273, 0.05169, 0.0131, 0.0132, 0.01326, 0.17286, 0.05342]","[]","[]",51,0
3.5,14,"[0.00154, 0.002, 0.01072, 0.00587, 0.00614, 0.00619, 0.00628, 0.00727, 0.08802, 0.00759, 0.01657, 0.04227, 0.00878, 0.06223, 0.03603, 0.0099, 0.00996, 0.0101, 0.07112, 0.02037, 0.01052, 0.01055, 0.01055, 0.0106, 0.01114, 0.04549, 0.01137, 0.01148, 0.04658, 0.01169, 0.03611, 0.01224, 0.16128, 0.03776, 0.01265, 0.01265, 0.16452, 0.01276, 0.01282, 0.01291, 0.01293, 0.02656, 0.01336, 0.04038, 0.01348, 0.01352, 0.01353, 0.08156, 0.02719, 0.27278, 0.01399, 0.04223, 0.0145, 0.05806, 0.01463, 0.01475, 0.01477, 0.08875, 0.13396, 0.01493, 0.01505, 0.01507, 0.03017]","[]","[]",63,0
3.5,15,"[0.00336, 0.00171, 0.0056, 0.00214, 0.00397, 0.00496, 0.00521, 0.00548, 0.00637, 0.00785, 0.09984, 0.05166, 0.0442, 0.0089, 0.01821, 0.00951, 0.00962, 0.07716, 0.00986, 0.02002, 0.02197, 0.04561, 0.01166, 0.10577, 0.01185, 0.01239, 0.2618, 0.29036, 0.01353, 0.0138, 0.01387, 0.01407, 0.01423, 0.01436, 0.02881, 0.01451, 0.01451, 0.07367, 0.07416, 0.01484, 0.01486, 0.08919, 0.07531, 0.0304]","[]","[]",44,0
3.5,16,"[0.00047, 0.00158, 0.01364, 0.00561, 0.0443, 0.00479, 0.00498, 0.00601, 0.0066, 0.00664, 0.02045, 0.00688, 0.02089, 0.00744, 0.00745, 0.00778, 0.008, 0.00821, 0.01675, 0.14576, 0.00925, 0.00926, 0.00966, 0.00966, 0.01993, 0.01005, 0.01044, 0.19341, 0.02197, 0.04459, 0.0113, 0.0687, 0.01153, 0.01158, 0.0825, 0.01192, 0.1073, 0.01194, 0.01217, 0.01219, 0.01231, 0.01236, 0.01239, 0.01239, 0.01242, 0.01258, 0.07546, 0.06358, 0.0257, 0.01298, 0.01301, 0.01314, 0.06604, 0.01368, 0.0137, 0.01374]","[]","[]",56,0
3.5,17,"[0.00193, 0.00117, 0.00283, 0.01109, 0.00327, 0.0045, 0.0321, 0.00589, 0.01806, 0.00626, 0.00629, 0.08851, 0.01322, 0.00685, 0.00696, 0.00697, 0.00711, 0.01462, 0.01496, 0.00752, 0.00762, 0.00802, 0.00823, 0.00832, 0.05071, 0.0085, 0.0088, 0.00894, 0.00916, 0.01835, 0.07481, 0.13099, 0.08607, 0.03843, 0.00997, 0.01003, 0.01013, 0.13807, 0.18106, 0.13145, 0.03313, 0.02216, 0.01115, 0.01142, 0.13977, 0.04676, 0.01169, 0.01171, 0.03549, 0.02446, 0.01241, 0.02549, 0.01295, 0.01299, 0.01301, 0.09274, 0.04015, 0.02714, 0.01368, 0.2603, 0.08449, 0.02846, 0.24267, 0.05712]","[]","[]",64,0
3.5,18,"[0.07137, 0.02802, 0.00475, 0.0049, 0.00495, 0.00553, 0.02912, 0.00669, 0.00673, 0.05592, 0.0143, 0.0224, 0.0076, 0.0077, 0.01658, 0.00855, 0.00872, 0.01784, 0.00921, 0.0093, 0.03767, 0.01956, 0.22248, 0.03321, 0.0557, 0.02238, 0.01138, 0.01168, 0.012, 0.01201, 0.15652, 0.0121, 0.14598, 0.01225, 0.01234, 0.1119, 0.06233, 0.025, 0.01253, 0.01259, 0.01275, 0.03881, 0.01302, 0.01343, 0.01346, 0.01353, 0.01363, 0.01367, 0.0138, 0.01383, 0.01388, 0.05558, 0.01403, 0.0425]","[]","[]",54,0
3.5,19,"[0.00117, 0.00358, 0.00252, 0.00252, 0.0374, 0.01468, 0.00327, 0.01605, 0.0091, 0.01892, 0.01555, 0.0052, 0.00551, 0.00561, 0.01139, 0.08617, 0.00621, 0.00662, 0.04202, 0.02107, 0.03024, 0.01569, 0.03952, 0.05674, 0.00818, 0.00839, 0.00848, 0.00858, 0.00861, 0.00863, 0.14704, 0.00881, 0.02667, 0.00908, 0.0095, 0.05712, 0.07691, 0.03006, 0.01003, 0.04269, 0.01074, 0.06463, 0.03233, 0.02189, 0.06809, 0.01136, 0.02291, 0.08171, 0.04802, 0.01212, 0.01216]","[]","[]",51,0
3.5,20,"[0.00282, 0.00142, 0.00254, 0.02271, 0.00327, 0.01364, 0.00474, 0.03997, 0.01085, 0.01638, 0.00584, 0.00587, 0.01255, 0.01991, 0.02033, 0.07482, 0.00682, 0.01402, 0.02131, 0.02518, 0.11214, 0.00886, 0.00895, 0.11715, 0.07216, 0.0454, 0.00943, 0.07577, 0.03791, 0.01904, 0.01906, 0.01932, 0.02898, 0.00978, 0.07908, 0.05296, 0.18369, 0.01083, 0.03427, 0.04663, 0.01177, 0.01183, 0.01186, 0.01229, 0.04921]","[]","[]",45,0
3.5,21,"[0.0221, 0.00255, 0.00268, 0.00309, 0.00328, 0.00449, 0.00454, 0.00466, 0.00475, 0.00504, 0.02149, 0.02211, 0.00554, 0.00559, 0.00586, 0.00598, 0.00599, 0.06233, 0.05769, 0.00772, 0.00792, 0.00797, 0.00849, 0.06869, 0.00875, 0.01752, 0.00876, 0.00917, 0.00936, 0.00942, 0.01902, 0.00959, 0.01014, 0.01026, 0.04137, 0.09416, 0.01087, 0.03358, 0.01134, 0.03427, 0.01143, 0.1563, 0.01209, 0.03632, 0.01224, 0.0124, 0.01271, 0.01311, 0.01334, 0.24086, 0.27031, 0.09472, 0.21676, 0.06832, 0.02736, 0.01373, 0.29337, 0.01411, 0.01424, 0.27239, 0.04334, 0.02902, 0.01463, 0.01473]","[]","[]",64,0
3.5,22,"[0.00139, 0.0046, 0.00252, 0.00303, 0.00308, 0.00377, 0.0043, 0.01039, 0.03823, 0.00585, 0.12966, 0.03679, 0.00628, 0.0071, 0.01527, 0.02297, 0.08895, 0.03307, 0.00872, 0.00882, 0.00887, 0.00904, 0.01833, 0.0092, 0.00936, 0.0377, 0.00946, 0.01939, 0.06968, 0.07089, 0.04165, 0.02086, 0.01078, 0.01168, 0.05914, 0.01193, 0.08593, 0.01246, 0.09994, 0.02517, 0.03867, 0.05198, 0.01329, 0.01342, 0.01373, 0.01382, 0.02774, 0.01392, 0.05577, 0.01398, 0.01414, 0.02829, 0.11336, 0.01452, 0.01452, 0.01461, 0.01479, 0.02959]","[]","[]",58,0
3.5,23,"[0.0042, 0.00316, 0.00465, 0.00476, 0.03934, 0.00527, 0.02127, 0.00558, 0.01674, 0.00589, 0.00618, 0.00632, 0.00679, 0.06158, 0.06194, 0.03824, 0.00809, 0.07728, 0.00902, 0.0092, 0.01029, 0.01082, 0.0328, 0.01094, 0.011, 0.01101, 0.02218, 0.21287, 0.01157, 0.0116, 0.01163, 0.01164, 0.01172, 0.01173, 0.03538, 0.0236, 0.01185, 0.02372, 0.01189, 0.21568, 0.0252, 0.03844, 0.01286, 0.01286, 0.25904, 0.05308, 0.02663, 0.01386, 0.2938, 0.01413, 0.27533, 0.02939, 0.01471, 0.01476, 0.04582, 0.03063]","[]","[]",56,0
3.5,24,"[0.00304, 0.00154, 0.01669, 0.00256, 0.00318, 0.00446, 0.0422, 0.03457, 0.00529, 0.01096, 0.00639, 0.01307, 0.00748, 0.03744, 0.0075, 0.02366, 0.00789, 0.01619, 0.00815, 0.0164, 0.01658, 0.03513, 0.06243, 0.03596, 0.1096, 0.0094, 0.00955, 0.01911, 0.0097, 0.01001, 0.0106, 0.01079, 0.17398, 0.01123, 0.0114, 0.04621, 0.03575, 0.02441, 0.02445, 0.01249, 0.02513, 0.02606, 0.01309, 0.01317, 0.01319, 0.01341]","[]","[]",46,0
3.5,25,"[0.0616, 0.0137, 0.005, 0.00507, 0.00585, 0.12417, 0.01812, 0.01829, 0.00659, 0.00699, 0.00707, 0.01458, 0.00744, 0.00749, 0.00757, 0.04941, 0.03307, 0.01697, 0.00858, 0.0088, 0.00894, 0.07269, 0.01824, 0.05479, 0.01885, 0.02907, 0.03043, 0.01022, 0.11429, 0.06252, 0.03202, 0.0107, 0.02188, 0.01129, 0.0119, 0.01197, 0.02409, 0.01222, 0.0248, 0.06245, 0.0125, 0.02594, 0.03955, 0.01354, 0.04122, 0.01392, 0.01438, 0.18732, 0.04327, 0.01452, 0.02928]","[]","[]",51,0
3.5,26,"[0.00151, 0.00151, 0.00278, 0.01188, 0.00352, 0.02595, 0.00396, 0.07826, 0.00476, 0.01094, 0.00593, 0.00609, 0.01926, 0.00677, 0.00706, 0.00714, 0.0075, 0.03794, 0.07811, 0.14677, 0.02521, 0.00862, 0.01763, 0.0089, 0.00895, 0.01881, 0.0095, 0.00953, 0.02918, 0.04892, 0.09849, 0.04961, 0.08933, 0.02989, 0.00998, 0.01012, 0.01014, 0.05209, 0.01054, 0.01093, 0.01093, 0.01109, 0.01121, 0.045, 0.01142]","[]","[]",45,0
3.5,27,"[0.00466, 0.00263, 0.00273, 0.00374, 0.00378, 0.03389, 0.01892, 0.00485, 0.0151, 0.07525, 0.00738, 0.03863, 0.10129, 0.03175, 0.0164, 0.01686, 0.14479, 0.00869, 0.00885, 0.07182, 0.00938, 0.06655, 0.00974, 0.02019, 0.02064, 0.04163, 0.01047, 0.02117, 0.03219, 0.04386, 0.02213, 0.02219, 0.03349, 0.01124, 0.01145, 0.05726, 0.06914]","[]","[]",37,0
3.5,28,"[0.00933, 0.01048, 0.01157, 0.00498, 0.00586, 0.01224, 0.00624, 0.00625, 0.0067, 0.02902, 0.14061, 0.00743, 0.00796, 0.11237, 0.00842, 0.06032, 0.00886, 0.02711, 0.00946, 0.00997, 0.00999, 0.01035, 0.04146, 0.01039, 0.21159, 0.0114, 0.02313, 0.01171, 0.0123, 0.01233, 0.01234, 0.01237, 0.01238, 0.03792, 0.02532, 0.01268, 0.01269, 0.01283, 0.02604, 0.01311, 0.01322, 0.01368, 0.0137, 0.01378, 0.02804, 0.01402, 0.02826, 0.01437, 0.01439, 0.04333, 0.01444, 0.07275, 0.07418]","[]","[]",53,0
3.5,29,"[0.00753, 0.00224, 0.0294, 0.00458, 0.0374, 0.00503, 0.0053, 0.01077, 0.00586, 0.0122, 0.00615, 0.00636, 0.0067, 0.06354, 0.00789, 0.00791, 0.00845, 0.00863, 0.02725, 0.08322, 0.00935, 0.00937, 0.01883, 0.00969, 0.0097, 0.12651, 0.00997, 0.03002, 0.03005, 0.01023, 0.01032, 0.0929, 0.01034, 0.03113, 0.06253, 0.01088, 0.17675, 0.03403, 0.01143, 0.01148, 0.01168, 0.02348, 0.04826, 0.02424, 0.01236, 0.01261, 0.05139, 0.01341, 0.09533, 0.27413, 0.01412, 0.01419, 0.0143, 0.01442, 0.04346, 0.02899]","[]","[]",56,0
3.5,30,"[0.0332, 0.00311, 0.00735, 0.08197, 0.00375, 0.00877, 0.005, 0.01528, 0.00534, 0.00593, 0.00606, 0.00649, 0.01334, 0.00725, 0.02277, 0.00797, 0.0084, 0.00865, 0.01745, 0.07084, 0.0273, 0.0093, 0.00944, 0.01993, 0.16769, 0.011, 0.02208, 0.05573, 0.02249, 0.03631, 0.02551, 0.03949, 0.05424, 0.01387, 0.01407, 0.09989, 0.30192, 0.02878, 0.05912, 0.01522, 0.01522, 0.03094, 0.04662, 0.04668, 0.01591, 0.06385, 0.0814, 0.01643, 0.01648, 0.04948, 0.13216, 0.06609, 0.03353, 0.0172, 0.01735, 0.01741]","[]","[]",56,0
3.5,31,"[0.00148, 0.00344, 0.00265, 0.00281, 0.00291, 0.00318, 0.00439, 0.00468, 0.00471, 0.0193, 0.00501, 0.01546, 0.0166, 0.00557, 0.00598, 0.01289, 0.00655, 0.00713, 0.00749, 0.00768, 0.01548, 0.00814, 0.13852, 0.00887, 0.00905, 0.12946, 0.01867, 0.10687, 0.00976, 0.01005, 0.01048, 0.15443, 0.01146, 0.03748, 0.01279, 0.01353, 0.05471, 0.01381, 0.01396, 0.0427, 0.01517, 0.04682, 0.10929, 0.12789, 0.01624, 0.03258, 0.10117, 0.01701, 0.01709, 0.10407, 0.03487, 0.07125]","[]","[]",52,0
3.5,32,"[0.00419, 0.00902, 0.00524, 0.08717, 0.05941, 0.02724, 0.02791, 0.0153, 0.0077, 0.0078, 0.01568, 0.0079, 0.11249, 0.00805, 0.00824, 0.10126, 0.00846, 0.00846, 0.05185, 0.03497, 0.10534, 0.15358, 0.00905, 0.06372, 0.00913, 0.00925, 0.02096, 0.14066, 0.0433, 0.08797, 0.01114, 0.01129, 0.04665, 0.01193, 0.16752, 0.01216, 0.09824, 0.23338, 0.02505, 0.01287, 0.02574, 0.0387, 0.0131, 0.01335, 0.01357, 0.01359, 0.08204, 0.01391, 0.08452, 0.01418, 0.07206, 0.01464, 0.01465, 0.01465, 0.02942, 0.01485, 0.0756, 0.01522, 0.03046]","[]","[]",59,0
3.5,33,"[0.00146, 0.00171, 0.00241, 0.00287, 0.04055, 0.00376, 0.00758, 0.00405, 0.0693, 0.00426, 0.00474, 0.07021, 0.00511, 0.01043, 0.01155, 0.00613, 0.00617, 0.01261, 0.00656, 0.04054, 0.03589, 0.00738, 0.02991, 0.03145, 0.00807, 0.03242, 0.0955, 0.00869, 0.01765, 0.00885, 0.05472, 0.02745, 0.02844, 0.00949, 0.00963, 0.00976, 0.07838, 0.0103, 0.03121, 0.01067, 0.12864, 0.0669, 0.16178, 0.14055, 0.03567, 0.0119, 0.01192, 0.01195, 0.012, 0.01218, 0.01244, 0.07487, 0.01279, 0.01279, 0.01287, 0.01288]","[]","[]",56,0
3.5,34,"[0.00553, 0.00275, 0.00856, 0.00499, 0.01078, 0.01111, 0.01694, 0.0129, 0.0528, 0.10801, 0.00705, 0.0397, 0.17479, 0.09974, 0.01729, 0.00892, 0.01788, 0.00901, 0.07503, 0.02846, 0.03939, 0.01987, 0.01014, 0.13185, 0.05299, 0.04339, 0.01109, 0.01145, 0.03437, 0.03448, 0.0117, 0.02347, 0.07067, 0.01206, 0.01211, 0.06086, 0.01233, 0.26163, 0.01277, 0.01278, 0.01281, 0.01286, 0.05202, 0.01315, 0.01332, 0.01339, 0.01343]","[]","[]",47,0
3.5,35,"[0.00869, 0.00374, 0.00428, 0.00441, 0.07661, 0.02804, 0.00544, 0.01148, 0.02996, 0.00616, 0.00628, 0.05083, 0.01326, 0.00735, 0.10484, 0.10669, 0.01603, 0.02425, 0.01633, 0.00847, 0.05198, 0.02637, 0.10856, 0.00955, 0.00987, 0.00999, 0.02006, 0.11166, 0.0204, 0.01033, 0.01053, 0.14888, 0.13063, 0.01108, 0.02265, 0.01139, 0.02341, 0.02353, 0.01181, 0.22455, 0.0367, 0.01267, 0.05171, 0.01301, 0.02629, 0.01323, 0.05378, 0.04103, 0.01413, 0.01413, 0.01451, 0.01482, 0.07583]","[]","[]",53,0
3.5,36,"[0.01775, 0.00162, 0.03795, 0.00361, 0.00409, 0.00853, 0.00889, 0.01926, 0.07224, 0.04349, 0.03178, 0.00654, 0.05893, 0.01323, 0.00686, 0.01568, 0.15303, 0.00816, 0.01632, 0.0084, 0.00863, 0.15577, 0.01853, 0.00966, 0.01958, 0.00992, 0.03993, 0.03004, 0.01005, 0.01019, 0.02059, 0.01034, 0.01036, 0.01058, 0.15197, 0.02198, 0.02205, 0.01141, 0.16193, 0.02325, 0.02344, 0.01172, 0.02352, 0.15354, 0.22614, 0.01223, 0.04944, 0.0124]","[]","[]",48,0
3.5,37,"[0.00394, 0.00161, 0.03941, 0.00291, 0.00468, 0.00981, 0.00506, 0.01537, 0.02207, 0.00572, 0.03473, 0.08152, 0.00623, 0.04625, 0.0067, 0.00704, 0.0072, 0.00737, 0.03148, 0.0079, 0.00791, 0.00794, 0.00797, 0.13629, 0.04069, 0.00933, 0.00934, 0.00947, 0.01005, 0.01023, 0.01023, 0.05268, 0.01061, 0.01069, 0.01069, 0.01086, 0.01135, 0.02285, 0.01197, 0.10824, 0.06035, 0.14748, 0.14759, 0.01242, 0.07589, 0.01277, 0.05154, 0.01295, 0.01303, 0.03939, 0.01326, 0.04041, 0.01359, 0.02725, 0.04179, 0.1538, 0.05615, 0.0422, 0.18428, 0.04266, 0.01431, 0.20231, 0.28015, 0.02957, 0.02977, 0.015, 0.015]","[]","[]",67,0
3.5,38,"[0.00345, 0.03883, 0.0129, 0.00449, 0.00936, 0.00502, 0.06308, 0.03699, 0.00781, 0.00788, 0.00813, 0.00937, 0.09762, 0.00984, 0.16858, 0.07989, 0.00999, 0.01007, 0.07157, 0.01052, 0.01067, 0.01111, 0.0112, 0.02258, 0.0464, 0.03486, 0.0117, 0.01183, 0.03552, 0.255, 0.02474, 0.02499, 0.01262, 0.02532]","[]","[]",34,0
3.5,39,"[0.00142, 0.01183, 0.00832, 0.00424, 0.00505, 0.00602, 0.06025, 0.00618, 0.01296, 0.00648, 0.04081, 0.00699, 0.00699, 0.00784, 0.00859, 0.0086, 0.02627, 0.01784, 0.00892, 0.01829, 0.03747, 0.01888, 0.03833, 0.00969, 0.00996, 0.01027, 0.18293, 0.01097, 0.0113, 0.01158, 0.0117, 0.02371, 0.02515, 0.06386, 0.05201, 0.01313, 0.1182, 0.01329, 0.05401, 0.02742, 0.11041]","[]","[]",41,0
3.5,40,"[0.00178, 0.00538, 0.02872, 0.00391, 0.00415, 0.00484, 0.02552, 0.00517, 0.11317, 0.00563, 0.00568, 0.00611, 0.01231, 0.00662, 0.00705, 0.00706, 0.00813, 0.01643, 0.01713, 0.02605, 0.00888, 0.0903, 0.07224, 0.01823, 0.00923, 0.06498, 0.0093, 0.17039, 0.22541, 0.01043, 0.01075, 0.06574, 0.01099, 0.022, 0.06689, 0.01132, 0.14299, 0.01223, 0.02553, 0.0128, 0.02601, 0.01326, 0.01345, 0.05565, 0.01394, 0.08451, 0.12882, 0.01435, 0.01459, 0.01468, 0.01486, 0.03012]","[]","[]",52,0
3.5,41,"[0.02611, 0.00351, 0.00352, 0.01615, 0.01215, 0.00414, 0.00438, 0.00459, 0.00502, 0.03101, 0.00547, 0.00609, 0.00612, 0.02075, 0.01397, 0.06758, 0.01538, 0.00785, 0.02473, 0.01658, 0.10867, 0.00838, 0.00866, 0.0093, 0.01901, 0.0096, 0.00989, 0.02041, 0.06127, 0.04241, 0.04496, 0.01151, 0.01172, 0.01199, 0.01204, 0.01206, 0.01239, 0.01246, 0.03811, 0.01286, 0.03885, 0.02622, 0.09253, 0.01348, 0.02717, 0.27382, 0.01381, 0.05551, 0.01402, 0.01411, 0.01431, 0.01449, 0.03009, 0.01527, 0.01545, 0.06205]","[]","[]",56,0
3.5,42,"[0.03254, 0.00942, 0.0076, 0.09405, 0.00517, 0.00547, 0.00573, 0.01207, 0.02433, 0.00609, 0.00662, 0.0211, 0.0291, 0.00738, 0.01478, 0.00763, 0.00786, 0.01608, 0.00811, 0.02474, 0.05036, 0.00842, 0.11835, 0.10676, 0.00892, 0.02712, 0.11504, 0.00964, 0.03175, 0.01064, 0.01077, 0.01079, 0.0108, 0.01134, 0.0116, 0.01167, 0.15263, 0.11759, 0.04788, 0.01204, 0.07249, 0.01232, 0.01234, 0.02493, 0.01248, 0.03803, 0.05073]","[]","[]",47,0
3.5,43,"[0.0012, 0.02223, 0.003, 0.01446, 0.00375, 0.01898, 0.00505, 0.00508, 0.00661, 0.01336, 0.00703, 0.00727, 0.02196, 0.03064, 0.04641, 0.00791, 0.00831, 0.00832, 0.00842, 0.0265, 0.00892, 0.059, 0.01009, 0.01026, 0.01026, 0.01027, 0.04109, 0.01044, 0.02091, 0.21155, 0.02151, 0.02284, 0.0808, 0.0116, 0.04651, 0.02365, 0.01199, 0.02403, 0.22301, 0.01263, 0.05087, 0.0129, 0.03901, 0.01311, 0.01315, 0.01347, 0.0816, 0.01397, 0.0703]","[]","[]",49,0
3.5,44,"[0.00355, 0.00315, 0.00435, 0.00446, 0.01387, 0.00475, 0.00493, 0.02056, 0.01085, 0.0056, 0.00569, 0.02277, 0.01722, 0.00582, 0.00653, 0.02378, 0.02395, 0.05687, 0.02595, 0.0174, 0.14834, 0.16191, 0.00901, 0.00908, 0.0546, 0.02732, 0.00916, 0.0185, 0.06628, 0.01899, 0.00953, 0.04848, 0.12061]","[]","[]",33,0
3.5,45,"[0.00205, 0.00629, 0.0645, 0.06657, 0.00427, 0.0226, 0.00469, 0.00485, 0.00497, 0.00499, 0.00525, 0.00582, 0.00628, 0.03273, 0.00678, 0.01453, 0.00734, 0.00767, 0.03126, 0.01574, 0.01624, 0.0083, 0.00859, 0.0087, 0.04457, 0.18579, 0.00966, 0.05811, 0.10168, 0.01078, 0.01091, 0.01137, 0.01137, 0.01151, 0.01201, 0.01201, 0.13406, 0.02475, 0.13764, 0.1638, 0.01279, 0.17955, 0.01287, 0.013, 0.10662, 0.01333, 0.06669]","[]","[]",47,0
3.5,46,"[0.00154, 0.00316, 0.00323, 0.00328, 0.00371, 0.0391, 0.00806, 0.0084, 0.00504, 0.02601, 0.02688, 0.00587, 0.00592, 0.04425, 0.01288, 0.11016, 0.0065, 0.01978, 0.0066, 0.00687, 0.00693, 0.01441, 0.04473, 0.00765, 0.00769, 0.00783, 0.00791, 0.03185, 0.00797, 0.00812, 0.00865, 0.00893, 0.00901, 0.02819, 0.00942, 0.00958, 0.00961, 0.02945, 0.18313, 0.04328, 0.01108, 0.01118, 0.01138, 0.05995, 0.01201, 0.03624, 0.12114, 0.04898, 0.01238, 0.01244, 0.11233, 0.01261, 0.01295, 0.01329, 0.02723, 0.01393, 0.01415, 0.01418, 0.0143, 0.01438, 0.24618, 0.01472, 0.01477, 0.08966, 0.01542, 0.01552]","[]","[]",66,0
3.5,47,"[0.00169, 0.00247, 0.00387, 0.00436, 0.00536, 0.11336, 0.01759, 0.04294, 0.03761, 0.01278, 0.00718, 0.00736, 0.00737, 0.01486, 0.0158, 0.016, 0.05075, 0.0258, 0.00958, 0.03961, 0.01015, 0.01016, 0.031, 0.03108, 0.03121, 0.01059, 0.08782, 0.03357, 0.08229, 0.01196, 0.012, 0.01203, 0.01226, 0.0124, 0.06267, 0.01271, 0.02542, 0.01272, 0.07818, 0.02608, 0.07871, 0.02639, 0.05285, 0.01342]","[]","[]",44,0
3.5,48,"[0.00142, 0.00096, 0.00554, 0.00222, 0.01857, 0.00747, 0.02242, 0.07113, 0.00519, 0.01052, 0.00581, 0.01175, 0.02416, 0.00607, 0.12769, 0.00621, 0.01457, 0.00732, 0.00747, 0.00752, 0.00819, 0.0082, 0.09217, 0.00841, 0.08858, 0.00901, 0.04529, 0.00912, 0.0093, 0.00961, 0.04894, 0.03941, 0.00991, 0.01033, 0.01044, 0.01072, 0.14203, 0.01157, 0.09306, 0.01165, 0.01173, 0.01175, 0.04699, 0.0123, 0.01232, 0.01238, 0.02516, 0.02563, 0.10316]","[]","[]",49,0
3.5,49,"[0.00095, 0.038, 0.00668, 0.00679, 0.00952, 0.05008, 0.00566, 0.01188, 0.00641, 0.01298, 0.02115, 0.00722, 0.15921, 0.08829, 0.00808, 0.00865, 0.00883, 0.06224, 0.00897, 0.0188, 0.00972, 0.06843, 0.08325, 0.01043, 0.01048, 0.01056, 0.01061, 0.13824, 0.0644, 0.01075, 0.01079, 0.01118, 0.01145, 0.08233, 0.22577, 0.01197, 0.06073, 0.04885, 0.02464, 0.01261, 0.15246, 0.03856, 0.03869, 0.01333, 0.01335, 0.25446, 0.02683, 0.01344, 0.01367, 0.0139]","[]","[]",50,0

