3.5,0,"[0.00297, 0.00676, 0.00739, 0.00778, 0.01792, 0.00488, 0.00511, 0.04422, 0.01995, 0.00676, 0.00726, 0.0076, 0.0077, 0.11255, 0.0831, 0.01666, 0.02501, 0.07669, 0.11121, 0.0094, 0.0096, 0.01935, 0.00974, 0.04915, 0.03979, 0.01028, 0.0654, 0.1777, 0.01125, 0.01138, 0.01141, 0.0117, 0.03572, 0.04793, 0.01199, 0.02411, 0.06102, 0.03665, 0.02447, 0.01258, 0.01261, 0.01286, 0.0647, 0.01295, 0.01319, 0.01336, 0.08077, 0.04051, 0.01379, 0.01388, 0.0699, 0.04207, 0.01402, 0.02812, 0.01407, 0.07044, 0.01475, 0.01478, 0.01498, 0.03024]","[]","[]",60,0
3.5,1,"[0.00187, 0.00169, 0.01059, 0.00572, 0.00654, 0.00412, 0.02357, 0.00472, 0.00503, 0.02262, 0.012, 0.00632, 0.0067, 0.0821, 0.00686, 0.04493, 0.01509, 0.03328, 0.0354, 0.01827, 0.17696, 0.0654, 0.00959, 0.00963, 0.04066, 0.01024, 0.01035, 0.01035, 0.01042, 0.03213, 0.01075, 0.01085, 0.17385, 0.01088, 0.01132, 0.02321, 0.01165, 0.06031, 0.01226, 0.01231, 0.02494, 0.01255, 0.01263, 0.01277, 0.01321, 0.01358, 0.0136, 0.02738, 0.01374, 0.02811, 0.01418, 0.02869, 0.05777]","[]","[]",53,0
3.5,2,"[0.02176, 0.00601, 0.0033, 0.02625, 0.0046, 0.00497, 0.01683, 0.01124, 0.00581, 0.0118, 0.00617, 0.09999, 0.02738, 0.01392, 0.00701, 0.0074, 0.01489, 0.02417, 0.00835, 0.00877, 0.08985, 0.00936, 0.00967, 0.09222, 0.02085, 0.02123, 0.06623, 0.01134, 0.01152, 0.01157, 0.01201, 0.01205, 0.02488, 0.01257, 0.01272, 0.01274, 0.01301, 0.02614, 0.01346, 0.01347, 0.0135, 0.02721, 0.05472, 0.0137, 0.02746, 0.0138, 0.04301, 0.01437, 0.01449, 0.01465, 0.02947, 0.01498, 0.01499, 0.01502, 0.01511, 0.01517]","[]","[]",56,0
3.5,3,"[0.00906, 0.01528, 0.00337, 0.00462, 0.00494, 0.00501, 0.00503, 0.01019, 0.00536, 0.00539, 0.0054, 0.07267, 0.00838, 0.01786, 0.00903, 0.0091, 0.0097, 0.00988, 0.01036, 0.01052, 0.01054, 0.01058, 0.0106, 0.04282, 0.12341, 0.01127, 0.02272, 0.03431, 0.01152, 0.01178, 0.01203, 0.01224, 0.01229, 0.14903, 0.03749, 0.01265, 0.01282, 0.01295, 0.01309, 0.21213, 0.17377, 0.02704, 0.16503, 0.05625, 0.01409, 0.05645, 0.01442, 0.02898, 0.01461, 0.01462, 0.01466, 0.10347, 0.01484, 0.01484, 0.19319, 0.0149, 0.02982]","[]","[]",57,0
3.5,4,"[0.00268, 0.0232, 0.01938, 0.00409, 0.00435, 0.00442, 0.00453, 0.00562, 0.00567, 0.03037, 0.08565, 0.00652, 0.01343, 0.0336, 0.11678, 0.01519, 0.00763, 0.03068, 0.016, 0.01619, 0.01645, 0.0083, 0.00837, 0.00861, 0.00897, 0.009, 0.02749, 0.00924, 0.00929, 0.01886, 0.02081, 0.01043, 0.01048, 0.0525, 0.01073, 0.01074, 0.01085, 0.03396, 0.04535, 0.01142, 0.01175, 0.02361, 0.01198, 0.07193, 0.08553, 0.01254, 0.01272, 0.02598, 0.0132, 0.02645, 0.01347, 0.01348, 0.05639, 0.11282, 0.01416, 0.1136, 0.01421, 0.01427, 0.01428, 0.01429, 0.01431, 0.01447]","[]","[]",62,0
3.5,5,"[0.00336, 0.01559, 0.00537, 0.02805, 0.00594, 0.00662, 0.00735, 0.00738, 0.00758, 0.00761, 0.00861, 0.01891, 0.00973, 0.00977, 0.01977, 0.01977, 0.02974, 0.06999, 0.01017, 0.2005, 0.01059, 0.03182, 0.02143, 0.02146, 0.0215, 0.02171, 0.01108, 0.01112, 0.04563, 0.04571, 0.01152, 0.01154, 0.01176, 0.01181, 0.01218, 0.01223, 0.02506, 0.01254, 0.05056, 0.01299, 0.15668, 0.02676, 0.01365, 0.06926, 0.01386, 0.01389, 0.0977, 0.01461, 0.01492, 0.01501, 0.01507, 0.01509, 0.0153, 0.01556, 0.0158, 0.01585, 0.01622, 0.01632, 0.04896, 0.01652, 0.01656, 0.03388, 0.01707, 0.01717, 0.03456, 0.0173, 0.01736, 0.03501, 0.01751, 0.01759, 0.05301]","[]","[]",71,0
3.5,6,"[0.00259, 0.00306, 0.00315, 0.00788, 0.01564, 0.01104, 0.01161, 0.01191, 0.02386, 0.00707, 0.04949, 0.00709, 0.00772, 0.00779, 0.00802, 0.01619, 0.08134, 0.00871, 0.00883, 0.00889, 0.0267, 0.01814, 0.00918, 0.00922, 0.00977, 0.00983, 0.02972, 0.02984, 0.00998, 0.01006, 0.01017, 0.01043, 0.02089, 0.128, 0.09652, 0.06462, 0.14266, 0.03372, 0.07977, 0.01146, 0.02293, 0.08102, 0.0118, 0.0366, 0.02528, 0.03801, 0.01273, 0.02607, 0.01309, 0.01312, 0.02653, 0.0133, 0.01341, 0.12086, 0.0274, 0.05575, 0.01395, 0.08431, 0.0567, 0.01428, 0.01447]","[]","[]",61,0
3.5,7,"[0.00206, 0.00179, 0.00199, 0.0111, 0.01407, 0.00417, 0.08359, 0.01601, 0.00539, 0.00601, 0.00658, 0.00673, 0.01395, 0.00711, 0.00731, 0.03673, 0.00822, 0.04976, 0.00833, 0.01692, 0.00849, 0.11228, 0.01757, 0.09215, 0.00948, 0.00949, 0.00997, 0.0101, 0.02042, 0.03078, 0.01029, 0.01037, 0.01059, 0.01064, 0.02145, 0.01073, 0.05378, 0.06459, 0.01085, 0.0458, 0.09223, 0.01157, 0.02385, 0.04812, 0.02458, 0.02468, 0.01257, 0.01274, 0.01277, 0.21797, 0.01293, 0.01316, 0.01339, 0.02722, 0.01362, 0.02741, 0.01397, 0.02812]","[]","[]",58,0
3.5,8,"[0.00289, 0.01527, 0.01005, 0.00369, 0.05177, 0.01136, 0.00385, 0.01781, 0.00929, 0.0099, 0.00496, 0.01674, 0.07457, 0.01236, 0.00631, 0.01936, 0.00656, 0.02641, 0.01989, 0.00672, 0.00672, 0.00679, 0.03482, 0.00739, 0.00741, 0.05135, 0.01723, 0.00866, 0.10549, 0.01895, 0.0285, 0.00955, 0.00962, 0.00975, 0.02947, 0.0608, 0.02077, 0.0104, 0.06375, 0.01088, 0.01103, 0.01121, 0.02266, 0.04564]","[]","[]",44,0
3.5,9,"[0.00104, 0.00087, 0.00249, 0.00279, 0.00396, 0.01243, 0.00459, 0.00488, 0.01592, 0.0111, 0.04544, 0.00571, 0.00588, 0.00653, 0.01501, 0.00814, 0.05033, 0.16, 0.03432, 0.0086, 0.00875, 0.00877, 0.00987, 0.05978, 0.02993, 0.02004, 0.01019, 0.01048, 0.01069, 0.02142, 0.12999, 0.03277, 0.01098, 0.14667, 0.0115, 0.08588, 0.03707, 0.01237, 0.01242, 0.01247, 0.06276, 0.06362, 0.01289, 0.02602, 0.01331, 0.01347, 0.01352, 0.01355, 0.08146, 0.01369, 0.06887, 0.0138, 0.01387, 0.01397, 0.01404, 0.02814, 0.05833, 0.10226, 0.04388, 0.01465, 0.05863, 0.01466, 0.01474, 0.04453, 0.16395, 0.061, 0.12359, 0.01551, 0.01557, 0.01561, 0.01562, 0.15688, 0.01571, 0.03164]","[]","[]",74,0
3.5,10,"[0.00121, 0.00332, 0.004, 0.00872, 0.00504, 0.06472, 0.01088, 0.06017, 0.00563, 0.00576, 0.03639, 0.00631, 0.01409, 0.02169, 0.00744, 0.11921, 0.00771, 0.0158, 0.00865, 0.04482, 0.01815, 0.00913, 0.01872, 0.019, 0.0387, 0.00992, 0.01001, 0.01015, 0.02136, 0.02148, 0.02166, 0.09833, 0.02194, 0.06619]","[]","[]",34,0
3.5,11,"[0.00841, 0.00224, 0.00495, 0.00451, 0.00459, 0.01065, 0.00608, 0.01337, 0.021, 0.02153, 0.09697, 0.04482, 0.09132, 0.00775, 0.00824, 0.00826, 0.10987, 0.00898, 0.03596, 0.14515, 0.02766, 0.00966, 0.02909, 0.01001, 0.0302, 0.01041, 0.01043, 0.01044, 0.13106, 0.02189, 0.04408, 0.04482, 0.01129, 0.03428, 0.02379, 0.0122, 0.06105, 0.04926, 0.02487, 0.01247, 0.13716, 0.01248, 0.02498, 0.01281, 0.01282, 0.01289, 0.0129, 0.02605, 0.0131, 0.01326, 0.05354, 0.01342, 0.01354, 0.01369, 0.0274]","[]","[]",55,0
3.5,12,"[0.00131, 0.00349, 0.03558, 0.00362, 0.00388, 0.00461, 0.0052, 0.00527, 0.0441, 0.02893, 0.04728, 0.00597, 0.0123, 0.00616, 0.03112, 0.05142, 0.00646, 0.08437, 0.01307, 0.00664, 0.00685, 0.02092, 0.07169, 0.0873, 0.01461, 0.0075, 0.00766, 0.0077, 0.03185, 0.00818, 0.0084, 0.009, 0.00903, 0.06371, 0.00946, 0.00973, 0.02992]","[]","[]",37,0
3.5,13,"[0.00163, 0.0033, 0.007, 0.00287, 0.00346, 0.06979, 0.00537, 0.01116, 0.00596, 0.01202, 0.0064, 0.00655, 0.00662, 0.02015, 0.0068, 0.07605, 0.04963, 0.00753, 0.0076, 0.01563, 0.00803, 0.02443, 0.0165, 0.01677, 0.00852, 0.00872, 0.01764, 0.08515, 0.00947, 0.0095, 0.00964, 0.04835, 0.00986, 0.0101, 0.03053, 0.01019, 0.02142, 0.03282, 0.01105, 0.05663, 0.05663, 0.09129, 0.01152, 0.02308, 0.02318, 0.03504, 0.03608]","[]","[]",47,0
3.5,14,"[0.001, 0.00203, 0.01321, 0.00638, 0.00322, 0.00372, 0.01906, 0.00448, 0.00513, 0.0053, 0.00541, 0.00555, 0.00568, 0.00613, 0.01256, 0.00678, 0.03421, 0.00685, 0.02905, 0.02412, 0.00843, 0.00876, 0.00882, 0.00935, 0.0094, 0.00965, 0.00991, 0.01991, 0.02032, 0.01029, 0.04216, 0.01075, 0.01084, 0.01086, 0.01099, 0.0113, 0.05757, 0.02347, 0.04791, 0.03599, 0.01209, 0.01219, 0.02445, 0.11024, 0.0126, 0.01266, 0.01266, 0.20668, 0.01306, 0.01316, 0.02674, 0.04048, 0.01368, 0.09649, 0.0139, 0.0144, 0.04348, 0.19106, 0.0147, 0.07387, 0.08925, 0.06057, 0.03031, 0.0153, 0.1544, 0.01549, 0.07789, 0.01561, 0.30017, 0.01587, 0.0318, 0.01595, 0.03198, 0.1763, 0.03217, 0.01611, 0.04925, 0.11511, 0.01658, 0.01668, 0.01672]","[]","[]",81,0
3.5,15,"[0.00253, 0.01132, 0.02375, 0.0669, 0.03881, 0.00759, 0.02402, 0.00867, 0.09032, 0.00918, 0.02026, 0.02122, 0.02175, 0.01106, 0.01174, 0.18966, 0.03873, 0.01295, 0.11996, 0.01363, 0.02738, 0.01374, 0.04443, 0.01573, 0.01622, 0.08153, 0.01681, 0.03373, 0.01698, 0.05168, 0.01736, 0.01801, 0.01804, 0.01824, 0.0184, 0.16756]","[]","[]",36,0
3.5,16,"[0.01348, 0.00308, 0.00831, 0.01475, 0.06608, 0.00522, 0.06669, 0.00581, 0.08822, 0.00657, 0.00689, 0.00698, 0.02825, 0.03557, 0.00717, 0.0072, 0.00722, 0.07571, 0.00852, 0.01711, 0.01744, 0.00885, 0.00885, 0.00888, 0.01795, 0.00899, 0.0095, 0.01902, 0.00957, 0.01916, 0.02891, 0.04848, 0.00989, 0.01003, 0.01005, 0.04123, 0.01049, 0.07454]","[]","[]",38,0
3.5,17,"[0.00143, 0.00182, 0.00239, 0.00305, 0.00644, 0.01086, 0.04003, 0.00493, 0.00576, 0.00586, 0.02422, 0.00617, 0.00623, 0.01285, 0.00648, 0.10493, 0.00663, 0.00701, 0.01423, 0.02252, 0.00763, 0.12647, 0.05557, 0.0081, 0.00827, 0.01707, 0.04309, 0.0184, 0.01945, 0.01003, 0.01053, 0.02156, 0.01079, 0.01103, 0.01118, 0.01118, 0.01145, 0.01159, 0.0122, 0.09879, 0.01269, 0.01269, 0.01313, 0.0134, 0.01414, 0.01434, 0.01467, 0.01481, 0.0742, 0.01497, 0.18164, 0.01517, 0.03044]","[]","[]",53,0
3.5,18,"[0.02474, 0.00365, 0.0037, 0.00453, 0.02459, 0.04499, 0.00574, 0.00586, 0.06074, 0.06842, 0.02342, 0.13037, 0.00829, 0.00854, 0.03453, 0.00925, 0.00944, 0.01938, 0.00975, 0.00986, 0.00991, 0.00995, 0.02064, 0.07248, 0.01047, 0.07793, 0.03345, 0.01119, 0.0113, 0.01146, 0.01178, 0.01209, 0.02428]","[]","[]",33,0
3.5,19,"[0.001, 0.00108, 0.01227, 0.00673, 0.00364, 0.0192, 0.00422, 0.00428, 0.00498, 0.00558, 0.00584, 0.00601, 0.00601, 0.00606, 0.00635, 0.01281, 0.00676, 0.0351, 0.02811, 0.00799, 0.02491, 0.00883, 0.00936, 0.00943, 0.00963, 0.00969, 0.01015, 0.02063, 0.01033, 0.01041, 0.02093, 0.01065, 0.04314, 0.01109, 0.01119, 0.0566, 0.02301, 0.03499, 0.01173, 0.04868, 0.10992, 0.0246, 0.01244, 0.01258, 0.20604, 0.01318, 0.01354, 0.01359, 0.01363, 0.01363, 0.09567, 0.04108, 0.0276, 0.01406, 0.01409, 0.07288, 0.01468, 0.19144, 0.04422, 0.08878, 0.01493, 0.06023, 0.01512, 0.1534, 0.0307, 0.07691, 0.03118, 0.01576, 0.01582, 0.30098, 0.01585, 0.01586, 0.01605, 0.01605, 0.03212, 0.17684, 0.04847, 0.01626, 0.03258, 0.01646, 0.11545]","[]","[]",81,0
3.5,20,"[0.00248, 0.00268, 0.04612, 0.01072, 0.04412, 0.00395, 0.00605, 0.01303, 0.01304, 0.00716, 0.00767, 0.01554, 0.00801, 0.06463, 0.04108, 0.00828, 0.00851, 0.00858, 0.00866, 0.0451, 0.01808, 0.00908, 0.01861, 0.06576, 0.00946, 0.03865, 0.03946, 0.07299, 0.05319, 0.0108, 0.07574]","[]","[]",31,0
3.5,21,"[0.00216, 0.00248, 0.0056, 0.00335, 0.00364, 0.00391, 0.00438, 0.00495, 0.03492, 0.03822, 0.00556, 0.03489, 0.01188, 0.00596, 0.12031, 0.00637, 0.00686, 0.007, 0.00739, 0.08987, 0.00754, 0.03039, 0.03146, 0.00867, 0.00867, 0.00869, 0.00891, 0.00894, 0.00907, 0.00955, 0.03912, 0.03957, 0.0396, 0.00993, 0.0408, 0.01035, 0.01042, 0.01175, 0.01195, 0.01211, 0.01225, 0.01229, 0.01239, 0.02498, 0.02555, 0.01282, 0.20627, 0.01301, 0.01337, 0.0269, 0.0273, 0.01375, 0.16594, 0.02802, 0.01411, 0.01413, 0.04244, 0.01424, 0.08613, 0.02907, 0.01486, 0.04465, 0.01514, 0.04574, 0.01547, 0.06204, 0.01563, 0.01588, 0.01612, 0.01615]","[]","[]",70,0
3.5,22,"[0.00205, 0.00187, 0.00256, 0.00274, 0.00335, 0.00503, 0.00503, 0.04395, 0.0055, 0.02989, 0.00609, 0.00665, 0.00674, 0.04773, 0.0275, 0.00721, 0.00725, 0.03709, 0.00752, 0.01525, 0.00783, 0.00795, 0.00815, 0.00873, 0.0354, 0.00895, 0.00907, 0.0091, 0.00913, 0.00928, 0.03745, 0.00941, 0.01936, 0.01963, 0.0099, 0.01023, 0.01042, 0.1983, 0.0314, 0.02103, 0.07482, 0.0216, 0.02168, 0.03271, 0.16593, 0.01107, 0.01134, 0.05722]","[]","[]",48,0
3.5,23,"[0.00164, 0.00628, 0.02187, 0.03128, 0.00367, 0.00377, 0.00449, 0.02018, 0.00585, 0.01389, 0.01428, 0.0296, 0.0075, 0.00751, 0.10851, 0.0084, 0.00851, 0.00868, 0.03507, 0.06207, 0.00903, 0.00916, 0.00947, 0.00954, 0.02899, 0.05116, 0.03112, 0.02085, 0.01048, 0.02112, 0.02137, 0.01073, 0.01095, 0.17603, 0.05516, 0.0335, 0.0709, 0.01188, 0.04796, 0.01208, 0.01219, 0.02444, 0.01229, 0.02503, 0.02534, 0.01293, 0.06544]","[]","[]",47,0
3.5,24,"[0.00268, 0.00312, 0.00839, 0.00424, 0.00861, 0.00432, 0.00489, 0.00653, 0.00719, 0.00721, 0.07598, 0.00798, 0.02614, 0.04373, 0.03586, 0.04512, 0.08296, 0.00935, 0.01003, 0.06058, 0.01036, 0.03135, 0.01054, 0.01119, 0.02297, 0.01153, 0.01177, 0.01208, 0.0122, 0.01228, 0.01229, 0.0246, 0.01239, 0.20618, 0.03928, 0.01323, 0.18667, 0.01347, 0.08101, 0.01386, 0.01436, 0.04328, 0.01459, 0.01493, 0.02996, 0.01513, 0.06086, 0.0156, 0.20407, 0.03173, 0.0796, 0.032, 0.01604, 0.0482, 0.03221, 0.01625, 0.06572, 0.04944, 0.03301]","[]","[]",59,0
3.5,25,"[0.00076, 0.00318, 0.02452, 0.00719, 0.00385, 0.00507, 0.0161, 0.01081, 0.00578, 0.00618, 0.04974, 0.00654, 0.0068, 0.0068, 0.02794, 0.08678, 0.02175, 0.01504, 0.00789, 0.05122, 0.02574, 0.00912, 0.00969, 0.00976, 0.04924, 0.00988, 0.09099, 0.01036, 0.03257, 0.02193, 0.01098, 0.02285, 0.02333, 0.04686, 0.01186, 0.08314, 0.02386, 0.01201, 0.01211, 0.05013, 0.03792, 0.24125, 0.01277, 0.01279, 0.01312, 0.01316, 0.01326, 0.06647, 0.13583, 0.08281, 0.01389]","[]","[]",51,0
3.5,26,"[0.00218, 0.04311, 0.00926, 0.0042, 0.00427, 0.0045, 0.02292, 0.00585, 0.00589, 0.05215, 0.00676, 0.00689, 0.00691, 0.00734, 0.00751, 0.07809, 0.00785, 0.0168, 0.00879, 0.02655, 0.01774, 0.00892, 0.00937, 0.00984, 0.01, 0.01076, 0.01076, 0.02184, 0.01102, 0.01112, 0.11458, 0.02308, 0.0116, 0.0117, 0.0118, 0.02378, 0.01197, 0.1092, 0.01232, 0.01235, 0.13903, 0.0132, 0.0133]","[]","[]",43,0
3.5,27,"[0.00209, 0.00274, 0.00282, 0.00315, 0.00326, 0.00847, 0.0395, 0.01173, 0.00643, 0.02016, 0.02746, 0.00691, 0.00694, 0.00695, 0.00714, 0.00747, 0.0075, 0.00793, 0.00863, 0.02611, 0.09839, 0.05669, 0.04905, 0.02982, 0.02006, 0.01008, 0.01012, 0.06116, 0.08179, 0.01036, 0.01052, 0.01052, 0.0106, 0.01078, 0.15109, 0.01127, 0.18678, 0.0118, 0.01182, 0.0487, 0.01222, 0.02493, 0.02511, 0.05113]","[]","[]",44,0
3.5,28,"[0.00352, 0.00237, 0.01189, 0.00635, 0.00974, 0.00501, 0.01022, 0.00517, 0.01062, 0.03954, 0.01142, 0.00637, 0.1071, 0.00671, 0.00687, 0.00688, 0.01554, 0.00778, 0.02392, 0.008, 0.00817, 0.02457, 0.00837, 0.1093, 0.01736, 0.00874, 0.05272, 0.00886, 0.00889, 0.009, 0.00903, 0.00912, 0.02755, 0.0561, 0.10301, 0.01888, 0.00956, 0.01925, 0.00963, 0.06857, 0.0099, 0.00997, 0.01009, 0.03296, 0.0222, 0.13433, 0.03375, 0.01125, 0.05762, 0.15058, 0.01166, 0.01191, 0.03592, 0.02413, 0.0123, 0.01238, 0.03725, 0.02553, 0.01284, 0.01286, 0.01303]","[]","[]",61,0
3.5,29,"[0.00121, 0.0069, 0.00718, 0.00377, 0.00403, 0.02345, 0.0121, 0.02287, 0.00823, 0.00858, 0.08606, 0.00861, 0.00885, 0.00906, 0.00911, 0.12119, 0.01991, 0.0101, 0.01018, 0.05117, 0.01032, 0.02205, 0.01133, 0.02333, 0.01222, 0.01245, 0.0998, 0.13109, 0.01325, 0.01328, 0.01397, 0.17082, 0.03007, 0.01589, 0.19119, 0.12794, 0.01609, 0.03256, 0.01653, 0.0168, 0.01697, 0.01719, 0.01734, 0.08885, 0.07112, 0.01785, 0.01789, 0.07395, 0.05667]","[]","[]",49,0
3.5,30,"[0.00054, 0.00185, 0.03583, 0.00393, 0.00487, 0.00555, 0.03941, 0.00605, 0.02724, 0.0077, 0.00776, 0.0241, 0.00821, 0.01686, 0.00855, 0.00869, 0.00871, 0.00877, 0.00889, 0.00993, 0.01006, 0.01022, 0.13443, 0.1161, 0.01058, 0.02161, 0.01125, 0.02263, 0.01132, 0.01134, 0.05845, 0.08241, 0.01198, 0.14492, 0.04907, 0.01241, 0.01241, 0.0125, 0.01256, 0.0126, 0.01302, 0.01311, 0.01323, 0.01335, 0.01345, 0.01352, 0.09808, 0.01405, 0.01406, 0.01423, 0.07185]","[]","[]",51,0
3.5,31,"[0.01797, 0.00271, 0.02002, 0.03211, 0.00548, 0.06324, 0.04308, 0.00662, 0.00687, 0.00709, 0.02129, 0.00742, 0.02464, 0.01656, 0.05091, 0.06014, 0.05179, 0.00961, 0.0097, 0.00975, 0.16707, 0.01012, 0.02026, 0.01066, 0.01074, 0.07584, 0.01089, 0.06556, 0.044, 0.17904, 0.01127, 0.0113, 0.01186, 0.02378, 0.08776, 0.02529, 0.0128, 0.01287]","[]","[]",38,0
3.5,32,"[0.00198, 0.00102, 0.00198, 0.00413, 0.00536, 0.00571, 0.00613, 0.0384, 0.0144, 0.14118, 0.02447, 0.0082, 0.00834, 0.01668, 0.02504, 0.00864, 0.00864, 0.0697, 0.03494, 0.00906, 0.02724, 0.00919, 0.00942, 0.00959, 0.0485, 0.12638, 0.00986, 0.01001, 0.01003, 0.06129, 0.02075, 0.01051, 0.0106, 0.0107, 0.01086, 0.03369, 0.01172, 0.01194, 0.02405, 0.01206, 0.01227, 0.02455, 0.01238, 0.08673, 0.04959, 0.0125, 0.0126, 0.01271, 0.0128, 0.15379, 0.14111, 0.05172, 0.01298, 0.01302, 0.01311, 0.01329, 0.01333, 0.06683, 0.01344, 0.02706, 0.01372, 0.01374, 0.01384, 0.01399, 0.01407, 0.02836]","[]","[]",66,0
3.5,33,"[0.00184, 0.03969, 0.01901, 0.00411, 0.00447, 0.00512, 0.01662, 0.028, 0.00568, 0.00583, 0.01173, 0.04869, 0.0247, 0.00638, 0.00736, 0.00762, 0.00771, 0.02372, 0.00794, 0.02387, 0.10627, 0.00846, 0.00919, 0.02765, 0.00959, 0.01931, 0.00984, 0.00988, 0.01014, 0.01018, 0.01028, 0.01033, 0.02118, 0.01077, 0.05474, 0.01125, 0.19139, 0.0113, 0.1044, 0.01165, 0.04687, 0.0825, 0.02368, 0.02384, 0.12121, 0.01215, 0.01216, 0.01225, 0.02491]","[]","[]",49,0
3.5,34,"[0.00801, 0.0065, 0.00352, 0.02012, 0.0053, 0.027, 0.02232, 0.03993, 0.00582, 0.00585, 0.00602, 0.02541, 0.0276, 0.02106, 0.01518, 0.03137, 0.00788, 0.05821, 0.00837, 0.00848, 0.05177, 0.03473, 0.00892, 0.09823, 0.0183, 0.01839, 0.00959, 0.00981, 0.00995, 0.03017, 0.01008, 0.01061, 0.02134, 0.01086, 0.03293, 0.04458, 0.01123, 0.01124, 0.07914, 0.01138, 0.01143, 0.09247, 0.01167]","[]","[]",43,0
3.5,35,"[0.00166, 0.00617, 0.00264, 0.01801, 0.00381, 0.00391, 0.02138, 0.04409, 0.00482, 0.04472, 0.00563, 0.00571, 0.00589, 0.02989, 0.00611, 0.00636, 0.02689, 0.00695, 0.03555, 0.04685, 0.00791, 0.017, 0.00856, 0.12018, 0.01724, 0.01785, 0.01803, 0.00906, 0.01881, 0.00957, 0.00998, 0.03995, 0.06015, 0.13332, 0.01051, 0.03179, 0.01075, 0.04358, 0.04363, 0.04429, 0.02241, 0.01128, 0.06892, 0.0831, 0.1939, 0.03648, 0.01236, 0.02475, 0.01251, 0.01254, 0.02529, 0.01271, 0.02585]","[]","[]",53,0
3.5,36,"[0.00336, 0.00212, 0.03135, 0.00393, 0.00521, 0.00557, 0.00567, 0.03424, 0.02374, 0.03139, 0.0067, 0.01376, 0.00696, 0.03538, 0.0071, 0.07361, 0.04461, 0.02273, 0.10245, 0.01584, 0.00798, 0.00808, 0.0081, 0.00833, 0.00869, 0.00888, 0.00925, 0.00934, 0.00948, 0.01955, 0.01965, 0.06117, 0.03185, 0.07464, 0.0321, 0.0108, 0.03259, 0.01091, 0.04373, 0.02188, 0.05496, 0.01113, 0.21153, 0.01118, 0.0116]","[]","[]",45,0
3.5,37,"[0.00152, 0.00845, 0.00243, 0.0302, 0.00256, 0.00287, 0.0041, 0.00434, 0.01754, 0.02011, 0.00518, 0.0056, 0.00601, 0.00612, 0.02474, 0.00641, 0.00675, 0.0627, 0.05602, 0.00706, 0.00788, 0.00794, 0.01647, 0.00878, 0.00901, 0.01954, 0.00986, 0.04968, 0.01025, 0.01052, 0.17085, 0.01078, 0.0108, 0.01138, 0.01166, 0.01183, 0.01189, 0.02404, 0.01237, 0.23619, 0.01244, 0.01247, 0.08781, 0.02518, 0.03829, 0.01287, 0.0259, 0.21032, 0.01342, 0.01359, 0.01419, 0.0142, 0.01441, 0.05779, 0.04344, 0.0145, 0.01453, 0.01462]","[]","[]",58,0
3.5,38,"[0.00203, 0.01572, 0.00249, 0.01038, 0.00261, 0.00543, 0.00418, 0.03796, 0.01695, 0.00858, 0.00447, 0.00525, 0.0276, 0.00719, 0.03817, 0.00767, 0.09379, 0.01623, 0.00825, 0.00872, 0.02776, 0.07466, 0.01059, 0.01072, 0.01079, 0.07613, 0.02251, 0.01157, 0.02381, 0.01202, 0.01229, 0.01237, 0.01254, 0.01262, 0.18949, 0.01265, 0.01266, 0.01296, 0.01296, 0.01301, 0.02684, 0.02693, 0.06828, 0.01374, 0.02752, 0.15458, 0.02835, 0.05698, 0.01426, 0.02871, 0.01446, 0.01447]","[]","[]",52,0
3.5,39,"[0.00127, 0.00294, 0.00311, 0.02021, 0.01157, 0.00848, 0.08456, 0.00451, 0.03006, 0.0268, 0.04309, 0.00737, 0.02466, 0.00838, 0.00863, 0.00879, 0.00885, 0.00892, 0.00919, 0.01843, 0.0186, 0.0094, 0.02041, 0.01026, 0.01029, 0.01055, 0.01068, 0.03219, 0.02157, 0.0767, 0.02221, 0.0779, 0.04537, 0.01139, 0.0469, 0.06077, 0.01224, 0.01238, 0.01261, 0.01262, 0.0256, 0.01284, 0.0515, 0.01297, 0.0522]","[]","[]",45,0
3.5,40,"[0.00282, 0.00718, 0.00443, 0.00458, 0.05874, 0.0297, 0.0054, 0.05803, 0.00678, 0.01361, 0.00733, 0.00755, 0.01594, 0.00828, 0.00829, 0.05006, 0.0085, 0.00874, 0.01834, 0.03668, 0.12408, 0.03823, 0.00986, 0.01008, 0.0101, 0.01056, 0.04298, 0.02189, 0.04406, 0.01114, 0.01144, 0.01147, 0.03456, 0.01162, 0.09543, 0.01238, 0.02493, 0.01294, 0.013, 0.09226, 0.01329, 0.06668]","[]","[]",42,0
3.5,41,"[0.00268, 0.00354, 0.02385, 0.01629, 0.00429, 0.00465, 0.00469, 0.00484, 0.01036, 0.05308, 0.00605, 0.05756, 0.01345, 0.01357, 0.01483, 0.00743, 0.00796, 0.06365, 0.05645, 0.00813, 0.13171, 0.00858, 0.00893, 0.0269, 0.00914, 0.00953, 0.00995, 0.01052, 0.01053, 0.0106, 0.0213, 0.01066, 0.02165, 0.01096, 0.01102, 0.0112, 0.0113, 0.01176, 0.02362, 0.01221, 0.03673, 0.04932, 0.01233, 0.02473, 0.01239, 0.01258, 0.01303, 0.01314, 0.01319, 0.03996, 0.04096, 0.01366, 0.01374, 0.02793, 0.01399, 0.01411, 0.01433, 0.01442, 0.0146, 0.01465, 0.02971, 0.04505, 0.21154, 0.01517, 0.07609]","[]","[]",65,0
3.5,42,"[0.00047, 0.00191, 0.0061, 0.0041, 0.00449, 0.00918, 0.03075, 0.06824, 0.00538, 0.00561, 0.00562, 0.07152, 0.02642, 0.00681, 0.00704, 0.02122, 0.00751, 0.00766, 0.03862, 0.09306, 0.01598, 0.0081, 0.01788, 0.00915, 0.04585, 0.0277, 0.00946, 0.00946, 0.00959, 0.12577, 0.01957, 0.0196, 0.00992, 0.01996, 0.00999, 0.02035, 0.02039, 0.01046, 0.01047, 0.05313, 0.01067, 0.02134, 0.05355, 0.02168, 0.01094, 0.01117]","[]","[]",46,0
3.5,43,"[0.00268, 0.00301, 0.00355, 0.01872, 0.00376, 0.00767, 0.00776, 0.021, 0.00523, 0.02304, 0.00579, 0.10467, 0.01326, 0.00688, 0.01432, 0.00718, 0.00743, 0.00749, 0.10633, 0.04249, 0.00858, 0.00892, 0.00902, 0.01817, 0.00909, 0.00921, 0.01845, 0.00929, 0.02862, 0.00997, 0.01017, 0.04193, 0.01051, 0.01051, 0.02104, 0.01064, 0.011, 0.02205, 0.02253, 0.04642, 0.02328, 0.03524, 0.07176, 0.01199, 0.01203, 0.02426, 0.01225, 0.03688, 0.01231, 0.03714, 0.09131, 0.027, 0.01361, 0.01363, 0.01365, 0.08198, 0.02744]","[]","[]",57,0
3.5,44,"[0.00222, 0.00775, 0.00218, 0.00587, 0.00439, 0.00892, 0.00484, 0.0219, 0.11589, 0.00654, 0.01996, 0.01375, 0.00695, 0.04668, 0.0328, 0.03465, 0.02716, 0.06425, 0.0097, 0.03906, 0.04929, 0.01026, 0.12395, 0.01046, 0.02116, 0.02369, 0.01202, 0.0966, 0.01211, 0.07468, 0.14985, 0.02568, 0.01324, 0.01328, 0.02689, 0.01365, 0.01371, 0.01373, 0.0138, 0.01384, 0.22205, 0.05563, 0.01414, 0.01426, 0.01446, 0.0146, 0.04387, 0.19066, 0.01468, 0.04457, 0.01494, 0.04565, 0.06089, 0.01558, 0.01569, 0.01602, 0.01622, 0.0332, 0.01677, 0.01682, 0.01687, 0.01692, 0.01692]","[]","[]",63,0
3.5,45,"[0.00421, 0.01272, 0.00451, 0.00471, 0.00485, 0.01121, 0.01743, 0.01196, 0.01328, 0.00798, 0.00811, 0.01726, 0.00895, 0.00918, 0.04638, 0.04728, 0.00981, 0.01011, 0.02057, 0.04167, 0.09681, 0.01082, 0.05523, 0.01107, 0.06771, 0.04585, 0.15325, 0.01198, 0.01213, 0.01224, 0.02457, 0.13616, 0.01267, 0.0513, 0.06558, 0.02683, 0.26044, 0.01379, 0.01383, 0.02804, 0.02858, 0.01429, 0.0144, 0.01449, 0.01457, 0.01458, 0.01464, 0.015, 0.01536, 0.01546, 0.24743, 0.06193, 0.03108, 0.10895, 0.01562, 0.01611, 0.0164, 0.01657, 0.01665, 0.08363]","[]","[]",60,0
3.5,46,"[0.00651, 0.01378, 0.00358, 0.02075, 0.00486, 0.00565, 0.00576, 0.00666, 0.00672, 0.01372, 0.00697, 0.00722, 0.00743, 0.00824, 0.0085, 0.00859, 0.00889, 0.00931, 0.00936, 0.01961, 0.00983, 0.0099, 0.03964, 0.04097, 0.01035, 0.19864, 0.03162, 0.01054, 0.01059, 0.01147, 0.08034, 0.04677, 0.0118, 0.02368, 0.14909, 0.08889, 0.06479, 0.0261, 0.01339, 0.01394, 0.0423, 0.01413, 0.01418, 0.0143, 0.02874, 0.01448, 0.02924, 0.02927, 0.01478, 0.01482, 0.015, 0.06304, 0.03183, 0.0319, 0.03203, 0.01611, 0.03239, 0.0164, 0.01674, 0.05032, 0.03394, 0.01728, 0.10474]","[]","[]",63,0
3.5,47,"[0.00065, 0.00122, 0.01431, 0.01188, 0.02522, 0.05253, 0.03771, 0.04223, 0.00613, 0.00613, 0.00635, 0.0209, 0.03583, 0.02927, 0.02226, 0.04606, 0.00768, 0.0078, 0.00788, 0.00849, 0.02584, 0.0176, 0.0092, 0.01875, 0.12202, 0.04699, 0.05687, 0.01948, 0.02974, 0.02979]","[]","[]",30,0
3.5,48,"[0.0014, 0.0027, 0.00526, 0.00159, 0.002, 0.00229, 0.00265, 0.00302, 0.00466, 0.00971, 0.00489, 0.00981, 0.00535, 0.00568, 0.00608, 0.03184, 0.0076, 0.10085, 0.00788, 0.00804, 0.0082, 0.00828, 0.11613, 0.00837, 0.00855, 0.02574, 0.05197, 0.00868, 0.01772, 0.00888, 0.0095, 0.02872, 0.06701, 0.00965, 0.01005, 0.02027, 0.02037, 0.0102, 0.02076, 0.01069, 0.03233, 0.01112, 0.02271, 0.01136, 0.0114, 0.01179, 0.01205, 0.0121, 0.01211, 0.01217, 0.03727, 0.02491, 0.02499, 0.01259, 0.0127, 0.01276, 0.01276, 0.01282, 0.02607, 0.01307, 0.01312, 0.21824, 0.0137, 0.01387, 0.0278, 0.04187]","[]","[]",66,0
3.5,49,"[0.00342, 0.00213, 0.01345, 0.00656, 0.00375, 0.04947, 0.00771, 0.00475, 0.0238, 0.0419, 0.01215, 0.01257, 0.01401, 0.00714, 0.02151, 0.08925, 0.09765, 0.12946, 0.00831, 0.00875, 0.03657, 0.0094, 0.01903, 0.00997, 0.01012, 0.03201, 0.02136, 0.02168, 0.03259, 0.01092, 0.02218, 0.0111, 0.0222, 0.01147, 0.02297, 0.05749, 0.01152, 0.05791, 0.01161, 0.0237, 0.01208, 0.0124, 0.1249, 0.03844, 0.01295, 0.01308, 0.01312, 0.04042, 0.06804, 0.0548, 0.02759, 0.01392, 0.01397, 0.01422]","[]","[]",54,0

