3.5,0,"[0.00228, 0.00421, 0.0027, 0.0028, 0.00861, 0.04, 0.02339, 0.00376, 0.02098, 0.08001, 0.09009, 0.0089, 0.0183, 0.00974, 0.00488, 0.00635, 0.00716, 0.03023, 0.00778, 0.03332, 0.02575, 0.00869, 0.05423, 0.00946, 0.00963, 0.00971, 0.03922, 0.0703, 0.01042, 0.01071, 0.02163, 0.01082, 0.0332, 0.01109, 0.23404, 0.01147, 0.01152]","[]","[]",37,0
3.5,1,"[0.00552, 0.00343, 0.00471, 0.00494, 0.00511, 0.04358, 0.01115, 0.00565, 0.00567, 0.02313, 0.02037, 0.03479, 0.00705, 0.00768, 0.10715, 0.01649, 0.00836, 0.0084, 0.00841, 0.00855, 0.0175, 0.03524, 0.01789, 0.01797, 0.03697, 0.00953, 0.00955, 0.00963, 0.0097, 0.00989, 0.02011, 0.0608, 0.14316, 0.01025, 0.02076, 0.01044, 0.01056, 0.02133, 0.03245, 0.01097, 0.15811, 0.07949, 0.04546, 0.01165, 0.01202, 0.0602, 0.01246, 0.06246, 0.01253, 0.01267, 0.01268, 0.02545, 0.01279, 0.01295, 0.09088, 0.01317, 0.01323, 0.04037, 0.01351, 0.01355, 0.09596, 0.01376, 0.09673, 0.04146, 0.02839, 0.01427, 0.1914, 0.01494, 0.01502, 0.18074, 0.0153, 0.23068, 0.04698, 0.19068, 0.09574, 0.01598, 0.01601, 0.01609]","[]","[]",78,0
3.5,2,"[0.0028, 0.00565, 0.00287, 0.00759, 0.00423, 0.00438, 0.0381, 0.00495, 0.0054, 0.01094, 0.00559, 0.03195, 0.00692, 0.02799, 0.00712, 0.00765, 0.00781, 0.10185, 0.03175, 0.02553, 0.00867, 0.0188, 0.01891, 0.00954, 0.03855, 0.00982, 0.01008, 0.14343, 0.01028, 0.01036, 0.02101, 0.07387, 0.01078, 0.0216, 0.01085, 0.02181, 0.02189, 0.06605, 0.01103, 0.15448, 0.02211, 0.01116, 0.04596, 0.01158, 0.01163, 0.01184, 0.01194, 0.01212, 0.01214, 0.06098, 0.03729, 0.01257, 0.06389, 0.09119, 0.02688, 0.01352, 0.09489, 0.02752, 0.09639, 0.0414, 0.0139, 0.01402, 0.02838, 0.18766, 0.17528, 0.02925, 0.04409, 0.0294, 0.0451, 0.0903, 0.01515, 0.01521, 0.01527, 0.22969, 0.18568, 0.0155, 0.01552]","[]","[]",77,0
3.5,3,"[0.00118, 0.00151, 0.01175, 0.00254, 0.0105, 0.01032, 0.00691, 0.01751, 0.02073, 0.02147, 0.02894, 0.00741, 0.08162, 0.08946, 0.00806, 0.00837, 0.06004, 0.12665, 0.05431, 0.00915, 0.07409, 0.19469, 0.00959, 0.00988, 0.06995, 0.02022, 0.01019, 0.03082, 0.02086, 0.01045, 0.02106, 0.01074, 0.0667, 0.03343, 0.01127, 0.01128, 0.02275, 0.02367]","[]","[]",38,0
3.5,4,"[0.00295, 0.0063, 0.0033, 0.00376, 0.0038, 0.00439, 0.00458, 0.03148, 0.00613, 0.00621, 0.00623, 0.01292, 0.02106, 0.00702, 0.0073, 0.10959, 0.03241, 0.09012, 0.01668, 0.01678, 0.00854, 0.00872, 0.00894, 0.00894, 0.00915, 0.00915, 0.00936, 0.00964, 0.02936, 0.00982, 0.0197, 0.00987, 0.14036, 0.0915, 0.01047, 0.0115, 0.02324, 0.01165, 0.01166, 0.07016, 0.01193, 0.01195, 0.01203, 0.10956]","[]","[]",44,0
3.5,5,"[0.00049, 0.00163, 0.00234, 0.0026, 0.00304, 0.00385, 0.00391, 0.0124, 0.01341, 0.07692, 0.00458, 0.00515, 0.03918, 0.00561, 0.03029, 0.00649, 0.01347, 0.02147, 0.14327, 0.00767, 0.03081, 0.00794, 0.0161, 0.03232, 0.01656, 0.00832, 0.01701, 0.02654, 0.0184, 0.05526, 0.00928, 0.00961, 0.00967, 0.00977, 0.01004, 0.06106, 0.01022, 0.01051, 0.09571, 0.02173, 0.05493, 0.01157, 0.01201, 0.01204, 0.04837, 0.17697, 0.01279, 0.26975, 0.02685, 0.0135, 0.01366, 0.01395, 0.01411, 0.01429, 0.01431, 0.0575, 0.05755, 0.02898]","[]","[]",58,0
3.5,6,"[0.00165, 0.00659, 0.03675, 0.05092, 0.00464, 0.00538, 0.00553, 0.00566, 0.00576, 0.01955, 0.0133, 0.00677, 0.01365, 0.00697, 0.00702, 0.00703, 0.00717, 0.00798, 0.02521, 0.07744, 0.03674, 0.16186, 0.07749, 0.01967, 0.00991, 0.02006, 0.02033, 0.0102, 0.01024, 0.01063, 0.20271, 0.0111, 0.06935, 0.01161, 0.07006, 0.01194, 0.01198, 0.01214, 0.01219, 0.03711, 0.01241, 0.01259, 0.02522, 0.0129, 0.01305, 0.01325, 0.01328, 0.01335, 0.01335]","[]","[]",49,0
3.5,7,"[0.00188, 0.00282, 0.03816, 0.00391, 0.00951, 0.00477, 0.01502, 0.00508, 0.01659, 0.09132, 0.0983, 0.10315, 0.01592, 0.00801, 0.07318, 0.04318, 0.10792, 0.00904, 0.04698, 0.01896, 0.00967, 0.0098, 0.02021, 0.04128, 0.01041, 0.09588, 0.01094, 0.08861, 0.01149, 0.03476, 0.04651, 0.14334, 0.01241, 0.01275, 0.01275, 0.01276, 0.01281, 0.01297, 0.13079, 0.01327, 0.08144, 0.01388, 0.05555, 0.01394, 0.01413, 0.02879, 0.0146, 0.02932, 0.02965, 0.02968, 0.01515, 0.0458, 0.01543, 0.01547, 0.03096, 0.01572]","[]","[]",56,0
3.5,8,"[0.02593, 0.00479, 0.00597, 0.00597, 0.01213, 0.01324, 0.00672, 0.00698, 0.02149, 0.02939, 0.00738, 0.00741, 0.12849, 0.01549, 0.00783, 0.00789, 0.00819, 0.03471, 0.00947, 0.00967, 0.00971, 0.00985, 0.00999, 0.19283, 0.01029, 0.04116, 0.04121, 0.01077, 0.01095, 0.01112, 0.01119, 0.01131, 0.0802, 0.01172, 0.02346, 0.04712, 0.0642, 0.14134, 0.05152, 0.01322, 0.14786, 0.04047, 0.01363, 0.06883, 0.01386, 0.01399, 0.0423, 0.05694, 0.02853, 0.04301, 0.30321, 0.01453, 0.01457, 0.08854, 0.01518, 0.01518, 0.01538, 0.01538, 0.15506, 0.04719, 0.01579, 0.22114, 0.14441, 0.0162, 0.01643, 0.03347]","[]","[]",66,0
3.5,9,"[0.00476, 0.00266, 0.00396, 0.00417, 0.01312, 0.00474, 0.04632, 0.00582, 0.00597, 0.03225, 0.09193, 0.02035, 0.00704, 0.00708, 0.00747, 0.00813, 0.00825, 0.00844, 0.11146, 0.04305, 0.0088, 0.06351, 0.00964, 0.00967, 0.00972, 0.03983, 0.05072, 0.02062, 0.06312, 0.02121, 0.01066, 0.04282, 0.0114, 0.17104, 0.0345, 0.08143, 0.12914, 0.01174, 0.01183, 0.02385, 0.14421, 0.01221, 0.02477, 0.07518]","[]","[]",44,0
3.5,10,"[0.00111, 0.00239, 0.00244, 0.00291, 0.00766, 0.01667, 0.00452, 0.00934, 0.00472, 0.00555, 0.05785, 0.01228, 0.03369, 0.00683, 0.06068, 0.02441, 0.02479, 0.01682, 0.04215, 0.06245, 0.01788, 0.04503, 0.00927, 0.00933, 0.04739, 0.00974, 0.03011, 0.11424, 0.03269, 0.01091, 0.07684, 0.01159, 0.01162, 0.03512, 0.07034, 0.01176, 0.01208, 0.0868, 0.01244]","[]","[]",39,0
3.5,11,"[0.00119, 0.01006, 0.00548, 0.00288, 0.00351, 0.00784, 0.00799, 0.00431, 0.01345, 0.00919, 0.0046, 0.0095, 0.02446, 0.00514, 0.01777, 0.06561, 0.00612, 0.01867, 0.00693, 0.02177, 0.00729, 0.0073, 0.00748, 0.04495, 0.00781, 0.00798, 0.05726, 0.00828, 0.02542, 0.04283, 0.02571, 0.02637, 0.05284, 0.00901, 0.0094, 0.01899, 0.02853, 0.0511, 0.02057, 0.0103, 0.0103, 0.01036, 0.03125, 0.0209, 0.01058, 0.0744]","[]","[]",46,0
3.5,12,"[0.00234, 0.00473, 0.00351, 0.01125, 0.00845, 0.01605, 0.00643, 0.01973, 0.01392, 0.01416, 0.00715, 0.00727, 0.03085, 0.00774, 0.00784, 0.01572, 0.04977, 0.0085, 0.0348, 0.00871, 0.01776, 0.00895, 0.01806, 0.10163, 0.00925, 0.05608, 0.00947, 0.00948, 0.02857, 0.10636, 0.0097, 0.01955, 0.02974, 0.01012, 0.03057, 0.01054, 0.01079, 0.0108, 0.01086, 0.0109, 0.01096, 0.01125, 0.1962, 0.04639, 0.01239, 0.16123, 0.01247, 0.01254, 0.06352, 0.0128, 0.01286, 0.01322, 0.25415, 0.0676, 0.04087, 0.0413, 0.01385, 0.12494]","[]","[]",58,0
3.5,13,"[0.00278, 0.00292, 0.00299, 0.01855, 0.00321, 0.01458, 0.0082, 0.01695, 0.02148, 0.00438, 0.08848, 0.03357, 0.00515, 0.01927, 0.03236, 0.00695, 0.00705, 0.00706, 0.03542, 0.03546, 0.02155, 0.00725, 0.15684, 0.00762, 0.00775, 0.00776, 0.16306, 0.02374, 0.00793, 0.00811, 0.0087, 0.00883, 0.00895, 0.03621, 0.01874, 0.0097, 0.03005, 0.01003, 0.0402, 0.06123, 0.02097, 0.05297, 0.05418, 0.02177, 0.01104, 0.06892, 0.03472, 0.03495]","[]","[]",48,0
3.5,14,"[0.00293, 0.00438, 0.00273, 0.00315, 0.0371, 0.00432, 0.01743, 0.03118, 0.00528, 0.00534, 0.09364, 0.00642, 0.00692, 0.00733, 0.10439, 0.05986, 0.00768, 0.03204, 0.02412, 0.02454, 0.00829, 0.00851, 0.02559, 0.04408, 0.02646, 0.00941, 0.00953, 0.00977, 0.00983, 0.01005, 0.02039, 0.01103, 0.01107, 0.01108, 0.01108, 0.12304, 0.01125]","[]","[]",37,0
3.5,15,"[0.0001, 0.0231, 0.00387, 0.00205, 0.00488, 0.00323, 0.00775, 0.00888, 0.00473, 0.01121, 0.0058, 0.00587, 0.03609, 0.00621, 0.00627, 0.01276, 0.00663, 0.00744, 0.00752, 0.00788, 0.12347, 0.00847, 0.01821, 0.19094, 0.01928, 0.00973, 0.02942, 0.00982, 0.0204, 0.01052, 0.02132, 0.01097, 0.02204, 0.01122, 0.12361, 0.05637, 0.02266, 0.01144, 0.0117, 0.01173, 0.01174, 0.01182, 0.01183, 0.03551, 0.03571, 0.04769, 0.01201, 0.13315, 0.01224, 0.01225, 0.1482, 0.01263, 0.01275, 0.07651, 0.01352, 0.0272, 0.01382, 0.01383, 0.01383, 0.01389]","[]","[]",60,0
3.5,16,"[0.00167, 0.00207, 0.01114, 0.0075, 0.01556, 0.00309, 0.00361, 0.00509, 0.01213, 0.02076, 0.00694, 0.03579, 0.00739, 0.0151, 0.00778, 0.00832, 0.02503, 0.00861, 0.01833, 0.00927, 0.02795, 0.00932, 0.00966, 0.00982, 0.0101, 0.01013, 0.02028, 0.04266, 0.02228, 0.02229, 0.23467, 0.01137, 0.01151, 0.02344, 0.01181, 0.01193, 0.01203, 0.04833, 0.02487, 0.01243, 0.01267, 0.01273, 0.01274, 0.02577, 0.01291, 0.05174, 0.01304, 0.0131, 0.02643, 0.01327, 0.01336, 0.01337, 0.05466, 0.01368, 0.06869, 0.01376, 0.02785]","[]","[]",57,0
3.5,17,"[0.00065, 0.00126, 0.03037, 0.02404, 0.00983, 0.08446, 0.00426, 0.0043, 0.02602, 0.00443, 0.0045, 0.01842, 0.00488, 0.02959, 0.02033, 0.00517, 0.05219, 0.01246, 0.04426, 0.03502, 0.00721, 0.11222, 0.01829, 0.03697, 0.01868, 0.08499, 0.01971, 0.03074, 0.09242, 0.01085, 0.09845, 0.02204, 0.01107]","[]","[]",33,0
3.5,18,"[0.00183, 0.00291, 0.00355, 0.00426, 0.00435, 0.00564, 0.03453, 0.01211, 0.01825, 0.00617, 0.00644, 0.00688, 0.00763, 0.0078, 0.02345, 0.03994, 0.03219, 0.0089, 0.00897, 0.00925, 0.02822, 0.02911, 0.01956, 0.0102, 0.03086, 0.12933, 0.01127, 0.02275, 0.01218, 0.01218, 0.01233, 0.0128, 0.01287, 0.01299, 0.01304, 0.27562, 0.02656, 0.01361, 0.01371, 0.06963, 0.02792, 0.0141, 0.01419, 0.07113, 0.07191, 0.07204, 0.02884, 0.0289, 0.0439, 0.0147, 0.08822, 0.02966, 0.02982, 0.05969, 0.01516, 0.01519, 0.01531, 0.01534, 0.04647, 0.03099, 0.01563, 0.23549, 0.01605, 0.01608, 0.04865, 0.01644, 0.01665]","[]","[]",67,0
3.5,19,"[0.002, 0.00215, 0.00262, 0.00755, 0.0046, 0.00467, 0.0049, 0.00996, 0.01721, 0.00627, 0.00656, 0.00776, 0.01561, 0.00816, 0.02466, 0.00889, 0.00894, 0.01792, 0.00902, 0.00966, 0.00988, 0.01033, 0.01043, 0.09439, 0.01049, 0.01091, 0.03281, 0.03294, 0.01109, 0.03364, 0.01124, 0.07885, 0.03403, 0.10272, 0.01158, 0.02347, 0.15866, 0.0124, 0.01243, 0.0125, 0.06256, 0.02517, 0.01266, 0.01274, 0.02641, 0.01326, 0.01366, 0.02767, 0.19555, 0.01401, 0.0142, 0.02884, 0.01464, 0.02959, 0.01506, 0.04585, 0.01534, 0.0156, 0.07856, 0.01579, 0.06358, 0.19381, 0.01619, 0.01623, 0.03267, 0.01636, 0.01639, 0.01647, 0.01656, 0.01672, 0.05035, 0.03364, 0.03387]","[]","[]",73,0
3.5,20,"[0.00202, 0.00496, 0.00597, 0.0036, 0.03372, 0.01829, 0.00472, 0.01585, 0.00575, 0.0174, 0.00592, 0.02006, 0.02043, 0.00687, 0.00732, 0.11641, 0.00799, 0.00812, 0.00855, 0.00884, 0.00894, 0.00917, 0.00973, 0.00974, 0.02984, 0.01016, 0.01027, 0.06166, 0.03091, 0.02085, 0.01047, 0.03191, 0.01071, 0.04332, 0.02174, 0.02212, 0.01107, 0.04448, 0.03394, 0.0228, 0.01159, 0.01167]","[]","[]",42,0
3.5,21,"[0.00088, 0.00342, 0.00237, 0.00269, 0.03593, 0.01482, 0.00373, 0.00381, 0.0048, 0.05156, 0.00692, 0.01412, 0.00709, 0.00724, 0.00726, 0.01568, 0.02365, 0.09621, 0.06534, 0.00823, 0.04395, 0.14779, 0.00991, 0.13965, 0.01004, 0.0101, 0.01016, 0.03119, 0.01054, 0.06493, 0.0221, 0.01107, 0.01116, 0.03382, 0.01138, 0.01151, 0.05775, 0.01159, 0.0118, 0.06122, 0.01228, 0.16074, 0.03779, 0.01272, 0.01313, 0.06625, 0.02752, 0.014, 0.02826, 0.12976, 0.01443, 0.0292, 0.02928]","[]","[]",53,0
3.5,22,"[0.00222, 0.0027, 0.00852, 0.02319, 0.00379, 0.05663, 0.02435, 0.0082, 0.00445, 0.00465, 0.00468, 0.01449, 0.01041, 0.0055, 0.00557, 0.00568, 0.00591, 0.00614, 0.01255, 0.1081, 0.12208, 0.00676, 0.00695, 0.01392, 0.00718, 0.01445, 0.01495, 0.16765, 0.00841, 0.02662, 0.02826, 0.00948, 0.00999, 0.02006, 0.02016, 0.01033, 0.0311, 0.01043, 0.03143, 0.0105, 0.01059, 0.04289, 0.01084, 0.07699, 0.01113, 0.0112]","[]","[]",46,0
3.5,23,"[0.00228, 0.00286, 0.00575, 0.02202, 0.07342, 0.01975, 0.0051, 0.00612, 0.01983, 0.00663, 0.00756, 0.16085, 0.0077, 0.03859, 0.00783, 0.0079, 0.00817, 0.00817, 0.01667, 0.03344, 0.05021, 0.00845, 0.02557, 0.04369, 0.01765, 0.00886, 0.05467, 0.19573, 0.01871, 0.01879, 0.00942, 0.00952, 0.03824, 0.0194, 0.03935, 0.01003, 0.02024, 0.02071, 0.03142, 0.01054, 0.04284, 0.0109, 0.03474, 0.06986, 0.01213, 0.02435, 0.01219, 0.02439, 0.01273, 0.01308, 0.03987, 0.01339]","[]","[]",52,0
3.5,24,"[0.01667, 0.00492, 0.00526, 0.00532, 0.00532, 0.00545, 0.01104, 0.00597, 0.01245, 0.00634, 0.01327, 0.0136, 0.00698, 0.00723, 0.0075, 0.00786, 0.0081, 0.00813, 0.00813, 0.00837, 0.01734, 0.08695, 0.00886, 0.00916, 0.0097, 0.02959, 0.01006, 0.0102, 0.01038, 0.07378, 0.03273, 0.02202, 0.03392, 0.01134, 0.01159, 0.0116, 0.20289, 0.0239, 0.012, 0.01206, 0.0121, 0.01253, 0.02527, 0.01271, 0.08919, 0.01278, 0.06488, 0.05247, 0.0667, 0.17533, 0.02732, 0.06937, 0.0139, 0.26774, 0.02825, 0.04261]","[]","[]",56,0
3.5,25,"[0.0016, 0.00186, 0.00227, 0.0038, 0.00386, 0.02765, 0.01734, 0.04103, 0.01871, 0.00637, 0.00664, 0.0067, 0.01354, 0.01464, 0.06685, 0.00751, 0.10826, 0.02341, 0.02503, 0.0086, 0.00862, 0.00908, 0.03633, 0.0095, 0.06721, 0.02016, 0.01017, 0.01027, 0.01035, 0.01055, 0.03245, 0.02226, 0.01128, 0.01141, 0.01144, 0.03456, 0.01152, 0.04668, 0.02346, 0.02354, 0.0356, 0.01187, 0.03579, 0.01204, 0.1623, 0.01255, 0.01259, 0.0126, 0.01279, 0.02595, 0.09212, 0.02645, 0.01326, 0.0134, 0.10784, 0.056, 0.01407, 0.05691, 0.01427, 0.01437, 0.01437, 0.01468, 0.20679, 0.01487, 0.02982, 0.11944, 0.04511, 0.15066]","[]","[]",68,0
3.5,26,"[0.02332, 0.00318, 0.00445, 0.00482, 0.00495, 0.01043, 0.037, 0.00536, 0.00564, 0.01717, 0.00607, 0.00658, 0.02145, 0.00728, 0.08863, 0.08919, 0.09713, 0.00753, 0.01537, 0.01608, 0.00815, 0.01777, 0.06254, 0.12723, 0.02758, 0.00923, 0.00924, 0.00947, 0.07769, 0.01983, 0.01984, 0.01037, 0.07681, 0.01136, 0.02335, 0.01178, 0.01178, 0.0475, 0.07133, 0.01201, 0.0362, 0.01219, 0.01234, 0.17468, 0.01272, 0.01277, 0.01287, 0.01294, 0.12955, 0.01309, 0.07937, 0.01348, 0.14965, 0.11046]","[]","[]",54,0
3.5,27,"[0.00124, 0.00125, 0.02728, 0.06824, 0.0037, 0.04766, 0.00399, 0.00824, 0.00415, 0.01007, 0.04627, 0.00534, 0.07002, 0.0062, 0.01877, 0.00667, 0.00677, 0.0068, 0.04849, 0.00709, 0.07203, 0.00801, 0.03283, 0.02472, 0.00877, 0.08111, 0.0092, 0.0186, 0.00936, 0.04797, 0.00971, 0.01949, 0.02924, 0.01019, 0.04116, 0.01044, 0.01054, 0.01065, 0.08655, 0.01142, 0.01165, 0.03536, 0.01184, 0.0121, 0.0611, 0.06119, 0.01243, 0.127, 0.01277, 0.01285, 0.01293, 0.1834, 0.01319, 0.05337, 0.01345, 0.02694, 0.02696, 0.02794]","[]","[]",58,0
3.5,28,"[0.02587, 0.0081, 0.0048, 0.00485, 0.0053, 0.00533, 0.00547, 0.01852, 0.00628, 0.00649, 0.02017, 0.01382, 0.00708, 0.00722, 0.00722, 0.00769, 0.01616, 0.0163, 0.00834, 0.02592, 0.00865, 0.05495, 0.00973, 0.00973, 0.01049, 0.01062, 0.02127, 0.032, 0.01097, 0.10063, 0.01121, 0.01166, 0.0117, 0.04689, 0.01175, 0.01182, 0.04768, 0.02388, 0.03631, 0.01239, 0.17417, 0.03735, 0.01252, 0.01253, 0.02509, 0.01263, 0.01272, 0.01284, 0.01299, 0.013, 0.02619, 0.01319, 0.17394, 0.05387, 0.16273, 0.05608, 0.01407, 0.01412, 0.01417, 0.05718, 0.01462, 0.13175, 0.03068, 0.03068, 0.01534, 0.04645, 0.04666, 0.01565, 0.04724, 0.07885, 0.01608]","[]","[]",71,0
3.5,29,"[0.00047, 0.00096, 0.00162, 0.00245, 0.00761, 0.00326, 0.00421, 0.00432, 0.0052, 0.00534, 0.00547, 0.09077, 0.01167, 0.00585, 0.01191, 0.00607, 0.07619, 0.01383, 0.01387, 0.00707, 0.01454, 0.00731, 0.07709, 0.00806, 0.10554, 0.05449, 0.03761, 0.05849, 0.0098, 0.09935, 0.01112, 0.02226, 0.04529, 0.02277, 0.03439, 0.02349, 0.10784, 0.02431, 0.01216, 0.01217, 0.03807, 0.01291, 0.0518, 0.19048, 0.01378]","[]","[]",45,0
3.5,30,"[0.00215, 0.00322, 0.00699, 0.00392, 0.00423, 0.08978, 0.00543, 0.03281, 0.01651, 0.00598, 0.01211, 0.04626, 0.0067, 0.00693, 0.00708, 0.00719, 0.12657, 0.00746, 0.03738, 0.00755, 0.01512, 0.00769, 0.00797, 0.00802, 0.03223, 0.01617, 0.01736, 0.02631, 0.00894, 0.00902, 0.00905, 0.00914, 0.00926, 0.00936, 0.06597, 0.03816, 0.13423, 0.01016, 0.01026, 0.01078, 0.23505, 0.04632, 0.01186, 0.01187, 0.02421, 0.01233, 0.01239, 0.01248, 0.07528]","[]","[]",49,0
3.5,31,"[0.00125, 0.04393, 0.00846, 0.02778, 0.00479, 0.01001, 0.00514, 0.01566, 0.06967, 0.09088, 0.01413, 0.00713, 0.0366, 0.00771, 0.03128, 0.10985, 0.0944, 0.0081, 0.00814, 0.08672, 0.02692, 0.00922, 0.00925, 0.0096, 0.1155, 0.00986, 0.00991, 0.0399, 0.01046, 0.01072, 0.01097, 0.01103, 0.03364, 0.01126, 0.01133, 0.01148, 0.0583, 0.01174, 0.01181, 0.12103, 0.01213, 0.02473, 0.01274]","[]","[]",43,0
3.5,32,"[0.00301, 0.00505, 0.00305, 0.00327, 0.07351, 0.00824, 0.00436, 0.00509, 0.00621, 0.13477, 0.00694, 0.01402, 0.0448, 0.00751, 0.02279, 0.06928, 0.05204, 0.0091, 0.03652, 0.06439, 0.01871, 0.00956, 0.1816, 0.01912, 0.00968, 0.10868]","[]","[]",26,0
3.5,33,"[0.00102, 0.00687, 0.00357, 0.02245, 0.00404, 0.0054, 0.09872, 0.12267, 0.0073, 0.02944, 0.00748, 0.00761, 0.00768, 0.00795, 0.00805, 0.01623, 0.00855, 0.00866, 0.00886, 0.00909, 0.05469, 0.00916, 0.00925, 0.00926, 0.02787, 0.05601, 0.05662, 0.10815, 0.09009, 0.02025, 0.02076, 0.0104, 0.01064, 0.05385, 0.04448, 0.01153, 0.12785, 0.01191, 0.01207, 0.01208, 0.01209, 0.0366, 0.02451, 0.01246, 0.02504, 0.01254, 0.01269, 0.0381, 0.0127, 0.05209, 0.02644, 0.01387, 0.01412, 0.02832, 0.01433, 0.01434, 0.07306]","[]","[]",57,0
3.5,34,"[0.00194, 0.01588, 0.00287, 0.00302, 0.00321, 0.00333, 0.00373, 0.00895, 0.00481, 0.00557, 0.00598, 0.01202, 0.00625, 0.0063, 0.00678, 0.01363, 0.04338, 0.00781, 0.02356, 0.00809, 0.00827, 0.03446, 0.00883, 0.00885, 0.00916, 0.02756, 0.0191, 0.00971, 0.00985, 0.00999, 0.03062, 0.01047, 0.02119, 0.01076, 0.01095, 0.06989, 0.04689, 0.01186, 0.01198, 0.06005, 0.0121, 0.01221, 0.0123, 0.02472, 0.01252, 0.05257, 0.02631, 0.01328, 0.01336, 0.01347, 0.04056, 0.04068, 0.01366, 0.01367, 0.01381, 0.01388, 0.01396, 0.01404, 0.01408, 0.04249, 0.01422]","[]","[]",61,0
3.5,35,"[0.00199, 0.00218, 0.02944, 0.02175, 0.00332, 0.00384, 0.01221, 0.00469, 0.00538, 0.01246, 0.04411, 0.01336, 0.00698, 0.00712, 0.0073, 0.00745, 0.02353, 0.00802, 0.07245, 0.00809, 0.00842, 0.12736, 0.00857, 0.00857, 0.03505, 0.01798, 0.01826, 0.01828, 0.03831, 0.00972, 0.00981, 0.00993, 0.02007, 0.03169, 0.01082, 0.22937, 0.01104, 0.01129, 0.0117, 0.01178, 0.02394, 0.08536, 0.04882]","[]","[]",43,0
3.5,36,"[0.01014, 0.00187, 0.00215, 0.01568, 0.00237, 0.00362, 0.00392, 0.00846, 0.00565, 0.0117, 0.00605, 0.07392, 0.02047, 0.00712, 0.00784, 0.02411, 0.00814, 0.00822, 0.01664, 0.00861, 0.00868, 0.02703, 0.01004, 0.12049, 0.01013, 0.02207, 0.01132, 0.16256, 0.24916, 0.09718, 0.01216, 0.03649, 0.02435, 0.01226, 0.02456, 0.01232, 0.02536, 0.06391, 0.03841, 0.01286, 0.06455, 0.10359, 0.03887, 0.03979, 0.05333, 0.04034, 0.02693, 0.02719, 0.0137, 0.01396, 0.05641, 0.01422, 0.01427, 0.14289, 0.0144, 0.0144]","[]","[]",56,0
3.5,37,"[0.00112, 0.0053, 0.00419, 0.03816, 0.01902, 0.02634, 0.00553, 0.00595, 0.027, 0.00678, 0.08938, 0.00775, 0.00776, 0.0401, 0.00822, 0.01697, 0.01041, 0.03164, 0.15682, 0.02246, 0.0116, 0.02363, 0.01195, 0.03665, 0.06141, 0.03691, 0.01242, 0.01243, 0.02557, 0.01294, 0.02615, 0.01331, 0.01335, 0.21473, 0.02703, 0.02786, 0.04262, 0.01479, 0.04476, 0.18171, 0.03049, 0.01577, 0.01582, 0.01614, 0.01626, 0.0163, 0.08174, 0.01639, 0.03286, 0.21464]","[]","[]",50,0
3.5,38,"[0.02078, 0.0037, 0.00434, 0.00438, 0.00888, 0.015, 0.00503, 0.02185, 0.02236, 0.01416, 0.00709, 0.01594, 0.00813, 0.02577, 0.00886, 0.00911, 0.01898, 0.01954, 0.01966, 0.01012, 0.01028, 0.0105, 0.01115, 0.01145, 0.01194, 0.01195, 0.01219, 0.08591, 0.01247, 0.02557, 0.02594, 0.01312, 0.0267, 0.16523, 0.01434, 0.0287, 0.30366, 0.02915, 0.02921, 0.01468, 0.01499, 0.01509, 0.03034, 0.07627, 0.09233, 0.0155, 0.0465, 0.03104, 0.01554, 0.01574, 0.0634, 0.0318, 0.016, 0.01601, 0.04843, 0.01636, 0.01639, 0.04932, 0.06585, 0.03323, 0.01676, 0.03355, 0.03355, 0.01682, 0.08415]","[]","[]",65,0
3.5,39,"[0.00148, 0.00174, 0.04951, 0.00359, 0.00412, 0.00448, 0.00511, 0.0053, 0.00541, 0.01633, 0.00588, 0.01262, 0.00714, 0.14724, 0.00737, 0.08948, 0.02458, 0.00825, 0.00862, 0.0099, 0.04006, 0.01013, 0.02056, 0.01042, 0.03138, 0.01055, 0.04277, 0.01087, 0.12143, 0.01109, 0.02265, 0.04746, 0.03594, 0.01201, 0.08428, 0.02417, 0.01212, 0.18239, 0.01269, 0.03891, 0.05195, 0.1475, 0.01378, 0.0139, 0.01395, 0.01396, 0.01421, 0.01441, 0.01447, 0.08721, 0.01454, 0.07271, 0.01456]","[]","[]",53,0
3.5,40,"[0.00146, 0.01176, 0.02888, 0.00334, 0.05081, 0.00425, 0.0043, 0.00524, 0.08135, 0.01909, 0.00673, 0.08348, 0.00712, 0.01528, 0.01592, 0.02406, 0.02457, 0.00834, 0.13375, 0.01912, 0.01915, 0.02908, 0.03899, 0.00983, 0.02951, 0.01012, 0.01012, 0.01017, 0.01069, 0.01078, 0.01091, 0.01098, 0.01099, 0.1118, 0.01137, 0.01143, 0.02307, 0.01165, 0.02332, 0.02373, 0.0122, 0.03684, 0.02477, 0.0124, 0.02484, 0.02609, 0.0263, 0.01323, 0.02665, 0.01346, 0.01349, 0.01369, 0.0138, 0.0139, 0.01419, 0.01426]","[]","[]",56,0
3.5,41,"[0.00127, 0.00481, 0.00483, 0.01594, 0.00343, 0.0247, 0.00467, 0.00484, 0.00999, 0.00512, 0.02783, 0.00563, 0.10828, 0.00678, 0.01406, 0.02897, 0.03799, 0.03827, 0.00809, 0.00826, 0.017, 0.00853, 0.00864, 0.00869, 0.00901, 0.00921, 0.04622, 0.19515, 0.00986, 0.03957, 0.00997, 0.02022, 0.21273, 0.01031, 0.01064, 0.01068, 0.02159, 0.02182, 0.01106, 0.01151, 0.0346, 0.02329, 0.01174, 0.0708, 0.07123, 0.04769, 0.02517, 0.07603, 0.02559, 0.01282, 0.03933, 0.01327, 0.01333, 0.0135, 0.02721]","[]","[]",55,0
3.5,42,"[0.0016, 0.00164, 0.00208, 0.00239, 0.00244, 0.00427, 0.0043, 0.01498, 0.02116, 0.00552, 0.00554, 0.00559, 0.00603, 0.00679, 0.00734, 0.00746, 0.00751, 0.0309, 0.03999, 0.00829, 0.00831, 0.00853, 0.00867, 0.00869, 0.00922, 0.00955, 0.05854, 0.00979, 0.00998, 0.03008, 0.01006, 0.01031, 0.02094, 0.03174, 0.01125, 0.01129, 0.02259, 0.01134, 0.02296, 0.08057, 0.02326, 0.0118, 0.01224, 0.01269, 0.07874, 0.01313, 0.01321, 0.02661, 0.0547, 0.04107, 0.0138, 0.01381, 0.15533, 0.01421, 0.01438, 0.0288, 0.17553, 0.08798, 0.10297]","[]","[]",59,0
3.5,43,"[0.00647, 0.02305, 0.00267, 0.01106, 0.04541, 0.00446, 0.00469, 0.00476, 0.02142, 0.01649, 0.01655, 0.00576, 0.1166, 0.00599, 0.0126, 0.00654, 0.00654, 0.06011, 0.06057, 0.00698, 0.08481, 0.0073, 0.00734, 0.01533, 0.0161, 0.00858, 0.0172, 0.0351, 0.05306, 0.03666, 0.00983, 0.0198, 0.01, 0.04037, 0.03072, 0.01025, 0.0103, 0.03334, 0.04601, 0.02317, 0.03507]","[]","[]",41,0
3.5,44,"[0.01637, 0.00241, 0.01618, 0.00277, 0.00896, 0.0034, 0.0091, 0.00568, 0.01481, 0.01534, 0.01566, 0.0235, 0.01693, 0.0256, 0.00904, 0.01823, 0.08717, 0.13961, 0.01045, 0.04203, 0.01073, 0.01082, 0.01087, 0.0113, 0.01134, 0.01135, 0.02278, 0.03492, 0.01173, 0.01175, 0.02369, 0.02374, 0.01196, 0.02401, 0.02406, 0.01222, 0.01243, 0.01251, 0.03789, 0.01274, 0.01284, 0.0129, 0.013, 0.02605, 0.1738, 0.05363, 0.05404, 0.09592, 0.01373, 0.01397, 0.01437, 0.04347, 0.01454, 0.11872, 0.01501, 0.04522, 0.0459, 0.01533, 0.01535, 0.01548, 0.04681, 0.1898, 0.22497, 0.0644, 0.01614, 0.01614, 0.21296, 0.0166, 0.03338, 0.05041, 0.11797, 0.01688, 0.23716, 0.01699]","[]","[]",74,0
3.5,45,"[0.00198, 0.00237, 0.00713, 0.00793, 0.01614, 0.00418, 0.03384, 0.00583, 0.00597, 0.00637, 0.1125, 0.04096, 0.00685, 0.13356, 0.00767, 0.00783, 0.00895, 0.09897, 0.00916, 0.01867, 0.01905, 0.00956, 0.0198, 0.03977, 0.00996, 0.01002, 0.06063, 0.02024, 0.01014, 0.03172, 0.01077, 0.11906, 0.01092, 0.01114, 0.01141, 0.10319, 0.06888, 0.01157, 0.03486, 0.01176, 0.01183, 0.01205, 0.0121, 0.01237, 0.01249, 0.02511, 0.01259, 0.06709, 0.01369, 0.05511, 0.01387, 0.01388, 0.01392, 0.01395, 0.01396, 0.01398, 0.05608, 0.01409, 0.02856, 0.01432, 0.01434, 0.01442, 0.02886, 0.01447, 0.04386, 0.01465, 0.05927]","[]","[]",67,0
3.5,46,"[0.00239, 0.0178, 0.00212, 0.00495, 0.00324, 0.07841, 0.04896, 0.03692, 0.00426, 0.0046, 0.00503, 0.0053, 0.00537, 0.06739, 0.00657, 0.00685, 0.00687, 0.0626, 0.00716, 0.00717, 0.00726, 0.05517, 0.0711, 0.01656, 0.02562, 0.01722, 0.03539, 0.00887, 0.01792, 0.02701, 0.01808, 0.00933, 0.00949, 0.03844, 0.02925, 0.00976, 0.01026, 0.01034, 0.05261, 0.01054, 0.08495, 0.05339, 0.01084, 0.01105, 0.03427, 0.01147, 0.01154, 0.01155, 0.0463, 0.01175, 0.01197, 0.01215, 0.01229, 0.12621, 0.01267, 0.01289, 0.06537, 0.01314, 0.05304, 0.02658, 0.18708, 0.01346]","[]","[]",62,0
3.5,47,"[0.0018, 0.04994, 0.05464, 0.01018, 0.00561, 0.00638, 0.01278, 0.00696, 0.00716, 0.00751, 0.00752, 0.00771, 0.00773, 0.03173, 0.00824, 0.02518, 0.01692, 0.11066, 0.00899, 0.01821, 0.00952, 0.03834, 0.00959, 0.12514, 0.01018, 0.01125, 0.0114, 0.0343, 0.03665, 0.03732, 0.01268, 0.06494, 0.01305, 0.01312, 0.01384, 0.0139, 0.02788, 0.01408, 0.04229, 0.01418, 0.0142, 0.02863, 0.01437, 0.16046, 0.03015, 0.01527, 0.03055, 0.04591]","[]","[]",48,0
3.5,48,"[0.00149, 0.00178, 0.00225, 0.02983, 0.01102, 0.00377, 0.00829, 0.00859, 0.01988, 0.00668, 0.02781, 0.00696, 0.00703, 0.00744, 0.00788, 0.00794, 0.05591, 0.02562, 0.00856, 0.0087, 0.07088, 0.12483, 0.00904, 0.01875, 0.00938, 0.0095, 0.00979, 0.00994, 0.0104, 0.0212, 0.01069, 0.02176, 0.01103, 0.15829, 0.01175, 0.01192, 0.01216, 0.02471, 0.01255, 0.03801, 0.05137, 0.05267, 0.01392, 0.06999, 0.01416, 0.01428, 0.01429, 0.01488, 0.10631, 0.04616]","[]","[]",50,0
3.5,49,"[0.00454, 0.01408, 0.01409, 0.00542, 0.00564, 0.05965, 0.00609, 0.00668, 0.09352, 0.00681, 0.09758, 0.00704, 0.01518, 0.008, 0.00901, 0.02773, 0.12359, 0.03078, 0.0115, 0.0119, 0.08449, 0.04847, 0.02442, 0.02445, 0.01223, 0.01339, 0.01359, 0.0142, 0.02849, 0.01437, 0.01493, 0.01532, 0.0307, 0.20273, 0.19181, 0.0161, 0.03223, 0.12984, 0.01667, 0.0167, 0.06992, 0.01752, 0.07078, 0.22748, 0.01951, 0.01961, 0.13729, 0.01977, 0.01977]","[]","[]",49,0

