3.5,0,"[0.03368, 0.02087, 0.0063, 0.00447, 0.0537, 0.00474, 0.00491, 0.00498, 0.00504, 0.00531, 0.01085, 0.00566, 0.02321, 0.05486, 0.00628, 0.01897, 0.00668, 0.01463, 0.01466, 0.0299, 0.03011, 0.00821, 0.01709, 0.01744, 0.01764, 0.02704, 0.00916, 0.00919, 0.01999, 0.01066, 0.01098, 0.01134, 0.01177, 0.01186, 0.01194, 0.01253, 0.01258, 0.01271, 0.0255, 0.05103, 0.01282, 0.14127, 0.06506, 0.02637]","[]","[]",44,0
3.5,1,"[0.01032, 0.00378, 0.00458, 0.02441, 0.00491, 0.00497, 0.00518, 0.00561, 0.0653, 0.00607, 0.00684, 0.00686, 0.0069, 0.11099, 0.00707, 0.0071, 0.0156, 0.00798, 0.00799, 0.00821, 0.03345, 0.00879, 0.00898, 0.00937, 0.00957, 0.00986, 0.0207, 0.01052, 0.02118, 0.02181, 0.02227, 0.01129, 0.01155, 0.2082, 0.01171, 0.01171, 0.01172, 0.02352, 0.07142, 0.02443, 0.01229, 0.09914, 0.01239, 0.0126, 0.01274, 0.05103, 0.01276, 0.01279, 0.1153, 0.01286, 0.01305, 0.07844]","[]","[]",52,0
3.5,2,"[0.00079, 0.00169, 0.00194, 0.0023, 0.03871, 0.01949, 0.0083, 0.00833, 0.0049, 0.01702, 0.00668, 0.00701, 0.03106, 0.02356, 0.11037, 0.0159, 0.00816, 0.00818, 0.00833, 0.01699, 0.00872, 0.00879, 0.00917, 0.00967, 0.00976, 0.07834, 0.00986, 0.00995, 0.03042, 0.02047, 0.02055, 0.09635, 0.03227, 0.01079, 0.02234, 0.03535, 0.01191, 0.02394, 0.01211, 0.02461, 0.03715, 0.01241, 0.02506, 0.03764, 0.05059, 0.03816, 0.01311, 0.01318, 0.01344, 0.01345, 0.01347, 0.09439, 0.05416, 0.02757, 0.01413, 0.01415]","[]","[]",56,0
3.5,3,"[0.00279, 0.00282, 0.00379, 0.00759, 0.00473, 0.00473, 0.00478, 0.00509, 0.0051, 0.00562, 0.01718, 0.00623, 0.00684, 0.02066, 0.00712, 0.06617, 0.02238, 0.00749, 0.00793, 0.01598, 0.02459, 0.14933, 0.0084, 0.01707, 0.0351, 0.00879, 0.01793, 0.01816, 0.0091, 0.07703, 0.02023, 0.02046, 0.04094, 0.01042, 0.05278, 0.01068, 0.03234, 0.01081, 0.01085, 0.01086, 0.03337, 0.02287, 0.01184, 0.02417, 0.01213, 0.01214, 0.01238, 0.02517, 0.01277, 0.0129, 0.01304, 0.01304, 0.01315, 0.01322, 0.01341, 0.04086, 0.02728, 0.01371, 0.01372, 0.04126, 0.02753]","[]","[]",61,0
3.5,4,"[0.00267, 0.00867, 0.00311, 0.00757, 0.07693, 0.01988, 0.00568, 0.00576, 0.07583, 0.00634, 0.02939, 0.14035, 0.02343, 0.06599, 0.00828, 0.00845, 0.00862, 0.05399, 0.00938, 0.00942, 0.00947, 0.00952, 0.01939, 0.01943, 0.00983, 0.00987, 0.00996, 0.03003, 0.01018, 0.01026, 0.01029, 0.01042, 0.01105, 0.17872, 0.02246, 0.01135, 0.02298, 0.14944, 0.0461, 0.01166, 0.01182, 0.01189, 0.01197, 0.01206, 0.20713, 0.02442, 0.02496, 0.01268, 0.0257]","[]","[]",49,0
3.5,5,"[0.00258, 0.00305, 0.00311, 0.00324, 0.00379, 0.00451, 0.01828, 0.00505, 0.0053, 0.00535, 0.0057, 0.02937, 0.00616, 0.09371, 0.03984, 0.00683, 0.01537, 0.01566, 0.15712, 0.01671, 0.0255, 0.10325, 0.00878, 0.00896, 0.00903, 0.02724, 0.14542, 0.02737, 0.01826, 0.09573, 0.05787, 0.01957, 0.01964, 0.05956, 0.01006, 0.01016, 0.07153, 0.01032, 0.04226]","[]","[]",39,0
3.5,6,"[0.00638, 0.0094, 0.00748, 0.00422, 0.0266, 0.00553, 0.02356, 0.0182, 0.00612, 0.00639, 0.00644, 0.00674, 0.02798, 0.03506, 0.00772, 0.00796, 0.00808, 0.00821, 0.00827, 0.10125, 0.05152, 0.00875, 0.00885, 0.00896, 0.02728, 0.0092, 0.00932, 0.04772, 0.01913, 0.00982, 0.00991, 0.01008, 0.01028, 0.01033, 0.01059, 0.04241, 0.01092, 0.04371, 0.01103, 0.01116, 0.01117, 0.01143, 0.03468, 0.02329, 0.02397, 0.04906, 0.03709, 0.02485, 0.05042]","[]","[]",49,0
3.5,7,"[0.00182, 0.00623, 0.0033, 0.02313, 0.00402, 0.00432, 0.00436, 0.00971, 0.00534, 0.01107, 0.00602, 0.05442, 0.01421, 0.00726, 0.01482, 0.00763, 0.00768, 0.01546, 0.00795, 0.00819, 0.00838, 0.01685, 0.07652, 0.00861, 0.06091, 0.00878, 0.00889, 0.00896, 0.00978, 0.00981, 0.01963, 0.16099, 0.05061, 0.1237, 0.01033, 0.01075, 0.02157, 0.03273, 0.01109, 0.01122, 0.09104, 0.01139, 0.03442, 0.01149, 0.02299, 0.01185, 0.01209, 0.01257, 0.07626]","[]","[]",49,0
3.5,8,"[0.0038, 0.00203, 0.00271, 0.00291, 0.01346, 0.00343, 0.01041, 0.00583, 0.02923, 0.00593, 0.00617, 0.00624, 0.01252, 0.00658, 0.11149, 0.02116, 0.02162, 0.04355, 0.04517, 0.00765, 0.1615, 0.00812, 0.00856, 0.13971, 0.01828, 0.04593, 0.01871, 0.00947, 0.0097, 0.00986, 0.18064, 0.01005, 0.13172, 0.06098, 0.04078, 0.01033, 0.01034, 0.01061, 0.01079, 0.01094, 0.01095, 0.03335, 0.01113, 0.067, 0.0114, 0.02287, 0.0116, 0.02416, 0.02425, 0.04901, 0.02451, 0.02452]","[]","[]",52,0
3.5,9,"[0.01354, 0.0088, 0.00305, 0.00698, 0.00439, 0.00446, 0.00471, 0.02391, 0.00492, 0.00513, 0.01044, 0.01817, 0.05616, 0.01289, 0.00667, 0.00676, 0.01395, 0.01435, 0.01496, 0.03751, 0.00758, 0.06134, 0.00767, 0.09307, 0.00822, 0.00841, 0.0345, 0.00863, 0.19458, 0.00931, 0.00941, 0.08708, 0.02045, 0.01039, 0.08394, 0.01054, 0.0107, 0.01091, 0.01097, 0.02197, 0.04495, 0.05689, 0.01139, 0.02293, 0.04677, 0.012, 0.13284, 0.0121, 0.01222, 0.01233, 0.0125, 0.01261, 0.01283]","[]","[]",53,0
3.5,10,"[0.00086, 0.00222, 0.00639, 0.00814, 0.0041, 0.00954, 0.01128, 0.00564, 0.01277, 0.01283, 0.07063, 0.06092, 0.02896, 0.00754, 0.00774, 0.062, 0.00781, 0.00801, 0.04262, 0.10389, 0.0087, 0.00876, 0.13296, 0.00972, 0.01968, 0.01016, 0.02035, 0.01021, 0.01023, 0.01039, 0.02087, 0.02106, 0.01059, 0.01086, 0.01113, 0.01135, 0.01148, 0.18511, 0.01175, 0.02421, 0.03649, 0.03789, 0.02564, 0.28266, 0.02605, 0.09165, 0.05252]","[]","[]",47,0
3.5,11,"[0.00556, 0.01945, 0.00661, 0.00661, 0.007, 0.00703, 0.00714, 0.1006, 0.0368, 0.12127, 0.00759, 0.02311, 0.00798, 0.09653, 0.02424, 0.00821, 0.00854, 0.00865, 0.00872, 0.01745, 0.01756, 0.00904, 0.02781, 0.00959, 0.01958, 0.04001, 0.01002, 0.02082, 0.01077, 0.01088, 0.01115, 0.01122, 0.01186, 0.07223, 0.01211, 0.01212, 0.01223, 0.01227, 0.11435, 0.01283, 0.05211, 0.01335, 0.02674, 0.01343, 0.01365, 0.01384, 0.01387, 0.01389, 0.09731, 0.01395, 0.01407, 0.01416, 0.17116, 0.01447, 0.04392]","[]","[]",55,0
3.5,12,"[0.00294, 0.0066, 0.01061, 0.00355, 0.00375, 0.00538, 0.00582, 0.00592, 0.02381, 0.00609, 0.0062, 0.13634, 0.0066, 0.00712, 0.01433, 0.00799, 0.04061, 0.15447, 0.00854, 0.01709, 0.00877, 0.13217, 0.01765, 0.02672, 0.00894, 0.00928, 0.00947, 0.11158, 0.04106, 0.01049, 0.01066, 0.09628, 0.0109, 0.01093, 0.011, 0.04437, 0.13428, 0.02245, 0.04627, 0.01232, 0.02473, 0.01254, 0.03823, 0.0256, 0.02642, 0.01332, 0.01337, 0.01343, 0.02708, 0.13593, 0.02764]","[]","[]",51,0
3.5,13,"[0.00159, 0.00159, 0.00708, 0.03322, 0.01152, 0.01495, 0.00572, 0.01224, 0.00627, 0.00646, 0.00663, 0.00715, 0.00736, 0.00749, 0.01547, 0.00835, 0.00855, 0.0344, 0.00887, 0.00905, 0.05883, 0.01014, 0.01028, 0.01031, 0.02078, 0.01061, 0.01061, 0.01062, 0.01062, 0.01072, 0.01076, 0.02202, 0.01122, 0.01157, 0.01176, 0.01228, 0.02511, 0.03805, 0.03806, 0.01272, 0.05099, 0.01287, 0.03865, 0.01301, 0.07819, 0.02679, 0.01351, 0.10814, 0.0546, 0.04107, 0.30332]","[]","[]",51,0
3.5,14,"[0.00084, 0.01391, 0.00445, 0.00465, 0.01039, 0.00548, 0.01099, 0.00583, 0.00599, 0.00608, 0.02765, 0.10186, 0.00822, 0.00853, 0.01767, 0.02758, 0.00923, 0.04093, 0.01024, 0.02077, 0.01051, 0.01053, 0.01117, 0.04488, 0.01143, 0.02304, 0.01189, 0.02401, 0.04859, 0.04869, 0.01219, 0.01222, 0.01253, 0.08875, 0.01298, 0.01302, 0.01318, 0.05324, 0.01336, 0.04023, 0.01351, 0.02726, 0.01372, 0.01378, 0.01379, 0.02807, 0.04255, 0.0143, 0.01433, 0.01457, 0.04492]","[]","[]",51,0
3.5,15,"[0.00297, 0.00356, 0.01346, 0.08983, 0.01436, 0.02279, 0.00772, 0.00785, 0.03931, 0.00805, 0.0081, 0.01711, 0.02625, 0.01862, 0.06639, 0.00953, 0.00961, 0.07321, 0.01086, 0.01116, 0.01162, 0.04663, 0.01173, 0.03521, 0.04789, 0.09604, 0.04879, 0.01227, 0.02464, 0.02475, 0.07547, 0.15268, 0.08963, 0.05173, 0.13136, 0.03983, 0.13618, 0.22168, 0.01393, 0.01393, 0.05644, 0.17007, 0.15925, 0.01453, 0.01454, 0.01455, 0.01491, 0.03017, 0.07653, 0.0308, 0.01583, 0.0317, 0.06376, 0.01597, 0.04793, 0.064, 0.01616, 0.03255, 0.03261, 0.04903]","[]","[]",60,0
3.5,16,"[0.0022, 0.01646, 0.00804, 0.00989, 0.03357, 0.07642, 0.00676, 0.00734, 0.00762, 0.00794, 0.00799, 0.02416, 0.00827, 0.0168, 0.02625, 0.00898, 0.00898, 0.09088, 0.00923, 0.00957, 0.00957, 0.00967, 0.00977, 0.01991, 0.01016, 0.01053, 0.04234, 0.01131, 0.01137, 0.03456, 0.0232, 0.01171, 0.01172, 0.02344, 0.04737, 0.03564, 0.04754, 0.04778, 0.01229, 0.17559, 0.01275, 0.01297, 0.0523, 0.10462, 0.01327, 0.01328, 0.01333]","[]","[]",47,0
3.5,17,"[0.00131, 0.00267, 0.0067, 0.00475, 0.01583, 0.01071, 0.00572, 0.02358, 0.00617, 0.00654, 0.00657, 0.00719, 0.02253, 0.00755, 0.02361, 0.00799, 0.01668, 0.13431, 0.00841, 0.04408, 0.00883, 0.16209, 0.00917, 0.01841, 0.02817, 0.00952, 0.00965, 0.00973, 0.00976, 0.00984, 0.01002, 0.01014, 0.11334, 0.06199, 0.01054, 0.01065, 0.01075, 0.01091, 0.01157, 0.03475, 0.01162, 0.02327, 0.01173, 0.02356, 0.02358, 0.01221, 0.01252, 0.03789, 0.0128, 0.07749, 0.03984, 0.01337, 0.12077, 0.01371, 0.01372, 0.01377, 0.01393, 0.0571, 0.02873]","[]","[]",59,0
3.5,18,"[0.00038, 0.00439, 0.00605, 0.0427, 0.00493, 0.02565, 0.00525, 0.01585, 0.01634, 0.00554, 0.01114, 0.04515, 0.00618, 0.00641, 0.12536, 0.00754, 0.00868, 0.01761, 0.00901, 0.00934, 0.04779, 0.02008, 0.01019, 0.04211, 0.03206, 0.01071, 0.02144, 0.01077, 0.01094, 0.011, 0.01101, 0.01126, 0.03438, 0.03455, 0.04608, 0.02341, 0.01178, 0.02415, 0.0242, 0.01217, 0.01251, 0.01255, 0.01292, 0.03978, 0.02827, 0.04326, 0.01466, 0.17727, 0.08864, 0.05958, 0.01492]","[]","[]",51,0
3.5,19,"[0.00104, 0.00503, 0.00398, 0.02432, 0.00907, 0.00477, 0.01438, 0.0049, 0.11418, 0.00639, 0.00655, 0.01365, 0.01456, 0.02242, 0.00777, 0.03188, 0.00848, 0.11592, 0.00913, 0.14925, 0.15909, 0.11327, 0.00961, 0.0289, 0.10652, 0.00978, 0.01, 0.02027, 0.18296, 0.0409, 0.01078, 0.02186, 0.01121, 0.01141, 0.10328, 0.02433, 0.04919, 0.02487, 0.01261, 0.01279, 0.0128, 0.01282, 0.01291, 0.07768, 0.01299, 0.02633, 0.01351]","[]","[]",47,0
3.5,20,"[0.00302, 0.0062, 0.0102, 0.00359, 0.00402, 0.00453, 0.00932, 0.00499, 0.00513, 0.02162, 0.01147, 0.03492, 0.00588, 0.01206, 0.0061, 0.06178, 0.00635, 0.00689, 0.007, 0.01446, 0.06243, 0.0253, 0.00845, 0.04381, 0.06182, 0.00919, 0.01874, 0.06577, 0.13131, 0.01011, 0.06203, 0.01036, 0.01041, 0.04214, 0.02109, 0.01077, 0.02217, 0.01121, 0.04485, 0.01122, 0.02251, 0.01143, 0.02321, 0.08441, 0.01224, 0.0123, 0.01235, 0.12356, 0.08773, 0.01265, 0.01295, 0.01296, 0.01327, 0.01352, 0.16268, 0.02727]","[]","[]",56,0
3.5,21,"[0.00041, 0.00743, 0.00684, 0.01586, 0.00806, 0.00411, 0.00425, 0.0044, 0.03801, 0.00495, 0.00522, 0.00527, 0.00565, 0.00578, 0.00655, 0.00706, 0.09528, 0.03025, 0.0076, 0.00813, 0.05722, 0.01654, 0.02568, 0.03529, 0.05302, 0.01777, 0.10919, 0.0092, 0.00939, 0.00944, 0.06617, 0.01897, 0.00993, 0.04146, 0.01079, 0.18658, 0.0121, 0.0991, 0.02618, 0.01312, 0.01333, 0.01335, 0.08244, 0.01399, 0.01399, 0.014, 0.14041, 0.04327, 0.01458, 0.01463, 0.02964, 0.01496, 0.11983, 0.01504, 0.01508, 0.0153, 0.01543, 0.06256, 0.01565, 0.06311, 0.0158, 0.11103, 0.01637, 0.06553, 0.05, 0.11732, 0.01678, 0.03372, 0.01694, 0.16964, 0.01722, 0.01728, 0.0692, 0.05194, 0.05196, 0.07014]","[]","[]",76,0
3.5,22,"[0.00239, 0.00282, 0.01083, 0.00362, 0.00422, 0.00929, 0.00471, 0.00534, 0.02811, 0.09943, 0.01649, 0.01658, 0.0759, 0.00877, 0.0177, 0.02848, 0.00977, 0.01994, 0.01006, 0.19066, 0.01077, 0.02166, 0.03305, 0.04518, 0.01141, 0.01147, 0.05749, 0.02313, 0.16284, 0.01165, 0.02335, 0.03509, 0.03518, 0.05963, 0.01198, 0.03598, 0.01203, 0.04905, 0.01236, 0.2483, 0.01263, 0.02529, 0.03943, 0.06638, 0.01328, 0.09298, 0.02705, 0.0409, 0.0137, 0.01388, 0.01399, 0.05621]","[]","[]",52,0
3.5,23,"[0.00015, 0.00057, 0.00397, 0.00134, 0.01629, 0.00233, 0.00277, 0.02532, 0.00876, 0.00493, 0.00598, 0.01255, 0.06805, 0.00694, 0.02117, 0.09773, 0.00772, 0.05594, 0.00901, 0.02727, 0.02801, 0.00946, 0.0285, 0.04812, 0.06772, 0.01048, 0.02191, 0.02216, 0.01136, 0.091, 0.01143, 0.02302, 0.01162, 0.02331, 0.01183, 0.01206, 0.02418, 0.03643, 0.01216, 0.04918, 0.1502, 0.01308, 0.07904, 0.01318, 0.01319, 0.0264, 0.02658, 0.05369, 0.01348, 0.01353, 0.04069, 0.0136, 0.01364, 0.0274, 0.22126, 0.01385, 0.01398, 0.01406, 0.05679, 0.10017, 0.07213, 0.01464, 0.01464]","[]","[]",63,0
3.5,24,"[0.00321, 0.00382, 0.00794, 0.02562, 0.00529, 0.0329, 0.00689, 0.03456, 0.00711, 0.01424, 0.00817, 0.02691, 0.02703, 0.02792, 0.00941, 0.01923, 0.00963, 0.00966, 0.00966, 0.0097, 0.1685, 0.01007, 0.03064, 0.03109, 0.01045, 0.01053, 0.01075, 0.01078, 0.09778, 0.03272, 0.01123, 0.01142, 0.01145, 0.01196, 0.01229, 0.0248, 0.01242, 0.01247, 0.25088, 0.05032, 0.02522, 0.01285, 0.03896, 0.01338, 0.04024]","[]","[]",45,0
3.5,25,"[0.00298, 0.00615, 0.00322, 0.01193, 0.03264, 0.00416, 0.05657, 0.0044, 0.00548, 0.07236, 0.00673, 0.04172, 0.00698, 0.00737, 0.00746, 0.01491, 0.00751, 0.00779, 0.03266, 0.04084, 0.13366, 0.01707, 0.04447, 0.00925, 0.01852, 0.019, 0.1145, 0.03898, 0.01005, 0.01006, 0.05239, 0.02137, 0.01071, 0.01077, 0.03243, 0.11164, 0.01134, 0.02359, 0.01183, 0.11994, 0.07293, 0.06089, 0.04938, 0.1374]","[]","[]",44,0
3.5,26,"[0.00718, 0.00845, 0.00445, 0.0047, 0.00471, 0.00489, 0.00505, 0.05248, 0.09164, 0.00665, 0.00712, 0.00744, 0.00772, 0.00783, 0.02385, 0.03307, 0.00871, 0.12299, 0.00891, 0.04489, 0.01829, 0.0185, 0.00968, 0.01021, 0.01022, 0.01024, 0.05269, 0.06507, 0.04374, 0.02194, 0.01121, 0.03397, 0.07942, 0.01136, 0.01189, 0.02407, 0.01234, 0.22221, 0.01248, 0.07488, 0.01282, 0.03878, 0.01304, 0.01307, 0.01308, 0.06597, 0.02645, 0.01329, 0.04044, 0.01348, 0.01359, 0.27455, 0.01397, 0.028, 0.05601, 0.01416]","[]","[]",56,0
3.5,27,"[0.00301, 0.00643, 0.00652, 0.01819, 0.00494, 0.00528, 0.00612, 0.01228, 0.00636, 0.00661, 0.00674, 0.04113, 0.01376, 0.01446, 0.00738, 0.00766, 0.0077, 0.00806, 0.0266, 0.01789, 0.0364, 0.00912, 0.00912, 0.00941, 0.1181, 0.14446, 0.01043, 0.01084, 0.01087, 0.02203, 0.01133, 0.0343, 0.06888, 0.01153, 0.02327, 0.01165, 0.05898, 0.04719, 0.03628, 0.01211, 0.01226, 0.01251, 0.0127, 0.03869, 0.03913, 0.02661, 0.24311, 0.02739, 0.01376, 0.02764, 0.22361, 0.02808, 0.01404, 0.01412, 0.01415, 0.01479, 0.02993, 0.01514, 0.01516, 0.01523, 0.16839, 0.06198, 0.01559, 0.03123, 0.03124, 0.01572, 0.01573]","[]","[]",67,0
3.5,28,"[0.00322, 0.00364, 0.00428, 0.00429, 0.00546, 0.02355, 0.02537, 0.01306, 0.0072, 0.01474, 0.11803, 0.00743, 0.10185, 0.00788, 0.00788, 0.02386, 0.00803, 0.0081, 0.00838, 0.00843, 0.09407, 0.02582, 0.00872, 0.00877, 0.08906, 0.00904, 0.04597, 0.00919, 0.01905, 0.23, 0.01065, 0.0111, 0.0112, 0.1019, 0.02266]","[]","[]",35,0
3.5,29,"[0.00165, 0.00461, 0.00908, 0.00311, 0.00362, 0.00365, 0.01002, 0.00514, 0.023, 0.00636, 0.00676, 0.0068, 0.00725, 0.00807, 0.03266, 0.00844, 0.02569, 0.11364, 0.04411, 0.00885, 0.01864, 0.00943, 0.00953, 0.00954, 0.03941, 0.01005, 0.02031, 0.04123, 0.12532, 0.01101, 0.11404, 0.01142, 0.01142, 0.07295, 0.0122, 0.0122, 0.01247, 0.05033, 0.01299, 0.09141, 0.01311, 0.01324, 0.05323, 0.02683, 0.02756, 0.0138, 0.09747, 0.15594, 0.11421, 0.02874, 0.01439, 0.01445, 0.01458, 0.01491, 0.24042, 0.10538, 0.04535, 0.06059, 0.04549, 0.01548, 0.03096, 0.01576, 0.01577, 0.22398, 0.19556, 0.16314, 0.01642, 0.01646, 0.08301]","[]","[]",69,0
3.5,30,"[0.00801, 0.00466, 0.01, 0.03429, 0.00423, 0.00466, 0.01038, 0.00577, 0.0532, 0.07998, 0.10177, 0.0072, 0.00756, 0.01548, 0.00827, 0.025, 0.00875, 0.00877, 0.03775, 0.01971, 0.01017, 0.01023, 0.01023, 0.09281, 0.10709, 0.01092, 0.01094, 0.01096, 0.18147, 0.01135, 0.04552, 0.01139, 0.01182, 0.01184, 0.01203, 0.06038, 0.01209, 0.01255, 0.02512, 0.01269, 0.01273, 0.0129, 0.01293, 0.02621]","[]","[]",44,0
3.5,31,"[0.00191, 0.00097, 0.00648, 0.00241, 0.00278, 0.00391, 0.00392, 0.00412, 0.00417, 0.00442, 0.00482, 0.00485, 0.03025, 0.00608, 0.00621, 0.00678, 0.01357, 0.00694, 0.00732, 0.06788, 0.00804, 0.00865, 0.00923, 0.00928, 0.01912, 0.1445, 0.08857, 0.02017, 0.01029, 0.0104, 0.02095, 0.01049, 0.03156, 0.01095, 0.01112, 0.01124, 0.01127, 0.01175, 0.04765, 0.02396, 0.01227, 0.01228, 0.01252, 0.01253, 0.01259, 0.02523, 0.01282, 0.01305, 0.01311, 0.15733, 0.01335, 0.01369, 0.01385, 0.01389, 0.02805, 0.01403, 0.01424, 0.05734, 0.01455, 0.23333, 0.01476, 0.01479, 0.01489, 0.01495, 0.16804, 0.15506, 0.01574, 0.1893, 0.0158]","[]","[]",69,0
3.5,32,"[0.01852, 0.00209, 0.00911, 0.00239, 0.00251, 0.00276, 0.02235, 0.00409, 0.01678, 0.0042, 0.00435, 0.00477, 0.00506, 0.00558, 0.01753, 0.00595, 0.00597, 0.00646, 0.00694, 0.02859, 0.01444, 0.00751, 0.00758, 0.00778, 0.03946, 0.09972, 0.02656, 0.14591, 0.01886, 0.00945, 0.01914, 0.0103, 0.1055, 0.04235, 0.0319, 0.0213, 0.11897, 0.02166, 0.01096, 0.11051, 0.01105, 0.02243, 0.05736, 0.08176, 0.08309, 0.01193, 0.01222, 0.07558, 0.06313, 0.07697, 0.06418, 0.02592, 0.02699, 0.01357, 0.04081, 0.05518, 0.01386, 0.04185, 0.01398, 0.01404, 0.0141, 0.01428]","[]","[]",62,0
3.5,33,"[0.00025, 0.0216, 0.00417, 0.00908, 0.00459, 0.00517, 0.00548, 0.00641, 0.00682, 0.0069, 0.00715, 0.00742, 0.00746, 0.00749, 0.02346, 0.00839, 0.03602, 0.0454, 0.00939, 0.00956, 0.01948, 0.01975, 0.01005, 0.02067, 0.01059, 0.01082, 0.0111, 0.01127, 0.02253, 0.15832, 0.01132, 0.01146, 0.01209, 0.09914, 0.06228, 0.01251, 0.02522, 0.07614, 0.01278, 0.01282, 0.02603, 0.02658, 0.03995, 0.02698, 0.01376, 0.01382, 0.01383, 0.04206, 0.01417, 0.01431, 0.01454, 0.02932, 0.01468, 0.02937]","[]","[]",54,0
3.5,34,"[0.00246, 0.00266, 0.0134, 0.0034, 0.00348, 0.00378, 0.02024, 0.01223, 0.00465, 0.02333, 0.00474, 0.00496, 0.00527, 0.00535, 0.01095, 0.01238, 0.0065, 0.00664, 0.00671, 0.08127, 0.02874, 0.00748, 0.00763, 0.00764, 0.00799, 0.00802, 0.02419, 0.00814, 0.0163, 0.00824, 0.07461, 0.06734, 0.04222, 0.0085, 0.01713, 0.0086, 0.00939, 0.03758, 0.20795, 0.00953, 0.02933, 0.01975, 0.01027, 0.02061, 0.01034, 0.01039, 0.03124, 0.01045, 0.01045, 0.01051, 0.08483, 0.01075, 0.01081, 0.0439, 0.011, 0.01147, 0.10391, 0.01164, 0.03516, 0.08305, 0.01187, 0.03636]","[]","[]",62,0
3.5,35,"[0.00261, 0.00932, 0.05127, 0.00495, 0.00516, 0.0052, 0.0176, 0.02002, 0.00689, 0.00727, 0.06212, 0.02331, 0.06369, 0.00797, 0.00858, 0.01839, 0.03718, 0.00955, 0.00968, 0.00978, 0.03046, 0.01082, 0.01103, 0.02219, 0.01115, 0.01131, 0.01166, 0.01181, 0.03543, 0.04783, 0.02395, 0.01235, 0.05041, 0.01275, 0.02551, 0.01294, 0.06482, 0.18199, 0.02629, 0.01317, 0.01346, 0.0409, 0.04099, 0.0687, 0.01393, 0.01401, 0.01411, 0.02839, 0.01442, 0.02902, 0.01466, 0.02943, 0.01473]","[]","[]",53,0
3.5,36,"[0.00108, 0.00575, 0.00253, 0.00266, 0.00334, 0.01356, 0.00534, 0.03307, 0.03419, 0.0115, 0.01262, 0.01939, 0.08434, 0.01553, 0.00808, 0.00858, 0.03511, 0.01799, 0.00966, 0.03981, 0.01024, 0.04143, 0.02078, 0.02211, 0.04483, 0.01124, 0.04506, 0.02279, 0.16654, 0.02406, 0.01205, 0.19705, 0.03769, 0.01264, 0.10192, 0.23296, 0.02592, 0.02627, 0.10744, 0.02768, 0.01402, 0.01403, 0.14285, 0.01436, 0.07314, 0.02929, 0.01487, 0.01518, 0.04649, 0.01561, 0.0159, 0.11165]","[]","[]",52,0
3.5,37,"[0.00484, 0.00428, 0.0322, 0.00339, 0.00514, 0.08622, 0.0054, 0.02162, 0.00566, 0.00578, 0.05816, 0.0067, 0.01493, 0.03185, 0.02391, 0.00823, 0.02499, 0.00836, 0.00859, 0.00919, 0.00927, 0.00928, 0.01868, 0.03837, 0.10557, 0.0099, 0.02005, 0.01003, 0.07231, 0.02101, 0.01071, 0.02255, 0.01182, 0.01183, 0.02424, 0.02438, 0.01236, 0.02513, 0.01266, 0.02545, 0.05097, 0.01277, 0.01297, 0.06497, 0.06581, 0.13239, 0.05368]","[]","[]",47,0
3.5,38,"[0.00093, 0.01657, 0.00305, 0.01018, 0.00348, 0.02242, 0.01889, 0.00482, 0.09912, 0.00543, 0.02782, 0.00664, 0.12046, 0.00684, 0.00708, 0.01422, 0.00758, 0.12332, 0.00786, 0.00823, 0.09998, 0.00853, 0.00898, 0.0091, 0.12692, 0.03037, 0.02061, 0.01064, 0.0107, 0.03372, 0.02265, 0.09326, 0.01174, 0.01199, 0.01212, 0.04911, 0.13512, 0.08728, 0.01254, 0.06285, 0.21417, 0.01265, 0.20278, 0.01276, 0.01286, 0.03894, 0.05224, 0.03932, 0.07966, 0.0133, 0.06699, 0.01342, 0.0135, 0.06774]","[]","[]",54,0
3.5,39,"[0.00329, 0.00236, 0.00492, 0.00336, 0.00714, 0.00415, 0.03081, 0.00453, 0.01935, 0.00491, 0.00493, 0.00495, 0.00495, 0.08395, 0.01083, 0.03381, 0.05389, 0.02494, 0.00842, 0.01709, 0.04311, 0.00867, 0.13059, 0.01787, 0.00901, 0.02782, 0.01882, 0.01942, 0.0812, 0.01022, 0.01053, 0.0106, 0.01069, 0.01085, 0.02213, 0.03345, 0.18654, 0.01169, 0.0824, 0.10694, 0.012, 0.01207, 0.01218, 0.01251, 0.01253, 0.25575, 0.01289, 0.01291, 0.02633, 0.09256]","[]","[]",50,0
3.5,40,"[0.00111, 0.01087, 0.02245, 0.00582, 0.00347, 0.00357, 0.00732, 0.00378, 0.00433, 0.00459, 0.00544, 0.13111, 0.02448, 0.0062, 0.01248, 0.00661, 0.01337, 0.04304, 0.00781, 0.00862, 0.01823, 0.00912, 0.01829, 0.00916, 0.00921, 0.00939, 0.04717, 0.00947, 0.12513, 0.01934, 0.00986, 0.00995, 0.01001, 0.01011, 0.01016, 0.04065, 0.01023, 0.01023, 0.02066, 0.05249, 0.05284, 0.01069, 0.01099, 0.01116, 0.02272, 0.0114, 0.01178, 0.01201, 0.06029, 0.01215, 0.10945, 0.14703, 0.02469]","[]","[]",53,0
3.5,41,"[0.00154, 0.00199, 0.00303, 0.00363, 0.02083, 0.05135, 0.00463, 0.00529, 0.00557, 0.00582, 0.00611, 0.01234, 0.01242, 0.00654, 0.00662, 0.02032, 0.11173, 0.00702, 0.02122, 0.00711, 0.00743, 0.07547, 0.03204, 0.00811, 0.037, 0.0648, 0.12091, 0.03787, 0.03859, 0.09683, 0.00994, 0.07021, 0.01024, 0.01032, 0.04168, 0.0212, 0.04261, 0.01071, 0.01073, 0.01093, 0.02191, 0.01115, 0.023, 0.01172, 0.01186, 0.09506]","[]","[]",46,0
3.5,42,"[0.00188, 0.00889, 0.00345, 0.05201, 0.00454, 0.00461, 0.00524, 0.00537, 0.03841, 0.08184, 0.00652, 0.0133, 0.00669, 0.02045, 0.00699, 0.00805, 0.02425, 0.00817, 0.00844, 0.01713, 0.06873, 0.02627, 0.00893, 0.00901, 0.01807, 0.00904, 0.00969, 0.00974, 0.02937, 0.0102, 0.01038, 0.01052, 0.02164, 0.03276, 0.04419, 0.01117, 0.01125, 0.02278, 0.01164, 0.01197, 0.01217, 0.01217, 0.01226, 0.01229, 0.07383, 0.0124, 0.02533, 0.05114, 0.01284, 0.05194, 0.03944, 0.02678]","[]","[]",52,0
3.5,43,"[0.00915, 0.01076, 0.00302, 0.03957, 0.02085, 0.00585, 0.00597, 0.04429, 0.0921, 0.0077, 0.09479, 0.01622, 0.00829, 0.01732, 0.02611, 0.01756, 0.00901, 0.0095, 0.00967, 0.01949, 0.01001, 0.02008, 0.01039, 0.06368, 0.01076, 0.02156, 0.17261, 0.02212, 0.01107, 0.07844, 0.09093, 0.04675, 0.01197, 0.01221, 0.04888, 0.05011, 0.05057, 0.12656, 0.01267, 0.01293, 0.053, 0.01331, 0.02715, 0.0416, 0.014, 0.01401, 0.01415, 0.01415, 0.11608, 0.03006, 0.01505, 0.01506, 0.03055, 0.01535, 0.06272, 0.01572, 0.03155, 0.04804, 0.01614, 0.09687]","[]","[]",60,0
3.5,44,"[0.00555, 0.00769, 0.0031, 0.02603, 0.05268, 0.00332, 0.00374, 0.02016, 0.01024, 0.00513, 0.04202, 0.01106, 0.00586, 0.01765, 0.00591, 0.00607, 0.00624, 0.00634, 0.03318, 0.00669, 0.03548, 0.0074, 0.00753, 0.00767, 0.00777, 0.12691, 0.01608, 0.00846, 0.00854, 0.00858, 0.11348, 0.1422, 0.02878, 0.01924, 0.00966, 0.02938, 0.0705, 0.0101, 0.05109]","[]","[]",39,0
3.5,45,"[0.00205, 0.07613, 0.00391, 0.0099, 0.01542, 0.00554, 0.00559, 0.00613, 0.01305, 0.00704, 0.01563, 0.09415, 0.00789, 0.06344, 0.00829, 0.02536, 0.0429, 0.00858, 0.00863, 0.02601, 0.01825, 0.07307, 0.00923, 0.00925, 0.01864, 0.0496, 0.00993, 0.02055, 0.09778, 0.0446, 0.023, 0.07123, 0.01189, 0.01199, 0.03605, 0.01218, 0.01219, 0.02476, 0.01262, 0.0129, 0.01314, 0.01365, 0.04126, 0.01391, 0.014, 0.18227, 0.0567, 0.0143, 0.07164, 0.01452, 0.0293, 0.01469, 0.01489, 0.01506, 0.07552, 0.01522, 0.03054, 0.01531]","[]","[]",58,0
3.5,46,"[0.00214, 0.00215, 0.02521, 0.00305, 0.04811, 0.00976, 0.04001, 0.00573, 0.04142, 0.00619, 0.0249, 0.02601, 0.10898, 0.01472, 0.08528, 0.01611, 0.00833, 0.00834, 0.0342, 0.00889, 0.05694, 0.04869, 0.01012, 0.04135, 0.0212, 0.04278, 0.08658, 0.01089, 0.01129, 0.01145, 0.01149, 0.01155, 0.01161, 0.02463, 0.02665, 0.01334, 0.01376, 0.0138, 0.01421, 0.0574, 0.0288, 0.01482, 0.01489, 0.01497, 0.01532]","[]","[]",45,0
3.5,47,"[0.00825, 0.0029, 0.00298, 0.03563, 0.00424, 0.00928, 0.00512, 0.00537, 0.01671, 0.04947, 0.00642, 0.00643, 0.02611, 0.00687, 0.00715, 0.00747, 0.00766, 0.01588, 0.008, 0.00913, 0.02845, 0.02889, 0.02916, 0.02949, 0.00986, 0.03025, 0.01024, 0.05563, 0.03403, 0.01142, 0.01144, 0.01148, 0.04663, 0.0117, 0.02354, 0.03535, 0.07184, 0.01213, 0.01215, 0.01227, 0.0492, 0.01239, 0.01244, 0.02512, 0.01324, 0.06647, 0.02665, 0.0134, 0.0134, 0.02778, 0.01389]","[]","[]",51,0
3.5,48,"[0.00539, 0.02918, 0.0032, 0.01128, 0.00422, 0.00927, 0.00468, 0.02822, 0.00475, 0.05394, 0.01628, 0.00707, 0.16316, 0.00763, 0.00796, 0.08819, 0.01642, 0.12399, 0.00875, 0.04447, 0.00899, 0.00903, 0.00939, 0.00954, 0.02864, 0.03842, 0.0097, 0.00974, 0.00986, 0.00994, 0.01028, 0.01031, 0.19632, 0.01036, 0.02085, 0.02098, 0.02121, 0.01067, 0.05395, 0.0109, 0.01105, 0.03316, 0.04473, 0.0112, 0.01122, 0.01138, 0.01155, 0.02356]","[]","[]",48,0
3.5,49,"[0.00756, 0.00345, 0.00219, 0.01645, 0.02339, 0.00365, 0.00376, 0.03041, 0.06291, 0.004, 0.00426, 0.06294, 0.00534, 0.00566, 0.11733, 0.00638, 0.03879, 0.00652, 0.07185, 0.00667, 0.01348, 0.00712, 0.01493, 0.03123, 0.04754, 0.03227, 0.00814, 0.03266, 0.15012, 0.0452, 0.05509, 0.16542, 0.01891, 0.00977, 0.11764, 0.00988, 0.06997, 0.0102, 0.02041]","[]","[]",39,0

