3.5,0,[],[0.0282, 0.04385, 0.02367, 0.04047, 0.056, 0.04593, 0.04215, 0.05439, 0.03713, 0.02763, 0.03218, 0.03969, 0.02058],[1, 2, 3, 2, 0, 0, 8, 9, 10, 2, 8, 7, 6]
3.5,1,[],[0.03354, 0.04701, 0.08057, 0.0631, 0.05349, 0.02353, 0.14377, 0.02759, 0.0474, 0.06619, 0.02947, 0.02214, 0.0211, 0.08717, 0.0545, 0.03962, 0.05993, 0.02171, 0.03518, 0.03048],[0, 0, 0, 4, 6, 10, 4, 0, 4, 3, 5, 2, 4, 5, 2, 6, 4, 1, 7, 5]
3.5,2,[],[0.02867, 0.02276, 0.0222, 0.02747, 0.02598, 0.02465, 0.0411, 0.02206, 0.04904, 0.05887, 0.062, 0.02252, 0.02062, 0.03907, 0.0257, 0.02071],[4, 5, 13, 4, 5, 0, 2, 3, 5, 4, 1, 1, 2, 7, 6, 4]
3.5,3,[],[0.02091, 0.04283, 0.06724, 0.02953, 0.02209, 0.04656, 0.02157, 0.02129, 0.02938, 0.02739, 0.02063, 0.02791, 0.02446, 0.027, 0.0206, 0.02079],[3, 3, 4, 0, 3, 3, 4, 4, 3, 2, 0, 5, 7, 3, 8, 6]
3.5,4,[],[0.026, 0.03215, 0.04671, 0.06737, 0.02764, 0.04429, 0.03104, 0.03452, 0.02964, 0.05368, 0.0216, 0.02069, 0.03412, 0.03116, 0.0217, 0.07267, 0.13682],[2, 7, 8, 0, 5, 2, 2, 4, 5, 6, 3, 8, 7, 8, 0, 8, 1]
3.5,5,[],[0.0488, 0.14566, 0.0631, 0.02799, 0.05837, 0.08412, 0.02263, 0.04252, 0.03146, 0.02512, 0.03997, 0.04067, 0.0539, 0.02386, 0.03231, 0.02757, 0.02101, 0.02988],[0, 6, 4, 4, 7, 3, 3, 3, 3, 4, 3, 5, 5, 0, 5, 6, 7, 5]
3.5,6,[],[0.08053, 0.0676, 0.04645, 0.09253, 0.03879, 0.05303, 0.08196, 0.02071, 0.05775, 0.02802, 0.02386, 0.02996, 0.02225, 0.04785, 0.03125, 0.09771, 0.12877],[6, 2, 6, 7, 0, 9, 4, 2, 2, 1, 2, 5, 9, 2, 5, 11, 1]
3.5,7,[],[0.028, 0.04764, 0.02741, 0.03569, 0.04988, 0.09341, 0.02025, 0.02588, 0.02213, 0.02732],[2, 3, 8, 6, 8, 5, 2, 4, 4, 7]
3.5,8,[],[0.02252, 0.04647, 0.056, 0.04593, 0.04215, 0.05439, 0.03713, 0.02763, 0.03218, 0.03969, 0.02058],[1, 0, 0, 0, 8, 9, 10, 2, 8, 7, 6]
3.5,9,[],[0.04018, 0.02715, 0.09405, 0.02263, 0.04252, 0.04481, 0.0821, 0.0631, 0.05349, 0.02353, 0.14377, 0.02759, 0.0474, 0.06619, 0.02947, 0.02214, 0.0211, 0.08717, 0.0545],[3, 4, 3, 3, 3, 3, 3, 4, 6, 10, 4, 0, 4, 3, 5, 2, 4, 5, 2]
3.5,10,[],[0.02524, 0.04593, 0.04215, 0.04523, 0.04647, 0.02367, 0.02454, 0.04566, 0.03388, 0.03408, 0.02844, 0.02116, 0.02447, 0.03384, 0.05789, 0.04132, 0.03819, 0.03436, 0.11583, 0.03879],[1, 0, 8, 7, 0, 0, 3, 5, 2, 3, 0, 0, 5, 7, 2, 2, 2, 6, 7, 0]
3.5,11,[],[0.04177, 0.03673, 0.04203, 0.02773, 0.02126, 0.10786, 0.03161, 0.02481, 0.02821, 0.05765, 0.042, 0.03166, 0.07452, 0.04209, 0.14362, 0.02953, 0.02209, 0.04656],[0, 2, 1, 4, 8, 7, 2, 0, 8, 16, 5, 1, 2, 1, 11, 0, 3, 3]
3.5,12,[],[0.05982, 0.03006, 0.03061, 0.05293, 0.04305, 0.04049, 0.03071, 0.1021, 0.03879, 0.05303, 0.06735, 0.04645, 0.02063, 0.02531, 0.08346, 0.02679],[5, 9, 6, 3, 4, 6, 2, 6, 0, 9, 3, 6, 7, 5, 2, 2]
3.5,13,[],[0.03345, 0.062, 0.02252, 0.02062, 0.03907, 0.0257, 0.02071, 0.10306, 0.02127, 0.06081, 0.04783, 0.02794, 0.09225],[4, 1, 1, 2, 7, 6, 4, 3, 2, 3, 6, 4, 4]
3.5,14,[],[0.05854, 0.02263, 0.04252, 0.04481, 0.0821, 0.0631, 0.05349, 0.02353, 0.14377, 0.02759, 0.0474, 0.06619, 0.02947, 0.02214, 0.0211, 0.08717, 0.0545, 0.03962, 0.05993],[3, 3, 3, 3, 3, 4, 6, 10, 4, 0, 4, 3, 5, 2, 4, 5, 2, 6, 4]
3.5,15,[],[0.02867, 0.03321, 0.08169, 0.03879, 0.05303, 0.06735, 0.04645, 0.02063, 0.02531, 0.08346, 0.02679, 0.05426, 0.03484, 0.04101, 0.0284, 0.02037, 0.03775, 0.03082, 0.02599],[1, 5, 4, 0, 9, 3, 6, 7, 5, 2, 2, 4, 1, 1, 4, 4, 6, 2, 2]
3.5,16,[],[0.04866, 0.0654, 0.13682, 0.03001, 0.03911, 0.02991, 0.02073, 0.0745, 0.03731, 0.05866, 0.02007, 0.02304],[10, 7, 1, 9, 4, 1, 8, 6, 2, 4, 3, 5]
3.5,17,[],[0.02597, 0.05812, 0.02802, 0.02386, 0.03419, 0.03125, 0.09771, 0.12877, 0.03001, 0.03911, 0.02991, 0.02073, 0.0745, 0.03731],[0, 3, 1, 2, 7, 5, 11, 1, 9, 4, 1, 8, 6, 2]
3.5,18,[],[0.04219, 0.06421, 0.14566, 0.0631, 0.02799, 0.05837, 0.08412, 0.02263, 0.04252, 0.03146, 0.02512, 0.03997, 0.04067, 0.0539, 0.02386, 0.03231, 0.02757],[2, 5, 6, 4, 4, 7, 3, 3, 3, 3, 4, 3, 5, 5, 0, 5, 6]
3.5,19,[],[0.0362, 0.12877, 0.03001, 0.03911, 0.02991, 0.02073, 0.0745, 0.03731, 0.05866, 0.02007, 0.02304, 0.04204, 0.03168, 0.07505, 0.07974, 0.02359],[1, 1, 9, 4, 1, 8, 6, 2, 4, 3, 5, 15, 5, 3, 7, 3]
3.5,20,[],[0.05796, 0.0631, 0.05349, 0.02353, 0.14377, 0.02759, 0.0474, 0.06619, 0.02947, 0.02214, 0.0211, 0.08717, 0.0545, 0.03962, 0.05993, 0.02171, 0.03518, 0.03048],[4, 4, 6, 10, 4, 0, 4, 3, 5, 2, 4, 5, 2, 6, 4, 1, 7, 5]
3.5,21,[],[0.10304, 0.04701, 0.08057, 0.0631, 0.05349, 0.02353, 0.14377, 0.02759, 0.0474, 0.06619, 0.02947, 0.02214, 0.0211, 0.08717, 0.0545, 0.03962, 0.05993, 0.02171, 0.03518, 0.03048],[3, 0, 0, 4, 6, 10, 4, 0, 4, 3, 5, 2, 4, 5, 2, 6, 4, 1, 7, 5]
3.5,22,[],[0.02395, 0.14566, 0.0631, 0.02799, 0.05837, 0.08412, 0.02263, 0.04252, 0.03146, 0.02512, 0.03997, 0.04067, 0.0539, 0.02386, 0.03231, 0.02757, 0.02101, 0.02988],[0, 6, 4, 4, 7, 3, 3, 3, 3, 4, 3, 5, 5, 0, 5, 6, 7, 5]
3.5,23,[],[0.02867, 0.04717, 0.06619, 0.06924, 0.02759, 0.03104, 0.02702, 0.11399, 0.04701, 0.08057, 0.0631, 0.05349, 0.02353, 0.10803, 0.02437, 0.09397, 0.0224],[0, 3, 3, 3, 0, 6, 9, 5, 0, 0, 4, 6, 10, 4, 0, 8, 2]
3.5,24,[],[0.04956, 0.0631, 0.02799, 0.05837, 0.08412, 0.02263, 0.04252, 0.03146, 0.02512, 0.03997, 0.04067, 0.0539, 0.02386, 0.03231, 0.02757, 0.02101, 0.02988],[1, 4, 4, 7, 3, 3, 3, 3, 4, 3, 5, 5, 0, 5, 6, 7, 5]
3.5,25,[],[0.02392, 0.02728, 0.02196, 0.12475, 0.02802, 0.02386, 0.02996, 0.02225, 0.04785, 0.03125, 0.09771, 0.12877, 0.03001, 0.03911, 0.02991, 0.02073],[5, 3, 5, 4, 1, 2, 5, 9, 2, 5, 11, 1, 9, 4, 1, 8]
3.5,26,[],[0.05698, 0.06924, 0.02759, 0.03104, 0.05584, 0.02947, 0.02214, 0.0211, 0.08717, 0.0545, 0.03962, 0.05993, 0.02171, 0.03518, 0.03048],[0, 3, 0, 6, 9, 5, 2, 4, 5, 2, 6, 4, 1, 7, 5]
3.5,27,[],[0.0504, 0.04049, 0.03071, 0.1021, 0.03879, 0.05303, 0.06735, 0.04645, 0.02063, 0.02531, 0.08346, 0.02679, 0.05426, 0.03484, 0.04101, 0.0284, 0.02037, 0.03775, 0.03082],[7, 6, 2, 6, 0, 9, 3, 6, 7, 5, 2, 2, 4, 1, 1, 4, 4, 6, 2]
3.5,28,[],[0.03285, 0.02986, 0.03147, 0.07891, 0.14566, 0.0631, 0.02799, 0.05837, 0.08412, 0.02263, 0.04252, 0.03146, 0.02512, 0.03997, 0.04067, 0.0539, 0.02386, 0.03231],[4, 7, 5, 8, 6, 4, 4, 7, 3, 3, 3, 3, 4, 3, 5, 5, 0, 5]
3.5,29,[],[0.0272, 0.09919, 0.02263, 0.04252, 0.04481, 0.0821, 0.0631, 0.05349, 0.02353, 0.14377, 0.02759, 0.0474, 0.06619, 0.02947, 0.02214, 0.0211, 0.08717, 0.0545],[4, 8, 3, 3, 3, 3, 4, 6, 10, 4, 0, 4, 3, 5, 2, 4, 5, 2]
3.5,30,[],[0.02424, 0.02599, 0.02433, 0.02765, 0.05131, 0.0284, 0.02037, 0.03639, 0.02058, 0.09349, 0.0676, 0.04645],[2, 2, 11, 4, 2, 4, 4, 6, 9, 4, 2, 6]
3.5,31,[],[0.03825, 0.03673, 0.04203, 0.02773, 0.02126, 0.10786, 0.03161, 0.02481, 0.02821, 0.05765, 0.042, 0.03166, 0.07452, 0.04209, 0.14362, 0.02953, 0.02209, 0.04656],[5, 2, 1, 4, 8, 7, 2, 0, 8, 16, 5, 1, 2, 1, 11, 0, 3, 3]
3.5,32,[],[0.02048, 0.02363, 0.0393, 0.08533, 0.03461, 0.0875, 0.02097, 0.04048, 0.02303, 0.02857, 0.02826, 0.02872, 0.02162, 0.02375, 0.02201],[2, 3, 1, 3, 10, 11, 8, 2, 3, 3, 6, 8, 4, 1, 7]
3.5,33,[],[0.02566, 0.02728, 0.02196, 0.12475, 0.02802, 0.02386, 0.02996, 0.02225, 0.04785, 0.03125, 0.09771, 0.12877, 0.03001, 0.03911, 0.02991, 0.02073],[1, 3, 5, 4, 1, 2, 5, 9, 2, 5, 11, 1, 9, 4, 1, 8]
3.5,34,[],[0.03087, 0.0474, 0.06619, 0.02947, 0.02214, 0.0211, 0.08717, 0.0545, 0.03962, 0.05993, 0.02171, 0.03518, 0.03048, 0.0239, 0.02336, 0.08224, 0.02179, 0.02257],[4, 4, 3, 5, 2, 4, 5, 2, 6, 4, 1, 7, 5, 5, 2, 8, 3, 0]
3.5,35,[],[0.11917, 0.04593, 0.04496, 0.03388, 0.03482, 0.04647, 0.02367, 0.02454, 0.04303, 0.02621, 0.02254, 0.03303, 0.0244, 0.04244, 0.03215, 0.04671, 0.06737],[4, 1, 1, 2, 3, 0, 0, 3, 5, 6, 2, 6, 5, 10, 7, 8, 0]
3.5,36,[],[0.034, 0.06514, 0.05043, 0.02462, 0.0408, 0.09959, 0.02579, 0.03817, 0.02453, 0.05757, 0.04663],[0, 7, 3, 5, 5, 4, 3, 5, 2, 4, 3]
3.5,37,[],[0.02026, 0.02025, 0.02588, 0.02213, 0.02732, 0.0501, 0.03322, 0.04804, 0.05583, 0.02361, 0.02288, 0.02176, 0.02124, 0.02057, 0.04967],[1, 2, 4, 4, 7, 5, 7, 2, 4, 6, 11, 8, 6, 7, 4]
3.5,38,[],[0.06759, 0.07305, 0.03271, 0.02115, 0.03712, 0.04114, 0.0255, 0.03045, 0.0237, 0.02315, 0.07471, 0.04717, 0.06619, 0.06924, 0.02759, 0.03104],[2, 6, 4, 3, 4, 12, 8, 2, 2, 6, 9, 3, 3, 3, 0, 6]
3.5,39,[],[0.02961, 0.06938, 0.04199, 0.03962, 0.07217, 0.03808, 0.02363, 0.169, 0.02759, 0.0474, 0.06619, 0.02947, 0.02214, 0.0211, 0.02489, 0.02118],[6, 3, 1, 6, 4, 2, 6, 8, 0, 4, 3, 5, 2, 4, 5, 6]
3.5,40,[],[0.03331, 0.0545, 0.03962, 0.05993, 0.02171, 0.03518, 0.20103, 0.02759, 0.0474, 0.06619, 0.02947, 0.02214, 0.0211, 0.02489, 0.02118, 0.02197, 0.07323, 0.02179, 0.02257],[1, 2, 6, 4, 1, 7, 5, 0, 4, 3, 5, 2, 4, 5, 6, 7, 4, 3, 0]
3.5,41,[],[0.03188, 0.12877, 0.03001, 0.03911, 0.02991, 0.02073, 0.0745, 0.03731, 0.05866, 0.02007, 0.02304, 0.04204, 0.03168, 0.07505, 0.07974, 0.02359],[0, 1, 9, 4, 1, 8, 6, 2, 4, 3, 5, 15, 5, 3, 7, 3]
3.5,42,[],[0.03035, 0.04663, 0.03624, 0.05515, 0.06514, 0.04824, 0.02197, 0.04142, 0.06496, 0.06737, 0.02764, 0.04429, 0.03104, 0.03452, 0.02964],[0, 5, 1, 3, 3, 7, 11, 9, 2, 0, 5, 2, 2, 4, 5]
3.5,43,[],[0.05972, 0.03001, 0.03911, 0.02991, 0.02073, 0.0745, 0.03731, 0.05866, 0.02007, 0.02304, 0.04204, 0.03168, 0.07505, 0.1043, 0.02828, 0.02914, 0.02731],[3, 9, 4, 1, 8, 6, 2, 4, 3, 5, 15, 5, 3, 7, 1, 1, 1]
3.5,44,[],[0.06114, 0.07712, 0.02252, 0.05678, 0.05887, 0.06317, 0.0411, 0.02465, 0.02598, 0.02576, 0.02108, 0.02163, 0.12538, 0.04645, 0.09253, 0.03879, 0.05303, 0.08196, 0.02071, 0.05775, 0.02802, 0.02386],[2, 2, 1, 2, 1, 3, 2, 2, 1, 5, 5, 0, 2, 6, 7, 0, 9, 4, 2, 2, 1, 2]
3.5,45,[],[0.02786, 0.14566, 0.0631, 0.02799, 0.05837, 0.08412, 0.02263, 0.04252, 0.03146, 0.02512, 0.03997, 0.04067, 0.0539, 0.02386, 0.03231, 0.02757, 0.02101, 0.02988],[1, 6, 4, 4, 7, 3, 3, 3, 3, 4, 3, 5, 5, 0, 5, 6, 7, 5]
3.5,46,[],[0.03209, 0.04593, 0.04215, 0.04523, 0.04647, 0.02367, 0.02454, 0.07537, 0.03408, 0.02844, 0.02116, 0.02447, 0.03384, 0.05789, 0.04132, 0.03819, 0.03436, 0.11583, 0.03879],[1, 0, 8, 7, 0, 0, 3, 5, 3, 0, 0, 5, 7, 2, 2, 2, 6, 7, 0]
3.5,47,[],[0.03947, 0.03819, 0.04132, 0.03077, 0.12794, 0.04593, 0.04496, 0.03388, 0.03482, 0.04647, 0.02367, 0.02454, 0.04303, 0.02621, 0.02254, 0.03303, 0.0244],[5, 6, 2, 2, 7, 1, 1, 2, 3, 0, 0, 3, 5, 6, 2, 6, 5]
3.5,48,[],[0.02078, 0.14566, 0.0631, 0.02799, 0.05837, 0.08412, 0.02263, 0.04252, 0.03146, 0.02512, 0.03997, 0.04067, 0.0539, 0.02386, 0.03231, 0.02757, 0.02101, 0.02988],[0, 6, 4, 4, 7, 3, 3, 3, 3, 4, 3, 5, 5, 0, 5, 6, 7, 5]
3.5,49,[],[0.04462, 0.06024, 0.03271, 0.02115, 0.15261, 0.06924, 0.02759, 0.03104, 0.05584, 0.02947, 0.02214, 0.0211, 0.08717, 0.0545, 0.03962, 0.05993, 0.02171],[1, 10, 3, 3, 9, 3, 0, 6, 9, 5, 2, 4, 5, 2, 6, 4, 1]
3.5,50,[],[0.04385, 0.03006, 0.03061, 0.05293, 0.04305, 0.04049, 0.03071, 0.1021, 0.03879, 0.05303, 0.06735, 0.04645, 0.02063, 0.02531, 0.08346, 0.02679],[4, 9, 6, 3, 4, 6, 2, 6, 0, 9, 3, 6, 7, 5, 2, 2]
3.5,51,[],[0.02279, 0.02359, 0.08556, 0.12877, 0.03001, 0.03911, 0.02991, 0.02073, 0.0745, 0.03731, 0.05866, 0.02007, 0.02304, 0.04204, 0.03168, 0.07505],[0, 1, 3, 1, 9, 4, 1, 8, 6, 2, 4, 3, 5, 15, 5, 3]
3.5,52,[],[0.02197, 0.02764, 0.04429, 0.03104, 0.03452, 0.02964, 0.05368, 0.0216, 0.02069, 0.03412, 0.03116, 0.0217, 0.07267, 0.13682, 0.03001, 0.03911, 0.02991],[0, 5, 2, 2, 4, 5, 6, 3, 8, 7, 8, 0, 8, 1, 9, 4, 1]
3.5,53,[],[0.10085, 0.04701, 0.08057, 0.0631, 0.05349, 0.02353, 0.14377, 0.02759, 0.0474, 0.06619, 0.02947, 0.02214, 0.0211, 0.08717, 0.0545, 0.03962, 0.05993, 0.02171, 0.03518, 0.03048],[5, 0, 0, 4, 6, 10, 4, 0, 4, 3, 5, 2, 4, 5, 2, 6, 4, 1, 7, 5]
3.5,54,[],[0.03318, 0.02598, 0.02465, 0.0411, 0.02206, 0.04904, 0.05887, 0.062, 0.02252, 0.02062, 0.03907, 0.0257, 0.02071, 0.10306, 0.02127, 0.06081, 0.04783, 0.02794],[7, 5, 0, 2, 3, 5, 4, 1, 1, 2, 7, 6, 4, 3, 2, 3, 6, 4]
3.5,55,[],[0.04226, 0.06998, 0.02437, 0.04025, 0.02759, 0.0474, 0.06619, 0.02947, 0.02214, 0.0211, 0.08717, 0.0545, 0.03962, 0.05993, 0.02171, 0.03518, 0.03048, 0.0239, 0.02336, 0.08224, 0.02179, 0.02257],[4, 2, 0, 1, 0, 4, 3, 5, 2, 4, 5, 2, 6, 4, 1, 7, 5, 5, 2, 8, 3, 0]
3.5,56,[],[0.02693, 0.0216, 0.02069, 0.03412, 0.03116, 0.0217, 0.07267, 0.13682, 0.03001, 0.03911, 0.02991, 0.02073, 0.0745, 0.03731, 0.05866, 0.02007],[1, 3, 8, 7, 8, 0, 8, 1, 9, 4, 1, 8, 6, 2, 4, 3]
3.5,57,[],[0.04349, 0.02579, 0.03817, 0.02453, 0.05757, 0.03624, 0.05515, 0.06514, 0.04824, 0.02197, 0.04142, 0.06496, 0.06737, 0.02764, 0.04429, 0.03104, 0.03452, 0.02964],[2, 3, 5, 2, 4, 1, 3, 3, 7, 11, 9, 2, 0, 5, 2, 2, 4, 5]
3.5,58,[],[0.02587, 0.03161, 0.02481, 0.02821, 0.05765, 0.042, 0.03166, 0.07452, 0.04209, 0.14362, 0.02953, 0.02209, 0.04656, 0.02157, 0.02129, 0.02938, 0.02739, 0.02063, 0.02791],[0, 2, 0, 8, 16, 5, 1, 2, 1, 11, 0, 3, 3, 4, 4, 3, 2, 0, 5]
3.5,59,[],[0.04969, 0.04496, 0.04593, 0.04215, 0.04523, 0.04647, 0.02367, 0.02454, 0.04566, 0.02063, 0.06301, 0.02621, 0.02254, 0.03303, 0.0244],[0, 1, 0, 8, 7, 0, 0, 3, 5, 5, 11, 6, 2, 6, 5]
3.5,60,[],[0.04375, 0.02715, 0.09405, 0.02263, 0.04252, 0.04481, 0.0821, 0.0631, 0.05349, 0.02353, 0.14377, 0.02759, 0.0474, 0.06619, 0.02947, 0.02214, 0.0211, 0.08717, 0.0545],[2, 4, 3, 3, 3, 3, 3, 4, 6, 10, 4, 0, 4, 3, 5, 2, 4, 5, 2]
3.5,61,[],[0.02884, 0.03161, 0.02481, 0.02821, 0.05765, 0.042, 0.03166, 0.07452, 0.04209, 0.14362, 0.02953, 0.02209, 0.04656, 0.02157, 0.02129, 0.02938, 0.02739, 0.02063, 0.02791],[1, 2, 0, 8, 16, 5, 1, 2, 1, 11, 0, 3, 3, 4, 4, 3, 2, 0, 5]
3.5,62,[],[0.06988, 0.03001, 0.03911, 0.02991, 0.02073, 0.0745, 0.03731, 0.05866, 0.02007, 0.02304, 0.04204, 0.03168, 0.07505, 0.1043, 0.02828, 0.02914, 0.02731],[1, 9, 4, 1, 8, 6, 2, 4, 3, 5, 15, 5, 3, 7, 1, 1, 1]
3.5,63,[],[0.02126, 0.03454, 0.12073, 0.02759, 0.0474, 0.06619, 0.02947, 0.02214, 0.0211, 0.08717, 0.0545, 0.03962, 0.05993, 0.02171, 0.03518, 0.03048, 0.0239, 0.02336],[4, 3, 3, 0, 4, 3, 5, 2, 4, 5, 2, 6, 4, 1, 7, 5, 5, 2]
3.5,64,[],[0.02833, 0.02986, 0.03147, 0.07891, 0.14566, 0.0631, 0.02799, 0.05837, 0.08412, 0.02263, 0.04252, 0.03146, 0.02512, 0.03997, 0.04067, 0.0539, 0.02386, 0.03231],[2, 7, 5, 8, 6, 4, 4, 7, 3, 3, 3, 3, 4, 3, 5, 5, 0, 5]
3.5,65,[],[0.06144, 0.04593, 0.04496, 0.03388, 0.03482, 0.04647, 0.02367, 0.02454, 0.04303, 0.02621, 0.02254, 0.03303, 0.0244, 0.04244, 0.03215, 0.04671, 0.06737],[1, 1, 1, 2, 3, 0, 0, 3, 5, 6, 2, 6, 5, 10, 7, 8, 0]
3.5,66,[],[0.0426, 0.02579, 0.03817, 0.02453, 0.05757, 0.03624, 0.05515, 0.06514, 0.04824, 0.02197, 0.04142, 0.06496, 0.06737, 0.02764, 0.04429, 0.03104, 0.03452, 0.02964],[1, 3, 5, 2, 4, 1, 3, 3, 7, 11, 9, 2, 0, 5, 2, 2, 4, 5]
3.5,67,[],[0.1226, 0.02263, 0.04252, 0.04481, 0.0821, 0.0631, 0.05349, 0.02353, 0.14377, 0.02759, 0.0474, 0.06619, 0.02947, 0.02214, 0.0211, 0.08717, 0.0545, 0.03962, 0.05993],[7, 3, 3, 3, 3, 4, 6, 10, 4, 0, 4, 3, 5, 2, 4, 5, 2, 6, 4]
3.5,68,[],[0.03985, 0.0631, 0.05349, 0.02353, 0.14377, 0.02759, 0.0474, 0.06619, 0.02947, 0.02214, 0.0211, 0.08717, 0.0545, 0.03962, 0.05993, 0.02171, 0.03518],[5, 4, 6, 10, 4, 0, 4, 3, 5, 2, 4, 5, 2, 6, 4, 1, 7]
3.5,69,[],[0.02207, 0.02587, 0.02579, 0.03817, 0.02453, 0.05757, 0.03624, 0.05515, 0.06514, 0.04824, 0.02197, 0.04142, 0.06496, 0.06737, 0.02764, 0.04429, 0.03104, 0.03452, 0.02964],[0, 0, 3, 5, 2, 4, 1, 3, 3, 7, 11, 9, 2, 0, 5, 2, 2, 4, 5]
3.5,70,[],[0.02495, 0.06862, 0.02025, 0.02588, 0.02213, 0.02732, 0.0501, 0.03322, 0.04804, 0.05583, 0.02361, 0.02288, 0.02176, 0.02124],[2, 4, 2, 4, 4, 7, 5, 7, 2, 4, 6, 11, 8, 6]
3.5,71,[],[0.0282, 0.03032, 0.02515, 0.06072, 0.0654, 0.13682, 0.03001, 0.03911, 0.02991, 0.02073, 0.0745, 0.03731, 0.05866, 0.02007, 0.02304],[3, 3, 7, 7, 7, 1, 9, 4, 1, 8, 6, 2, 4, 3, 5]
3.5,72,[],[0.05316, 0.04209, 0.0201, 0.02016, 0.03497, 0.03166, 0.06936, 0.03161, 0.02481, 0.02821, 0.05765],[3, 7, 1, 2, 5, 2, 5, 2, 0, 8, 16]
3.5,73,[],[0.06667, 0.0631, 0.05349, 0.02353, 0.14377, 0.02759, 0.0474, 0.06619, 0.02947, 0.02214, 0.0211, 0.08717, 0.0545, 0.03962, 0.05993, 0.02171, 0.03518, 0.03048],[3, 4, 6, 10, 4, 0, 4, 3, 5, 2, 4, 5, 2, 6, 4, 1, 7, 5]
3.5,74,[],[0.05785, 0.02802, 0.02386, 0.02996, 0.02225, 0.04785, 0.03125, 0.09771, 0.12877, 0.03001, 0.03911, 0.02991, 0.02073, 0.0745, 0.03731],[2, 1, 2, 5, 9, 2, 5, 11, 1, 9, 4, 1, 8, 6, 2]
3.5,75,[],[0.04704, 0.02579, 0.03817, 0.02453, 0.05757, 0.03624, 0.05515, 0.06514, 0.04824, 0.02197, 0.04142, 0.06496, 0.06737, 0.02764, 0.04429, 0.03104, 0.03452, 0.02964],[0, 3, 5, 2, 4, 1, 3, 3, 7, 11, 9, 2, 0, 5, 2, 2, 4, 5]
3.5,76,[],[0.04361, 0.12877, 0.03001, 0.03911, 0.02991, 0.02073, 0.0745, 0.03731, 0.05866, 0.02007, 0.02304, 0.04204, 0.03168, 0.07505, 0.07974, 0.02359],[1, 1, 9, 4, 1, 8, 6, 2, 4, 3, 5, 15, 5, 3, 7, 3]
3.5,77,[],[0.03286, 0.02252, 0.05678, 0.05887, 0.06317, 0.0411, 0.02465, 0.02598, 0.02576, 0.02108, 0.02163, 0.12538, 0.04645, 0.09253, 0.03879, 0.05303, 0.08196, 0.02071, 0.05775, 0.02802, 0.02386, 0.02996],[2, 1, 2, 1, 3, 2, 2, 1, 5, 5, 0, 2, 6, 7, 0, 9, 4, 2, 2, 1, 2, 5]
3.5,78,[],[0.08016, 0.0545, 0.03962, 0.05993, 0.02171, 0.03518, 0.20103, 0.02759, 0.0474, 0.06619, 0.02947, 0.02214, 0.0211, 0.02489, 0.02118, 0.02197, 0.07323, 0.02179, 0.02257],[2, 2, 6, 4, 1, 7, 5, 0, 4, 3, 5, 2, 4, 5, 6, 7, 4, 3, 0]
3.5,79,[],[0.02206, 0.0411, 0.02465, 0.02598, 0.02576, 0.02108, 0.02163, 0.12538, 0.04645, 0.09253, 0.03879, 0.05303, 0.08196, 0.02071, 0.05775, 0.02802, 0.02386, 0.02996],[4, 2, 2, 1, 5, 5, 0, 2, 6, 7, 0, 9, 4, 2, 2, 1, 2, 5]
3.5,80,[],[0.02134, 0.03567, 0.03424, 0.02068, 0.0224, 0.04764, 0.02741, 0.03569, 0.04988, 0.09341, 0.02025, 0.02588, 0.02213, 0.02732],[2, 5, 7, 13, 2, 3, 8, 6, 8, 5, 2, 4, 4, 7]
3.5,81,[],[0.02561, 0.0507, 0.07062, 0.06998, 0.02437, 0.04025, 0.02759, 0.0474, 0.06619, 0.02947, 0.02214, 0.0211, 0.08717, 0.0545, 0.03962, 0.05993, 0.02171, 0.03518],[7, 8, 2, 2, 0, 1, 0, 4, 3, 5, 2, 4, 5, 2, 6, 4, 1, 7]
3.5,82,[],[0.0209, 0.05048, 0.03819, 0.04132, 0.03077, 0.12794, 0.04593, 0.04496, 0.03388, 0.03482, 0.04647, 0.02367, 0.02454, 0.04303, 0.02621, 0.02254, 0.03303, 0.0244],[3, 3, 6, 2, 2, 7, 1, 1, 2, 3, 0, 0, 3, 5, 6, 2, 6, 5]
3.5,83,[],[0.03894, 0.14566, 0.0631, 0.02799, 0.05837, 0.08412, 0.02263, 0.04252, 0.03146, 0.02512, 0.03997, 0.04067, 0.0539, 0.02386, 0.03231, 0.02757, 0.02101, 0.02988],[2, 6, 4, 4, 7, 3, 3, 3, 3, 4, 3, 5, 5, 0, 5, 6, 7, 5]
3.5,84,[],[0.03307, 0.02773, 0.02486, 0.03239, 0.03673, 0.02886, 0.04113, 0.05947, 0.02386, 0.03231, 0.08366, 0.02263, 0.04252, 0.04481, 0.0821, 0.0631, 0.05349],[4, 5, 5, 7, 2, 2, 3, 10, 0, 5, 4, 3, 3, 3, 3, 4, 6]
3.5,85,[],[0.09727, 0.02025, 0.02588, 0.02213, 0.02732, 0.0501, 0.03322, 0.04804, 0.05583, 0.02361, 0.02288, 0.02176, 0.02124, 0.02057, 0.04967],[1, 2, 4, 4, 7, 5, 7, 2, 4, 6, 11, 8, 6, 7, 4]
3.5,86,[],[0.03236, 0.02252, 0.05678, 0.05887, 0.06317, 0.0411, 0.02465, 0.02598, 0.02576, 0.02108, 0.02163, 0.12538, 0.04645, 0.09253, 0.03879, 0.05303, 0.08196, 0.02071, 0.05775, 0.02802, 0.02386, 0.02996],[2, 1, 2, 1, 3, 2, 2, 1, 5, 5, 0, 2, 6, 7, 0, 9, 4, 2, 2, 1, 2, 5]
3.5,87,[],[0.04343, 0.06024, 0.03271, 0.02115, 0.15261, 0.06924, 0.02759, 0.03104, 0.05584, 0.02947, 0.02214, 0.0211, 0.08717, 0.0545, 0.03962, 0.05993],[6, 10, 3, 3, 9, 3, 0, 6, 9, 5, 2, 4, 5, 2, 6, 4]
3.5,88,[],[0.03784, 0.0216, 0.02069, 0.03412, 0.03116, 0.0217, 0.07267, 0.13682, 0.03001, 0.03911, 0.02991, 0.02073, 0.0745, 0.03731, 0.05866, 0.02007],[3, 3, 8, 7, 8, 0, 8, 1, 9, 4, 1, 8, 6, 2, 4, 3]
3.5,89,[],[0.03519, 0.02401, 0.0272, 0.02124, 0.02775, 0.0343, 0.0284, 0.02037, 0.03775, 0.04812, 0.07377, 0.0676, 0.04645, 0.09253, 0.03879],[1, 5, 10, 3, 4, 6, 4, 4, 6, 2, 1, 2, 6, 7, 0]
3.5,90,[],[0.03685, 0.06998, 0.02437, 0.04025, 0.02759, 0.0474, 0.06619, 0.02947, 0.02214, 0.0211, 0.08717, 0.0545, 0.03962, 0.05993, 0.02171, 0.03518, 0.03048, 0.0239, 0.02336, 0.08224, 0.02179, 0.02257],[0, 2, 0, 1, 0, 4, 3, 5, 2, 4, 5, 2, 6, 4, 1, 7, 5, 5, 2, 8, 3, 0]
3.5,91,[],[0.02588, 0.02361, 0.02288, 0.02176, 0.02124, 0.02057, 0.04967, 0.03424, 0.02068],[2, 6, 11, 8, 6, 7, 4, 7, 13]
3.5,92,[],[0.0589, 0.02036, 0.11483, 0.02579, 0.03817, 0.02453, 0.05757, 0.03624, 0.05515, 0.06514, 0.04824, 0.02197, 0.04142, 0.06496, 0.06737, 0.02764, 0.04429, 0.03104, 0.03452],[1, 1, 2, 3, 5, 2, 4, 1, 3, 3, 7, 11, 9, 2, 0, 5, 2, 2, 4]
3.5,93,[],[0.02222, 0.06321, 0.1043, 0.12877, 0.03001, 0.03911, 0.02991, 0.02073, 0.0745, 0.03731, 0.05866, 0.02007, 0.02304, 0.04204, 0.03168],[2, 0, 7, 1, 9, 4, 1, 8, 6, 2, 4, 3, 5, 15, 5]
3.5,94,[],[0.02052, 0.0676, 0.04645, 0.09253, 0.03879, 0.05303, 0.08196, 0.02071, 0.05775, 0.02802, 0.02386, 0.02996, 0.02225, 0.04785, 0.03125, 0.09771, 0.12877],[2, 2, 6, 7, 0, 9, 4, 2, 2, 1, 2, 5, 9, 2, 5, 11, 1]
3.5,95,[],[0.02803, 0.03819, 0.04132, 0.03077, 0.12794, 0.04593, 0.04496, 0.03388, 0.03482, 0.04647, 0.02367, 0.02454, 0.04303, 0.02621, 0.02254, 0.03303, 0.0244],[10, 6, 2, 2, 7, 1, 1, 2, 3, 0, 0, 3, 5, 6, 2, 6, 5]
3.5,96,[],[0.0311, 0.04701, 0.11684, 0.0631, 0.05349, 0.02353, 0.14377, 0.02759, 0.0474, 0.06619, 0.02947, 0.02214, 0.0211, 0.08717, 0.0545, 0.03962, 0.05993, 0.02171, 0.03518, 0.03048],[0, 0, 0, 4, 6, 10, 4, 0, 4, 3, 5, 2, 4, 5, 2, 6, 4, 1, 7, 5]
3.5,97,[],[0.02372, 0.03116, 0.0536, 0.0216, 0.02069, 0.06542, 0.0654, 0.13682, 0.03001, 0.03911, 0.02991, 0.02073, 0.0745, 0.03731, 0.05866, 0.02007],[4, 0, 5, 3, 8, 7, 7, 1, 9, 4, 1, 8, 6, 2, 4, 3]
3.5,98,[],[0.03105, 0.06755, 0.02764, 0.03671, 0.02663, 0.02355, 0.03159, 0.02667, 0.02218, 0.02358, 0.03818, 0.03452, 0.02089, 0.10313, 0.04496, 0.04593],[1, 2, 5, 2, 2, 2, 8, 8, 1, 5, 1, 5, 7, 7, 1, 0]
3.5,99,[],[0.02295, 0.02538, 0.05566, 0.02361, 0.02288, 0.02176, 0.02649, 0.17939, 0.02263, 0.04252, 0.04481, 0.0821, 0.0631],[4, 3, 2, 6, 11, 8, 8, 9, 3, 3, 3, 3, 4]
3.5,100,[],[0.02044, 0.0545, 0.03962, 0.05993, 0.02171, 0.03518, 0.20103, 0.02759, 0.0474, 0.06619, 0.02947, 0.02214, 0.0211, 0.02489, 0.02118, 0.02197, 0.07323, 0.02179, 0.02257],[0, 2, 6, 4, 1, 7, 5, 0, 4, 3, 5, 2, 4, 5, 6, 7, 4, 3, 0]
3.5,101,[],[0.07341, 0.12877, 0.03001, 0.03911, 0.02991, 0.02073, 0.0745, 0.03731, 0.05866, 0.02007, 0.02304, 0.04204, 0.03168, 0.07505, 0.07974, 0.02359],[1, 1, 9, 4, 1, 8, 6, 2, 4, 3, 5, 15, 5, 3, 7, 3]
3.5,102,[],[0.05711, 0.04645, 0.0676, 0.02679, 0.05426, 0.03484, 0.04101, 0.0284, 0.02037, 0.03775, 0.03082, 0.02599, 0.02433, 0.02262, 0.02284, 0.0253, 0.02058],[2, 0, 8, 2, 4, 1, 1, 4, 4, 6, 2, 2, 11, 4, 6, 2, 9]
3.5,103,[],[0.02041, 0.077, 0.06924, 0.02759, 0.03104, 0.05584, 0.02947, 0.02214, 0.0211, 0.08717, 0.0545, 0.03962, 0.05993, 0.02171, 0.03518, 0.03048],[4, 4, 3, 0, 6, 9, 5, 2, 4, 5, 2, 6, 4, 1, 7, 5]
3.5,104,[],[0.02245, 0.02773, 0.02486, 0.03239, 0.03673, 0.02886, 0.04113, 0.05947, 0.02386, 0.03231, 0.08366, 0.02263, 0.04252, 0.04481, 0.0821, 0.0631, 0.05349],[2, 5, 5, 7, 2, 2, 3, 10, 0, 5, 4, 3, 3, 3, 3, 4, 6]
3.5,105,[],[0.07037, 0.03001, 0.03911, 0.02991, 0.02073, 0.0745, 0.03731, 0.05866, 0.02007, 0.02304, 0.04204, 0.03168, 0.07505, 0.1043, 0.02828, 0.02914, 0.02731],[3, 9, 4, 1, 8, 6, 2, 4, 3, 5, 15, 5, 3, 7, 1, 1, 1]
3.5,106,[],[0.03957, 0.08533, 0.03461, 0.0875, 0.02097, 0.04048, 0.02303, 0.02857, 0.02826, 0.02872, 0.02162, 0.02375, 0.02201, 0.03612],[1, 3, 10, 11, 8, 2, 3, 3, 6, 8, 4, 1, 7, 8]
3.5,107,[],[0.03143, 0.03424, 0.02068, 0.0224, 0.04764, 0.02741, 0.03569, 0.04988, 0.09341, 0.02025, 0.02588, 0.02213, 0.02732],[2, 7, 13, 2, 3, 8, 6, 8, 5, 2, 4, 4, 7]
3.5,108,[],[0.041, 0.04593, 0.04215, 0.04523, 0.04647, 0.02367, 0.02454, 0.04566, 0.03388, 0.03408, 0.02844, 0.02116, 0.02447, 0.03384, 0.05789, 0.04132, 0.03819, 0.03436, 0.11583, 0.03879],[1, 0, 8, 7, 0, 0, 3, 5, 2, 3, 0, 0, 5, 7, 2, 2, 2, 6, 7, 0]
3.5,109,[],[0.02093, 0.02115, 0.0347, 0.0693, 0.02025, 0.02588, 0.02213, 0.02732, 0.0501, 0.03322, 0.04804, 0.05583, 0.02361, 0.02288],[5, 5, 2, 5, 2, 4, 4, 7, 5, 7, 2, 4, 6, 11]
3.5,110,[],[0.08, 0.02025, 0.02588, 0.02213, 0.02732, 0.0501, 0.03322, 0.04804, 0.05583, 0.02361, 0.02288, 0.02176, 0.02124, 0.02057, 0.04967],[1, 2, 4, 4, 7, 5, 7, 2, 4, 6, 11, 8, 6, 7, 4]
3.5,111,[],[0.02642, 0.02986, 0.03147, 0.07891, 0.14566, 0.0631, 0.02799, 0.05837, 0.08412, 0.02263, 0.04252, 0.03146, 0.02512, 0.03997, 0.04067, 0.0539, 0.02386, 0.03231],[2, 7, 5, 8, 6, 4, 4, 7, 3, 3, 3, 3, 4, 3, 5, 5, 0, 5]
3.5,112,[],[0.02915, 0.06737, 0.02764, 0.04429, 0.03104, 0.03452, 0.02964, 0.05368, 0.0216, 0.02069, 0.03412, 0.03116, 0.0217, 0.07267, 0.13682, 0.03001],[2, 0, 5, 2, 2, 4, 5, 6, 3, 8, 7, 8, 0, 8, 1, 9]
3.5,113,[],[0.02993, 0.03673, 0.04203, 0.02773, 0.02126, 0.10786, 0.03161, 0.02481, 0.02821, 0.05765, 0.042, 0.03166, 0.07452, 0.04209, 0.14362, 0.02953, 0.02209, 0.04656],[1, 2, 1, 4, 8, 7, 2, 0, 8, 16, 5, 1, 2, 1, 11, 0, 3, 3]
3.5,114,[],[0.04051, 0.02071, 0.05775, 0.02802, 0.02386, 0.02996, 0.02225, 0.04785, 0.03125, 0.09771, 0.12877, 0.03001, 0.03911, 0.02991],[3, 2, 2, 1, 2, 5, 9, 2, 5, 11, 1, 9, 4, 1]
3.5,115,[],[0.08676, 0.03461, 0.0875, 0.02097, 0.04048, 0.02303, 0.02857, 0.02826, 0.02872, 0.02162, 0.02375, 0.02201, 0.03612],[2, 10, 11, 8, 2, 3, 3, 6, 8, 4, 1, 7, 8]
3.5,116,[],[0.02807, 0.03215, 0.04671, 0.06737, 0.02764, 0.04429, 0.03104, 0.03452, 0.02964, 0.05368, 0.0216, 0.02069, 0.03412, 0.03116, 0.0217, 0.07267, 0.13682],[2, 7, 8, 0, 5, 2, 2, 4, 5, 6, 3, 8, 7, 8, 0, 8, 1]
3.5,117,[],[0.08351, 0.03001, 0.03911, 0.02991, 0.02073, 0.0745, 0.03731, 0.05866, 0.02007, 0.02304, 0.04204, 0.03168, 0.07505, 0.1043, 0.02828, 0.02914, 0.02731],[4, 9, 4, 1, 8, 6, 2, 4, 3, 5, 15, 5, 3, 7, 1, 1, 1]
3.5,118,[],[0.06203, 0.03001, 0.03911, 0.02991, 0.02073, 0.0745, 0.03731, 0.05866, 0.02007, 0.02304, 0.04204, 0.03168, 0.07505, 0.1043, 0.02828, 0.02914, 0.02731],[1, 9, 4, 1, 8, 6, 2, 4, 3, 5, 15, 5, 3, 7, 1, 1, 1]
3.5,119,[],[0.03386, 0.04645, 0.0676, 0.02679, 0.05426, 0.03484, 0.04101, 0.0284, 0.02037, 0.03775, 0.03082, 0.02599, 0.02433, 0.02262, 0.02284, 0.0253, 0.02058],[1, 0, 8, 2, 4, 1, 1, 4, 4, 6, 2, 2, 11, 4, 6, 2, 9]
3.5,120,[],[0.03316, 0.06998, 0.02437, 0.04025, 0.02759, 0.0474, 0.06619, 0.02947, 0.02214, 0.0211, 0.08717, 0.0545, 0.03962, 0.05993, 0.02171, 0.03518, 0.03048, 0.0239, 0.02336, 0.08224, 0.02179, 0.02257],[2, 2, 0, 1, 0, 4, 3, 5, 2, 4, 5, 2, 6, 4, 1, 7, 5, 5, 2, 8, 3, 0]
3.5,121,[],[0.02363, 0.03671, 0.07035, 0.10451, 0.03461, 0.02086, 0.02639, 0.03732, 0.02273, 0.0207],[1, 1, 7, 8, 10, 11, 4, 9, 5, 8]
3.5,122,[],[0.03038, 0.02263, 0.04252, 0.04481, 0.0821, 0.0631, 0.05349, 0.02353, 0.14377, 0.02759, 0.0474, 0.06619, 0.02947, 0.02214, 0.0211, 0.08717, 0.0545, 0.03962, 0.05993],[0, 3, 3, 3, 3, 4, 6, 10, 4, 0, 4, 3, 5, 2, 4, 5, 2, 6, 4]
3.5,123,[],[0.02409, 0.0332, 0.02728, 0.02196, 0.12475, 0.02802, 0.02386, 0.02996, 0.02225, 0.04785, 0.03125, 0.09771, 0.12877, 0.03001, 0.03911, 0.02991, 0.02073],[5, 2, 3, 5, 4, 1, 2, 5, 9, 2, 5, 11, 1, 9, 4, 1, 8]
3.5,124,[],[0.02199, 0.03832, 0.03717, 0.13015, 0.02367, 0.04047, 0.056, 0.04593, 0.04215, 0.05439, 0.03713, 0.02763, 0.03218, 0.03969],[5, 4, 1, 4, 0, 2, 0, 0, 8, 9, 10, 2, 8, 7]
3.5,125,[],[0.057, 0.04049, 0.03071, 0.1021, 0.03879, 0.05303, 0.06735, 0.04645, 0.02063, 0.02531, 0.08346, 0.02679, 0.05426, 0.03484, 0.04101, 0.0284, 0.02037, 0.03775, 0.03082, 0.02599],[0, 6, 2, 6, 0, 9, 3, 6, 7, 5, 2, 2, 4, 1, 1, 4, 4, 6, 2, 2]
3.5,126,[],[0.06797, 0.02025, 0.02588, 0.02213, 0.02732, 0.0501, 0.03322, 0.04804, 0.05583, 0.02361, 0.02288, 0.02176, 0.02124, 0.02057, 0.04967],[5, 2, 4, 4, 7, 5, 7, 2, 4, 6, 11, 8, 6, 7, 4]
3.5,127,[],[0.05701, 0.02025, 0.02588, 0.02213, 0.02732, 0.0501, 0.03322, 0.04804, 0.05583, 0.02361, 0.02288, 0.02176, 0.02124, 0.02057, 0.04967],[1, 2, 4, 4, 7, 5, 7, 2, 4, 6, 11, 8, 6, 7, 4]
3.5,128,[],[0.02656, 0.04663, 0.03624, 0.05515, 0.06514, 0.04824, 0.02197, 0.04142, 0.06496, 0.06737, 0.02764, 0.04429, 0.03104, 0.03452, 0.02964],[1, 5, 1, 3, 3, 7, 11, 9, 2, 0, 5, 2, 2, 4, 5]
3.5,129,[],[0.07485, 0.02953, 0.02209, 0.04656, 0.02157, 0.02129, 0.02938, 0.02739, 0.02063, 0.02791, 0.02446, 0.027, 0.0206, 0.05295, 0.02394, 0.05692, 0.03166, 0.09275, 0.03161, 0.02481],[3, 0, 3, 3, 4, 4, 3, 2, 0, 5, 7, 3, 8, 6, 4, 6, 1, 2, 2, 0]
3.5,130,[],[0.08939, 0.02036, 0.11483, 0.02579, 0.03817, 0.02453, 0.05757, 0.03624, 0.05515, 0.06514, 0.04824, 0.02197, 0.04142, 0.06496, 0.06737, 0.02764, 0.04429, 0.03104, 0.03452],[7, 1, 2, 3, 5, 2, 4, 1, 3, 3, 7, 11, 9, 2, 0, 5, 2, 2, 4]
3.5,131,[],[0.02354, 0.13727, 0.02025, 0.02588, 0.02213, 0.02732, 0.0501, 0.03322, 0.04804, 0.05583, 0.02361, 0.02288, 0.02176, 0.02124],[4, 2, 2, 4, 4, 7, 5, 7, 2, 4, 6, 11, 8, 6]
3.5,132,[],[0.06101, 0.04701, 0.11684, 0.0631, 0.05349, 0.02353, 0.14377, 0.02759, 0.0474, 0.06619, 0.02947, 0.02214, 0.0211, 0.08717, 0.0545, 0.03962, 0.05993, 0.02171, 0.03518, 0.03048],[0, 0, 0, 4, 6, 10, 4, 0, 4, 3, 5, 2, 4, 5, 2, 6, 4, 1, 7, 5]
3.5,133,[],[0.02181, 0.03006, 0.03061, 0.05293, 0.04305, 0.04049, 0.03071, 0.1021, 0.03879, 0.05303, 0.06735, 0.04645, 0.02063, 0.02531, 0.08346, 0.02679],[0, 9, 6, 3, 4, 6, 2, 6, 0, 9, 3, 6, 7, 5, 2, 2]
3.5,134,[],[0.02622, 0.0536, 0.0216, 0.02069, 0.06542, 0.0654, 0.13682, 0.03001, 0.03911, 0.02991, 0.02073, 0.0745, 0.03731, 0.05866, 0.02007],[13, 5, 3, 8, 7, 7, 1, 9, 4, 1, 8, 6, 2, 4, 3]
3.5,135,[],[0.03402, 0.06024, 0.04114, 0.0255, 0.03045, 0.0237, 0.02315, 0.07471, 0.04717, 0.06619, 0.06924, 0.02759, 0.03104],[3, 3, 12, 8, 2, 2, 6, 9, 3, 3, 3, 0, 6]
3.5,136,[],[0.02698, 0.03001, 0.03911, 0.02991, 0.02073, 0.0745, 0.03731, 0.05866, 0.02007, 0.02304, 0.04204, 0.03168, 0.07505, 0.1043, 0.02828, 0.02914, 0.02731],[0, 9, 4, 1, 8, 6, 2, 4, 3, 5, 15, 5, 3, 7, 1, 1, 1]
3.5,137,[],[0.02562, 0.02012, 0.08147, 0.03962, 0.0545, 0.03808, 0.02363, 0.169, 0.02759, 0.0474, 0.06619, 0.02947, 0.02214, 0.0211, 0.07549, 0.02171],[4, 11, 6, 4, 6, 2, 6, 8, 0, 4, 3, 5, 2, 4, 5, 1]
3.5,138,[],[0.08864, 0.02263, 0.04252, 0.04481, 0.0821, 0.0631, 0.05349, 0.02353, 0.14377, 0.02759, 0.0474, 0.06619, 0.02947, 0.02214, 0.0211, 0.08717, 0.0545, 0.03962, 0.05993],[3, 3, 3, 3, 3, 4, 6, 10, 4, 0, 4, 3, 5, 2, 4, 5, 2, 6, 4]
3.5,139,[],[0.0284, 0.06884, 0.02953, 0.02209, 0.04656, 0.02157, 0.02129, 0.02938, 0.02739, 0.02063, 0.02791, 0.02446, 0.06419, 0.02394, 0.05692, 0.03166, 0.09275, 0.03161, 0.02481, 0.02821],[0, 2, 0, 3, 3, 4, 4, 3, 2, 0, 5, 7, 3, 4, 6, 1, 2, 2, 0, 8]
3.5,140,[],[0.0699, 0.04701, 0.08057, 0.0631, 0.05349, 0.02353, 0.14377, 0.02759, 0.0474, 0.06619, 0.02947, 0.02214, 0.0211, 0.08717, 0.0545, 0.03962, 0.05993, 0.02171, 0.03518, 0.03048],[3, 0, 0, 4, 6, 10, 4, 0, 4, 3, 5, 2, 4, 5, 2, 6, 4, 1, 7, 5]
3.5,141,[],[0.02238, 0.12673, 0.02263, 0.04252, 0.04481, 0.0821, 0.0631, 0.05349, 0.02353, 0.14377, 0.02759, 0.0474, 0.06619, 0.02947, 0.02214, 0.0211, 0.08717, 0.0545],[6, 8, 3, 3, 3, 3, 4, 6, 10, 4, 0, 4, 3, 5, 2, 4, 5, 2]
3.5,142,[],[0.03275, 0.09341, 0.02025, 0.02588, 0.02213, 0.02732, 0.04941, 0.05583, 0.02361, 0.02288, 0.02176, 0.02124, 0.02057],[3, 5, 2, 4, 4, 7, 7, 4, 6, 11, 8, 6, 7]
3.5,143,[],[0.07665, 0.02263, 0.04252, 0.04481, 0.0821, 0.0631, 0.05349, 0.02353, 0.14377, 0.02759, 0.0474, 0.06619, 0.02947, 0.02214, 0.0211, 0.08717, 0.0545, 0.03962, 0.05993],[3, 3, 3, 3, 3, 4, 6, 10, 4, 0, 4, 3, 5, 2, 4, 5, 2, 6, 4]
3.5,144,[],[0.08592, 0.03879, 0.05303, 0.06735, 0.04645, 0.02063, 0.02531, 0.08346, 0.02679, 0.05426, 0.03484, 0.04101, 0.0284, 0.02037, 0.03775, 0.03082, 0.02599],[2, 0, 9, 3, 6, 7, 5, 2, 2, 4, 1, 1, 4, 4, 6, 2, 2]
3.5,145,[],[0.03723, 0.03006, 0.03061, 0.05293, 0.04305, 0.04049, 0.03071, 0.1021, 0.03879, 0.05303, 0.06735, 0.04645, 0.02063, 0.02531, 0.08346, 0.02679],[6, 9, 6, 3, 4, 6, 2, 6, 0, 9, 3, 6, 7, 5, 2, 2]
3.5,146,[],[0.02525, 0.02386, 0.09864, 0.02263, 0.04252, 0.04481, 0.0821, 0.0631, 0.05349, 0.02353, 0.14377, 0.02759, 0.0474, 0.06619, 0.02947, 0.02214, 0.0211, 0.08717],[7, 1, 0, 3, 3, 3, 3, 4, 6, 10, 4, 0, 4, 3, 5, 2, 4, 5]
3.5,147,[],[0.0946, 0.03001, 0.03911, 0.02991, 0.02073, 0.0745, 0.03731, 0.05866, 0.02007, 0.02304, 0.04204, 0.03168, 0.07505, 0.1043, 0.02828],[9, 9, 4, 1, 8, 6, 2, 4, 3, 5, 15, 5, 3, 7, 1]
3.5,148,[],[0.03122, 0.04701, 0.11684, 0.0631, 0.05349, 0.02353, 0.14377, 0.02759, 0.0474, 0.06619, 0.02947, 0.02214, 0.0211, 0.08717, 0.0545, 0.03962, 0.05993, 0.02171, 0.03518, 0.03048],[2, 0, 0, 4, 6, 10, 4, 0, 4, 3, 5, 2, 4, 5, 2, 6, 4, 1, 7, 5]
3.5,149,[],[0.02177, 0.02336, 0.05246, 0.04199, 0.03962, 0.07217, 0.03808, 0.02363, 0.169, 0.02759, 0.0474, 0.06619, 0.02947, 0.02214, 0.0211, 0.02489, 0.02118],[7, 8, 2, 1, 6, 4, 2, 6, 8, 0, 4, 3, 5, 2, 4, 5, 6]
3.5,150,[],[0.06957, 0.02263, 0.04252, 0.04481, 0.0821, 0.0631, 0.05349, 0.02353, 0.14377, 0.02759, 0.0474, 0.06619, 0.02947, 0.02214, 0.0211, 0.08717, 0.0545, 0.03962, 0.05993],[2, 3, 3, 3, 3, 4, 6, 10, 4, 0, 4, 3, 5, 2, 4, 5, 2, 6, 4]
3.5,151,[],[0.05054, 0.0631, 0.02799, 0.05837, 0.08412, 0.02263, 0.04252, 0.03146, 0.02512, 0.03997, 0.04067, 0.0539, 0.02386, 0.03231, 0.02757, 0.02101, 0.02988],[1, 4, 4, 7, 3, 3, 3, 3, 4, 3, 5, 5, 0, 5, 6, 7, 5]
3.5,152,[],[0.04491, 0.04701, 0.08057, 0.0631, 0.05349, 0.02353, 0.14377, 0.02759, 0.0474, 0.06619, 0.02947, 0.02214, 0.0211, 0.08717, 0.0545, 0.03962, 0.05993, 0.02171, 0.03518, 0.03048],[1, 0, 0, 4, 6, 10, 4, 0, 4, 3, 5, 2, 4, 5, 2, 6, 4, 1, 7, 5]
3.5,153,[],[0.05468, 0.02359, 0.06407, 0.12877, 0.03001, 0.03911, 0.02991, 0.02073, 0.0745, 0.03731, 0.05866, 0.02007, 0.02304, 0.04204, 0.03168, 0.07505],[1, 3, 1, 1, 9, 4, 1, 8, 6, 2, 4, 3, 5, 15, 5, 3]
3.5,154,[],[0.02387, 0.04411, 0.07712, 0.02252, 0.05678, 0.05887, 0.06317, 0.0411, 0.02465, 0.02598, 0.02576, 0.02108, 0.02163, 0.12538, 0.04645, 0.09253, 0.03879, 0.05303, 0.08196, 0.02071, 0.05775, 0.02802],[6, 3, 2, 1, 2, 1, 3, 2, 2, 1, 5, 5, 0, 2, 6, 7, 0, 9, 4, 2, 2, 1]
3.5,155,[],[0.02629, 0.02802, 0.02386, 0.02996, 0.02225, 0.04785, 0.03125, 0.09771, 0.12877, 0.03001, 0.03911, 0.02991, 0.02073, 0.0745, 0.03731],[1, 1, 2, 5, 9, 2, 5, 11, 1, 9, 4, 1, 8, 6, 2]
3.5,156,[],[0.08375, 0.02953, 0.02209, 0.04656, 0.02157, 0.02129, 0.02938, 0.02739, 0.02063, 0.02791, 0.02446, 0.027, 0.0206, 0.05295, 0.02394, 0.05692, 0.03166, 0.09275, 0.03161, 0.02481],[4, 0, 3, 3, 4, 4, 3, 2, 0, 5, 7, 3, 8, 6, 4, 6, 1, 2, 2, 0]
3.5,157,[],[0.02848, 0.03109, 0.02986, 0.02313, 0.07075, 0.14566, 0.0631, 0.02799, 0.05837, 0.08412, 0.02263, 0.04252, 0.03146, 0.02512, 0.03997, 0.04067],[4, 8, 7, 5, 4, 6, 4, 4, 7, 3, 3, 3, 3, 4, 3, 5]
3.5,158,[],[0.11483, 0.02953, 0.02209, 0.04656, 0.02157, 0.02129, 0.02938, 0.02739, 0.02063, 0.02791, 0.02446, 0.027, 0.0206, 0.05295, 0.02394, 0.05692, 0.03166, 0.09275, 0.03161, 0.02481],[0, 0, 3, 3, 4, 4, 3, 2, 0, 5, 7, 3, 8, 6, 4, 6, 1, 2, 2, 0]
3.5,159,[],[0.0639, 0.02437, 0.04025, 0.02759, 0.0474, 0.06619, 0.02947, 0.02214, 0.0211, 0.08717, 0.0545, 0.03962, 0.05993, 0.02171, 0.03518, 0.03048, 0.0239, 0.02336, 0.08224, 0.02179, 0.02257],[3, 0, 1, 0, 4, 3, 5, 2, 4, 5, 2, 6, 4, 1, 7, 5, 5, 2, 8, 3, 0]
3.5,160,[],[0.02071, 0.0214, 0.02154, 0.12806, 0.02953, 0.02209, 0.04656, 0.02157, 0.02129, 0.02938, 0.02739, 0.02063, 0.02791, 0.02446, 0.027, 0.0206],[6, 4, 4, 8, 0, 3, 3, 4, 4, 3, 2, 0, 5, 7, 3, 8]
3.5,161,[],[0.0738, 0.03161, 0.02481, 0.02821, 0.05765, 0.042, 0.03166, 0.07452, 0.04209, 0.14362, 0.02953, 0.02209, 0.04656, 0.02157, 0.02129, 0.02938, 0.02739, 0.02063, 0.02791],[1, 2, 0, 8, 16, 5, 1, 2, 1, 11, 0, 3, 3, 4, 4, 3, 2, 0, 5]
3.5,162,[],[0.0652, 0.04645, 0.0676, 0.02679, 0.05426, 0.03484, 0.04101, 0.0284, 0.02037, 0.03775, 0.03082, 0.02599, 0.02433, 0.02262, 0.02284, 0.0253, 0.02058],[9, 0, 8, 2, 4, 1, 1, 4, 4, 6, 2, 2, 11, 4, 6, 2, 9]
3.5,163,[],[0.04505, 0.07305, 0.03271, 0.02115, 0.03712, 0.04114, 0.0255, 0.03045, 0.0237, 0.02315, 0.07471, 0.04717, 0.06619, 0.06924, 0.02759, 0.03104],[4, 6, 3, 3, 4, 12, 8, 2, 2, 6, 9, 3, 3, 3, 0, 6]
3.5,164,[],[0.03644, 0.02794, 0.09225, 0.03461, 0.0875, 0.02097, 0.04048, 0.02303, 0.02857, 0.02826, 0.02872, 0.02162, 0.02375],[0, 4, 4, 10, 11, 8, 2, 3, 3, 6, 8, 4, 1]
3.5,165,[],[0.02619, 0.02759, 0.04025, 0.02437, 0.06998, 0.0224, 0.0309, 0.05741, 0.02072, 0.02062, 0.03197, 0.02169, 0.12248, 0.04593, 0.04496, 0.03388, 0.03482, 0.04647, 0.02367, 0.02454],[0, 2, 5, 1, 3, 2, 6, 1, 2, 3, 4, 5, 3, 1, 1, 2, 3, 0, 0, 3]
3.5,166,[],[0.02496, 0.10451, 0.03461, 0.02086, 0.02639, 0.03732, 0.02273, 0.0207],[2, 8, 10, 11, 4, 9, 5, 8]
3.5,167,[],[0.02039, 0.0309, 0.07374, 0.02437, 0.04025, 0.02759, 0.0474, 0.06619, 0.02947, 0.02214, 0.0211, 0.08717, 0.0545, 0.03962, 0.05993, 0.02171, 0.03518, 0.03048, 0.0239, 0.02336],[2, 6, 1, 0, 1, 0, 4, 3, 5, 2, 4, 5, 2, 6, 4, 1, 7, 5, 5, 2]
3.5,168,[],[0.02958, 0.03071, 0.04058, 0.04305, 0.06008, 0.03006, 0.03061, 0.02932, 0.03891, 0.022, 0.02572],[4, 2, 5, 7, 4, 9, 6, 3, 8, 10, 11]
3.5,169,[],[0.02817, 0.03879, 0.05303, 0.06735, 0.04645, 0.02063, 0.02531, 0.08346, 0.02679, 0.05426, 0.03484, 0.04101, 0.0284, 0.02037, 0.03775, 0.03082, 0.02599],[1, 0, 9, 3, 6, 7, 5, 2, 2, 4, 1, 1, 4, 4, 6, 2, 2]
3.5,170,[],[0.04785, 0.03271, 0.02115, 0.03712, 0.04114, 0.0255, 0.03045, 0.0237, 0.02315, 0.07471, 0.04717, 0.06619, 0.06924, 0.02759, 0.03104],[1, 3, 3, 4, 12, 8, 2, 2, 6, 9, 3, 3, 3, 0, 6]
3.5,171,[],[0.05232, 0.12877, 0.03001, 0.03911, 0.02991, 0.02073, 0.0745, 0.03731, 0.05866, 0.02007, 0.02304, 0.04204, 0.03168, 0.07505, 0.07974, 0.02359],[2, 1, 9, 4, 1, 8, 6, 2, 4, 3, 5, 15, 5, 3, 7, 3]
3.5,172,[],[0.02883, 0.02115, 0.0235, 0.02608, 0.02254, 0.02728, 0.0693, 0.02025, 0.02588, 0.02213, 0.02732, 0.0501, 0.03322, 0.04804],[1, 2, 7, 7, 9, 1, 5, 2, 4, 4, 7, 5, 7, 2]
3.5,173,[],[0.0217, 0.06024, 0.03271, 0.02115, 0.15261, 0.06924, 0.02759, 0.03104, 0.05584, 0.02947, 0.02214, 0.0211, 0.08717, 0.0545, 0.03962, 0.05993, 0.02171],[0, 10, 3, 3, 9, 3, 0, 6, 9, 5, 2, 4, 5, 2, 6, 4, 1]
3.5,174,[],[0.06159, 0.03001, 0.03911, 0.02991, 0.02073, 0.0745, 0.03731, 0.05866, 0.02007, 0.02304, 0.04204, 0.03168, 0.07505, 0.1043, 0.02828, 0.02914, 0.02731],[2, 9, 4, 1, 8, 6, 2, 4, 3, 5, 15, 5, 3, 7, 1, 1, 1]
3.5,175,[],[0.02324, 0.04572, 0.02401, 0.0272, 0.02124, 0.02775, 0.0343, 0.0284, 0.02037, 0.03775, 0.04812, 0.07377, 0.0676, 0.04645, 0.09253, 0.03879],[2, 4, 5, 10, 3, 4, 6, 4, 4, 6, 2, 1, 2, 6, 7, 0]
3.5,176,[],[0.02167, 0.04493, 0.06619, 0.06924, 0.02759, 0.03104, 0.02702, 0.11399, 0.04701, 0.08057, 0.0631, 0.05349, 0.02353, 0.10803, 0.02437, 0.09397, 0.0224],[4, 4, 3, 3, 0, 6, 9, 5, 0, 0, 4, 6, 10, 4, 0, 8, 2]
3.5,177,[],[0.07926, 0.04645, 0.09253, 0.03879, 0.05303, 0.08196, 0.02071, 0.05775, 0.02802, 0.02386, 0.02996, 0.02225, 0.04785, 0.03125, 0.09771, 0.12877],[0, 6, 7, 0, 9, 4, 2, 2, 1, 2, 5, 9, 2, 5, 11, 1]
3.5,178,[],[0.0361, 0.04645, 0.0676, 0.02679, 0.05426, 0.03484, 0.04101, 0.0284, 0.02037, 0.03775, 0.03082, 0.02599, 0.02433, 0.02262, 0.02284, 0.0253, 0.02058],[2, 0, 8, 2, 4, 1, 1, 4, 4, 6, 2, 2, 11, 4, 6, 2, 9]
3.5,179,[],[0.02935, 0.03453, 0.02802, 0.03306, 0.02225, 0.04785, 0.03125, 0.09771, 0.12877, 0.03001, 0.03911, 0.02991, 0.02073, 0.0745, 0.03731],[0, 2, 1, 5, 9, 2, 5, 11, 1, 9, 4, 1, 8, 6, 2]
3.5,180,[],[0.06406, 0.03879, 0.05303, 0.06735, 0.04645, 0.02063, 0.02531, 0.08346, 0.02679, 0.05426, 0.03484, 0.04101, 0.0284, 0.02037, 0.03775, 0.03082, 0.02599],[2, 0, 9, 3, 6, 7, 5, 2, 2, 4, 1, 1, 4, 4, 6, 2, 2]
3.5,181,[],[0.094, 0.03461, 0.0875, 0.02097, 0.04048, 0.02303, 0.02857, 0.02826, 0.02872, 0.02162, 0.02375, 0.02201, 0.03612],[0, 10, 11, 8, 2, 3, 3, 6, 8, 4, 1, 7, 8]
3.5,182,[],[0.07773, 0.03161, 0.02481, 0.02821, 0.05765, 0.042, 0.03166, 0.07452, 0.04209, 0.14362, 0.02953, 0.02209, 0.04656, 0.02157, 0.02129, 0.02938, 0.02739, 0.02063, 0.02791],[4, 2, 0, 8, 16, 5, 1, 2, 1, 11, 0, 3, 3, 4, 4, 3, 2, 0, 5]
3.5,183,[],[0.03822, 0.02764, 0.04429, 0.03104, 0.03452, 0.02964, 0.05368, 0.0216, 0.02069, 0.03412, 0.03116, 0.0217, 0.07267, 0.13682, 0.03001, 0.03911, 0.02991],[2, 5, 2, 2, 4, 5, 6, 3, 8, 7, 8, 0, 8, 1, 9, 4, 1]
3.5,184,[],[0.02174, 0.09415, 0.04593, 0.04496, 0.03388, 0.03482, 0.04647, 0.02367, 0.02454, 0.04303, 0.02621, 0.02254, 0.03303, 0.0244, 0.04244, 0.03215, 0.04671, 0.06737],[2, 7, 1, 1, 2, 3, 0, 0, 3, 5, 6, 2, 6, 5, 10, 7, 8, 0]
3.5,185,[],[0.02307, 0.08533, 0.03461, 0.0875, 0.02097, 0.04048, 0.02303, 0.02857, 0.02826, 0.02872, 0.02162, 0.02375, 0.02201, 0.03612],[3, 3, 10, 11, 8, 2, 3, 3, 6, 8, 4, 1, 7, 8]
3.5,186,[],[0.02217, 0.04049, 0.03071, 0.1021, 0.03879, 0.05303, 0.06735, 0.04645, 0.02063, 0.02531, 0.08346, 0.02679, 0.05426, 0.03484, 0.04101, 0.0284, 0.02037, 0.03775, 0.03082, 0.02599],[1, 6, 2, 6, 0, 9, 3, 6, 7, 5, 2, 2, 4, 1, 1, 4, 4, 6, 2, 2]
3.5,187,[],[0.04313, 0.12877, 0.03001, 0.03911, 0.02991, 0.02073, 0.0745, 0.03731, 0.05866, 0.02007, 0.02304, 0.04204, 0.03168, 0.07505, 0.07974, 0.02359],[3, 1, 9, 4, 1, 8, 6, 2, 4, 3, 5, 15, 5, 3, 7, 3]
3.5,188,[],[0.02284, 0.04783, 0.02794, 0.09225, 0.03461, 0.0875, 0.02097, 0.04048, 0.02303, 0.02857, 0.02826, 0.02872, 0.02162, 0.02375],[2, 6, 4, 4, 10, 11, 8, 2, 3, 3, 6, 8, 4, 1]
3.5,189,[],[0.04327, 0.03161, 0.02481, 0.02821, 0.05765, 0.042, 0.03166, 0.07452, 0.04209, 0.14362, 0.02953, 0.02209, 0.04656, 0.02157, 0.02129, 0.02938, 0.02739, 0.02063, 0.02791],[2, 2, 0, 8, 16, 5, 1, 2, 1, 11, 0, 3, 3, 4, 4, 3, 2, 0, 5]
3.5,190,[],[0.05687, 0.02025, 0.02588, 0.02213, 0.02732, 0.0501, 0.03322, 0.04804, 0.05583, 0.02361, 0.02288, 0.02176, 0.02124, 0.02057, 0.04967],[0, 2, 4, 4, 7, 5, 7, 2, 4, 6, 11, 8, 6, 7, 4]
3.5,191,[],[0.10722, 0.02759, 0.0474, 0.06619, 0.02947, 0.02214, 0.0211, 0.08717, 0.0545, 0.03962, 0.05993, 0.02171, 0.03518, 0.03048, 0.0239, 0.02336, 0.08224, 0.02179, 0.02257],[0, 0, 4, 3, 5, 2, 4, 5, 2, 6, 4, 1, 7, 5, 5, 2, 8, 3, 0]
3.5,192,[],[0.026, 0.02824, 0.12508, 0.02953, 0.02209, 0.04656, 0.02157, 0.02129, 0.02938, 0.02739, 0.02063, 0.02791, 0.02446, 0.027],[4, 8, 13, 0, 3, 3, 4, 4, 3, 2, 0, 5, 7, 3]
3.5,193,[],[0.02754, 0.0284, 0.08992, 0.02263, 0.04252, 0.04481, 0.0821, 0.0631, 0.05349, 0.02353, 0.14377, 0.02759, 0.0474, 0.06619, 0.02947, 0.02214, 0.0211, 0.08717],[0, 2, 6, 3, 3, 3, 3, 4, 6, 10, 4, 0, 4, 3, 5, 2, 4, 5]
3.5,194,[],[0.0252, 0.03452, 0.03104, 0.06755, 0.02764, 0.03671, 0.02663, 0.02355, 0.03159, 0.02667, 0.02218, 0.02358, 0.02602, 0.10313, 0.04496, 0.04593],[5, 5, 4, 2, 5, 2, 2, 2, 8, 8, 1, 5, 5, 7, 1, 0]
3.5,195,[],[0.03975, 0.02218, 0.02158, 0.03969, 0.06755, 0.02764, 0.03671, 0.02663, 0.02355, 0.03159, 0.02202, 0.04175, 0.03452, 0.02964],[8, 1, 0, 5, 2, 5, 2, 2, 2, 8, 16, 7, 4, 5]
3.5,196,[],[0.042, 0.02764, 0.04429, 0.03104, 0.03452, 0.02964, 0.05368, 0.0216, 0.02069, 0.03412, 0.03116, 0.0217, 0.07267, 0.13682, 0.03001, 0.03911, 0.02991],[1, 5, 2, 2, 4, 5, 6, 3, 8, 7, 8, 0, 8, 1, 9, 4, 1]
3.5,197,[],[0.03005, 0.0343, 0.06218, 0.02401, 0.0272, 0.02124, 0.02096, 0.03054, 0.07377, 0.0676, 0.04645, 0.09253, 0.03879],[2, 4, 6, 5, 10, 3, 4, 3, 1, 2, 6, 7, 0]
3.5,198,[],[0.07543, 0.03461, 0.0875, 0.02097, 0.04048, 0.02303, 0.02857, 0.02826, 0.02872, 0.02162, 0.02375, 0.02201, 0.03612],[5, 10, 11, 8, 2, 3, 3, 6, 8, 4, 1, 7, 8]
3.5,199,[],[0.09397, 0.02263, 0.04252, 0.04481, 0.0821, 0.0631, 0.05349, 0.02353, 0.14377, 0.02759, 0.0474, 0.06619, 0.02947, 0.02214, 0.0211, 0.08717, 0.0545, 0.03962, 0.05993],[4, 3, 3, 3, 3, 4, 6, 10, 4, 0, 4, 3, 5, 2, 4, 5, 2, 6, 4]

