3.5,0,[],[0.04858, 0.02665, 0.056, 0.05541, 0.02289, 0.13694, 0.03399, 0.02232, 0.02087, 0.03823, 0.04059, 0.0303, 0.02354, 0.03082, 0.0347, 0.02807, 0.02898, 0.02934],[0, 2, 7, 2, 3, 4, 2, 3, 2, 1, 11, 6, 2, 5, 5, 1, 6, 11]
3.5,1,[],[0.04661, 0.06513, 0.02707, 0.02133, 0.04467, 0.08349, 0.02745, 0.07093, 0.02836, 0.02226, 0.03853, 0.0745, 0.02751, 0.05361, 0.02081, 0.02008, 0.04608, 0.02106],[2, 1, 5, 1, 6, 12, 2, 1, 0, 3, 0, 7, 2, 5, 5, 3, 4, 5]
3.5,2,[],[0.03541, 0.07667, 0.06513, 0.02707, 0.02133, 0.04467, 0.08349, 0.02745, 0.07093, 0.02836, 0.02226, 0.03853, 0.0745, 0.02751, 0.05361, 0.02081, 0.02008, 0.04608, 0.02106],[2, 6, 1, 5, 1, 6, 12, 2, 1, 0, 3, 0, 7, 2, 5, 5, 3, 4, 5]
3.5,3,[],[0.02382, 0.02376, 0.12801, 0.02825, 0.0279, 0.0268, 0.03628, 0.0268, 0.05131, 0.0268, 0.02477, 0.02846, 0.02381, 0.0557, 0.03624, 0.02349, 0.03026, 0.02128, 0.11729],[3, 1, 11, 1, 0, 3, 4, 5, 3, 7, 1, 2, 8, 8, 3, 1, 3, 3, 5]
3.5,4,[],[0.09569, 0.046, 0.02396, 0.02532, 0.04494, 0.03878, 0.04673, 0.02997, 0.02482, 0.07816, 0.04313, 0.03541, 0.0344, 0.02657, 0.02968, 0.04194],[5, 1, 2, 1, 6, 1, 5, 7, 2, 0, 0, 7, 9, 4, 16, 11]
3.5,5,[],[0.05951, 0.02501, 0.027, 0.07544, 0.02002, 0.07634, 0.02825, 0.0279, 0.0268, 0.03628, 0.0268, 0.05131, 0.0268, 0.02477, 0.02846, 0.02381, 0.0557, 0.03624, 0.02349, 0.03026, 0.02128],[1, 2, 2, 3, 3, 7, 1, 0, 3, 4, 5, 3, 7, 1, 2, 8, 8, 3, 1, 3, 3]
3.5,6,[],[0.04952, 0.02742, 0.03541, 0.03016, 0.0218, 0.04425, 0.02318, 0.02695, 0.03077, 0.0452, 0.02753, 0.02868, 0.1118, 0.0317, 0.05288, 0.04368],[2, 3, 6, 2, 5, 6, 5, 2, 14, 2, 5, 3, 3, 1, 5, 7]
3.5,7,[],[0.02006, 0.04295, 0.02251, 0.02471, 0.22428, 0.02665, 0.056, 0.05541, 0.02289, 0.13694, 0.03399, 0.02232, 0.02087, 0.03823, 0.04059, 0.0303, 0.02354, 0.03082],[3, 5, 10, 7, 4, 2, 7, 2, 3, 4, 2, 3, 2, 1, 11, 6, 2, 5]
3.5,8,[],[0.02356, 0.08191, 0.02199, 0.02413, 0.04493, 0.0366, 0.02056, 0.0561, 0.04579, 0.02854, 0.03664, 0.03106, 0.02056, 0.12257, 0.02186, 0.03747, 0.04281, 0.05264],[2, 5, 2, 6, 2, 8, 6, 5, 2, 2, 5, 2, 4, 9, 2, 1, 3, 1]
3.5,9,[],[0.05361, 0.07048, 0.02825, 0.02563, 0.06586, 0.09151, 0.02501, 0.027, 0.02157, 0.02547, 0.02987, 0.02008, 0.07201, 0.0402, 0.05564, 0.03802, 0.03847, 0.02865],[6, 3, 0, 2, 1, 3, 2, 2, 3, 7, 4, 9, 5, 6, 5, 1, 1, 2]
3.5,10,[],[0.02455, 0.02804, 0.05541, 0.07975, 0.02665, 0.02269, 0.12212, 0.03399, 0.02232, 0.02087, 0.03823, 0.04059, 0.0303, 0.02354, 0.03082, 0.0347, 0.02807, 0.02898],[3, 1, 4, 2, 2, 7, 4, 2, 3, 2, 1, 11, 6, 2, 5, 5, 1, 6]
3.5,11,[],[0.026, 0.02234, 0.20647, 0.02501, 0.027, 0.07544, 0.02002, 0.07634, 0.02825, 0.0279, 0.0268, 0.03628, 0.0268, 0.05131, 0.0268, 0.02477, 0.02846, 0.02381],[5, 7, 5, 2, 2, 3, 3, 7, 1, 0, 3, 4, 5, 3, 7, 1, 2, 8]
3.5,12,[],[0.03016, 0.03338, 0.03693, 0.03071, 0.04145, 0.02281, 0.02235, 0.02743, 0.02218, 0.05457, 0.04281, 0.05096, 0.02186, 0.04566],[3, 1, 5, 10, 9, 12, 8, 3, 4, 3, 1, 3, 2, 1]
3.5,13,[],[0.04671, 0.03915, 0.02181, 0.03965, 0.1117, 0.03399, 0.02232, 0.12261, 0.02665, 0.056, 0.05541, 0.02289, 0.02775, 0.09244, 0.02102, 0.03022, 0.04277, 0.05251, 0.02707, 0.02133, 0.04467],[4, 4, 2, 2, 3, 2, 3, 2, 2, 7, 2, 3, 4, 3, 1, 2, 1, 1, 5, 1, 6]
3.5,14,[],[0.04388, 0.046, 0.02396, 0.02532, 0.04494, 0.03878, 0.04673, 0.02997, 0.02482, 0.07816, 0.04313, 0.03541, 0.0344, 0.02657, 0.02968, 0.04194],[1, 1, 2, 1, 6, 1, 5, 7, 2, 0, 0, 7, 9, 4, 16, 11]
3.5,15,[],[0.0243, 0.12708, 0.04386, 0.02375, 0.04037, 0.03949, 0.04765, 0.15809, 0.02501, 0.027, 0.07544, 0.02002, 0.07634, 0.02825, 0.0279, 0.0268, 0.03628, 0.0268, 0.05131, 0.0268],[4, 10, 4, 2, 3, 1, 0, 3, 2, 2, 3, 3, 7, 1, 0, 3, 4, 5, 3, 7]
3.5,16,[],[0.08166, 0.03399, 0.02232, 0.12261, 0.02665, 0.056, 0.05541, 0.02289, 0.02775, 0.09244, 0.02102, 0.03022, 0.04277, 0.05251, 0.02707, 0.02133, 0.04467, 0.08349, 0.02745, 0.07093, 0.02836, 0.02226, 0.03853],[5, 2, 3, 2, 2, 7, 2, 3, 4, 3, 1, 2, 1, 1, 5, 1, 6, 12, 2, 1, 0, 3, 0]
3.5,17,[],[0.03288, 0.03648, 0.05757, 0.03857, 0.02836, 0.02226, 0.03853, 0.0745, 0.02751, 0.05361, 0.02081, 0.02008, 0.04608, 0.02106, 0.04131, 0.03121, 0.07501, 0.03736],[5, 4, 0, 4, 0, 3, 0, 7, 2, 5, 5, 3, 4, 5, 5, 1, 7, 1]
3.5,18,[],[0.02012, 0.03857, 0.02836, 0.02226, 0.03853, 0.0745, 0.02751, 0.05361, 0.02081, 0.02008, 0.04608, 0.02106, 0.04131, 0.03121, 0.07501, 0.03736],[2, 4, 0, 3, 0, 7, 2, 5, 5, 3, 4, 5, 5, 1, 7, 1]
3.5,19,[],[0.02749, 0.02131, 0.06571, 0.02949, 0.02398, 0.03105, 0.03176, 0.11424, 0.02185, 0.02454, 0.03605, 0.03182, 0.02184, 0.04913, 0.02087, 0.02737, 0.07144, 0.046, 0.02396, 0.02532, 0.04494, 0.03878],[2, 2, 5, 0, 2, 3, 4, 2, 1, 0, 1, 3, 5, 6, 7, 5, 3, 1, 2, 1, 6, 1]
3.5,20,[],[0.02998, 0.03825, 0.02268, 0.09927, 0.02949, 0.02368, 0.03105, 0.03176, 0.11424, 0.02185, 0.02454, 0.03605, 0.03182, 0.02184, 0.04913, 0.02087, 0.02737, 0.07144, 0.046, 0.02396, 0.02532, 0.04494],[1, 3, 6, 9, 1, 3, 3, 4, 2, 1, 0, 1, 3, 5, 6, 7, 5, 3, 1, 2, 1, 6]
3.5,21,[],[0.08837, 0.02501, 0.027, 0.07544, 0.02002, 0.07634, 0.02825, 0.0279, 0.0268, 0.03628, 0.0268, 0.05131, 0.0268, 0.02477, 0.02846, 0.02381, 0.0557, 0.03624, 0.02349, 0.03026],[7, 2, 2, 3, 3, 7, 1, 0, 3, 4, 5, 3, 7, 1, 2, 8, 8, 3, 1, 3]
3.5,22,[],[0.0318, 0.04793, 0.02742, 0.02261, 0.03016, 0.0218, 0.04425, 0.02318, 0.02695, 0.03077, 0.0452, 0.02753, 0.02868, 0.1118, 0.0317, 0.05288, 0.04368],[2, 7, 3, 3, 2, 5, 6, 5, 2, 14, 2, 5, 3, 3, 1, 5, 7]
3.5,23,[],[0.05638, 0.02102, 0.03022, 0.04277, 0.05251, 0.02707, 0.02133, 0.04467, 0.08349, 0.02745, 0.07093, 0.02836, 0.02226, 0.03853, 0.0745, 0.02751, 0.05361, 0.02081, 0.02008],[2, 1, 2, 1, 4, 5, 1, 6, 12, 2, 1, 0, 3, 0, 7, 2, 5, 5, 3]
3.5,24,[],[0.02003, 0.02186, 0.03747, 0.04281, 0.05264, 0.02354, 0.1821, 0.04386, 0.02375, 0.04037, 0.03949, 0.04765, 0.15809, 0.02501, 0.027, 0.07544, 0.02002, 0.07634, 0.02825, 0.0279, 0.0268, 0.03628],[0, 2, 1, 3, 1, 8, 8, 4, 2, 3, 1, 0, 3, 2, 2, 3, 3, 7, 1, 0, 3, 4]
3.5,25,[],[0.04929, 0.02186, 0.03747, 0.04281, 0.05264, 0.02354, 0.1821, 0.04386, 0.02375, 0.04037, 0.03949, 0.04765, 0.15809, 0.02501, 0.027, 0.07544, 0.02002, 0.07634, 0.02825, 0.0279, 0.0268, 0.03628],[3, 2, 1, 3, 1, 8, 8, 4, 2, 3, 1, 0, 3, 2, 2, 3, 3, 7, 1, 0, 3, 4]
3.5,26,[],[0.02998, 0.03838, 0.07071, 0.02023, 0.02767, 0.02232, 0.05414, 0.06805, 0.03736, 0.02116, 0.02543, 0.02957, 0.06589, 0.02751, 0.05361, 0.02081],[0, 3, 3, 5, 7, 4, 5, 2, 1, 2, 6, 1, 8, 2, 5, 5]
3.5,27,[],[0.02225, 0.05668, 0.03061, 0.02409, 0.02811, 0.02943, 0.13175, 0.02665, 0.056, 0.05541, 0.02289, 0.13694, 0.03399, 0.02232, 0.02087, 0.03823, 0.04059, 0.0303, 0.02354, 0.03082],[2, 1, 3, 4, 3, 5, 2, 2, 7, 2, 3, 4, 2, 3, 2, 1, 11, 6, 2, 5]
3.5,28,[],[0.02408, 0.07386, 0.02665, 0.056, 0.05541, 0.02289, 0.13694, 0.03399, 0.02232, 0.02087, 0.03823, 0.04059, 0.0303, 0.02354, 0.03082, 0.0347, 0.02807, 0.02898],[5, 5, 2, 7, 2, 3, 4, 2, 3, 2, 1, 11, 6, 2, 5, 5, 1, 6]
3.5,29,[],[0.03501, 0.03802, 0.12339, 0.02501, 0.027, 0.07544, 0.02002, 0.07634, 0.02825, 0.0279, 0.0268, 0.03628, 0.0268, 0.05131, 0.0268, 0.02477, 0.02846, 0.02381, 0.0557],[12, 1, 1, 2, 2, 3, 3, 7, 1, 0, 3, 4, 5, 3, 7, 1, 2, 8, 8]
3.5,30,[],[0.0967, 0.06715, 0.02482, 0.03979, 0.03878, 0.04673, 0.03366, 0.02014, 0.04498, 0.03541, 0.02123, 0.03087],[6, 0, 2, 0, 1, 5, 7, 11, 3, 9, 7, 7]
3.5,31,[],[0.03471, 0.03825, 0.02268, 0.09927, 0.02949, 0.02368, 0.03105, 0.03176, 0.11424, 0.02185, 0.02454, 0.03605, 0.03182, 0.02184, 0.04913, 0.02087, 0.02737, 0.07144, 0.046, 0.02396, 0.02532, 0.04494],[4, 3, 7, 9, 1, 3, 3, 4, 2, 1, 0, 1, 3, 5, 6, 7, 5, 3, 1, 2, 1, 6]
3.5,32,[],[0.02493, 0.06442, 0.02751, 0.05361, 0.02081, 0.02008, 0.03364, 0.03437, 0.02942, 0.08489, 0.03736, 0.02116, 0.02543, 0.02957],[1, 5, 2, 5, 5, 3, 4, 6, 8, 7, 1, 2, 6, 1]
3.5,33,[],[0.04378, 0.02451, 0.02128, 0.02007, 0.04842, 0.02772, 0.02271, 0.03351, 0.0216, 0.02294, 0.02924, 0.02218, 0.02326, 0.02742, 0.03541, 0.03016, 0.0218, 0.04425],[2, 2, 6, 10, 4, 4, 6, 4, 4, 5, 1, 3, 1, 3, 6, 2, 5, 6]
3.5,34,[],[0.02147, 0.08809, 0.04386, 0.02375, 0.04037, 0.06027, 0.04012, 0.02325, 0.02665, 0.039, 0.11906, 0.02186, 0.03747, 0.04281, 0.05264, 0.02354, 0.02942, 0.02173],[1, 0, 4, 2, 3, 1, 8, 5, 2, 6, 10, 2, 1, 3, 1, 8, 8, 4]
3.5,35,[],[0.05452, 0.03637, 0.02653, 0.02944, 0.02676, 0.0287, 0.04991, 0.03628, 0.03309, 0.03847, 0.02885],[3, 1, 0, 0, 6, 0, 8, 11, 8, 3, 5]
3.5,36,[],[0.04261, 0.09612, 0.02186, 0.03747, 0.04281, 0.05264, 0.02354, 0.02942, 0.02173, 0.02682, 0.03625, 0.02643, 0.02333, 0.06888, 0.04108],[4, 4, 2, 1, 3, 1, 8, 8, 4, 6, 11, 3, 5, 1, 5]
3.5,37,[],[0.03283, 0.07048, 0.02825, 0.02563, 0.06586, 0.09151, 0.02501, 0.027, 0.02157, 0.02547, 0.02987, 0.02008, 0.07201, 0.0402, 0.05564, 0.03802, 0.03847, 0.02865],[3, 3, 0, 2, 1, 3, 2, 2, 3, 7, 4, 9, 5, 6, 5, 1, 1, 2]
3.5,38,[],[0.05635, 0.03915, 0.02181, 0.03965, 0.1117, 0.03399, 0.02232, 0.12261, 0.02665, 0.056, 0.05541, 0.02289, 0.02775, 0.09244, 0.02102, 0.03022, 0.04277, 0.05251, 0.02707, 0.02133, 0.04467, 0.08349],[5, 4, 2, 2, 3, 2, 3, 2, 2, 7, 2, 3, 4, 3, 1, 2, 1, 1, 5, 1, 6, 12]
3.5,39,[],[0.06409, 0.03399, 0.02232, 0.12261, 0.02665, 0.056, 0.05541, 0.02289, 0.02775, 0.09244, 0.02102, 0.03022, 0.04277, 0.05251, 0.02707, 0.02133, 0.04467, 0.08349, 0.02745, 0.07093, 0.02836, 0.02226, 0.03853, 0.0745, 0.02751],[0, 2, 3, 2, 2, 7, 2, 3, 4, 3, 1, 2, 1, 1, 5, 1, 6, 12, 2, 1, 0, 3, 0, 7, 2]
3.5,40,[],[0.08204, 0.0548, 0.02185, 0.02615, 0.05877, 0.02236, 0.02618, 0.03078, 0.03564, 0.02308, 0.02704, 0.02643, 0.03054],[2, 1, 8, 5, 6, 6, 3, 3, 3, 3, 7, 5, 5]
3.5,41,[],[0.02354, 0.04749, 0.02397, 0.03589, 0.17016, 0.02501, 0.027, 0.07544, 0.02002, 0.07634, 0.02825, 0.0279, 0.0268, 0.03628, 0.0268, 0.05131, 0.0268, 0.02477, 0.02846],[3, 2, 2, 3, 5, 2, 2, 3, 3, 7, 1, 0, 3, 4, 5, 3, 7, 1, 2]
3.5,42,[],[0.0681, 0.03399, 0.02232, 0.12261, 0.02665, 0.056, 0.05541, 0.02289, 0.02775, 0.09244, 0.02102, 0.03022, 0.04277, 0.05251, 0.02707, 0.02133, 0.04467, 0.08349, 0.02745, 0.07093, 0.02836, 0.02226, 0.03853, 0.0745, 0.02751],[2, 2, 3, 2, 2, 7, 2, 3, 4, 3, 1, 2, 1, 1, 5, 1, 6, 12, 2, 1, 0, 3, 0, 7, 2]
3.5,43,[],[0.02481, 0.0303, 0.04059, 0.09531, 0.03399, 0.02232, 0.12261, 0.02665, 0.056, 0.05541, 0.02289, 0.02775, 0.09244, 0.02102, 0.03022, 0.04277, 0.05251, 0.02707, 0.02133, 0.04467],[6, 2, 6, 9, 2, 3, 2, 2, 7, 2, 3, 4, 3, 1, 2, 1, 1, 5, 1, 6]
3.5,44,[],[0.02216, 0.02024, 0.03579, 0.06317, 0.1057, 0.04386, 0.02375, 0.04037, 0.03949, 0.02224, 0.02151, 0.04693, 0.02567, 0.06969, 0.04012, 0.02325, 0.02665, 0.039],[3, 5, 10, 2, 3, 4, 2, 3, 1, 0, 6, 6, 3, 3, 8, 5, 2, 6]
3.5,45,[],[0.04967, 0.0548, 0.08267, 0.03838, 0.07071, 0.02023, 0.02767, 0.02232, 0.05414, 0.06805, 0.03736, 0.02116, 0.02543, 0.02957, 0.06589, 0.02751, 0.05361],[0, 8, 7, 3, 3, 5, 7, 4, 5, 2, 1, 2, 6, 1, 8, 2, 5]
3.5,46,[],[0.02125, 0.03729, 0.046, 0.02396, 0.02532, 0.04494, 0.03878, 0.04673, 0.02997, 0.02482, 0.07816, 0.04313, 0.03541, 0.0344, 0.02657, 0.02968, 0.04194],[0, 1, 1, 2, 1, 6, 1, 5, 7, 2, 0, 0, 7, 9, 4, 16, 11]
3.5,47,[],[0.02571, 0.07972, 0.02707, 0.02133, 0.04467, 0.08349, 0.02745, 0.07093, 0.02836, 0.02226, 0.03853, 0.0745, 0.02751, 0.05361, 0.02081, 0.02008, 0.04608, 0.02106, 0.04131],[1, 2, 5, 1, 6, 12, 2, 1, 0, 3, 0, 7, 2, 5, 5, 3, 4, 5, 5]
3.5,48,[],[0.05291, 0.02825, 0.0279, 0.0268, 0.03628, 0.0268, 0.05131, 0.0268, 0.02477, 0.02846, 0.02381, 0.0557, 0.03624, 0.02349, 0.03026, 0.02128, 0.11729],[1, 1, 0, 3, 4, 5, 3, 7, 1, 2, 8, 8, 3, 1, 3, 3, 5]
3.5,49,[],[0.03337, 0.03352, 0.02178, 0.02471, 0.02633, 0.03575, 0.03419, 0.02996, 0.02501, 0.02461, 0.02536, 0.06869, 0.04772, 0.02206, 0.02277, 0.02311, 0.03663],[1, 2, 3, 1, 0, 1, 5, 2, 0, 5, 6, 6, 4, 0, 3, 4, 9]
3.5,50,[],[0.05627, 0.04368, 0.03953, 0.02282, 0.0239, 0.02658, 0.02481, 0.02916, 0.04848, 0.02181, 0.04275, 0.04808, 0.04228, 0.04704, 0.10101, 0.0317],[2, 7, 4, 4, 8, 1, 3, 2, 6, 2, 2, 6, 2, 6, 7, 1]
3.5,51,[],[0.08684, 0.0317, 0.05288, 0.04368, 0.03953, 0.02282, 0.0239, 0.02658, 0.02481, 0.02916, 0.04848, 0.02181, 0.04275, 0.04808, 0.04228, 0.04704, 0.02715, 0.03335],[7, 1, 5, 7, 4, 4, 8, 1, 3, 2, 6, 2, 2, 6, 2, 6, 7, 3]
3.5,52,[],[0.05261, 0.02751, 0.05361, 0.02081, 0.02008, 0.04608, 0.02106, 0.04348, 0.05043, 0.02836, 0.03857, 0.0201, 0.03245, 0.02545, 0.02332],[1, 2, 5, 5, 3, 4, 5, 5, 5, 3, 2, 5, 7, 6, 6]
3.5,53,[],[0.03487, 0.05096, 0.02186, 0.04566, 0.10167, 0.04386, 0.02375, 0.04037, 0.03949, 0.04765, 0.15809, 0.02501, 0.027, 0.07544, 0.02002, 0.07634, 0.02825, 0.0279, 0.0268, 0.03628, 0.0268, 0.05131],[1, 3, 2, 1, 5, 4, 2, 3, 1, 0, 3, 2, 2, 3, 3, 7, 1, 0, 3, 4, 5, 3]
3.5,54,[],[0.02581, 0.07749, 0.03399, 0.02232, 0.12261, 0.02665, 0.056, 0.05541, 0.02289, 0.02775, 0.09244, 0.02102, 0.03022, 0.04277, 0.05251, 0.02707, 0.02133, 0.04467, 0.08349, 0.02745, 0.07093, 0.02836],[4, 6, 2, 3, 2, 2, 7, 2, 3, 4, 3, 1, 2, 1, 1, 5, 1, 6, 12, 2, 1, 0]
3.5,55,[],[0.02869, 0.02451, 0.02128, 0.02007, 0.04842, 0.02772, 0.02271, 0.03351, 0.0216, 0.02294, 0.02924, 0.02218, 0.02326, 0.02742, 0.03541, 0.03016, 0.0218, 0.04425],[3, 2, 6, 10, 4, 4, 6, 4, 4, 5, 1, 3, 1, 3, 6, 2, 5, 6]
3.5,56,[],[0.032, 0.0371, 0.02654, 0.02249, 0.02236, 0.02613, 0.02225, 0.02108, 0.02381],[4, 1, 8, 7, 5, 4, 7, 4, 13]
3.5,57,[],[0.03966, 0.02132, 0.08276, 0.03838, 0.07071, 0.02023, 0.02767, 0.02232, 0.05414, 0.06805, 0.03736, 0.02116, 0.02543, 0.02957, 0.06589, 0.02751],[5, 1, 2, 3, 3, 5, 7, 4, 5, 2, 1, 2, 6, 1, 8, 2]
3.5,58,[],[0.03121, 0.03338, 0.03693, 0.03071, 0.04145, 0.02281, 0.02235, 0.02743, 0.02218, 0.05457, 0.04281, 0.05096, 0.02186, 0.04566],[4, 1, 5, 15, 9, 12, 8, 3, 4, 3, 1, 3, 2, 1]
3.5,59,[],[0.02411, 0.04295, 0.02251, 0.02471, 0.22428, 0.02665, 0.056, 0.05541, 0.02289, 0.13694, 0.03399, 0.02232, 0.02087, 0.03823, 0.04059, 0.0303, 0.02354, 0.03082],[2, 5, 10, 7, 4, 2, 7, 2, 3, 4, 2, 3, 2, 1, 11, 6, 2, 5]
3.5,60,[],[0.02015, 0.02647, 0.02838, 0.06889, 0.06513, 0.02707, 0.02133, 0.04467, 0.08349, 0.02745, 0.07093, 0.02836, 0.02226, 0.03853, 0.0745, 0.02751, 0.05361, 0.02081, 0.02008],[0, 4, 6, 4, 1, 5, 1, 6, 12, 2, 1, 0, 3, 0, 7, 2, 5, 5, 3]
3.5,61,[],[0.02175, 0.05003, 0.07972, 0.02707, 0.02133, 0.04467, 0.08349, 0.02745, 0.07093, 0.02836, 0.02226, 0.03853, 0.0745, 0.02751, 0.05361],[4, 10, 2, 5, 1, 6, 12, 2, 1, 0, 3, 0, 7, 2, 5]
3.5,62,[],[0.02334, 0.05189, 0.02881, 0.0282, 0.02079, 0.02778, 0.02885, 0.03847, 0.07238, 0.03637, 0.02653, 0.02944, 0.02676, 0.0287, 0.04991],[11, 4, 5, 1, 7, 3, 8, 14, 3, 1, 0, 0, 6, 0, 8]
3.5,63,[],[0.02004, 0.03701, 0.02451, 0.02128, 0.02007, 0.04842, 0.02772, 0.02271, 0.03351, 0.0216, 0.02294, 0.02924, 0.02218, 0.02326, 0.02742, 0.03541, 0.03016, 0.0218],[4, 1, 2, 9, 10, 4, 4, 6, 4, 4, 5, 1, 3, 1, 3, 6, 2, 5]
3.5,64,[],[0.03894, 0.03802, 0.03847, 0.02865, 0.10072, 0.02501, 0.027, 0.07544, 0.02002, 0.07634, 0.02825, 0.0279, 0.0268, 0.03628, 0.0268, 0.05131, 0.0268, 0.02477],[1, 1, 1, 2, 7, 2, 2, 3, 3, 7, 1, 0, 3, 4, 5, 3, 7, 1]
3.5,65,[],[0.04562, 0.02181, 0.04275, 0.04808, 0.08907, 0.04368, 0.03953, 0.02282, 0.0239, 0.02658, 0.02481, 0.02916, 0.027, 0.02035, 0.02161],[2, 2, 2, 6, 2, 7, 4, 4, 8, 1, 3, 2, 8, 6, 4]
3.5,66,[],[0.06846, 0.0317, 0.05288, 0.04368, 0.03953, 0.02282, 0.0239, 0.02658, 0.02481, 0.02916, 0.04848, 0.02181, 0.04275, 0.04808, 0.04228, 0.04704, 0.02715, 0.03335],[7, 1, 5, 7, 4, 4, 8, 1, 3, 2, 6, 2, 2, 6, 2, 6, 7, 3]
3.5,67,[],[0.02931, 0.03848, 0.02079, 0.02778, 0.02885, 0.03847, 0.07238, 0.03637, 0.02653, 0.02944, 0.02676, 0.0287, 0.04991],[1, 4, 7, 3, 8, 14, 3, 1, 0, 0, 6, 0, 8]
3.5,68,[],[0.05628, 0.02998, 0.03878, 0.02271, 0.02075, 0.07206, 0.04368, 0.03953, 0.02282, 0.0239, 0.02658, 0.02481],[3, 4, 6, 10, 5, 2, 7, 4, 4, 8, 1, 3]
3.5,69,[],[0.07085, 0.03838, 0.07071, 0.02023, 0.02767, 0.02232, 0.05414, 0.06805, 0.03736, 0.02116, 0.02543, 0.02957, 0.06589, 0.02751, 0.05361, 0.02081],[2, 3, 3, 5, 7, 4, 5, 2, 1, 2, 6, 1, 8, 2, 5, 5]
3.5,70,[],[0.04086, 0.04875, 0.02011, 0.02416, 0.12324, 0.02825, 0.0279, 0.0268, 0.03628, 0.0268, 0.05131, 0.0268, 0.02477, 0.02846, 0.02381, 0.0557],[3, 4, 7, 7, 10, 1, 0, 3, 4, 5, 3, 7, 1, 2, 8, 8]
3.5,71,[],[0.06325, 0.02501, 0.027, 0.07544, 0.02002, 0.07634, 0.02825, 0.0279, 0.0268, 0.03628, 0.0268, 0.05131, 0.0268, 0.02477, 0.02846, 0.02381, 0.0557, 0.03624, 0.02349, 0.03026, 0.02128],[2, 2, 2, 3, 3, 7, 1, 0, 3, 4, 5, 3, 7, 1, 2, 8, 8, 3, 1, 3, 3]
3.5,72,[],[0.03056, 0.04875, 0.02011, 0.02416, 0.12324, 0.02825, 0.0279, 0.0268, 0.03628, 0.0268, 0.05131, 0.0268, 0.02477, 0.02846, 0.02381, 0.0557],[0, 4, 7, 7, 10, 1, 0, 3, 4, 5, 3, 7, 1, 2, 8, 8]
3.5,73,[],[0.02075, 0.03523, 0.03199, 0.02261, 0.06117, 0.03736, 0.02116, 0.02543, 0.02957, 0.06589, 0.02751, 0.05361, 0.02081, 0.02008, 0.04608, 0.02106, 0.04348, 0.05043],[2, 3, 0, 1, 5, 1, 2, 6, 1, 8, 2, 5, 5, 3, 4, 5, 5, 5]
3.5,74,[],[0.04444, 0.02825, 0.0279, 0.0268, 0.03628, 0.0268, 0.05131, 0.0268, 0.02477, 0.02846, 0.02381, 0.0557, 0.03624, 0.02349, 0.03026, 0.02128, 0.11729],[0, 1, 0, 3, 4, 5, 3, 7, 1, 2, 8, 8, 3, 1, 3, 3, 5]
3.5,75,[],[0.04163, 0.04542, 0.02185, 0.03567, 0.02087, 0.02608, 0.03182, 0.02184, 0.05503, 0.0284, 0.03557, 0.02277, 0.02206, 0.04772, 0.04115, 0.03352],[2, 1, 1, 0, 7, 1, 3, 5, 6, 2, 6, 0, 3, 5, 4, 2]
3.5,76,[],[0.02762, 0.04865, 0.02836, 0.02226, 0.03853, 0.0745, 0.02751, 0.05361, 0.02081, 0.02008, 0.04608, 0.02106, 0.04131, 0.03121, 0.07501, 0.03736],[0, 2, 0, 3, 0, 7, 2, 5, 5, 3, 4, 5, 5, 1, 7, 1]
3.5,77,[],[0.02545, 0.02332, 0.02133, 0.02127, 0.02648, 0.02448, 0.026, 0.03737, 0.02818, 0.08794, 0.0548],[6, 6, 4, 1, 3, 8, 10, 6, 3, 5, 8]
3.5,78,[],[0.02465, 0.02261, 0.02148, 0.0721, 0.03637, 0.02653, 0.02944, 0.02676, 0.0287, 0.04991, 0.03628, 0.03309, 0.03847, 0.02885],[4, 5, 4, 2, 1, 0, 0, 6, 0, 8, 11, 8, 3, 5]
3.5,79,[],[0.04771, 0.046, 0.03652, 0.03849, 0.0202, 0.0445, 0.02185, 0.02454, 0.03605, 0.03182, 0.02184, 0.04913, 0.02087, 0.02737, 0.02096, 0.02297, 0.02431, 0.03667, 0.09808, 0.06715],[6, 2, 1, 3, 2, 1, 1, 0, 1, 3, 5, 6, 7, 5, 3, 6, 6, 5, 0, 0]
3.5,80,[],[0.09704, 0.02177, 0.06146, 0.03061, 0.02409, 0.02811, 0.02943, 0.02717, 0.14489, 0.02665, 0.056, 0.05541, 0.02289, 0.13694, 0.03399, 0.02232, 0.02087, 0.03823, 0.04059, 0.0303, 0.02354, 0.03082],[2, 1, 2, 3, 4, 3, 0, 1, 3, 2, 7, 2, 3, 4, 2, 3, 2, 1, 11, 6, 2, 5]
3.5,81,[],[0.03125, 0.02742, 0.02261, 0.03016, 0.0218, 0.04425, 0.02318, 0.02695, 0.03077, 0.0452, 0.02753, 0.02868, 0.1118, 0.0317, 0.05288, 0.04368],[2, 3, 3, 2, 5, 6, 5, 2, 14, 2, 5, 3, 3, 1, 5, 7]
3.5,82,[],[0.02235, 0.05217, 0.02751, 0.09642, 0.03736, 0.02619, 0.02485, 0.02973, 0.04268, 0.03199, 0.03523, 0.03648, 0.05757, 0.03857, 0.02836, 0.02226, 0.03853, 0.03738, 0.0336, 0.05817, 0.07667, 0.06513],[1, 3, 2, 5, 1, 9, 4, 0, 2, 1, 0, 4, 0, 4, 0, 3, 0, 9, 5, 5, 6, 1]
3.5,83,[],[0.02726, 0.08809, 0.04386, 0.02375, 0.04037, 0.06027, 0.04012, 0.02325, 0.02665, 0.039, 0.11906, 0.02186, 0.03747, 0.04281, 0.05264, 0.02354, 0.02942, 0.02173],[1, 0, 4, 2, 3, 4, 8, 5, 2, 6, 10, 2, 1, 3, 1, 8, 8, 4]
3.5,84,[],[0.02341, 0.04342, 0.0336, 0.06769, 0.02102, 0.03022, 0.04277, 0.05251, 0.02707, 0.02133, 0.04467, 0.08349, 0.02745, 0.07093, 0.02836, 0.02226, 0.03853, 0.0745, 0.02751, 0.05361, 0.02081],[1, 3, 8, 6, 1, 2, 1, 1, 5, 1, 6, 12, 2, 1, 0, 3, 0, 7, 2, 5, 5]
3.5,85,[],[0.07886, 0.05217, 0.02751, 0.09642, 0.03736, 0.02619, 0.02485, 0.02973, 0.04268, 0.03199, 0.03523, 0.03648, 0.05757, 0.03857, 0.02836, 0.02226, 0.03853, 0.03738, 0.0336, 0.05817, 0.07667, 0.06513],[1, 3, 2, 5, 1, 9, 4, 0, 2, 1, 0, 4, 0, 4, 0, 3, 0, 9, 5, 5, 6, 1]
3.5,86,[],[0.02652, 0.03624, 0.02349, 0.03026, 0.02128, 0.11729, 0.03399, 0.02232, 0.12261, 0.02665, 0.056, 0.05541, 0.02289, 0.02775, 0.09244, 0.02102, 0.03022, 0.04277, 0.05251, 0.02707, 0.02133, 0.04467],[1, 3, 1, 3, 3, 5, 2, 3, 2, 2, 7, 2, 3, 4, 3, 1, 2, 1, 1, 5, 1, 6]
3.5,87,[],[0.05016, 0.02206, 0.02277, 0.02311, 0.03663, 0.0284, 0.04483, 0.04542, 0.02185, 0.03567, 0.02087, 0.02608, 0.03182, 0.02184],[5, 0, 3, 4, 9, 6, 2, 1, 1, 0, 7, 1, 3, 5]
3.5,88,[],[0.02059, 0.04386, 0.09612, 0.02186, 0.03747, 0.04281, 0.05264, 0.02354, 0.02942, 0.02173, 0.02682, 0.03625, 0.02643, 0.02333, 0.06888, 0.04108],[0, 1, 4, 2, 1, 3, 1, 8, 8, 4, 6, 11, 3, 5, 1, 5]
3.5,89,[],[0.04795, 0.04353, 0.02707, 0.06513, 0.06759, 0.02745, 0.07093, 0.02836, 0.02226, 0.03853, 0.0745, 0.02751, 0.05361, 0.02081, 0.02008, 0.04608, 0.02106],[6, 12, 0, 9, 1, 2, 1, 0, 3, 0, 7, 2, 5, 5, 3, 4, 5]
3.5,90,[],[0.04767, 0.02024, 0.03579, 0.06317, 0.1057, 0.04386, 0.02375, 0.04037, 0.03949, 0.02224, 0.02151, 0.04693, 0.02567, 0.06969, 0.04012, 0.02325, 0.02665, 0.039],[4, 5, 10, 2, 3, 4, 2, 3, 1, 0, 6, 6, 3, 3, 8, 5, 2, 6]
3.5,91,[],[0.05541, 0.02707, 0.02133, 0.04467, 0.08349, 0.02745, 0.07093, 0.02836, 0.02226, 0.03853, 0.0745, 0.02751, 0.05361, 0.02081, 0.02008, 0.04608, 0.02106, 0.04131, 0.03121],[3, 5, 1, 6, 12, 2, 1, 0, 3, 0, 7, 2, 5, 5, 3, 4, 5, 5, 1]
3.5,92,[],[0.02475, 0.05735, 0.04012, 0.02325, 0.09071, 0.04386, 0.02375, 0.04037, 0.03949, 0.04765, 0.15809, 0.02501, 0.027, 0.07544, 0.02002, 0.07634, 0.02825, 0.0279, 0.0268, 0.03628],[6, 9, 8, 5, 2, 4, 2, 3, 1, 0, 3, 2, 2, 3, 3, 7, 1, 0, 3, 4]
3.5,93,[],[0.04385, 0.02325, 0.0377, 0.10991, 0.04386, 0.02375, 0.04037, 0.03949, 0.04765, 0.15809, 0.02501, 0.027, 0.07544, 0.02002, 0.07634, 0.02825, 0.0279, 0.0268, 0.03628, 0.0268, 0.05131],[4, 5, 1, 8, 4, 2, 3, 1, 0, 3, 2, 2, 3, 3, 7, 1, 0, 3, 4, 5, 3]
3.5,94,[],[0.02105, 0.0495, 0.02881, 0.0282, 0.02079, 0.02778, 0.02885, 0.03847, 0.07238, 0.03637, 0.02653, 0.02944, 0.02676, 0.0287, 0.04991],[1, 7, 5, 1, 7, 3, 8, 14, 3, 1, 0, 0, 6, 0, 8]
3.5,95,[],[0.04356, 0.02177, 0.06146, 0.03061, 0.02409, 0.02811, 0.02943, 0.02717, 0.14489, 0.02665, 0.056, 0.05541, 0.02289, 0.13694, 0.03399, 0.02232, 0.02087, 0.03823, 0.04059, 0.0303, 0.02354, 0.03082],[7, 1, 2, 3, 4, 3, 0, 1, 3, 2, 7, 2, 3, 4, 2, 3, 2, 1, 11, 6, 2, 5]
3.5,96,[],[0.0317, 0.1057, 0.04386, 0.02375, 0.04037, 0.03949, 0.02224, 0.02151, 0.04693, 0.02567, 0.06969, 0.04012, 0.02325, 0.02665, 0.039, 0.11906],[4, 3, 4, 2, 3, 1, 0, 6, 6, 3, 3, 8, 5, 2, 6, 10]
3.5,97,[],[0.03918, 0.05668, 0.03061, 0.02409, 0.02811, 0.02943, 0.13175, 0.02665, 0.056, 0.05541, 0.02289, 0.13694, 0.03399, 0.02232, 0.02087, 0.03823, 0.04059, 0.0303, 0.02354, 0.03082],[3, 1, 3, 4, 3, 4, 1, 2, 7, 2, 3, 4, 2, 3, 2, 1, 11, 6, 2, 5]
3.5,98,[],[0.05704, 0.03399, 0.02232, 0.12261, 0.02665, 0.056, 0.05541, 0.02289, 0.02775, 0.09244, 0.02102, 0.03022, 0.04277, 0.05251, 0.02707, 0.02133, 0.04467, 0.08349, 0.02745, 0.07093, 0.02836, 0.02226, 0.03853, 0.0745],[4, 2, 3, 2, 2, 7, 2, 3, 4, 3, 1, 2, 1, 1, 5, 1, 6, 12, 2, 1, 0, 3, 0, 7]
3.5,99,[],[0.06137, 0.0268, 0.02477, 0.02846, 0.02381, 0.0557, 0.03624, 0.02349, 0.03026, 0.02128, 0.11729, 0.03399, 0.02232, 0.12261, 0.02665, 0.056, 0.05541, 0.02289],[10, 7, 1, 2, 8, 8, 3, 1, 3, 3, 5, 2, 3, 2, 2, 7, 2, 3]
3.5,100,[],[0.04438, 0.02185, 0.02454, 0.03605, 0.03182, 0.02184, 0.04913, 0.02087, 0.02737, 0.07144, 0.046, 0.02396, 0.02532, 0.04494, 0.03878, 0.04673],[5, 1, 0, 1, 3, 5, 6, 7, 5, 3, 1, 2, 1, 6, 1, 5]
3.5,101,[],[0.0528, 0.03736, 0.02116, 0.02543, 0.02957, 0.06589, 0.02751, 0.05361, 0.02081, 0.02008, 0.04608, 0.02106, 0.04348, 0.05043, 0.02836, 0.03857],[1, 1, 2, 7, 4, 8, 2, 5, 5, 3, 4, 5, 5, 5, 3, 2]
3.5,102,[],[0.04199, 0.0218, 0.03104, 0.02742, 0.03541, 0.02558, 0.03541, 0.02318, 0.02695, 0.03077, 0.0452, 0.02753, 0.02868, 0.1118, 0.0317],[2, 5, 3, 3, 6, 6, 5, 5, 2, 14, 2, 5, 3, 3, 1]
3.5,103,[],[0.03003, 0.02268, 0.09927, 0.02949, 0.02368, 0.03105, 0.03176, 0.11424, 0.02185, 0.02454, 0.03605, 0.03182, 0.02184, 0.04913, 0.02087, 0.02737, 0.07144, 0.046, 0.02396, 0.02532, 0.04494],[3, 7, 9, 1, 3, 3, 4, 2, 1, 0, 1, 3, 5, 6, 7, 5, 3, 1, 2, 1, 6]
3.5,104,[],[0.02207, 0.03352, 0.02178, 0.02471, 0.02633, 0.03575, 0.03419, 0.02996, 0.02501, 0.02461, 0.02536, 0.06869, 0.04772, 0.02206, 0.02277, 0.02311, 0.03663],[2, 2, 3, 1, 0, 1, 5, 2, 0, 5, 6, 6, 4, 0, 3, 4, 9]
3.5,105,[],[0.02102, 0.05655, 0.0317, 0.05288, 0.04368, 0.03953, 0.02282, 0.0239, 0.02658, 0.02481, 0.02916, 0.04848, 0.02181, 0.04275, 0.04808, 0.04228, 0.04704, 0.02715],[5, 3, 1, 5, 7, 4, 4, 8, 1, 3, 2, 6, 2, 2, 6, 2, 6, 7]
3.5,106,[],[0.02143, 0.02599, 0.05724, 0.02177, 0.06146, 0.03061, 0.02409, 0.02811, 0.02943, 0.02717, 0.14489, 0.02665, 0.056, 0.05541, 0.02289, 0.13694, 0.03399, 0.02232, 0.02087, 0.03823, 0.04059],[0, 9, 3, 1, 2, 3, 4, 3, 0, 1, 3, 2, 7, 2, 3, 4, 2, 3, 2, 1, 11]
3.5,107,[],[0.03293, 0.02567, 0.06969, 0.04012, 0.02325, 0.09071, 0.04386, 0.02375, 0.04037, 0.03949, 0.04765, 0.15809, 0.02501, 0.027, 0.07544, 0.02002, 0.07634, 0.02825, 0.0279, 0.0268],[6, 3, 3, 8, 5, 2, 4, 2, 3, 1, 0, 3, 2, 2, 3, 3, 7, 1, 0, 3]
3.5,108,[],[0.02037, 0.06565, 0.03399, 0.02232, 0.12261, 0.02665, 0.056, 0.05541, 0.02289, 0.02775, 0.09244, 0.02102, 0.03022, 0.04277, 0.05251, 0.02707, 0.02133, 0.04467, 0.08349, 0.02745, 0.07093, 0.02836],[2, 1, 2, 3, 2, 2, 7, 2, 3, 4, 3, 1, 2, 1, 1, 5, 1, 6, 12, 2, 1, 0]
3.5,109,[],[0.02231, 0.02148, 0.07697, 0.02002, 0.07634, 0.02825, 0.0279, 0.0268, 0.03628, 0.0268, 0.05131, 0.0268, 0.02477, 0.02846, 0.02381, 0.0557, 0.03624, 0.02349, 0.03026, 0.02128],[0, 2, 6, 3, 7, 1, 0, 3, 4, 5, 3, 7, 1, 2, 8, 8, 3, 1, 3, 3]
3.5,110,[],[0.0201, 0.02477, 0.0268, 0.02177, 0.03653, 0.02194, 0.05428, 0.02864, 0.02495, 0.02062, 0.02057, 0.02055, 0.03026],[2, 2, 0, 7, 3, 7, 11, 8, 4, 6, 8, 6, 11]
3.5,111,[],[0.03581, 0.04579, 0.02854, 0.03664, 0.08729, 0.02199, 0.02413, 0.04493, 0.0366, 0.03898, 0.03476, 0.08053, 0.02949, 0.02368, 0.03105, 0.03176, 0.11424, 0.02185, 0.02454, 0.03605, 0.03182],[0, 2, 2, 5, 2, 2, 6, 2, 8, 3, 5, 3, 1, 3, 3, 4, 2, 1, 0, 1, 3]
3.5,112,[],[0.06124, 0.0336, 0.06769, 0.02102, 0.03022, 0.04277, 0.05251, 0.02707, 0.02133, 0.04467, 0.08349, 0.02745, 0.07093, 0.02836, 0.02226, 0.03853, 0.0745, 0.02751, 0.05361, 0.02081, 0.02008],[6, 8, 2, 1, 2, 1, 1, 5, 1, 6, 12, 2, 1, 0, 3, 0, 7, 2, 5, 5, 3]
3.5,113,[],[0.02784, 0.03624, 0.02349, 0.03026, 0.02128, 0.11729, 0.03399, 0.02232, 0.12261, 0.02665, 0.056, 0.05541, 0.02289, 0.02775, 0.09244, 0.02102, 0.03022, 0.04277, 0.05251, 0.02707, 0.02133, 0.04467],[2, 3, 1, 3, 3, 5, 2, 3, 2, 2, 7, 2, 3, 4, 3, 1, 2, 1, 1, 5, 1, 6]
3.5,114,[],[0.05016, 0.05668, 0.03061, 0.02409, 0.02811, 0.02943, 0.13175, 0.02665, 0.056, 0.05541, 0.02289, 0.13694, 0.03399, 0.02232, 0.02087, 0.03823, 0.04059, 0.0303, 0.02354, 0.03082],[5, 1, 3, 4, 3, 4, 1, 2, 7, 2, 3, 4, 2, 3, 2, 1, 11, 6, 2, 5]
3.5,115,[],[0.02692, 0.02868, 0.02753, 0.02882, 0.02642, 0.03107, 0.03513, 0.02318, 0.02695, 0.03093, 0.0218, 0.03104, 0.02742, 0.03541, 0.02558],[6, 2, 3, 5, 7, 2, 4, 5, 2, 10, 5, 3, 3, 6, 6]
3.5,116,[],[0.0311, 0.02261, 0.05251, 0.05668, 0.03061, 0.02409, 0.02811, 0.02943, 0.13175, 0.02665, 0.056, 0.05541, 0.02289, 0.13694, 0.03399, 0.02232, 0.02087, 0.03823, 0.04059, 0.0303],[1, 4, 8, 1, 3, 4, 3, 4, 1, 2, 7, 2, 3, 4, 2, 3, 2, 1, 11, 6]
3.5,117,[],[0.03335, 0.02451, 0.02128, 0.02007, 0.04842, 0.02772, 0.02271, 0.03351, 0.0216, 0.02294, 0.02924, 0.02218, 0.02326, 0.02742, 0.03541, 0.03016, 0.0218, 0.04425],[3, 2, 6, 10, 4, 4, 6, 4, 4, 5, 1, 3, 1, 3, 6, 2, 5, 6]
3.5,118,[],[0.0224, 0.05668, 0.03061, 0.02442, 0.11803, 0.02665, 0.056, 0.05541, 0.02289, 0.13694, 0.03399, 0.02232, 0.02087, 0.03823, 0.04059, 0.0303, 0.02354, 0.03082],[3, 1, 3, 5, 4, 2, 7, 2, 3, 4, 2, 3, 2, 1, 11, 6, 2, 5]
3.5,119,[],[0.03735, 0.05668, 0.03061, 0.02409, 0.02811, 0.02943, 0.13175, 0.02665, 0.056, 0.05541, 0.02289, 0.13694, 0.03399, 0.02232, 0.02087, 0.03823, 0.04059, 0.0303, 0.02354, 0.03082],[6, 1, 3, 4, 3, 4, 1, 2, 7, 2, 3, 4, 2, 3, 2, 1, 11, 6, 2, 5]
3.5,120,[],[0.05521, 0.0336, 0.06769, 0.02102, 0.03022, 0.04277, 0.05251, 0.02707, 0.02133, 0.04467, 0.08349, 0.02745, 0.07093, 0.02836, 0.02226, 0.03853, 0.0745, 0.02751, 0.05361, 0.02081, 0.02008],[6, 8, 2, 1, 2, 1, 1, 5, 1, 6, 12, 2, 1, 0, 3, 0, 7, 2, 5, 5, 3]
3.5,121,[],[0.10365, 0.02665, 0.056, 0.05541, 0.02289, 0.13694, 0.03399, 0.02232, 0.02087, 0.03823, 0.04059, 0.0303, 0.02354, 0.03082, 0.0347, 0.02807, 0.02898, 0.02934],[3, 2, 7, 2, 3, 4, 2, 3, 2, 1, 11, 6, 2, 5, 5, 1, 6, 11]
3.5,122,[],[0.02012, 0.0308, 0.07975, 0.05541, 0.02289, 0.13694, 0.03399, 0.02232, 0.02087, 0.03823, 0.04059, 0.0303, 0.02354, 0.03082, 0.0347, 0.02807, 0.02898, 0.02934],[0, 2, 7, 2, 3, 4, 2, 3, 2, 1, 11, 6, 2, 5, 5, 1, 6, 11]
3.5,123,[],[0.04142, 0.09531, 0.03399, 0.02232, 0.12261, 0.02665, 0.056, 0.05541, 0.02289, 0.02775, 0.09244, 0.02102, 0.03022, 0.04277, 0.05251, 0.02707, 0.02133, 0.04467, 0.08349, 0.02745, 0.07093, 0.02836],[3, 9, 2, 3, 2, 2, 7, 2, 3, 4, 3, 1, 2, 1, 1, 5, 1, 6, 12, 2, 1, 0]
3.5,124,[],[0.04795, 0.05668, 0.03061, 0.02409, 0.02811, 0.02943, 0.13175, 0.02665, 0.056, 0.05541, 0.02289, 0.13694, 0.03399, 0.02232, 0.02087, 0.03823, 0.04059, 0.0303, 0.02354, 0.03082],[7, 1, 3, 4, 3, 4, 1, 2, 7, 2, 3, 4, 2, 3, 2, 1, 11, 6, 2, 5]
3.5,125,[],[0.02753, 0.06446, 0.08191, 0.02199, 0.02413, 0.04493, 0.0366, 0.02056, 0.0561, 0.04579, 0.02854, 0.03664, 0.03106, 0.02056, 0.12257, 0.02186, 0.03747, 0.04281, 0.05264],[3, 5, 5, 2, 6, 2, 8, 6, 5, 2, 2, 5, 2, 4, 9, 2, 1, 3, 1]
3.5,126,[],[0.03509, 0.07667, 0.06513, 0.02707, 0.02133, 0.04467, 0.08349, 0.02745, 0.07093, 0.02836, 0.02226, 0.03853, 0.0745, 0.02751, 0.05361, 0.02081, 0.02008, 0.04608],[6, 6, 1, 5, 1, 6, 12, 2, 1, 0, 3, 0, 7, 2, 5, 5, 3, 4]
3.5,127,[],[0.0309, 0.04579, 0.02854, 0.03664, 0.08729, 0.02199, 0.02413, 0.04493, 0.0366, 0.03898, 0.03476, 0.08053, 0.02949, 0.02368, 0.03105, 0.03176, 0.11424, 0.02185, 0.02454, 0.03605, 0.03182],[4, 2, 2, 5, 2, 2, 6, 2, 8, 3, 5, 3, 1, 3, 3, 4, 2, 1, 0, 1, 3]
3.5,128,[],[0.08103, 0.02665, 0.056, 0.05541, 0.02289, 0.13694, 0.03399, 0.02232, 0.02087, 0.03823, 0.04059, 0.0303, 0.02354, 0.03082, 0.0347, 0.02807, 0.02898, 0.02934],[1, 2, 7, 2, 3, 4, 2, 3, 2, 1, 11, 6, 2, 5, 5, 1, 6, 11]
3.5,129,[],[0.04851, 0.02181, 0.04275, 0.04808, 0.08907, 0.04368, 0.03953, 0.02282, 0.0239, 0.02658, 0.02481, 0.02916, 0.027, 0.02035, 0.02161],[1, 2, 2, 6, 2, 7, 4, 4, 8, 1, 3, 2, 8, 5, 4]
3.5,130,[],[0.02476, 0.02398, 0.02949, 0.04973, 0.03176, 0.11424, 0.02185, 0.02454, 0.03605, 0.03182, 0.02184, 0.04913, 0.02087, 0.02737, 0.07144, 0.046, 0.02396, 0.02532, 0.04494, 0.03878],[0, 1, 1, 4, 4, 2, 1, 0, 1, 3, 5, 6, 7, 5, 3, 1, 2, 1, 6, 1]
3.5,131,[],[0.06559, 0.02501, 0.027, 0.07544, 0.02002, 0.07634, 0.02825, 0.0279, 0.0268, 0.03628, 0.0268, 0.05131, 0.0268, 0.02477, 0.02846, 0.02381, 0.0557, 0.03624, 0.02349, 0.03026, 0.02128],[2, 2, 2, 3, 3, 7, 1, 0, 3, 4, 5, 3, 7, 1, 2, 8, 8, 3, 1, 3, 3]
3.5,132,[],[0.02655, 0.02707, 0.02133, 0.04467, 0.08349, 0.02745, 0.07093, 0.02836, 0.02226, 0.03853, 0.0745, 0.02751, 0.05361, 0.02081, 0.02008, 0.04608, 0.02106, 0.04131, 0.03121],[1, 5, 1, 6, 12, 2, 1, 0, 3, 0, 7, 2, 5, 5, 3, 4, 5, 5, 1]
3.5,133,[],[0.02599, 0.02177, 0.06146, 0.03061, 0.02409, 0.02811, 0.02943, 0.02717, 0.14489, 0.02665, 0.056, 0.05541, 0.02289, 0.13694, 0.03399, 0.02232, 0.02087, 0.03823, 0.04059, 0.0303, 0.02354, 0.03082],[2, 1, 2, 3, 4, 3, 0, 1, 3, 2, 7, 2, 3, 4, 2, 3, 2, 1, 11, 6, 2, 5]
3.5,134,[],[0.05857, 0.02898, 0.02807, 0.03678, 0.0201, 0.02463, 0.02485, 0.02458, 0.02669],[6, 0, 6, 8, 3, 8, 11, 18, 4]
3.5,135,[],[0.02611, 0.02707, 0.02133, 0.04467, 0.08349, 0.02745, 0.07093, 0.02836, 0.02226, 0.03853, 0.0745, 0.02751, 0.05361, 0.02081, 0.02008, 0.04608, 0.02106, 0.04131, 0.03121],[2, 5, 1, 6, 12, 2, 1, 0, 3, 0, 7, 2, 5, 5, 3, 4, 5, 5, 1]
3.5,136,[],[0.02936, 0.02477, 0.0268, 0.02177, 0.03653, 0.02194, 0.05428, 0.02864, 0.02495, 0.02062, 0.02057, 0.02055, 0.03026],[1, 2, 0, 7, 3, 7, 11, 8, 4, 6, 8, 6, 11]
3.5,137,[],[0.06439, 0.04368, 0.03953, 0.02282, 0.0239, 0.02658, 0.02481, 0.02916, 0.04848, 0.02181, 0.04275, 0.04808, 0.04228, 0.04704, 0.10101, 0.0317],[6, 7, 4, 4, 8, 1, 3, 2, 6, 2, 2, 6, 2, 6, 7, 1]
3.5,138,[],[0.03541, 0.02234, 0.20647, 0.02501, 0.027, 0.07544, 0.02002, 0.07634, 0.02825, 0.0279, 0.0268, 0.03628, 0.0268, 0.05131, 0.0268, 0.02477, 0.02846, 0.02381],[4, 7, 5, 2, 2, 3, 3, 7, 1, 0, 3, 4, 5, 3, 7, 1, 2, 8]
3.5,139,[],[0.02041, 0.02658, 0.02481, 0.02916, 0.04848, 0.02181, 0.04275, 0.04808, 0.08907, 0.04368, 0.03953, 0.02282, 0.02123, 0.02049],[1, 1, 3, 2, 6, 2, 2, 6, 2, 7, 4, 4, 11, 11]
3.5,140,[],[0.03044, 0.04059, 0.09531, 0.03399, 0.02232, 0.12261, 0.02665, 0.056, 0.05541, 0.02289, 0.02775, 0.09244, 0.02102, 0.03022, 0.04277, 0.05251, 0.02707, 0.02133, 0.04467, 0.08349],[3, 6, 9, 2, 3, 2, 2, 7, 2, 3, 4, 3, 1, 2, 1, 1, 5, 1, 6, 12]
3.5,141,[],[0.05841, 0.03915, 0.02181, 0.03965, 0.1117, 0.03399, 0.02232, 0.12261, 0.02665, 0.056, 0.05541, 0.02289, 0.02775, 0.09244, 0.02102, 0.03022, 0.04277, 0.05251, 0.02707, 0.02133, 0.04467, 0.08349],[0, 4, 2, 2, 3, 2, 3, 2, 2, 7, 2, 3, 4, 3, 1, 2, 1, 1, 5, 1, 6, 12]
3.5,142,[],[0.03729, 0.046, 0.02396, 0.02532, 0.04494, 0.03878, 0.04673, 0.02997, 0.02482, 0.07816, 0.04313, 0.03541, 0.0344, 0.02657, 0.02968, 0.04194],[1, 1, 2, 1, 6, 1, 5, 7, 2, 0, 0, 7, 9, 4, 16, 11]
3.5,143,[],[0.04816, 0.03061, 0.02409, 0.02811, 0.02943, 0.02717, 0.14489, 0.02665, 0.056, 0.05541, 0.02289, 0.13694, 0.03399, 0.02232, 0.02087, 0.03823, 0.04059, 0.0303, 0.02354, 0.03082],[2, 3, 4, 3, 0, 1, 3, 2, 7, 2, 3, 4, 2, 3, 2, 1, 11, 6, 2, 5]
3.5,144,[],[0.02959, 0.02799, 0.0632, 0.04579, 0.02854, 0.03664, 0.08729, 0.02199, 0.02413, 0.04493, 0.0366, 0.03898, 0.03476, 0.08053, 0.02949, 0.02368, 0.03105, 0.03176, 0.11424, 0.02185, 0.02454, 0.03605, 0.03182],[2, 5, 4, 2, 2, 5, 2, 2, 6, 2, 8, 3, 5, 3, 1, 3, 3, 4, 2, 1, 0, 1, 3]
3.5,145,[],[0.04528, 0.03399, 0.02232, 0.12261, 0.02665, 0.056, 0.05541, 0.02289, 0.02775, 0.09244, 0.02102, 0.03022, 0.04277, 0.05251, 0.02707, 0.02133, 0.04467, 0.08349, 0.02745, 0.07093, 0.02836, 0.02226, 0.03853, 0.0745, 0.02751],[1, 2, 3, 2, 2, 7, 2, 3, 4, 3, 1, 2, 1, 1, 5, 1, 6, 12, 2, 1, 0, 3, 0, 7, 2]
3.5,146,[],[0.04933, 0.0336, 0.06769, 0.02102, 0.03022, 0.04277, 0.05251, 0.02707, 0.02133, 0.04467, 0.08349, 0.02745, 0.07093, 0.02836, 0.02226, 0.03853, 0.0745, 0.02751, 0.05361, 0.02081, 0.02008],[0, 8, 2, 1, 2, 1, 1, 5, 1, 6, 12, 2, 1, 0, 3, 0, 7, 2, 5, 5, 3]
3.5,147,[],[0.06014, 0.02501, 0.027, 0.07544, 0.02002, 0.07634, 0.02825, 0.0279, 0.0268, 0.03628, 0.0268, 0.05131, 0.0268, 0.02477, 0.02846, 0.02381, 0.0557, 0.03624, 0.02349, 0.03026, 0.02128],[1, 2, 2, 3, 3, 7, 1, 0, 3, 4, 5, 3, 7, 1, 2, 8, 8, 3, 1, 3, 3]
3.5,148,[],[0.03704, 0.08852, 0.02501, 0.027, 0.07544, 0.02002, 0.07634, 0.02825, 0.0279, 0.0268, 0.03628, 0.0268, 0.05131, 0.0268, 0.02477, 0.02846, 0.02381, 0.0557],[4, 6, 2, 2, 3, 3, 7, 1, 0, 3, 4, 5, 3, 7, 1, 2, 8, 8]
3.5,149,[],[0.03502, 0.02949, 0.02398, 0.03105, 0.03176, 0.11424, 0.02185, 0.02454, 0.03605, 0.03182, 0.02184, 0.04913, 0.02087, 0.02737, 0.07144, 0.046, 0.02396, 0.02532, 0.04494, 0.03878],[3, 0, 2, 3, 4, 2, 1, 0, 1, 3, 5, 6, 7, 5, 3, 1, 2, 1, 6, 1]
3.5,150,[],[0.08231, 0.03399, 0.02232, 0.12261, 0.02665, 0.056, 0.05541, 0.02289, 0.02775, 0.09244, 0.02102, 0.03022, 0.04277, 0.05251, 0.02707, 0.02133, 0.04467, 0.08349, 0.02745, 0.07093, 0.02836, 0.02226, 0.03853, 0.0745, 0.02751],[1, 2, 3, 2, 2, 7, 2, 3, 4, 3, 1, 2, 1, 1, 5, 1, 6, 12, 2, 1, 0, 3, 0, 7, 2]
3.5,151,[],[0.03414, 0.08809, 0.04386, 0.02375, 0.04037, 0.06027, 0.04012, 0.02325, 0.02665, 0.039, 0.11906, 0.02186, 0.03747, 0.04281, 0.05264, 0.02354, 0.02942, 0.02173],[10, 0, 4, 2, 3, 1, 8, 5, 2, 6, 10, 2, 1, 3, 1, 8, 8, 4]
3.5,152,[],[0.03415, 0.09531, 0.03399, 0.02232, 0.12261, 0.02665, 0.056, 0.05541, 0.02289, 0.02775, 0.09244, 0.02102, 0.03022, 0.04277, 0.05251, 0.02707, 0.02133, 0.04467, 0.08349, 0.02745, 0.07093, 0.02836],[1, 9, 2, 3, 2, 2, 7, 2, 3, 4, 3, 1, 2, 1, 1, 5, 1, 6, 12, 2, 1, 0]
3.5,153,[],[0.02334, 0.05189, 0.02881, 0.0282, 0.02079, 0.02778, 0.02885, 0.03847, 0.07238, 0.03637, 0.02653, 0.02944, 0.02676, 0.0287, 0.04991],[11, 4, 5, 1, 7, 3, 8, 14, 3, 1, 0, 0, 6, 0, 8]
3.5,154,[],[0.02805, 0.05763, 0.04353, 0.02707, 0.06513, 0.06759, 0.02745, 0.07093, 0.02836, 0.02226, 0.03853, 0.0745, 0.02751, 0.05361, 0.02081, 0.02008, 0.04608],[7, 7, 12, 0, 9, 1, 2, 1, 0, 3, 0, 7, 2, 5, 5, 3, 4]
3.5,155,[],[0.05804, 0.02665, 0.056, 0.05541, 0.02289, 0.13694, 0.03399, 0.02232, 0.02087, 0.03823, 0.04059, 0.0303, 0.02354, 0.03082, 0.0347, 0.02807, 0.02898, 0.02934],[1, 2, 7, 2, 3, 4, 2, 3, 2, 1, 11, 6, 2, 5, 5, 1, 6, 11]
3.5,156,[],[0.02699, 0.08191, 0.02199, 0.02413, 0.04493, 0.0366, 0.02056, 0.0561, 0.04579, 0.02854, 0.03664, 0.03106, 0.02056, 0.12257, 0.02186, 0.03747, 0.04281, 0.05264],[0, 5, 2, 6, 2, 8, 6, 5, 2, 2, 5, 2, 4, 9, 2, 1, 3, 1]
3.5,157,[],[0.02618, 0.05741, 0.0268, 0.02477, 0.02846, 0.02381, 0.0557, 0.03624, 0.02349, 0.03026, 0.02128, 0.11729, 0.03399, 0.02232, 0.12261, 0.02665, 0.056, 0.05541],[7, 6, 7, 1, 2, 8, 8, 3, 1, 3, 3, 5, 2, 3, 2, 2, 7, 2]
3.5,158,[],[0.06052, 0.03399, 0.02232, 0.12261, 0.02665, 0.056, 0.05541, 0.02289, 0.02775, 0.09244, 0.02102, 0.03022, 0.04277, 0.05251, 0.02707, 0.02133, 0.04467, 0.08349, 0.02745, 0.07093, 0.02836, 0.02226, 0.03853, 0.0745, 0.02751],[1, 2, 3, 2, 2, 7, 2, 3, 4, 3, 1, 2, 1, 1, 5, 1, 6, 12, 2, 1, 0, 3, 0, 7, 2]
3.5,159,[],[0.02848, 0.0317, 0.05288, 0.04368, 0.03953, 0.02282, 0.0239, 0.02658, 0.02481, 0.02916, 0.04848, 0.02181, 0.04275, 0.04808, 0.04228, 0.04704, 0.02715, 0.03335],[1, 1, 5, 7, 4, 4, 8, 1, 3, 2, 6, 2, 2, 6, 2, 6, 7, 3]
3.5,160,[],[0.02068, 0.02477, 0.0268, 0.02177, 0.03653, 0.02194, 0.05428, 0.02864, 0.02495, 0.02062, 0.02057, 0.02055, 0.03026],[2, 2, 0, 7, 3, 7, 11, 8, 4, 6, 8, 6, 11]
3.5,161,[],[0.02161, 0.05327, 0.02261, 0.05251, 0.05668, 0.03061, 0.02409, 0.02811, 0.02943, 0.13175, 0.02665, 0.056, 0.05541, 0.02289, 0.13694, 0.03399, 0.02232, 0.02087, 0.03823, 0.04059, 0.0303],[2, 0, 4, 8, 1, 3, 4, 3, 4, 1, 2, 7, 2, 3, 4, 2, 3, 2, 1, 11, 6]
3.5,162,[],[0.03131, 0.03823, 0.04034, 0.02448, 0.03681, 0.02545, 0.02171, 0.0212, 0.02127, 0.02133, 0.10604, 0.02836, 0.02226, 0.03853, 0.0745, 0.02751, 0.05361, 0.02081, 0.02008],[2, 3, 6, 3, 3, 5, 6, 4, 3, 7, 7, 0, 3, 0, 7, 2, 5, 5, 3]
3.5,163,[],[0.05698, 0.046, 0.03652, 0.03849, 0.0202, 0.0445, 0.02185, 0.02454, 0.03605, 0.03182, 0.02184, 0.04913, 0.02087, 0.02737, 0.02096, 0.02297, 0.02431, 0.03667, 0.09808, 0.06715],[6, 2, 1, 3, 2, 1, 1, 0, 1, 3, 5, 6, 7, 5, 3, 6, 6, 5, 0, 0]
3.5,164,[],[0.02672, 0.07667, 0.06513, 0.02707, 0.02133, 0.04467, 0.08349, 0.02745, 0.07093, 0.02836, 0.02226, 0.03853, 0.0745, 0.02751, 0.05361, 0.02081, 0.02008, 0.04608, 0.02106],[5, 6, 1, 5, 1, 6, 12, 2, 1, 0, 3, 0, 7, 2, 5, 5, 3, 4, 5]
3.5,165,[],[0.03685, 0.06805, 0.03736, 0.02116, 0.02543, 0.02957, 0.06589, 0.02751, 0.05361, 0.02081, 0.02008, 0.04608, 0.02106, 0.04348, 0.05043, 0.02836, 0.03857],[3, 2, 1, 2, 6, 1, 8, 2, 5, 5, 3, 4, 5, 5, 5, 3, 2]
3.5,166,[],[0.03314, 0.02868, 0.02753, 0.02882, 0.02642, 0.03107, 0.03513, 0.02318, 0.02695, 0.03093, 0.0218, 0.03104, 0.02742, 0.03541, 0.02558],[9, 2, 3, 5, 7, 2, 4, 5, 2, 10, 5, 3, 3, 6, 6]
3.5,167,[],[0.03121, 0.02818, 0.08794, 0.0548, 0.08267, 0.03838, 0.07071, 0.02023, 0.02767, 0.02232, 0.05414, 0.06805, 0.03736, 0.02116, 0.02543, 0.02957],[6, 3, 5, 8, 7, 3, 3, 5, 7, 4, 5, 2, 1, 2, 6, 1]
3.5,168,[],[0.06038, 0.02665, 0.056, 0.05541, 0.02289, 0.13694, 0.03399, 0.02232, 0.02087, 0.03823, 0.04059, 0.0303, 0.02354, 0.03082, 0.0347, 0.02807, 0.02898, 0.02934],[2, 2, 7, 2, 3, 4, 2, 3, 2, 1, 11, 6, 2, 5, 5, 1, 6, 11]
3.5,169,[],[0.02091, 0.06396, 0.02199, 0.02413, 0.04493, 0.0366, 0.03898, 0.03476, 0.08053, 0.02949, 0.02368, 0.03105, 0.03176, 0.11424, 0.02185, 0.02454, 0.03605, 0.03182, 0.02184, 0.04913],[1, 5, 2, 6, 2, 8, 3, 5, 3, 1, 3, 3, 4, 2, 1, 0, 1, 3, 5, 6]
3.5,170,[],[0.0579, 0.04281, 0.05096, 0.02186, 0.04566, 0.10167, 0.04386, 0.02375, 0.04037, 0.03949, 0.04765, 0.15809, 0.02501, 0.027, 0.07544, 0.02002, 0.07634, 0.02825, 0.0279, 0.0268, 0.03628, 0.0268, 0.05131],[4, 1, 3, 2, 1, 5, 4, 2, 3, 1, 0, 3, 2, 2, 3, 3, 7, 1, 0, 3, 4, 5, 3]
3.5,171,[],[0.07385, 0.0317, 0.05288, 0.04368, 0.03953, 0.02282, 0.0239, 0.02658, 0.02481, 0.02916, 0.04848, 0.02181, 0.04275, 0.04808, 0.04228, 0.04704, 0.02715, 0.03335],[4, 1, 5, 7, 4, 4, 8, 1, 3, 2, 6, 2, 2, 6, 2, 6, 7, 3]
3.5,172,[],[0.04114, 0.08809, 0.04386, 0.02375, 0.04037, 0.06027, 0.04012, 0.02325, 0.02665, 0.039, 0.11906, 0.02186, 0.03747, 0.04281, 0.05264, 0.02354, 0.02942, 0.02173],[0, 0, 4, 2, 3, 1, 8, 5, 2, 6, 10, 2, 1, 3, 1, 8, 8, 4]
3.5,173,[],[0.03461, 0.02667, 0.02107, 0.03458, 0.03878, 0.04673, 0.02997, 0.02482, 0.07816, 0.04313, 0.03541, 0.0344, 0.02657],[6, 9, 2, 2, 1, 5, 7, 2, 0, 0, 7, 9, 4]
3.5,174,[],[0.02065, 0.03878, 0.04673, 0.02997, 0.02482, 0.07816, 0.04313, 0.03541, 0.0344, 0.02657, 0.1354, 0.046, 0.02396, 0.02532, 0.02767],[1, 1, 5, 7, 2, 0, 0, 7, 9, 4, 16, 1, 2, 1, 6]
3.5,175,[],[0.08507, 0.05217, 0.02751, 0.09642, 0.03736, 0.02619, 0.02485, 0.02973, 0.04268, 0.03199, 0.03523, 0.03648, 0.05757, 0.03857, 0.02836, 0.02226, 0.03853, 0.03738, 0.0336, 0.05817, 0.07667, 0.06513],[7, 3, 2, 5, 1, 9, 4, 0, 2, 1, 0, 4, 0, 4, 0, 3, 0, 9, 5, 5, 6, 1]
3.5,176,[],[0.03492, 0.02448, 0.03681, 0.02545, 0.02171, 0.0212, 0.02127, 0.02133, 0.10604, 0.02836, 0.02226, 0.03853, 0.0745, 0.02751, 0.05361, 0.02081, 0.02008],[2, 3, 3, 5, 6, 4, 3, 7, 7, 0, 3, 0, 7, 2, 5, 5, 3]
3.5,177,[],[0.02352, 0.04059, 0.09531, 0.03399, 0.02232, 0.12261, 0.02665, 0.056, 0.05541, 0.02289, 0.02775, 0.09244, 0.02102, 0.03022, 0.04277, 0.05251, 0.02707, 0.02133, 0.04467, 0.08349],[2, 6, 9, 2, 3, 2, 2, 7, 2, 3, 4, 3, 1, 2, 1, 1, 5, 1, 6, 12]
3.5,178,[],[0.0335, 0.02289, 0.07152, 0.07975, 0.02665, 0.02269, 0.12212, 0.03399, 0.02232, 0.02087, 0.03823, 0.04059, 0.0303, 0.02354, 0.03082, 0.0347, 0.02807, 0.02898],[1, 3, 4, 2, 2, 7, 4, 2, 3, 2, 1, 11, 6, 2, 5, 5, 1, 6]
3.5,179,[],[0.02365, 0.02818, 0.11612, 0.0548, 0.08267, 0.03838, 0.07071, 0.02023, 0.02767, 0.02232, 0.05414, 0.06805, 0.03736, 0.02116, 0.02543, 0.02957, 0.06589, 0.02751],[1, 5, 3, 8, 7, 3, 3, 5, 7, 4, 5, 2, 1, 2, 6, 1, 8, 2]
3.5,180,[],[0.04087, 0.02501, 0.0667, 0.02002, 0.07634, 0.02825, 0.0279, 0.0268, 0.03628, 0.0268, 0.05131, 0.0268, 0.02477, 0.02846, 0.02381, 0.0557, 0.03624, 0.02349, 0.03026, 0.02128],[2, 2, 2, 3, 7, 1, 0, 3, 4, 5, 3, 7, 1, 2, 8, 8, 3, 1, 3, 3]
3.5,181,[],[0.03563, 0.04012, 0.11371, 0.04386, 0.02375, 0.04037, 0.03949, 0.04765, 0.15809, 0.02501, 0.027, 0.07544, 0.02002, 0.07634, 0.02825, 0.0279, 0.0268, 0.03628],[6, 8, 10, 4, 2, 3, 1, 0, 3, 2, 2, 3, 3, 7, 1, 0, 3, 4]
3.5,182,[],[0.05184, 0.02501, 0.027, 0.07544, 0.02002, 0.07634, 0.02825, 0.0279, 0.0268, 0.03628, 0.0268, 0.05131, 0.0268, 0.02477, 0.02846, 0.02381, 0.0557, 0.03624, 0.02349, 0.03026, 0.02128],[1, 2, 2, 3, 3, 7, 1, 0, 3, 4, 5, 3, 7, 1, 2, 8, 8, 3, 1, 3, 3]
3.5,183,[],[0.03139, 0.04996, 0.04281, 0.05096, 0.02186, 0.04566, 0.10167, 0.04386, 0.02375, 0.04037, 0.03949, 0.04765, 0.15809, 0.02501, 0.027, 0.07544, 0.02002, 0.07634, 0.02825, 0.0279, 0.0268, 0.03628, 0.0268, 0.05131],[2, 2, 1, 3, 2, 1, 5, 4, 2, 3, 1, 0, 3, 2, 2, 3, 3, 7, 1, 0, 3, 4, 5, 3]
3.5,184,[],[0.02021, 0.02482, 0.03041, 0.03523, 0.03648, 0.05757, 0.03857, 0.02836, 0.02226, 0.03853, 0.0745, 0.02751, 0.05361, 0.02081, 0.02008, 0.04608, 0.02106, 0.04131, 0.03121],[9, 7, 0, 0, 4, 0, 4, 0, 3, 0, 7, 2, 5, 5, 3, 4, 5, 5, 1]
3.5,185,[],[0.0502, 0.03736, 0.02619, 0.02485, 0.02973, 0.04268, 0.03199, 0.03523, 0.03648, 0.05757, 0.03857, 0.02836, 0.02226, 0.03853, 0.0745, 0.02751, 0.05361, 0.02081, 0.02008, 0.04608, 0.02106],[0, 1, 9, 4, 0, 2, 1, 0, 4, 0, 4, 0, 3, 0, 7, 2, 5, 5, 3, 4, 5]
3.5,186,[],[0.04119, 0.02751, 0.05361, 0.02081, 0.02008, 0.04608, 0.02106, 0.04348, 0.05043, 0.02836, 0.03857, 0.0201, 0.03245, 0.02545, 0.02332],[3, 2, 5, 5, 3, 4, 5, 5, 5, 3, 2, 5, 7, 6, 6]
3.5,187,[],[0.07061, 0.0548, 0.02185, 0.02615, 0.05877, 0.02236, 0.02618, 0.03078, 0.03564, 0.02308, 0.02704, 0.02643, 0.03054],[0, 1, 8, 5, 6, 6, 3, 3, 3, 3, 7, 5, 5]
3.5,188,[],[0.03399, 0.03399, 0.02232, 0.12261, 0.02665, 0.056, 0.05541, 0.02289, 0.02775, 0.09244, 0.02102, 0.03022, 0.04277, 0.05251, 0.02707, 0.02133, 0.04467, 0.08349, 0.02745, 0.07093, 0.02836, 0.02226, 0.03853, 0.0745, 0.02751],[2, 2, 3, 2, 2, 7, 2, 3, 4, 3, 1, 2, 1, 1, 5, 1, 6, 12, 2, 1, 0, 3, 0, 7, 2]
3.5,189,[],[0.03736, 0.02199, 0.02413, 0.04493, 0.0366, 0.03898, 0.03476, 0.08053, 0.02949, 0.02368, 0.03105, 0.03176, 0.11424, 0.02185, 0.02454, 0.03605, 0.03182, 0.02184, 0.04913],[0, 2, 6, 2, 8, 3, 5, 3, 1, 3, 3, 4, 2, 1, 0, 1, 3, 5, 6]
3.5,190,[],[0.03575, 0.03736, 0.02619, 0.02485, 0.02973, 0.04268, 0.03199, 0.03523, 0.03648, 0.05757, 0.03857, 0.02836, 0.02226, 0.03853, 0.0745, 0.02751, 0.05361, 0.02081, 0.02008, 0.04608, 0.02106],[3, 1, 9, 4, 0, 2, 1, 0, 4, 0, 4, 0, 3, 0, 7, 2, 5, 5, 3, 4, 5]
3.5,191,[],[0.02253, 0.02795, 0.03195, 0.02326, 0.06977, 0.03915, 0.02181, 0.03965, 0.1117, 0.03399, 0.02232, 0.12261, 0.02665, 0.056, 0.05541, 0.02289, 0.02775],[6, 3, 5, 4, 2, 4, 2, 2, 3, 2, 3, 2, 2, 7, 2, 3, 4]
3.5,192,[],[0.05345, 0.02102, 0.03022, 0.04277, 0.05251, 0.02707, 0.02133, 0.04467, 0.08349, 0.02745, 0.07093, 0.02836, 0.02226, 0.03853, 0.0745, 0.02751, 0.05361, 0.02081, 0.02008, 0.04608],[5, 1, 2, 1, 1, 5, 1, 6, 12, 2, 1, 0, 3, 0, 7, 2, 5, 5, 3, 4]
3.5,193,[],[0.02096, 0.02772, 0.02271, 0.03351, 0.0216, 0.02294, 0.02924, 0.02218, 0.02326, 0.02742, 0.03541, 0.03016, 0.0218, 0.04425, 0.02318],[2, 4, 6, 4, 4, 5, 1, 3, 1, 3, 6, 2, 5, 6, 5]
3.5,194,[],[0.03282, 0.046, 0.02396, 0.02532, 0.04494, 0.03878, 0.04673, 0.02997, 0.02482, 0.07816, 0.04313, 0.03541, 0.0344, 0.02657, 0.02968, 0.04194],[1, 1, 2, 1, 6, 1, 5, 7, 2, 0, 0, 7, 9, 4, 16, 11]
3.5,195,[],[0.02377, 0.03904, 0.05124, 0.02024, 0.03579, 0.06317, 0.1057, 0.04386, 0.02375, 0.04037, 0.03949, 0.02224, 0.02151, 0.04693, 0.02567],[7, 4, 5, 5, 10, 2, 3, 4, 2, 3, 1, 0, 6, 6, 3]
3.5,196,[],[0.02935, 0.02064, 0.03742, 0.03678, 0.02934, 0.0206, 0.02598, 0.04729, 0.02349, 0.02579, 0.02128, 0.04633, 0.02052, 0.03271],[11, 6, 0, 1, 3, 11, 9, 5, 3, 1, 5, 3, 3, 3]
3.5,197,[],[0.08556, 0.02501, 0.027, 0.07544, 0.02002, 0.07634, 0.02825, 0.0279, 0.0268, 0.03628, 0.0268, 0.05131, 0.0268, 0.02477, 0.02846, 0.02381, 0.0557, 0.03624, 0.02349, 0.03026, 0.02128],[5, 2, 2, 3, 3, 7, 1, 0, 3, 4, 5, 3, 7, 1, 2, 8, 8, 3, 1, 3, 3]
3.5,198,[],[0.03236, 0.02482, 0.03979, 0.03878, 0.03856, 0.02107, 0.02667, 0.03436, 0.02366, 0.07559, 0.04884, 0.046, 0.03652, 0.03849, 0.0202, 0.0445, 0.02185, 0.02454],[6, 2, 0, 1, 8, 5, 2, 9, 7, 7, 6, 2, 1, 3, 2, 1, 1, 0]
3.5,199,[],[0.03245, 0.06553, 0.0317, 0.05288, 0.04368, 0.03953, 0.02282, 0.0239, 0.02658, 0.02481, 0.02916, 0.04848, 0.02181, 0.04275, 0.04808, 0.04228, 0.04704, 0.02715],[1, 7, 1, 5, 7, 4, 4, 8, 1, 3, 2, 6, 2, 2, 6, 2, 6, 7]

