3.5,0,[],[0.04215, 0.10915, 0.0311, 0.03104, 0.02879, 0.07792, 0.07815, 0.08161, 0.03111, 0.02794, 0.07661, 0.02461, 0.05917, 0.02566, 0.03527, 0.02397, 0.02397],[2, 3, 3, 1, 15, 11, 2, 4, 2, 5, 2, 3, 4, 2, 0, 5, 1]
3.5,1,[],[0.09315, 0.02371, 0.04757, 0.03848, 0.03285, 0.077, 0.03064, 0.11031, 0.03365, 0.02346, 0.04865, 0.02392, 0.02542, 0.02956, 0.02451, 0.02251],[4, 2, 2, 3, 3, 5, 6, 4, 2, 7, 13, 5, 6, 3, 5, 5]
3.5,2,[],[0.02524, 0.02247, 0.02325, 0.02001, 0.02526, 0.02848, 0.05314, 0.08713, 0.02371, 0.04757, 0.03848, 0.03285, 0.077],[0, 1, 2, 12, 10, 5, 8, 1, 2, 2, 3, 3, 5]
3.5,3,[],[0.03392, 0.02596, 0.04134, 0.03154, 0.03628, 0.02468, 0.02772, 0.03406, 0.0257, 0.02942, 0.02558, 0.03646, 0.1099, 0.0554, 0.03756, 0.03409, 0.02812, 0.02323],[1, 1, 4, 2, 2, 3, 4, 5, 1, 1, 2, 7, 9, 1, 1, 8, 9, 5]
3.5,4,[],[0.02283, 0.13433, 0.0213, 0.06194, 0.15062, 0.03932, 0.0233, 0.03677, 0.03064, 0.02595, 0.10914, 0.03524, 0.04271, 0.05002, 0.03482, 0.02128, 0.08438, 0.03332, 0.03086, 0.02556, 0.02946],[5, 1, 8, 1, 0, 2, 0, 2, 1, 2, 1, 4, 7, 8, 3, 9, 3, 0, 3, 1, 4]
3.5,5,[],[0.04933, 0.04219, 0.04704, 0.02761, 0.05025, 0.02359, 0.02127, 0.02607, 0.03288, 0.04922, 0.04243, 0.02104, 0.0264, 0.03321, 0.02968, 0.02118],[6, 5, 2, 5, 10, 0, 3, 2, 5, 6, 4, 6, 4, 4, 5, 5]
3.5,6,[],[0.03198, 0.02036, 0.10356, 0.04648, 0.02669, 0.04988, 0.0261, 0.02702, 0.03195, 0.02162, 0.02087],[4, 1, 3, 7, 1, 7, 7, 1, 6, 10, 3]
3.5,7,[],[0.02758, 0.12444, 0.02744, 0.02117, 0.04007, 0.02888, 0.05756, 0.02897, 0.03417, 0.03987, 0.13235, 0.02874, 0.04808, 0.08191, 0.09703, 0.02566, 0.09379, 0.02461, 0.0456, 0.02397, 0.02397],[0, 2, 6, 2, 5, 6, 1, 1, 7, 5, 3, 2, 5, 5, 1, 2, 0, 3, 4, 5, 1]
3.5,8,[],[0.0483, 0.02461, 0.05917, 0.02566, 0.03527, 0.02397, 0.02397, 0.14, 0.08942, 0.02744, 0.02117, 0.04007, 0.02888, 0.05756, 0.02897, 0.03417, 0.03987, 0.0214, 0.022],[2, 3, 4, 2, 0, 5, 1, 10, 2, 6, 2, 5, 6, 1, 1, 7, 5, 3, 9]
3.5,9,[],[0.06492, 0.02747, 0.02245, 0.02924, 0.02006, 0.11207, 0.02274, 0.05218, 0.02092, 0.03535, 0.05212, 0.05947, 0.02509, 0.06551],[2, 8, 8, 5, 9, 6, 2, 6, 2, 15, 6, 3, 4, 2]
3.5,10,[],[0.02377, 0.02963, 0.02127, 0.04716, 0.02487, 0.02821, 0.04624, 0.02546, 0.03503, 0.02293, 0.15502, 0.02869, 0.05628, 0.02396, 0.04173, 0.02971, 0.0349, 0.06816, 0.03015, 0.02669],[2, 2, 1, 9, 2, 0, 1, 1, 6, 2, 2, 0, 1, 3, 3, 3, 4, 4, 5, 7]
3.5,11,[],[0.02538, 0.04332, 0.07326, 0.02546, 0.03503, 0.02293, 0.15502, 0.02869, 0.05628, 0.02396, 0.04173, 0.02971, 0.0349, 0.06816, 0.03015, 0.02669, 0.04708, 0.0337, 0.02092, 0.03195],[2, 2, 2, 1, 6, 2, 2, 0, 1, 3, 3, 3, 4, 4, 5, 7, 7, 2, 13, 4]
3.5,12,[],[0.03745, 0.03524, 0.02232, 0.04046, 0.02478, 0.02011, 0.02667, 0.21646, 0.03932, 0.0233, 0.03677, 0.03064, 0.02595, 0.06123],[0, 2, 5, 3, 6, 3, 6, 7, 2, 0, 2, 1, 2, 1]
3.5,13,[],[0.04778, 0.0213, 0.06194, 0.15062, 0.03932, 0.0233, 0.03677, 0.03064, 0.02595, 0.10914, 0.03524, 0.04271, 0.05002, 0.03482, 0.02128, 0.08438, 0.03332, 0.03086, 0.02556, 0.02946, 0.03287, 0.02451],[1, 8, 1, 0, 2, 0, 2, 1, 2, 1, 4, 7, 8, 3, 9, 3, 0, 3, 1, 4, 9, 3]
3.5,14,[],[0.05951, 0.0213, 0.06194, 0.15062, 0.03932, 0.0233, 0.03677, 0.03064, 0.02595, 0.10914, 0.03524, 0.04271, 0.05002, 0.03482, 0.02128, 0.08438, 0.03332, 0.03086, 0.02556, 0.02946, 0.03287, 0.02451],[0, 8, 1, 0, 2, 0, 2, 1, 2, 1, 4, 7, 8, 3, 9, 3, 0, 3, 1, 4, 9, 3]
3.5,15,[],[0.02732, 0.02254, 0.07809, 0.03932, 0.0233, 0.03677, 0.03064, 0.02595, 0.10914, 0.03524, 0.04271, 0.05002, 0.03482, 0.02128, 0.08438, 0.03332, 0.03086, 0.02556, 0.02946],[5, 4, 2, 2, 0, 2, 1, 2, 1, 4, 7, 8, 3, 9, 3, 0, 3, 1, 4]
3.5,16,[],[0.0333, 0.04219, 0.04704, 0.02761, 0.05025, 0.02359, 0.02127, 0.02607, 0.03288, 0.04922, 0.04243, 0.02104, 0.0264, 0.03321, 0.02968, 0.02118],[1, 5, 2, 5, 10, 0, 3, 2, 5, 6, 4, 6, 4, 4, 5, 5]
3.5,17,[],[0.03667, 0.02127, 0.02963, 0.04422, 0.08358, 0.02546, 0.03503, 0.02293, 0.15502, 0.02869, 0.05628, 0.02396, 0.04173, 0.02971, 0.0349, 0.06816, 0.03015],[4, 2, 7, 9, 11, 1, 6, 2, 2, 0, 1, 3, 3, 3, 4, 4, 5]
3.5,18,[],[0.05842, 0.02461, 0.05917, 0.02566, 0.03527, 0.02397, 0.02397, 0.14, 0.08942, 0.02744, 0.02117, 0.04007, 0.02888, 0.05756, 0.02897, 0.03417, 0.03987, 0.0214, 0.022],[0, 3, 4, 2, 0, 5, 1, 10, 2, 6, 2, 5, 6, 1, 1, 7, 5, 3, 9]
3.5,19,[],[0.02237, 0.04114, 0.03137, 0.03468, 0.02371, 0.10711, 0.05593, 0.0338, 0.02737, 0.02335, 0.02094, 0.02267, 0.03044, 0.02194],[2, 3, 7, 3, 7, 4, 2, 1, 6, 4, 2, 0, 4, 2]
3.5,20,[],[0.03499, 0.12128, 0.08942, 0.02744, 0.02117, 0.04007, 0.02888, 0.05756, 0.02897, 0.03417, 0.03987, 0.0214, 0.022, 0.02785, 0.02387, 0.02639, 0.0663],[1, 1, 2, 6, 2, 5, 6, 1, 1, 7, 5, 3, 9, 5, 4, 4, 8]
3.5,21,[],[0.02972, 0.02529, 0.06107, 0.02366, 0.04207, 0.07203, 0.02046, 0.02337, 0.02921, 0.02843, 0.04107, 0.02452, 0.03351],[4, 3, 1, 3, 4, 3, 3, 3, 3, 9, 1, 18, 1]
3.5,22,[],[0.03856, 0.03464, 0.07078, 0.02371, 0.04757, 0.02457, 0.06562, 0.02221, 0.02129, 0.04338, 0.04698, 0.02142, 0.02142, 0.02017, 0.02612],[7, 4, 3, 2, 2, 3, 2, 3, 4, 12, 12, 3, 5, 4, 3]
3.5,23,[],[0.03701, 0.03771, 0.06401, 0.02366, 0.04207, 0.07203, 0.02046, 0.02337, 0.02921, 0.02843, 0.04107, 0.02452, 0.03351, 0.08772, 0.02529],[2, 5, 1, 3, 4, 3, 3, 3, 3, 9, 1, 18, 1, 15, 1]
3.5,24,[],[0.02455, 0.02049, 0.02656, 0.15719, 0.02744, 0.02117, 0.04007, 0.02888, 0.05756, 0.02897, 0.03417, 0.03987, 0.13235, 0.02874, 0.04808, 0.08191, 0.09703, 0.02566],[1, 5, 3, 4, 6, 2, 5, 6, 1, 1, 7, 5, 3, 2, 5, 5, 1, 2]
3.5,25,[],[0.05304, 0.04219, 0.04704, 0.02761, 0.05025, 0.02359, 0.02127, 0.02607, 0.03288, 0.04922, 0.04243, 0.02104, 0.0264, 0.03321, 0.02968, 0.02118],[1, 5, 2, 5, 10, 0, 3, 2, 5, 6, 4, 6, 4, 4, 5, 5]
3.5,26,[],[0.05941, 0.10707, 0.02744, 0.02117, 0.04007, 0.02888, 0.05756, 0.02897, 0.03886, 0.02187, 0.02549, 0.03336, 0.13235, 0.02874, 0.04808, 0.08191, 0.09703, 0.02566, 0.09379],[3, 5, 6, 2, 5, 6, 1, 1, 8, 10, 6, 7, 3, 2, 5, 5, 1, 2, 0]
3.5,27,[],[0.0881, 0.02869, 0.05628, 0.02396, 0.04173, 0.02971, 0.0349, 0.06816, 0.03015, 0.02669, 0.04708, 0.0337, 0.02092, 0.03195],[6, 0, 1, 3, 3, 3, 4, 4, 5, 7, 7, 2, 13, 4]
3.5,28,[],[0.02192, 0.08571, 0.0311, 0.08552, 0.14088, 0.02869, 0.07042, 0.02396, 0.04173, 0.02971, 0.0349, 0.06816, 0.03015, 0.02669, 0.04708, 0.0337, 0.02092],[0, 2, 3, 1, 3, 0, 3, 3, 3, 3, 4, 4, 5, 7, 7, 2, 13]
3.5,29,[],[0.05134, 0.05593, 0.07959, 0.03137, 0.03468, 0.02371, 0.06149, 0.06459, 0.0257, 0.03406, 0.02726, 0.02468, 0.02574, 0.02084, 0.02288, 0.04254, 0.02773, 0.03902, 0.02558, 0.03646],[5, 2, 1, 7, 0, 7, 4, 8, 1, 4, 2, 3, 4, 1, 5, 1, 1, 6, 2, 7]
3.5,30,[],[0.09336, 0.0554, 0.03756, 0.03409, 0.02812, 0.02323, 0.04566, 0.02946, 0.02433, 0.02844, 0.04785, 0.02208],[2, 1, 1, 8, 9, 5, 8, 7, 5, 5, 0, 3]
3.5,31,[],[0.0572, 0.06008, 0.06273, 0.02371, 0.05405, 0.02221, 0.02129, 0.04338, 0.04698, 0.02142, 0.02142, 0.02017, 0.02612],[2, 5, 3, 2, 2, 3, 4, 12, 12, 3, 5, 4, 3]
3.5,32,[],[0.02092, 0.06335, 0.02044, 0.0237, 0.0354, 0.09525, 0.04219, 0.04704, 0.02761, 0.05025, 0.02359, 0.02127, 0.02607, 0.03288, 0.04922, 0.04243, 0.02104, 0.0264],[1, 5, 2, 2, 3, 8, 5, 2, 5, 10, 0, 3, 2, 5, 6, 4, 6, 4]
3.5,33,[],[0.08264, 0.02744, 0.02117, 0.04007, 0.02888, 0.05756, 0.02897, 0.03417, 0.03987, 0.13235, 0.02874, 0.04808, 0.08191, 0.09703, 0.02566, 0.09379, 0.02461, 0.0456, 0.02397, 0.02397],[0, 6, 2, 5, 6, 1, 1, 7, 5, 3, 2, 5, 5, 1, 2, 0, 3, 4, 5, 1]
3.5,34,[],[0.03644, 0.06784, 0.11474, 0.02044, 0.0237, 0.0354, 0.04663, 0.03626, 0.03325, 0.03687, 0.02049, 0.02656, 0.15719, 0.02744, 0.02117, 0.04007, 0.02888, 0.05756, 0.02897, 0.03417],[7, 2, 2, 2, 2, 3, 8, 8, 2, 3, 5, 3, 4, 6, 2, 5, 6, 1, 1, 7]
3.5,35,[],[0.02736, 0.03678, 0.04294, 0.03111, 0.02794, 0.07661, 0.02461, 0.05917, 0.02566, 0.03527, 0.02397, 0.02397, 0.14, 0.08942, 0.02744, 0.02117],[4, 5, 6, 2, 5, 2, 3, 4, 2, 0, 5, 1, 10, 2, 6, 2]
3.5,36,[],[0.05035, 0.02461, 0.05917, 0.02566, 0.03527, 0.02397, 0.02397, 0.14, 0.08942, 0.02744, 0.02117, 0.04007, 0.02888, 0.05756, 0.02897, 0.03417, 0.03987, 0.0214, 0.022],[2, 3, 4, 2, 0, 5, 1, 10, 2, 6, 2, 5, 6, 1, 1, 7, 5, 3, 9]
3.5,37,[],[0.03839, 0.05593, 0.07959, 0.03137, 0.03468, 0.02371, 0.06149, 0.06459, 0.0257, 0.03406, 0.02726, 0.02468, 0.02574, 0.02084, 0.02288, 0.04254, 0.02773, 0.03902, 0.02558, 0.03646],[4, 2, 1, 7, 0, 7, 4, 8, 1, 4, 2, 3, 4, 1, 5, 1, 1, 6, 2, 7]
3.5,38,[],[0.04667, 0.08744, 0.0213, 0.06194, 0.15062, 0.03932, 0.0233, 0.03677, 0.03064, 0.02595, 0.10914, 0.03524, 0.04271, 0.05002, 0.03482, 0.02128, 0.08438, 0.03332, 0.03086, 0.02556, 0.02946],[7, 5, 8, 1, 0, 2, 0, 2, 1, 2, 1, 4, 7, 8, 3, 9, 3, 0, 3, 1, 4]
3.5,39,[],[0.06974, 0.0213, 0.06194, 0.15062, 0.03932, 0.0233, 0.03677, 0.03064, 0.02595, 0.10914, 0.03524, 0.04271, 0.05002, 0.03482, 0.02128, 0.08438, 0.03332, 0.03086, 0.02556, 0.02946, 0.03287, 0.02451],[3, 8, 1, 0, 2, 0, 2, 1, 2, 1, 4, 7, 8, 3, 9, 3, 0, 3, 1, 4, 9, 3]
3.5,40,[],[0.02186, 0.04495, 0.05756, 0.02849, 0.02322, 0.02007, 0.02682, 0.02021, 0.16002, 0.03932, 0.0233, 0.03677, 0.03064, 0.02595, 0.10914],[4, 3, 11, 4, 5, 3, 10, 2, 6, 2, 0, 2, 1, 2, 1]
3.5,41,[],[0.03285, 0.02044, 0.0237, 0.0354, 0.04663, 0.02439, 0.03687, 0.02049, 0.02656, 0.15719, 0.02744, 0.02117, 0.04007, 0.02888, 0.05756, 0.02897, 0.03417],[4, 2, 3, 3, 8, 8, 3, 5, 3, 4, 6, 2, 5, 6, 1, 1, 7]
3.5,42,[],[0.04607, 0.04219, 0.04704, 0.02761, 0.10975, 0.02044, 0.0237, 0.0354, 0.04663, 0.03626, 0.03325, 0.03687, 0.02049, 0.02656, 0.15719, 0.02744, 0.02117],[4, 5, 2, 5, 10, 2, 2, 3, 8, 8, 2, 3, 5, 3, 4, 6, 2]
3.5,43,[],[0.04476, 0.02127, 0.02963, 0.04422, 0.08358, 0.02546, 0.03503, 0.02293, 0.15502, 0.02869, 0.05628, 0.02396, 0.04173, 0.02971, 0.0349, 0.06816, 0.03015],[8, 2, 7, 9, 11, 1, 6, 2, 2, 0, 1, 3, 3, 3, 4, 4, 5]
3.5,44,[],[0.021, 0.02347, 0.07698, 0.03365, 0.05782, 0.03064, 0.05017, 0.03285, 0.07078, 0.02371, 0.04757, 0.02457, 0.06562, 0.02221, 0.02129, 0.04338],[3, 10, 8, 2, 2, 6, 4, 4, 3, 2, 2, 3, 2, 3, 4, 12]
3.5,45,[],[0.02599, 0.02504, 0.05511, 0.05846, 0.02529, 0.06107, 0.02366, 0.04207, 0.07203, 0.02046, 0.02337, 0.02921, 0.02843, 0.04107, 0.02452, 0.03351],[1, 3, 8, 5, 3, 1, 3, 4, 3, 3, 3, 3, 9, 1, 18, 1]
3.5,46,[],[0.02877, 0.05463, 0.02044, 0.0237, 0.0354, 0.04663, 0.03626, 0.03325, 0.03687, 0.02049, 0.02656, 0.15719, 0.02744, 0.02117, 0.04007, 0.02888, 0.05756, 0.02897, 0.03417],[2, 5, 2, 2, 3, 8, 8, 2, 3, 5, 3, 4, 6, 2, 5, 6, 1, 1, 7]
3.5,47,[],[0.05432, 0.06756, 0.0606, 0.03325, 0.03682, 0.02595, 0.02116, 0.03301, 0.03711, 0.02985, 0.02358, 0.02383, 0.02173, 0.02464],[3, 3, 2, 2, 5, 3, 8, 6, 5, 3, 5, 3, 0, 3]
3.5,48,[],[0.08021, 0.02023, 0.0242, 0.02346, 0.05442, 0.02127, 0.02963, 0.04422, 0.08358, 0.02546, 0.03503, 0.02293, 0.15502, 0.02869, 0.05628, 0.02396, 0.04173],[5, 7, 2, 8, 1, 2, 7, 9, 11, 1, 6, 2, 2, 0, 1, 3, 3]
3.5,49,[],[0.0319, 0.12417, 0.03932, 0.0233, 0.03677, 0.03064, 0.02595, 0.10914, 0.03524, 0.04271, 0.05002, 0.03482, 0.02128, 0.08438, 0.03332, 0.03086, 0.02556, 0.02946, 0.03287, 0.02451, 0.04479, 0.03859],[1, 1, 2, 0, 2, 1, 2, 1, 4, 7, 8, 3, 9, 3, 0, 3, 1, 4, 9, 3, 2, 3]
3.5,50,[],[0.08306, 0.0213, 0.06194, 0.15062, 0.03932, 0.0233, 0.03677, 0.03064, 0.02595, 0.10914, 0.03524, 0.04271, 0.05002, 0.03482, 0.02128, 0.08438, 0.03332, 0.03086, 0.02556, 0.02946],[8, 8, 1, 0, 2, 0, 2, 1, 2, 1, 4, 7, 8, 3, 9, 3, 0, 3, 1, 4]
3.5,51,[],[0.02138, 0.0396, 0.02714, 0.02997, 0.03544, 0.02333, 0.15762, 0.02371, 0.04757, 0.03848, 0.03285, 0.077, 0.03064],[4, 3, 7, 7, 2, 5, 4, 2, 2, 3, 3, 5, 6]
3.5,52,[],[0.02414, 0.05372, 0.05018, 0.02366, 0.05753, 0.03927, 0.05392, 0.04698, 0.08536, 0.02371, 0.04757, 0.03848, 0.03285, 0.077, 0.03064, 0.11031, 0.03365],[3, 1, 3, 3, 4, 10, 1, 3, 8, 2, 2, 3, 3, 5, 6, 4, 2]
3.5,53,[],[0.04707, 0.03064, 0.05017, 0.03285, 0.07078, 0.02371, 0.04757, 0.02457, 0.06562, 0.02221, 0.02129, 0.04338, 0.04698, 0.02142, 0.02142, 0.02017, 0.02612],[2, 6, 4, 4, 3, 2, 2, 3, 2, 3, 4, 12, 12, 3, 5, 4, 3]
3.5,54,[],[0.02011, 0.02747, 0.02245, 0.02924, 0.02006, 0.11207, 0.02274, 0.05218, 0.02092, 0.03535, 0.05212, 0.05947, 0.02509, 0.06551],[0, 8, 8, 5, 9, 6, 2, 6, 2, 15, 6, 3, 4, 2]
3.5,55,[],[0.02625, 0.02023, 0.0242, 0.02346, 0.05442, 0.02127, 0.02963, 0.04422, 0.08358, 0.02546, 0.03503, 0.02293, 0.15502, 0.02869, 0.05628, 0.02396, 0.04173],[0, 7, 2, 8, 1, 2, 7, 9, 11, 1, 6, 2, 2, 0, 1, 3, 3]
3.5,56,[],[0.03292, 0.02165, 0.11073, 0.03064, 0.05017, 0.03285, 0.07078, 0.02371, 0.04757, 0.02457, 0.06562, 0.02221, 0.02129, 0.04338, 0.04698, 0.02142],[3, 3, 1, 6, 4, 4, 3, 2, 2, 3, 2, 3, 4, 12, 12, 3]
3.5,57,[],[0.07114, 0.03365, 0.05782, 0.03064, 0.05017, 0.03285, 0.07078, 0.02371, 0.04757, 0.02457, 0.06562, 0.02221, 0.02129, 0.04338, 0.04698, 0.02142],[2, 2, 2, 6, 4, 4, 3, 2, 2, 3, 2, 3, 4, 12, 12, 3]
3.5,58,[],[0.03368, 0.08744, 0.0213, 0.06194, 0.15062, 0.03932, 0.0233, 0.03677, 0.03064, 0.02595, 0.10914, 0.03524, 0.04271, 0.05002, 0.03482, 0.02128, 0.08438, 0.03332, 0.03086, 0.02556, 0.02946],[2, 5, 8, 1, 0, 2, 0, 2, 1, 2, 1, 4, 7, 8, 3, 9, 3, 0, 3, 1, 4]
3.5,59,[],[0.02757, 0.05959, 0.12128, 0.08942, 0.02744, 0.02117, 0.04007, 0.02888, 0.05756, 0.02897, 0.03417, 0.03987, 0.0214, 0.022, 0.02785, 0.02387, 0.02639],[6, 2, 1, 2, 6, 2, 5, 6, 1, 1, 7, 5, 3, 9, 5, 4, 4]
3.5,60,[],[0.10997, 0.02044, 0.0237, 0.0354, 0.04663, 0.03626, 0.03325, 0.03687, 0.02049, 0.02656, 0.15719, 0.02744, 0.02117, 0.04007, 0.02888, 0.05756, 0.02897, 0.03417, 0.03987],[1, 2, 2, 3, 8, 8, 2, 3, 5, 3, 4, 6, 2, 5, 6, 1, 1, 7, 5]
3.5,61,[],[0.0304, 0.0257, 0.03406, 0.02726, 0.02468, 0.02574, 0.02084, 0.02288, 0.04254, 0.02773, 0.03902, 0.02558, 0.03646, 0.1099, 0.0554, 0.03756, 0.03409, 0.02812, 0.02323],[4, 1, 4, 2, 3, 4, 1, 5, 1, 1, 6, 2, 7, 9, 1, 1, 8, 9, 5]
3.5,62,[],[0.03706, 0.02566, 0.09379, 0.02461, 0.0456, 0.02397, 0.02397, 0.14, 0.08942, 0.02744, 0.02117, 0.04007, 0.02888, 0.05756, 0.02897, 0.03417, 0.03987, 0.0214],[3, 2, 0, 3, 4, 5, 1, 10, 2, 6, 2, 5, 6, 1, 1, 7, 5, 3]
3.5,63,[],[0.03547, 0.09319, 0.03932, 0.0233, 0.03677, 0.03064, 0.02595, 0.10914, 0.03524, 0.04271, 0.05002, 0.03482, 0.02128, 0.08438, 0.03332, 0.03086, 0.02556, 0.02946, 0.03287, 0.02451, 0.04479],[1, 5, 2, 0, 2, 1, 2, 1, 4, 7, 8, 3, 9, 3, 0, 3, 1, 4, 9, 3, 2]
3.5,64,[],[0.03046, 0.12617, 0.02461, 0.05917, 0.02566, 0.03527, 0.02397, 0.02397, 0.14, 0.08942, 0.02744, 0.02117, 0.04007, 0.02888, 0.05756, 0.02897, 0.03417, 0.03987, 0.0214],[2, 2, 3, 4, 2, 0, 5, 1, 10, 2, 6, 2, 5, 6, 1, 1, 7, 5, 3]
3.5,65,[],[0.04233, 0.0257, 0.03406, 0.02726, 0.02468, 0.02574, 0.02084, 0.02288, 0.04254, 0.02773, 0.03902, 0.14627, 0.0554, 0.03756, 0.03409, 0.02812, 0.02323, 0.04566, 0.02946],[4, 1, 4, 2, 3, 4, 1, 5, 1, 1, 6, 2, 1, 1, 8, 9, 5, 8, 7]
3.5,66,[],[0.02543, 0.02209, 0.11703, 0.0213, 0.06194, 0.15062, 0.03932, 0.0233, 0.03677, 0.03064, 0.02595, 0.10914, 0.03524, 0.04271, 0.05002, 0.03482, 0.02128, 0.08438, 0.03332, 0.03086, 0.02556, 0.02946],[0, 0, 5, 8, 1, 0, 2, 0, 2, 1, 2, 1, 4, 7, 8, 3, 9, 3, 0, 3, 1, 4]
3.5,67,[],[0.03097, 0.03325, 0.02389, 0.04072, 0.02595, 0.02116, 0.03301, 0.03711, 0.02985, 0.02358, 0.02383, 0.02173, 0.02464, 0.02, 0.04288, 0.16351, 0.03365],[2, 4, 5, 6, 3, 8, 6, 5, 3, 5, 3, 0, 3, 5, 4, 2, 2]
3.5,68,[],[0.06189, 0.02044, 0.0237, 0.0354, 0.04663, 0.03626, 0.03325, 0.03687, 0.02049, 0.02656, 0.15719, 0.02744, 0.02117, 0.04007, 0.02888, 0.05756, 0.02897, 0.03417],[8, 2, 2, 3, 8, 8, 2, 3, 5, 3, 4, 6, 2, 5, 6, 1, 1, 7]
3.5,69,[],[0.03501, 0.11969, 0.0311, 0.08552, 0.14088, 0.02869, 0.07042, 0.02396, 0.04173, 0.02971, 0.0349, 0.06816, 0.03015, 0.02669, 0.04708, 0.0337, 0.02092],[6, 4, 3, 1, 3, 0, 3, 3, 3, 3, 4, 4, 5, 7, 7, 2, 13]
3.5,70,[],[0.02598, 0.10707, 0.02744, 0.02117, 0.04007, 0.02888, 0.05756, 0.02897, 0.03886, 0.02187, 0.02549, 0.03336, 0.13235, 0.02874, 0.04808, 0.08191, 0.09703, 0.02566, 0.09379],[1, 5, 6, 2, 5, 6, 1, 1, 8, 10, 6, 7, 3, 2, 5, 5, 1, 2, 0]
3.5,71,[],[0.10918, 0.02044, 0.0237, 0.0354, 0.04663, 0.03626, 0.03325, 0.03687, 0.02049, 0.02656, 0.15719, 0.02744, 0.02117, 0.04007, 0.02888, 0.05756, 0.02897, 0.03417],[5, 2, 2, 3, 8, 8, 2, 3, 5, 3, 4, 6, 2, 5, 6, 1, 1, 7]
3.5,72,[],[0.04885, 0.02596, 0.02895, 0.048, 0.03154, 0.03628, 0.02468, 0.02772, 0.03406, 0.0257, 0.02942, 0.02558, 0.03646, 0.1099, 0.0554, 0.03756, 0.03409, 0.02812, 0.02323],[7, 4, 2, 4, 2, 2, 3, 4, 5, 1, 1, 2, 7, 9, 1, 1, 8, 9, 5]
3.5,73,[],[0.04473, 0.02366, 0.04207, 0.07203, 0.02046, 0.02337, 0.02921, 0.02843, 0.04107, 0.02452, 0.03351, 0.08772, 0.02529],[4, 3, 4, 3, 3, 3, 3, 9, 1, 18, 1, 15, 1]
3.5,74,[],[0.0268, 0.05346, 0.02044, 0.0237, 0.0354, 0.04663, 0.03626, 0.03325, 0.03687, 0.02049, 0.02656, 0.15719, 0.02744, 0.02117, 0.04007, 0.02888, 0.05756, 0.02897],[2, 3, 2, 2, 3, 8, 8, 2, 3, 5, 3, 4, 6, 2, 5, 6, 1, 1]
3.5,75,[],[0.02864, 0.06335, 0.02044, 0.0237, 0.0354, 0.09525, 0.04219, 0.04704, 0.02761, 0.05025, 0.02359, 0.02127, 0.02607, 0.03288, 0.04922, 0.04243, 0.02104],[4, 5, 2, 2, 3, 12, 5, 2, 5, 10, 0, 3, 2, 5, 6, 4, 6]
3.5,76,[],[0.07529, 0.02596, 0.02895, 0.048, 0.03154, 0.03628, 0.02468, 0.02772, 0.03406, 0.0257, 0.02942, 0.02558, 0.03646, 0.1099, 0.0554, 0.03756, 0.03409, 0.02812, 0.02323],[1, 4, 2, 4, 2, 2, 3, 4, 5, 1, 1, 2, 7, 9, 1, 1, 8, 9, 5]
3.5,77,[],[0.06191, 0.02546, 0.03503, 0.02293, 0.15502, 0.02869, 0.05628, 0.02396, 0.04173, 0.02971, 0.0349, 0.06816, 0.03015, 0.02669, 0.04708, 0.0337, 0.02092, 0.03195],[0, 1, 6, 2, 2, 0, 1, 3, 3, 3, 4, 4, 5, 7, 7, 2, 13, 4]
3.5,78,[],[0.08095, 0.12128, 0.08942, 0.02744, 0.02117, 0.04007, 0.02888, 0.05756, 0.02897, 0.03417, 0.03987, 0.0214, 0.022, 0.02785, 0.02387, 0.02639, 0.0663],[7, 1, 2, 6, 2, 5, 6, 1, 1, 7, 5, 3, 9, 5, 4, 4, 8]
3.5,79,[],[0.10156, 0.03524, 0.04271, 0.05002, 0.14742, 0.03932, 0.0233, 0.03677, 0.03064, 0.02595, 0.06123, 0.02107, 0.02962, 0.04355, 0.02254, 0.03728, 0.02732, 0.02187],[4, 4, 7, 8, 3, 2, 0, 2, 1, 2, 1, 8, 4, 4, 4, 7, 1, 7]
3.5,80,[],[0.09386, 0.02371, 0.04757, 0.03848, 0.03285, 0.077, 0.03064, 0.11031, 0.03365, 0.02346, 0.04865, 0.02392, 0.02542, 0.02956, 0.02451, 0.02251],[1, 2, 2, 3, 3, 5, 6, 4, 2, 7, 13, 5, 6, 3, 5, 5]
3.5,81,[],[0.11091, 0.02044, 0.0237, 0.0354, 0.04663, 0.03626, 0.03325, 0.03687, 0.02049, 0.02656, 0.15719, 0.02744, 0.02117, 0.04007, 0.02888, 0.05756, 0.02897, 0.03417, 0.03987],[1, 2, 2, 3, 8, 8, 2, 3, 5, 3, 4, 6, 2, 5, 6, 1, 1, 7, 5]
3.5,82,[],[0.10368, 0.02461, 0.05917, 0.02566, 0.03527, 0.02397, 0.02397, 0.14, 0.08942, 0.02744, 0.02117, 0.04007, 0.02888, 0.05756, 0.02897, 0.03417, 0.03987, 0.0214, 0.022],[4, 3, 4, 2, 0, 5, 1, 10, 2, 6, 2, 5, 6, 1, 1, 7, 5, 3, 9]
3.5,83,[],[0.03537, 0.02104, 0.0264, 0.04917, 0.024, 0.02974, 0.03748, 0.02144, 0.03705, 0.05191, 0.06335, 0.02044],[4, 6, 4, 4, 6, 7, 9, 5, 6, 4, 5, 2]
3.5,84,[],[0.0897, 0.03932, 0.0233, 0.03677, 0.03064, 0.02595, 0.10914, 0.03524, 0.04271, 0.05002, 0.03482, 0.02128, 0.08438, 0.03332, 0.03086, 0.02556, 0.02946, 0.03287, 0.02451, 0.04479, 0.03859],[3, 2, 0, 2, 1, 2, 1, 4, 7, 8, 3, 9, 3, 0, 3, 1, 4, 9, 3, 2, 3]
3.5,85,[],[0.03369, 0.04698, 0.08536, 0.02371, 0.04757, 0.03848, 0.03285, 0.077, 0.03064, 0.11031, 0.03365, 0.02346, 0.04865, 0.02392],[0, 3, 8, 2, 2, 3, 3, 5, 6, 4, 2, 7, 13, 5]
3.5,86,[],[0.03873, 0.11969, 0.0311, 0.08552, 0.14088, 0.02869, 0.07042, 0.02396, 0.04173, 0.02971, 0.0349, 0.06816, 0.03015, 0.02669, 0.04708, 0.0337, 0.02092],[5, 4, 3, 1, 3, 0, 3, 3, 3, 3, 4, 4, 5, 7, 7, 2, 13]
3.5,87,[],[0.04323, 0.04219, 0.04704, 0.02761, 0.05025, 0.02359, 0.02127, 0.02607, 0.03288, 0.04922, 0.04243, 0.02104, 0.0264, 0.03321, 0.02968, 0.02118],[2, 5, 2, 5, 10, 0, 3, 2, 5, 6, 4, 6, 4, 4, 5, 5]
3.5,88,[],[0.03361, 0.02363, 0.08048, 0.02461, 0.05917, 0.02566, 0.03527, 0.02397, 0.02397, 0.14, 0.08942, 0.02744, 0.02117, 0.04007, 0.02888, 0.05756, 0.02897, 0.03417, 0.03987, 0.0214],[3, 1, 3, 3, 4, 2, 0, 5, 1, 10, 2, 6, 2, 5, 6, 1, 1, 7, 5, 3]
3.5,89,[],[0.02472, 0.11248, 0.02869, 0.07042, 0.02396, 0.04173, 0.02971, 0.0349, 0.06816, 0.03015, 0.02669, 0.04708, 0.0337, 0.02092, 0.03195],[1, 2, 0, 3, 3, 3, 3, 4, 4, 5, 7, 7, 2, 13, 4]
3.5,90,[],[0.02674, 0.135, 0.02869, 0.05628, 0.02396, 0.04173, 0.02971, 0.0349, 0.06816, 0.03015, 0.02669, 0.04708, 0.0337, 0.02092, 0.03195],[2, 7, 0, 1, 3, 3, 3, 4, 4, 5, 7, 7, 2, 13, 4]
3.5,91,[],[0.05647, 0.03932, 0.0233, 0.03677, 0.03064, 0.02595, 0.10914, 0.03524, 0.04271, 0.05002, 0.03482, 0.02128, 0.08438, 0.03332, 0.03086, 0.02556, 0.02946, 0.03287, 0.02451, 0.04479, 0.03859],[0, 2, 0, 2, 1, 2, 1, 4, 7, 8, 3, 9, 3, 0, 3, 1, 4, 9, 3, 2, 3]
3.5,92,[],[0.06824, 0.03365, 0.05782, 0.03064, 0.05017, 0.03285, 0.07078, 0.02371, 0.04757, 0.02457, 0.06562, 0.02221, 0.02129, 0.04338, 0.04698, 0.02142],[3, 2, 2, 6, 4, 4, 3, 2, 2, 3, 2, 3, 4, 12, 12, 3]
3.5,93,[],[0.0446, 0.03064, 0.05017, 0.03285, 0.07078, 0.02371, 0.04757, 0.02457, 0.06562, 0.02221, 0.02129, 0.04338, 0.04698, 0.02142, 0.02142, 0.02017, 0.02612],[2, 6, 4, 4, 3, 2, 2, 3, 2, 3, 4, 12, 12, 3, 5, 4, 3]
3.5,94,[],[0.02106, 0.06784, 0.11474, 0.02044, 0.0237, 0.0354, 0.04663, 0.03626, 0.03325, 0.03687, 0.02049, 0.02656, 0.15719, 0.02744, 0.02117, 0.04007, 0.02888, 0.05756, 0.02897, 0.03417],[1, 2, 2, 2, 2, 3, 8, 8, 2, 3, 5, 3, 4, 6, 2, 5, 6, 1, 1, 7]
3.5,95,[],[0.06084, 0.03325, 0.02389, 0.04072, 0.02595, 0.02116, 0.03301, 0.03711, 0.02985, 0.02358, 0.02383, 0.02173, 0.02464, 0.02, 0.04288, 0.16351, 0.03365],[11, 4, 5, 6, 3, 8, 6, 5, 3, 5, 3, 0, 3, 5, 4, 2, 2]
3.5,96,[],[0.09207, 0.02744, 0.02117, 0.04007, 0.02888, 0.05756, 0.02897, 0.03417, 0.03987, 0.0214, 0.022, 0.02785, 0.02387, 0.02639, 0.0663, 0.03437, 0.02708],[3, 6, 2, 5, 6, 1, 1, 7, 5, 3, 9, 5, 4, 4, 8, 1, 1]
3.5,97,[],[0.07357, 0.0311, 0.08552, 0.14088, 0.02869, 0.07042, 0.02396, 0.04173, 0.02971, 0.0349, 0.06816, 0.03015, 0.02669, 0.04708, 0.0337, 0.02092],[7, 3, 1, 3, 0, 3, 3, 3, 3, 4, 4, 5, 7, 7, 2, 13]
3.5,98,[],[0.10421, 0.02044, 0.0237, 0.0354, 0.04663, 0.03626, 0.03325, 0.03687, 0.02049, 0.02656, 0.15719, 0.02744, 0.02117, 0.04007, 0.02888, 0.05756, 0.02897, 0.03417, 0.03987],[0, 2, 2, 3, 8, 8, 2, 3, 5, 3, 4, 6, 2, 5, 6, 1, 1, 7, 5]
3.5,99,[],[0.02481, 0.03015, 0.02669, 0.04708, 0.13003, 0.02869, 0.07042, 0.02396, 0.04173, 0.02971, 0.0349, 0.02545, 0.05518],[0, 5, 7, 7, 2, 0, 3, 3, 3, 3, 4, 4, 7]
3.5,100,[],[0.02491, 0.03111, 0.02819, 0.08483, 0.04648, 0.02669, 0.04988, 0.02702, 0.03325, 0.02073],[7, 1, 0, 3, 7, 1, 7, 13, 9, 4]
3.5,101,[],[0.02895, 0.02744, 0.02117, 0.04007, 0.02888, 0.05756, 0.02897, 0.03417, 0.03987, 0.13235, 0.02874, 0.04808, 0.08191, 0.09703, 0.02566, 0.09379, 0.02461, 0.0456, 0.02397, 0.02397],[0, 6, 2, 5, 6, 1, 1, 7, 5, 3, 2, 5, 5, 1, 2, 0, 3, 4, 5, 1]
3.5,102,[],[0.02421, 0.04151, 0.03927, 0.05436, 0.02366, 0.04207, 0.07203, 0.02046, 0.02337, 0.02921, 0.02843, 0.04107, 0.02452, 0.03351, 0.08772, 0.02529],[0, 1, 1, 8, 3, 4, 3, 3, 3, 3, 9, 1, 18, 1, 15, 1]
3.5,103,[],[0.03014, 0.06842, 0.02744, 0.02117, 0.04007, 0.02888, 0.05756, 0.02897, 0.03417, 0.024, 0.05359, 0.10981, 0.02044, 0.0237, 0.0354, 0.04663],[0, 2, 6, 2, 5, 6, 1, 1, 7, 5, 18, 6, 2, 2, 3, 8]
3.5,104,[],[0.04707, 0.02747, 0.02245, 0.02527, 0.15812, 0.0554, 0.03756, 0.03409, 0.02812, 0.02323, 0.04566, 0.02946],[5, 8, 8, 5, 10, 1, 1, 8, 9, 5, 8, 7]
3.5,105,[],[0.1249, 0.08942, 0.02744, 0.02117, 0.04007, 0.02888, 0.05756, 0.02897, 0.03417, 0.03987, 0.0214, 0.022, 0.02785, 0.02387, 0.02639, 0.0663, 0.03437, 0.02708],[8, 2, 6, 2, 5, 6, 1, 1, 7, 5, 3, 9, 5, 4, 4, 8, 1, 1]
3.5,106,[],[0.06965, 0.02044, 0.0237, 0.0354, 0.04663, 0.03626, 0.03325, 0.03687, 0.02049, 0.02656, 0.15719, 0.02744, 0.02117, 0.04007, 0.02888, 0.05756, 0.02897, 0.03417, 0.03987],[4, 2, 2, 3, 8, 8, 2, 3, 5, 3, 4, 6, 2, 5, 6, 1, 1, 7, 5]
3.5,107,[],[0.03661, 0.02274, 0.02781, 0.12492, 0.02747, 0.02245, 0.02924, 0.02006, 0.19307, 0.0554, 0.03756, 0.03409, 0.02812],[1, 1, 5, 2, 8, 8, 5, 9, 6, 1, 1, 8, 9]
3.5,108,[],[0.0263, 0.05628, 0.02869, 0.03379, 0.11894, 0.10915, 0.0311, 0.03104, 0.02879, 0.07792, 0.07815, 0.08161, 0.03111, 0.02794, 0.07661],[5, 3, 0, 3, 8, 3, 3, 1, 15, 11, 2, 4, 2, 5, 2]
3.5,109,[],[0.03061, 0.02509, 0.03513, 0.02083, 0.02036, 0.12371, 0.0554, 0.03756, 0.03409, 0.02812, 0.02323, 0.04566, 0.02946, 0.02433],[0, 4, 2, 3, 13, 6, 1, 1, 8, 9, 5, 8, 7, 5]
3.5,110,[],[0.06621, 0.02371, 0.04757, 0.02457, 0.06562, 0.02221, 0.02129, 0.04338, 0.04698, 0.02142, 0.02142, 0.02017, 0.02612],[3, 2, 2, 3, 2, 3, 4, 12, 12, 3, 5, 4, 3]
3.5,111,[],[0.02164, 0.02869, 0.05628, 0.02396, 0.04173, 0.02971, 0.0349, 0.06816, 0.03015, 0.02669, 0.04708, 0.0337, 0.02092, 0.03195],[0, 0, 1, 3, 3, 3, 4, 4, 5, 7, 7, 2, 13, 4]
3.5,112,[],[0.07518, 0.02044, 0.0237, 0.0354, 0.04663, 0.03626, 0.03325, 0.03687, 0.02049, 0.02656, 0.15719, 0.02744, 0.02117, 0.04007, 0.02888, 0.05756, 0.02897, 0.03417, 0.03987],[3, 2, 2, 3, 8, 8, 2, 3, 5, 3, 4, 6, 2, 5, 6, 1, 1, 7, 5]
3.5,113,[],[0.05118, 0.03932, 0.0233, 0.03677, 0.03064, 0.02595, 0.10914, 0.03524, 0.04271, 0.05002, 0.03482, 0.02128, 0.08438, 0.03332, 0.03086, 0.02556, 0.02946, 0.03287, 0.02451, 0.04479, 0.03859],[2, 2, 0, 2, 1, 2, 1, 4, 7, 8, 3, 9, 3, 0, 3, 1, 4, 9, 3, 2, 3]
3.5,114,[],[0.15194, 0.0213, 0.06194, 0.15062, 0.03932, 0.0233, 0.03677, 0.03064, 0.02595, 0.10914, 0.03524, 0.04271, 0.05002, 0.03482, 0.02128, 0.08438, 0.03332, 0.03086, 0.02556, 0.02946, 0.03287, 0.02451],[3, 8, 1, 0, 2, 0, 2, 1, 2, 1, 4, 7, 8, 3, 9, 3, 0, 3, 1, 4, 9, 3]
3.5,115,[],[0.02299, 0.0219, 0.02378, 0.02041, 0.02131, 0.0993, 0.02044, 0.0237, 0.0354, 0.04663, 0.03626, 0.03325, 0.03687, 0.02049],[2, 0, 5, 9, 6, 11, 2, 2, 3, 8, 8, 2, 3, 5]
3.5,116,[],[0.02509, 0.03513, 0.02083, 0.02036, 0.12371, 0.0554, 0.03756, 0.03409, 0.02812, 0.02323, 0.04566, 0.02946, 0.02433],[4, 2, 3, 13, 6, 1, 1, 8, 9, 5, 8, 7, 5]
3.5,117,[],[0.03609, 0.02104, 0.0264, 0.04917, 0.024, 0.02974, 0.02196, 0.03216, 0.05191, 0.06335, 0.02044, 0.0237, 0.0354, 0.09525],[1, 6, 4, 4, 6, 1, 10, 2, 4, 5, 2, 2, 3, 8]
3.5,118,[],[0.02082, 0.02984, 0.04037, 0.03063, 0.02358, 0.02383, 0.02173, 0.03716, 0.03711, 0.03301, 0.04588, 0.03682, 0.03325, 0.02389],[9, 4, 6, 2, 5, 3, 0, 3, 3, 5, 6, 1, 4, 5]
3.5,119,[],[0.0567, 0.11474, 0.02044, 0.0237, 0.0354, 0.04663, 0.03626, 0.03325, 0.03687, 0.02049, 0.02656, 0.15719, 0.02744, 0.02117, 0.04007, 0.02888, 0.05756, 0.02897, 0.03417],[8, 2, 2, 2, 3, 8, 8, 2, 3, 5, 3, 4, 6, 2, 5, 6, 1, 1, 7]
3.5,120,[],[0.05954, 0.03932, 0.0233, 0.03677, 0.03064, 0.02595, 0.10914, 0.03524, 0.04271, 0.05002, 0.03482, 0.02128, 0.08438, 0.03332, 0.03086, 0.02556, 0.02946, 0.03287, 0.02451, 0.04479, 0.03859],[1, 2, 0, 2, 1, 2, 1, 4, 7, 8, 3, 9, 3, 0, 3, 1, 4, 9, 3, 2, 3]
3.5,121,[],[0.06038, 0.0213, 0.06194, 0.15062, 0.03932, 0.0233, 0.03677, 0.03064, 0.02595, 0.10914, 0.03524, 0.04271, 0.05002, 0.03482, 0.02128, 0.08438, 0.03332, 0.03086, 0.02556, 0.02946, 0.03287, 0.02451],[3, 8, 1, 0, 2, 0, 2, 1, 2, 1, 4, 7, 8, 3, 9, 3, 0, 3, 1, 4, 9, 3]
3.5,122,[],[0.06974, 0.03111, 0.02794, 0.07661, 0.02461, 0.05917, 0.02566, 0.03527, 0.02397, 0.02397, 0.14, 0.08942, 0.02744, 0.02117, 0.04007, 0.02888, 0.05756, 0.02897, 0.03417, 0.03987, 0.0214],[4, 2, 5, 2, 3, 4, 2, 0, 5, 1, 10, 2, 6, 2, 5, 6, 1, 1, 7, 5, 3]
3.5,123,[],[0.03448, 0.07326, 0.02546, 0.03503, 0.02293, 0.15502, 0.02869, 0.05628, 0.02396, 0.04173, 0.02971, 0.0349, 0.06816, 0.03015, 0.02669, 0.04708, 0.0337, 0.02092, 0.03195],[2, 2, 1, 6, 2, 2, 0, 1, 3, 3, 3, 4, 4, 5, 7, 7, 2, 13, 4]
3.5,124,[],[0.03256, 0.03932, 0.0233, 0.03677, 0.03064, 0.02595, 0.10914, 0.03524, 0.04271, 0.05002, 0.03482, 0.02128, 0.08438, 0.03332, 0.03086, 0.02556, 0.02946, 0.03287, 0.02451, 0.04479, 0.03859],[0, 2, 0, 2, 1, 2, 1, 4, 7, 8, 3, 9, 3, 0, 3, 1, 4, 9, 3, 2, 3]
3.5,125,[],[0.02732, 0.03064, 0.05782, 0.03365, 0.0339, 0.02956, 0.02451, 0.02251, 0.06573, 0.06756, 0.0606, 0.03325, 0.03682, 0.02595, 0.02116],[0, 3, 8, 1, 2, 3, 5, 5, 10, 3, 2, 2, 5, 3, 8]
3.5,126,[],[0.02228, 0.02708, 0.03437, 0.08849, 0.02744, 0.02117, 0.04007, 0.02888, 0.05756, 0.02897, 0.03417, 0.03987, 0.13235, 0.02874, 0.04808],[6, 3, 1, 1, 6, 2, 5, 6, 1, 1, 7, 5, 3, 2, 5]
3.5,127,[],[0.02257, 0.09417, 0.03524, 0.04271, 0.05002, 0.14742, 0.03932, 0.0233, 0.03677, 0.03064, 0.02595, 0.06123, 0.02107, 0.02962, 0.04355, 0.02254, 0.03728, 0.02732, 0.02187],[2, 8, 4, 7, 8, 3, 2, 0, 2, 1, 2, 1, 8, 4, 4, 4, 7, 1, 7]
3.5,128,[],[0.03659, 0.05593, 0.07959, 0.03137, 0.03468, 0.02371, 0.06149, 0.06459, 0.0257, 0.03406, 0.02726, 0.02468, 0.02574, 0.02084, 0.02288, 0.04254, 0.02773, 0.03902, 0.02558, 0.03646],[1, 2, 1, 7, 0, 7, 4, 8, 1, 4, 2, 3, 4, 1, 5, 1, 1, 6, 2, 7]
3.5,129,[],[0.04838, 0.05593, 0.07959, 0.03137, 0.03468, 0.02371, 0.06149, 0.06459, 0.0257, 0.03406, 0.02726, 0.02468, 0.02574, 0.02084, 0.02288, 0.04254, 0.02773, 0.03902, 0.02558, 0.03646],[4, 2, 1, 7, 0, 7, 4, 8, 1, 4, 2, 3, 4, 1, 5, 1, 1, 6, 2, 7]
3.5,130,[],[0.0438, 0.02596, 0.02895, 0.048, 0.03154, 0.03628, 0.02468, 0.02772, 0.03406, 0.0257, 0.02942, 0.02558, 0.03646, 0.1099, 0.0554, 0.03756, 0.03409, 0.02812, 0.02323],[2, 4, 2, 4, 2, 2, 3, 4, 5, 1, 1, 2, 7, 9, 1, 1, 8, 9, 5]
3.5,131,[],[0.09645, 0.03524, 0.04271, 0.05002, 0.14742, 0.03932, 0.0233, 0.03677, 0.03064, 0.02595, 0.06123, 0.02107, 0.02962, 0.04355, 0.02254, 0.03728, 0.02732, 0.02187],[2, 4, 7, 8, 3, 2, 0, 2, 1, 2, 1, 8, 4, 4, 4, 7, 1, 7]
3.5,132,[],[0.06777, 0.08942, 0.02744, 0.02117, 0.04007, 0.02888, 0.05756, 0.02897, 0.03417, 0.03987, 0.0214, 0.022, 0.02785, 0.02387, 0.02639, 0.0663, 0.03437, 0.02708],[2, 2, 6, 2, 5, 6, 1, 1, 7, 5, 3, 9, 5, 4, 4, 8, 1, 1]
3.5,133,[],[0.02286, 0.02116, 0.0779, 0.02461, 0.05917, 0.02566, 0.03527, 0.02397, 0.02397, 0.14, 0.08942, 0.02744, 0.02117, 0.04007, 0.02888, 0.05756, 0.02897, 0.03417],[6, 1, 4, 3, 4, 2, 0, 5, 1, 10, 2, 6, 2, 5, 6, 1, 1, 7]
3.5,134,[],[0.04083, 0.11474, 0.02044, 0.0237, 0.0354, 0.04663, 0.03626, 0.03325, 0.03687, 0.02049, 0.02656, 0.15719, 0.02744, 0.02117, 0.04007, 0.02888, 0.05756, 0.02897, 0.03417],[3, 2, 2, 2, 3, 8, 8, 2, 3, 5, 3, 4, 6, 2, 5, 6, 1, 1, 7]
3.5,135,[],[0.03645, 0.08541, 0.02371, 0.04757, 0.03848, 0.03285, 0.077, 0.03064, 0.11031, 0.03365, 0.02346, 0.04865, 0.02392, 0.02542, 0.02956],[10, 4, 2, 2, 3, 3, 5, 6, 4, 2, 7, 13, 5, 6, 3]
3.5,136,[],[0.03055, 0.05976, 0.02371, 0.04757, 0.03848, 0.03285, 0.077, 0.03064, 0.11031, 0.03365, 0.02346, 0.04865, 0.02392, 0.02542, 0.02956, 0.02451, 0.02251],[3, 1, 2, 2, 3, 3, 5, 6, 4, 2, 7, 13, 5, 6, 3, 5, 5]
3.5,137,[],[0.08474, 0.02371, 0.04757, 0.03848, 0.03285, 0.077, 0.03064, 0.11031, 0.03365, 0.02346, 0.04865, 0.02392, 0.02542, 0.02956, 0.02451, 0.02251],[6, 2, 2, 3, 3, 5, 6, 4, 2, 7, 13, 5, 6, 3, 5, 5]
3.5,138,[],[0.11245, 0.02744, 0.02117, 0.04007, 0.02888, 0.05756, 0.02897, 0.03417, 0.03987, 0.13235, 0.02874, 0.04808, 0.08191, 0.09703, 0.02566, 0.09379, 0.02461, 0.0456, 0.02397, 0.02397],[8, 6, 2, 5, 6, 1, 1, 7, 5, 3, 2, 5, 5, 1, 2, 0, 3, 4, 5, 1]
3.5,139,[],[0.03213, 0.12417, 0.03932, 0.0233, 0.03677, 0.03064, 0.02595, 0.10914, 0.03524, 0.04271, 0.05002, 0.03482, 0.02128, 0.08438, 0.03332, 0.03086, 0.02556, 0.02946, 0.03287, 0.02451, 0.04479, 0.03859],[7, 1, 2, 0, 2, 1, 2, 1, 4, 7, 8, 3, 9, 3, 0, 3, 1, 4, 9, 3, 2, 3]
3.5,140,[],[0.02093, 0.10915, 0.0311, 0.03104, 0.02879, 0.07792, 0.07815, 0.08161, 0.03111, 0.02794, 0.07661, 0.02461, 0.05917, 0.02566, 0.03527, 0.02397, 0.02397],[0, 3, 3, 1, 15, 11, 2, 4, 2, 5, 2, 3, 4, 2, 0, 5, 1]
3.5,141,[],[0.04103, 0.08942, 0.02744, 0.02117, 0.04007, 0.02888, 0.05756, 0.02897, 0.03417, 0.03987, 0.0214, 0.022, 0.02785, 0.02387, 0.02639, 0.0663, 0.03437, 0.02708],[1, 2, 6, 2, 5, 6, 1, 1, 7, 5, 3, 9, 5, 4, 4, 8, 1, 1]
3.5,142,[],[0.05315, 0.0554, 0.03756, 0.03409, 0.02812, 0.02323, 0.04566, 0.02946, 0.02433, 0.02844, 0.04785, 0.02208],[2, 1, 1, 8, 9, 5, 8, 7, 5, 5, 0, 3]
3.5,143,[],[0.0664, 0.03064, 0.05017, 0.03285, 0.07078, 0.02371, 0.04757, 0.02457, 0.06562, 0.02221, 0.02129, 0.04338, 0.04698, 0.02142, 0.02142, 0.02017, 0.02612],[2, 6, 4, 4, 3, 2, 2, 3, 2, 3, 4, 12, 12, 3, 5, 4, 3]
3.5,144,[],[0.02618, 0.0311, 0.04617, 0.02194, 0.07227, 0.02014, 0.06937, 0.07326, 0.02546, 0.03503, 0.02293, 0.15502, 0.02869, 0.05628, 0.02396, 0.04173, 0.02971, 0.0349, 0.06816],[2, 4, 4, 3, 6, 8, 5, 2, 1, 6, 2, 2, 0, 1, 3, 3, 3, 4, 4]
3.5,145,[],[0.02379, 0.02726, 0.02468, 0.02574, 0.02084, 0.02288, 0.04254, 0.0367, 0.0257, 0.03813, 0.1099, 0.0554, 0.03756, 0.03409, 0.02812, 0.02323],[0, 2, 3, 4, 1, 5, 1, 0, 1, 5, 9, 1, 1, 8, 9, 5]
3.5,146,[],[0.02622, 0.02046, 0.02337, 0.02921, 0.02843, 0.05372, 0.05018, 0.02366, 0.05753, 0.03927, 0.05392, 0.04698, 0.08536, 0.02371, 0.04757, 0.03848, 0.03285, 0.077],[2, 3, 3, 3, 9, 1, 3, 3, 4, 10, 1, 3, 8, 2, 2, 3, 3, 5]
3.5,147,[],[0.03474, 0.02371, 0.04757, 0.03848, 0.03285, 0.077, 0.03064, 0.11031, 0.03365, 0.02346, 0.04865, 0.02392, 0.02542, 0.02956, 0.02451, 0.02251],[1, 2, 2, 3, 3, 5, 6, 4, 2, 7, 13, 5, 6, 3, 5, 5]
3.5,148,[],[0.06472, 0.03524, 0.03079, 0.1528, 0.03932, 0.0233, 0.03677, 0.03064, 0.02595, 0.06123, 0.02107, 0.02962, 0.04355, 0.02254, 0.03728, 0.02732, 0.02187],[3, 4, 10, 3, 2, 0, 2, 1, 2, 1, 8, 4, 4, 4, 7, 1, 7]
3.5,149,[],[0.05502, 0.06784, 0.11474, 0.02044, 0.0237, 0.0354, 0.04663, 0.03626, 0.03325, 0.03687, 0.02049, 0.02656, 0.15719, 0.02744, 0.02117, 0.04007, 0.02888, 0.05756, 0.02897, 0.03417],[3, 2, 2, 2, 2, 3, 8, 8, 2, 3, 5, 3, 4, 6, 2, 5, 6, 1, 1, 7]
3.5,150,[],[0.06112, 0.02509, 0.03513, 0.02083, 0.02036, 0.12371, 0.0554, 0.03756, 0.03409, 0.02812, 0.02323, 0.04566, 0.02946, 0.02433],[8, 4, 2, 3, 13, 6, 1, 1, 8, 9, 5, 8, 7, 5]
3.5,151,[],[0.03075, 0.0248, 0.03372, 0.05628, 0.02869, 0.03379, 0.11894, 0.10915, 0.0311, 0.03104, 0.02879, 0.07792, 0.07815, 0.08161, 0.03111, 0.02794, 0.07661],[1, 1, 1, 3, 0, 3, 8, 3, 3, 1, 15, 11, 2, 4, 2, 5, 2]
3.5,152,[],[0.09953, 0.03064, 0.05017, 0.03285, 0.07078, 0.02371, 0.04757, 0.02457, 0.06562, 0.02221, 0.02129, 0.04338, 0.04698],[13, 6, 4, 4, 3, 2, 2, 3, 2, 3, 4, 12, 12]
3.5,153,[],[0.12813, 0.02461, 0.05917, 0.02566, 0.03527, 0.02397, 0.02397, 0.14, 0.08942, 0.02744, 0.02117, 0.04007, 0.02888, 0.05756, 0.02897, 0.03417, 0.03987, 0.0214, 0.022],[8, 3, 4, 2, 0, 5, 1, 10, 2, 6, 2, 5, 6, 1, 1, 7, 5, 3, 9]
3.5,154,[],[0.03289, 0.02869, 0.05628, 0.02396, 0.04173, 0.02971, 0.0349, 0.06816, 0.03015, 0.02669, 0.04708, 0.0337, 0.02092, 0.03195],[0, 0, 1, 3, 3, 3, 4, 4, 5, 7, 7, 2, 13, 4]
3.5,155,[],[0.02775, 0.09593, 0.03524, 0.04271, 0.05002, 0.14742, 0.03932, 0.0233, 0.03677, 0.03064, 0.02595, 0.06123, 0.02107, 0.02962, 0.04355, 0.02254, 0.03728, 0.02732, 0.02187],[10, 5, 4, 7, 8, 3, 2, 0, 2, 1, 2, 1, 8, 4, 4, 4, 7, 1, 7]
3.5,156,[],[0.1091, 0.03932, 0.0233, 0.03677, 0.03064, 0.02595, 0.10914, 0.03524, 0.04271, 0.05002, 0.03482, 0.02128, 0.02505, 0.02149, 0.03175, 0.02094],[3, 2, 0, 2, 1, 2, 1, 4, 7, 8, 3, 9, 3, 3, 4, 6]
3.5,157,[],[0.08561, 0.02744, 0.02117, 0.04007, 0.02888, 0.05756, 0.02897, 0.03417, 0.03987, 0.13235, 0.02874, 0.04808, 0.08191, 0.09703, 0.02566, 0.09379, 0.02461, 0.0456, 0.02397, 0.02397],[6, 6, 2, 5, 6, 1, 1, 7, 5, 3, 2, 5, 5, 1, 2, 0, 3, 4, 5, 1]
3.5,158,[],[0.05035, 0.05593, 0.07959, 0.03137, 0.03468, 0.02371, 0.06149, 0.06459, 0.0257, 0.03406, 0.02726, 0.02468, 0.02574, 0.02084, 0.02288, 0.04254, 0.02773, 0.03902, 0.02558, 0.03646],[3, 2, 1, 7, 0, 7, 4, 8, 1, 4, 2, 3, 4, 1, 5, 1, 1, 6, 2, 7]
3.5,159,[],[0.06775, 0.03932, 0.0233, 0.03677, 0.03064, 0.02595, 0.10914, 0.03524, 0.04271, 0.05002, 0.03482, 0.02128, 0.08438, 0.03332, 0.03086, 0.02556, 0.02946, 0.03287, 0.02451, 0.04479, 0.03859],[1, 2, 0, 2, 1, 2, 1, 4, 7, 8, 3, 9, 3, 0, 3, 1, 4, 9, 3, 2, 3]
3.5,160,[],[0.05429, 0.03111, 0.02794, 0.07661, 0.02461, 0.05917, 0.02566, 0.03527, 0.02397, 0.02397, 0.14, 0.08942, 0.02744, 0.02117, 0.04007, 0.02888, 0.05756, 0.02897, 0.03417, 0.03987, 0.0214],[0, 2, 5, 2, 3, 4, 2, 0, 5, 1, 10, 2, 6, 2, 5, 6, 1, 1, 7, 5, 3]
3.5,161,[],[0.0412, 0.02461, 0.05917, 0.02566, 0.03527, 0.02397, 0.02397, 0.14, 0.08942, 0.02744, 0.02117, 0.04007, 0.02888, 0.05756, 0.02897, 0.03417, 0.03987, 0.0214, 0.022],[0, 3, 4, 2, 0, 5, 1, 10, 2, 6, 2, 5, 6, 1, 1, 7, 5, 3, 9]
3.5,162,[],[0.0386, 0.02363, 0.08048, 0.02461, 0.05917, 0.02566, 0.03527, 0.02397, 0.02397, 0.14, 0.08942, 0.02744, 0.02117, 0.04007, 0.02888, 0.05756, 0.02897, 0.03417, 0.03987, 0.0214],[2, 1, 3, 3, 4, 2, 0, 5, 1, 10, 2, 6, 2, 5, 6, 1, 1, 7, 5, 3]
3.5,163,[],[0.06874, 0.03064, 0.05017, 0.03285, 0.07078, 0.02371, 0.04757, 0.02457, 0.06562, 0.02221, 0.02129, 0.04338, 0.04698, 0.02142, 0.02142, 0.02017, 0.02612],[2, 6, 4, 4, 3, 2, 2, 3, 2, 3, 4, 12, 12, 3, 5, 4, 3]
3.5,164,[],[0.02377, 0.02673, 0.03711, 0.02985, 0.02358, 0.02383, 0.02173, 0.02464, 0.10131, 0.03325, 0.02389, 0.04072, 0.02595],[3, 9, 5, 3, 5, 3, 0, 3, 5, 4, 5, 6, 3]
3.5,165,[],[0.03413, 0.02596, 0.02895, 0.02242, 0.02409, 0.02576, 0.02372, 0.07311, 0.02509, 0.03513, 0.02083, 0.02036, 0.12371, 0.0554, 0.03756],[3, 4, 2, 4, 2, 7, 5, 4, 4, 2, 3, 13, 6, 1, 1]
3.5,166,[],[0.0325, 0.07447, 0.11474, 0.02044, 0.0237, 0.0354, 0.04663, 0.03626, 0.03325, 0.03687, 0.02049, 0.02656, 0.15719, 0.02744, 0.02117, 0.04007, 0.02888, 0.05756, 0.02897],[5, 1, 2, 2, 2, 3, 8, 8, 2, 3, 5, 3, 4, 6, 2, 5, 6, 1, 1]
3.5,167,[],[0.02001, 0.07919, 0.06008, 0.06273, 0.02371, 0.05405, 0.02221, 0.02129, 0.04338, 0.04698, 0.02142, 0.02142, 0.02017, 0.02612],[5, 0, 5, 3, 2, 2, 3, 4, 12, 12, 3, 5, 4, 3]
3.5,168,[],[0.02721, 0.02755, 0.02021, 0.06109, 0.02849, 0.02322, 0.03774, 0.0291, 0.02071, 0.04494, 0.06008],[4, 7, 2, 6, 4, 5, 4, 11, 7, 4, 5]
3.5,169,[],[0.06234, 0.02747, 0.02245, 0.02924, 0.02006, 0.11207, 0.02274, 0.05218, 0.02092, 0.03535, 0.05212, 0.05947, 0.02509, 0.06551],[1, 8, 8, 5, 9, 7, 2, 6, 2, 15, 6, 3, 4, 2]
3.5,170,[],[0.07712, 0.03932, 0.0233, 0.03677, 0.03064, 0.02595, 0.10914, 0.03524, 0.04271, 0.05002, 0.03482, 0.02128, 0.08438, 0.03332, 0.03086, 0.02556, 0.02946, 0.03287, 0.02451, 0.04479, 0.03859],[0, 2, 0, 2, 1, 2, 1, 4, 7, 8, 3, 9, 3, 0, 3, 1, 4, 9, 3, 2, 3]
3.5,171,[],[0.02564, 0.07326, 0.02546, 0.03503, 0.02293, 0.15502, 0.02869, 0.05628, 0.02396, 0.04173, 0.02971, 0.0349, 0.06816, 0.03015, 0.02669, 0.04708, 0.0337, 0.02092, 0.03195],[1, 2, 1, 6, 2, 2, 0, 1, 3, 3, 3, 4, 4, 5, 7, 7, 2, 13, 4]
3.5,172,[],[0.02434, 0.03932, 0.0233, 0.03677, 0.03064, 0.02595, 0.10914, 0.03524, 0.04271, 0.05002, 0.03482, 0.02128, 0.08438, 0.03332, 0.03086, 0.02556, 0.02946, 0.03287, 0.02451, 0.04479, 0.03859],[0, 2, 0, 2, 1, 2, 1, 4, 7, 8, 3, 9, 3, 0, 3, 1, 4, 9, 3, 2, 3]
3.5,173,[],[0.07996, 0.02371, 0.04757, 0.03848, 0.03285, 0.077, 0.03064, 0.11031, 0.03365, 0.02346, 0.04865, 0.02392, 0.02542, 0.02956, 0.02451, 0.02251],[6, 2, 2, 3, 3, 5, 6, 4, 2, 7, 13, 5, 6, 3, 5, 5]
3.5,174,[],[0.04634, 0.10707, 0.02744, 0.02117, 0.04007, 0.02888, 0.05756, 0.02897, 0.03886, 0.02187, 0.02549, 0.03336, 0.13235, 0.02874, 0.04808, 0.08191, 0.09703, 0.02566, 0.09379],[2, 5, 6, 2, 5, 6, 1, 1, 8, 10, 6, 7, 3, 2, 5, 5, 1, 2, 0]
3.5,175,[],[0.05889, 0.03932, 0.0233, 0.03677, 0.03064, 0.02595, 0.10914, 0.03524, 0.04271, 0.05002, 0.03482, 0.02128, 0.08438, 0.03332, 0.03086, 0.02556, 0.02946, 0.03287, 0.02451, 0.04479, 0.03859],[2, 2, 0, 2, 1, 2, 1, 4, 7, 8, 3, 9, 3, 0, 3, 1, 4, 9, 3, 2, 3]
3.5,176,[],[0.04824, 0.11207, 0.02744, 0.02117, 0.04007, 0.02888, 0.04632, 0.03987, 0.024, 0.05359, 0.10981, 0.02044, 0.0237, 0.0354, 0.04663, 0.03626, 0.03325, 0.03687],[3, 1, 6, 2, 5, 6, 1, 3, 5, 3, 6, 2, 2, 3, 8, 8, 2, 3]
3.5,177,[],[0.0775, 0.08257, 0.0213, 0.17317, 0.03932, 0.0233, 0.03677, 0.03064, 0.02595, 0.10914, 0.03524, 0.04271, 0.05002, 0.03482, 0.02128, 0.08438, 0.03332, 0.03086, 0.02556, 0.02946],[5, 0, 8, 4, 2, 0, 2, 1, 2, 1, 4, 7, 8, 3, 9, 3, 0, 3, 1, 4]
3.5,178,[],[0.02731, 0.02001, 0.03193, 0.02036, 0.12935, 0.04219, 0.04704, 0.02761, 0.05025, 0.02359, 0.02127, 0.02607, 0.03288, 0.04922, 0.04243, 0.02104, 0.0264],[10, 2, 4, 3, 2, 5, 2, 5, 10, 0, 3, 2, 5, 6, 4, 6, 4]
3.5,179,[],[0.07582, 0.03111, 0.02794, 0.07661, 0.02461, 0.05917, 0.02566, 0.03527, 0.02397, 0.02397, 0.14, 0.08942, 0.02744, 0.02117, 0.04007, 0.02888, 0.05756, 0.02897, 0.03417, 0.03987, 0.0214],[0, 2, 5, 2, 3, 4, 2, 0, 5, 1, 10, 2, 6, 2, 5, 6, 1, 1, 7, 5, 3]
3.5,180,[],[0.03352, 0.08631, 0.04219, 0.04704, 0.02761, 0.05025, 0.02359, 0.02127, 0.02607, 0.03288, 0.04922, 0.04243, 0.02104, 0.0264, 0.03321, 0.02968],[3, 4, 5, 2, 5, 10, 0, 3, 2, 5, 6, 4, 6, 4, 4, 5]
3.5,181,[],[0.08131, 0.02869, 0.05628, 0.02396, 0.04173, 0.02971, 0.0349, 0.06816, 0.03015, 0.02669, 0.04708, 0.0337, 0.02092, 0.03195],[6, 0, 1, 3, 3, 3, 4, 4, 5, 7, 7, 2, 13, 4]
3.5,182,[],[0.02472, 0.02504, 0.03428, 0.05846, 0.02529, 0.06107, 0.02366, 0.04207, 0.07203, 0.02046, 0.02337, 0.02921, 0.02843, 0.04107, 0.02452, 0.03351],[4, 8, 4, 5, 3, 1, 3, 4, 3, 3, 3, 3, 9, 1, 18, 1]
3.5,183,[],[0.02314, 0.02729, 0.04516, 0.02755, 0.02021, 0.06109, 0.02849, 0.02322, 0.03774, 0.0291, 0.02071, 0.04494, 0.06008],[4, 3, 3, 7, 2, 6, 4, 5, 4, 11, 7, 4, 5]
3.5,184,[],[0.02104, 0.11803, 0.02744, 0.02117, 0.04007, 0.02888, 0.05756, 0.02897, 0.03417, 0.03987, 0.13235, 0.02874, 0.04808, 0.08191, 0.09703, 0.02566, 0.09379, 0.02461, 0.0456, 0.02397],[0, 2, 6, 2, 5, 6, 1, 3, 7, 5, 3, 2, 5, 5, 1, 2, 0, 3, 4, 5]
3.5,185,[],[0.02748, 0.02744, 0.02117, 0.04007, 0.02888, 0.05756, 0.02897, 0.03417, 0.03987, 0.13235, 0.02874, 0.04808, 0.08191, 0.09703, 0.02566, 0.09379, 0.02461, 0.0456, 0.02397, 0.02397],[0, 6, 2, 5, 6, 1, 1, 7, 5, 3, 2, 5, 5, 1, 2, 0, 3, 4, 5, 1]
3.5,186,[],[0.02052, 0.02744, 0.02117, 0.04007, 0.02888, 0.05756, 0.02897, 0.03417, 0.03987, 0.13235, 0.02874, 0.04808, 0.08191, 0.09703, 0.02566, 0.09379, 0.02461, 0.0456, 0.02397, 0.02397],[0, 6, 2, 5, 6, 1, 1, 7, 5, 3, 2, 5, 5, 1, 2, 0, 3, 4, 5, 1]
3.5,187,[],[0.05576, 0.02044, 0.0237, 0.0354, 0.04663, 0.03626, 0.03325, 0.03687, 0.02049, 0.02656, 0.15719, 0.02744, 0.02117, 0.04007, 0.02888, 0.05756, 0.02897, 0.03417, 0.03987],[1, 2, 2, 3, 8, 8, 2, 3, 5, 3, 4, 6, 2, 5, 6, 1, 1, 7, 5]
3.5,188,[],[0.02296, 0.10943, 0.02461, 0.05917, 0.02566, 0.03527, 0.02397, 0.02397, 0.14, 0.08942, 0.02744, 0.02117, 0.04007, 0.02888, 0.05756, 0.02897, 0.03417, 0.03987, 0.0214],[2, 2, 3, 4, 2, 0, 5, 1, 10, 2, 6, 2, 5, 6, 1, 1, 7, 5, 3]
3.5,189,[],[0.02732, 0.03932, 0.02067, 0.02153, 0.05719, 0.03677, 0.03064, 0.02595, 0.10914, 0.03524, 0.04271, 0.05002, 0.03482, 0.02128, 0.08438, 0.03332, 0.03086, 0.02556, 0.02946],[0, 0, 2, 1, 4, 2, 1, 2, 1, 4, 7, 8, 3, 9, 3, 0, 3, 1, 4]
3.5,190,[],[0.03822, 0.0257, 0.03406, 0.02726, 0.02468, 0.02574, 0.02084, 0.02288, 0.04254, 0.02773, 0.03902, 0.02558, 0.03646, 0.1099, 0.0554, 0.03756, 0.03409, 0.02812, 0.02323],[3, 1, 4, 2, 3, 4, 1, 5, 1, 1, 6, 2, 7, 9, 1, 1, 8, 9, 5]
3.5,191,[],[0.02026, 0.12444, 0.02744, 0.02117, 0.04007, 0.02888, 0.05756, 0.02897, 0.03417, 0.03987, 0.13235, 0.02874, 0.04808, 0.08191, 0.09703, 0.02566, 0.09379, 0.02461, 0.0456, 0.02397, 0.02397],[1, 2, 6, 2, 5, 6, 1, 1, 7, 5, 3, 2, 5, 5, 1, 2, 0, 3, 4, 5, 1]
3.5,192,[],[0.03205, 0.08767, 0.03325, 0.02389, 0.04072, 0.02595, 0.02116, 0.03301, 0.03711, 0.02985, 0.02358, 0.02383, 0.02173, 0.02464, 0.02, 0.03609],[4, 2, 4, 5, 6, 3, 8, 6, 5, 3, 5, 3, 0, 3, 5, 4]
3.5,193,[],[0.08391, 0.08942, 0.02744, 0.02117, 0.04007, 0.02888, 0.05756, 0.02897, 0.03417, 0.03987, 0.0214, 0.022, 0.02785, 0.02387, 0.02639, 0.0663, 0.03437, 0.02708],[3, 2, 6, 2, 5, 6, 1, 1, 7, 5, 3, 9, 5, 4, 4, 8, 1, 1]
3.5,194,[],[0.02333, 0.12279, 0.03365, 0.05782, 0.03064, 0.05017, 0.03285, 0.07078, 0.02371, 0.04757, 0.02457, 0.06562, 0.02221, 0.02129, 0.04338, 0.04698, 0.02142],[6, 4, 2, 2, 6, 4, 4, 3, 2, 2, 3, 2, 3, 4, 12, 12, 3]
3.5,195,[],[0.02074, 0.02756, 0.04336, 0.0578, 0.02165, 0.11073, 0.03064, 0.05017, 0.03285, 0.07078, 0.02371, 0.04757, 0.02457, 0.06562, 0.02221, 0.02129, 0.04338],[3, 2, 9, 2, 3, 1, 6, 4, 4, 3, 2, 2, 3, 2, 3, 4, 12]
3.5,196,[],[0.13106, 0.03932, 0.0233, 0.03677, 0.03064, 0.02595, 0.10914, 0.03524, 0.04271, 0.05002, 0.03482, 0.02128, 0.08438, 0.03332, 0.03086, 0.02556, 0.02946, 0.03287, 0.02451, 0.04479, 0.03859],[1, 2, 0, 2, 1, 2, 1, 4, 7, 8, 3, 9, 3, 0, 3, 1, 4, 9, 3, 2, 3]
3.5,197,[],[0.0465, 0.02194, 0.07227, 0.02014, 0.06937, 0.07326, 0.02546, 0.03503, 0.02293, 0.15502, 0.02869, 0.05628, 0.02396, 0.04173, 0.02971, 0.0349, 0.06816],[3, 3, 6, 8, 5, 2, 1, 6, 2, 2, 0, 1, 3, 3, 3, 4, 4]
3.5,198,[],[0.03746, 0.03524, 0.04271, 0.05002, 0.14742, 0.03932, 0.0233, 0.03677, 0.03064, 0.02595, 0.06123, 0.02107, 0.02962, 0.04355, 0.02254, 0.03728, 0.02732, 0.02187],[1, 4, 7, 8, 3, 2, 0, 2, 1, 2, 1, 8, 4, 4, 4, 7, 1, 7]
3.5,199,[],[0.04053, 0.05436, 0.02366, 0.04207, 0.07203, 0.02046, 0.02337, 0.02921, 0.02843, 0.04107, 0.02452, 0.03351, 0.08772, 0.02529],[4, 8, 3, 4, 3, 3, 3, 3, 9, 1, 18, 1, 15, 1]

