3.5,0,[],[0.04507, 0.03023, 0.02097, 0.0465, 0.02097, 0.0211, 0.0237, 0.02074, 0.02299, 0.08599, 0.02956, 0.02258, 0.02335, 0.04027, 0.04914, 0.0525, 0.03507, 0.02402],[7, 2, 2, 4, 2, 1, 3, 5, 7, 7, 0, 5, 3, 8, 1, 9, 7, 5]
3.5,1,[],[0.02034, 0.04088, 0.02182, 0.02547, 0.06496, 0.06509, 0.06579, 0.04863, 0.02118, 0.02816, 0.0244, 0.03735, 0.03224, 0.02961, 0.02817, 0.02486],[5, 3, 5, 4, 4, 2, 5, 8, 5, 4, 3, 3, 2, 1, 10, 6]
3.5,2,[],[0.08345, 0.02803, 0.03476, 0.03712, 0.02281, 0.02305, 0.03491, 0.0665, 0.02269, 0.02927, 0.0237, 0.03245, 0.02254, 0.03075, 0.03126, 0.02611, 0.02714, 0.07318],[2, 2, 4, 1, 1, 2, 3, 4, 3, 3, 5, 6, 5, 5, 2, 5, 6, 6]
3.5,3,[],[0.03844, 0.02065, 0.02066, 0.02072, 0.02104, 0.0634, 0.02946, 0.02215, 0.03603, 0.07487, 0.05499, 0.03737, 0.0223, 0.02922, 0.02465, 0.02049],[0, 7, 4, 4, 3, 2, 0, 1, 5, 9, 6, 5, 3, 3, 4, 3]
3.5,4,[],[0.02078, 0.03868, 0.02451, 0.10356, 0.04066, 0.02114, 0.0286, 0.07128, 0.03673, 0.02557, 0.02042, 0.02057, 0.02763, 0.2074, 0.02347],[3, 10, 3, 8, 8, 5, 0, 1, 2, 1, 3, 13, 3, 8, 5]
3.5,5,[],[0.03063, 0.02016, 0.02989, 0.02634, 0.0442, 0.02358, 0.02202, 0.02992, 0.02075, 0.04988, 0.0228, 0.02608, 0.02021, 0.03346, 0.02961, 0.02817],[3, 1, 4, 3, 4, 6, 4, 1, 5, 0, 7, 4, 7, 6, 1, 10]
3.5,6,[],[0.02074, 0.0227, 0.04773, 0.04154, 0.02696, 0.0218, 0.02803, 0.0202, 0.0398, 0.04168, 0.07311, 0.02896, 0.04033, 0.02644, 0.05117, 0.02461, 0.1043, 0.02394],[6, 9, 7, 0, 3, 0, 2, 5, 5, 4, 3, 1, 3, 2, 5, 2, 9, 3]
3.5,7,[],[0.03176, 0.02896, 0.05459, 0.02461, 0.1043, 0.02394, 0.02899, 0.03474, 0.03868, 0.02634, 0.0442, 0.02358, 0.02202, 0.02992, 0.02075, 0.04988, 0.0228, 0.02608],[1, 3, 1, 2, 9, 3, 3, 7, 3, 3, 1, 6, 4, 1, 5, 0, 7, 4]
3.5,8,[],[0.08618, 0.06509, 0.06579, 0.04863, 0.02118, 0.02816, 0.0244, 0.03735, 0.03224, 0.02961, 0.02817, 0.02486, 0.02267, 0.056],[12, 2, 5, 8, 5, 4, 3, 3, 2, 1, 10, 6, 9, 2]
3.5,9,[],[0.04338, 0.03023, 0.02097, 0.0465, 0.02097, 0.0211, 0.0237, 0.02074, 0.02299, 0.08599, 0.02956, 0.02258, 0.02335, 0.04027, 0.04914, 0.0525, 0.03507, 0.02402],[0, 2, 2, 4, 2, 1, 3, 5, 7, 7, 0, 5, 3, 8, 1, 9, 7, 5]
3.5,10,[],[0.03966, 0.02394, 0.02899, 0.03474, 0.03868, 0.02634, 0.0442, 0.02358, 0.02202, 0.02992, 0.02075, 0.04988, 0.0228, 0.02608, 0.02021, 0.03346, 0.02961, 0.02817],[0, 3, 3, 7, 3, 3, 1, 6, 4, 1, 5, 0, 7, 4, 7, 6, 1, 10]
3.5,11,[],[0.03124, 0.02177, 0.03051, 0.04028, 0.03394, 0.02929, 0.02966, 0.03614, 0.16066, 0.0333, 0.02332, 0.0222, 0.02936, 0.02435, 0.03467],[5, 2, 4, 4, 1, 6, 5, 13, 4, 5, 5, 2, 5, 3, 8]
3.5,12,[],[0.037, 0.02441, 0.02495, 0.02642, 0.02934, 0.02093, 0.04314, 0.04633, 0.0525, 0.03507, 0.02402, 0.06838, 0.02956, 0.02258, 0.02335],[3, 8, 1, 3, 5, 2, 2, 12, 9, 7, 5, 10, 0, 5, 3]
3.5,13,[],[0.03611, 0.08926, 0.02803, 0.03476, 0.03712, 0.02281, 0.02305, 0.03491, 0.0665, 0.02269, 0.02927, 0.0237, 0.02019, 0.0214, 0.03595, 0.02902, 0.02928, 0.02004],[1, 2, 2, 4, 1, 1, 2, 3, 4, 3, 3, 5, 4, 4, 14, 1, 8, 9]
3.5,14,[],[0.02715, 0.03137, 0.02267, 0.02615, 0.04812, 0.02702, 0.03545, 0.023, 0.03064, 0.02339, 0.02929, 0.02966, 0.03614],[3, 17, 6, 7, 5, 1, 0, 1, 2, 4, 6, 5, 13]
3.5,15,[],[0.04568, 0.02611, 0.02714, 0.07318, 0.02619, 0.13557, 0.0333, 0.02332, 0.0222, 0.02936, 0.02435, 0.06376, 0.02702, 0.03545, 0.023, 0.03064, 0.02339],[7, 5, 6, 6, 3, 1, 5, 5, 2, 5, 3, 8, 1, 0, 1, 2, 4]
3.5,16,[],[0.05424, 0.05802, 0.06236, 0.03134, 0.02212, 0.04307, 0.03354, 0.02736, 0.05467, 0.04863, 0.06579, 0.06509, 0.02639, 0.05931, 0.07479, 0.03255],[1, 2, 2, 10, 2, 10, 3, 5, 10, 5, 8, 5, 2, 5, 3, 6]
3.5,17,[],[0.05032, 0.04066, 0.02114, 0.0286, 0.07128, 0.03673, 0.02557, 0.02042, 0.02057, 0.02763, 0.2074, 0.02347, 0.02161, 0.03317, 0.0202, 0.03582, 0.0499],[3, 8, 5, 0, 1, 2, 1, 3, 13, 3, 8, 5, 3, 6, 1, 9, 4]
3.5,18,[],[0.11744, 0.02803, 0.03476, 0.03712, 0.02281, 0.02305, 0.03491, 0.0665, 0.02269, 0.02927, 0.0237, 0.02019, 0.0214, 0.03595, 0.02902, 0.02928, 0.02004],[6, 2, 4, 1, 1, 2, 3, 4, 3, 3, 5, 4, 4, 14, 1, 8, 9]
3.5,19,[],[0.03187, 0.0525, 0.03507, 0.02402, 0.06838, 0.02956, 0.02258, 0.02335, 0.04027, 0.05039, 0.02508, 0.05959, 0.02441, 0.02495],[0, 9, 7, 5, 10, 0, 5, 3, 8, 1, 5, 3, 8, 1]
3.5,20,[],[0.02151, 0.06792, 0.02347, 0.02161, 0.03317, 0.0202, 0.03582, 0.08612, 0.03673, 0.02557, 0.02042, 0.02057, 0.02763, 0.08302, 0.03385, 0.0286, 0.02114, 0.04066, 0.02472],[0, 1, 5, 3, 6, 1, 9, 4, 2, 1, 3, 13, 3, 8, 1, 1, 0, 5, 8]
3.5,21,[],[0.05995, 0.02347, 0.02161, 0.03317, 0.0202, 0.03582, 0.08612, 0.03673, 0.02557, 0.02042, 0.02057, 0.02763, 0.08302, 0.03385, 0.0286, 0.02114, 0.04066, 0.02472],[1, 5, 3, 6, 1, 9, 4, 2, 1, 3, 13, 3, 8, 1, 1, 0, 5, 8]
3.5,22,[],[0.05657, 0.02803, 0.03476, 0.03712, 0.02281, 0.02305, 0.03491, 0.0665, 0.02269, 0.02927, 0.0237, 0.02019, 0.0214, 0.03595, 0.02902, 0.02928, 0.02004],[3, 2, 4, 1, 1, 2, 3, 4, 3, 3, 5, 4, 4, 14, 1, 8, 9]
3.5,23,[],[0.05015, 0.02097, 0.13588, 0.02347, 0.02161, 0.03317, 0.0202, 0.03582, 0.08612, 0.03673, 0.02557, 0.02042],[1, 2, 13, 5, 3, 6, 1, 9, 4, 2, 1, 3]
3.5,24,[],[0.05242, 0.04719, 0.04885, 0.0209, 0.02272, 0.02594, 0.02393, 0.02079, 0.02529, 0.07274, 0.02418, 0.02765, 0.13256, 0.03673, 0.02557, 0.02042, 0.02057, 0.02763],[5, 4, 2, 2, 2, 11, 9, 4, 4, 4, 1, 3, 2, 2, 1, 3, 13, 3]
3.5,25,[],[0.05079, 0.02413, 0.10292, 0.0391, 0.02495, 0.11354, 0.02467, 0.02187, 0.05433, 0.03119, 0.04697, 0.04517, 0.02076, 0.04274],[4, 3, 4, 2, 2, 10, 2, 2, 7, 3, 3, 8, 10, 10]
3.5,26,[],[0.02139, 0.03961, 0.02968, 0.02442, 0.03072, 0.0244, 0.03176, 0.02402, 0.02715, 0.02508, 0.04621, 0.02441, 0.02495, 0.02642, 0.02934, 0.02093, 0.04314, 0.04633],[10, 2, 2, 5, 6, 0, 5, 3, 2, 3, 5, 8, 1, 3, 5, 2, 2, 12]
3.5,27,[],[0.03833, 0.02673, 0.02975, 0.07932, 0.05802, 0.06236, 0.03134, 0.02212, 0.04307, 0.03354, 0.02736, 0.05467, 0.04863],[3, 3, 7, 8, 2, 2, 10, 2, 10, 3, 5, 10, 5]
3.5,28,[],[0.02368, 0.03667, 0.05832, 0.02618, 0.03537, 0.02138, 0.08213, 0.04719, 0.04885, 0.0209, 0.02272, 0.02594, 0.02393, 0.02079, 0.02529],[2, 3, 4, 3, 12, 5, 2, 4, 2, 2, 2, 11, 9, 4, 4]
3.5,29,[],[0.03888, 0.03698, 0.02421, 0.13872, 0.02803, 0.03476, 0.03712, 0.02281, 0.02305, 0.03491, 0.0665, 0.02269, 0.02927, 0.0237, 0.02019, 0.0214, 0.03595, 0.02902],[3, 8, 2, 1, 2, 4, 1, 1, 2, 3, 4, 3, 3, 5, 4, 4, 14, 1]
3.5,30,[],[0.02198, 0.04389, 0.02095, 0.04365, 0.03315, 0.03231, 0.02188, 0.0201, 0.03796, 0.04681, 0.04524, 0.03698, 0.11487, 0.02803],[2, 6, 0, 2, 2, 8, 12, 2, 6, 1, 3, 8, 7, 2]
3.5,31,[],[0.03584, 0.03624, 0.02507, 0.04042, 0.03027, 0.04898, 0.02376, 0.10271, 0.02065, 0.02066, 0.02072],[1, 1, 4, 7, 5, 9, 3, 2, 7, 4, 4]
3.5,32,[],[0.02544, 0.02911, 0.02702, 0.03545, 0.023, 0.03064, 0.02339, 0.02929, 0.02966, 0.03614, 0.16066, 0.0333, 0.02332, 0.0222, 0.02936, 0.02435],[1, 3, 1, 0, 1, 2, 4, 6, 5, 13, 11, 5, 5, 2, 5, 3]
3.5,33,[],[0.0251, 0.03759, 0.02693, 0.04994, 0.03315, 0.03064, 0.02095, 0.02501, 0.02188, 0.03734, 0.05932, 0.03698, 0.02421, 0.13872, 0.02803, 0.03476, 0.03712, 0.02281, 0.02305, 0.03491, 0.0665],[2, 0, 4, 8, 2, 3, 0, 2, 2, 14, 1, 8, 2, 1, 2, 4, 1, 1, 2, 3, 4]
3.5,34,[],[0.03304, 0.02269, 0.1436, 0.02803, 0.03476, 0.03712, 0.02281, 0.02305, 0.03491, 0.03656, 0.04178, 0.04797, 0.02438, 0.02017, 0.03282, 0.03577, 0.05134, 0.05688, 0.02097],[3, 3, 3, 2, 4, 1, 1, 2, 3, 4, 3, 6, 4, 4, 1, 8, 6, 5, 2]
3.5,35,[],[0.05497, 0.04863, 0.06579, 0.06509, 0.02639, 0.05931, 0.07479, 0.03255, 0.0251, 0.02048, 0.13083, 0.0333, 0.02332, 0.0222, 0.02936, 0.02435, 0.06376, 0.02702, 0.03545, 0.023],[2, 5, 8, 5, 2, 5, 3, 6, 5, 2, 4, 5, 5, 2, 5, 3, 8, 1, 0, 1]
3.5,36,[],[0.03232, 0.02097, 0.04046, 0.02095, 0.02008, 0.02859, 0.02116, 0.03369, 0.02252, 0.03864, 0.08763, 0.03023, 0.02097, 0.05876, 0.02956],[5, 2, 1, 6, 6, 4, 3, 4, 5, 5, 2, 2, 2, 4, 0]
3.5,37,[],[0.02743, 0.08005, 0.06509, 0.06579, 0.04863, 0.02118, 0.02816, 0.0244, 0.03735, 0.03224, 0.02961, 0.02817, 0.02486, 0.02267, 0.056, 0.02325, 0.02646],[3, 3, 2, 5, 8, 5, 4, 3, 3, 2, 1, 10, 6, 9, 2, 8, 3]
3.5,38,[],[0.03436, 0.03476, 0.03712, 0.02281, 0.02305, 0.03491, 0.0665, 0.02269, 0.02927, 0.0237, 0.02019, 0.0214, 0.03595, 0.02902, 0.02928, 0.02004],[2, 4, 1, 1, 2, 3, 4, 3, 3, 5, 4, 4, 14, 1, 8, 9]
3.5,39,[],[0.04736, 0.0525, 0.03507, 0.02402, 0.06838, 0.02956, 0.02258, 0.02335, 0.04027, 0.05039, 0.02508, 0.05959, 0.02441, 0.02495],[11, 9, 7, 5, 10, 0, 5, 3, 8, 1, 5, 3, 8, 1]
3.5,40,[],[0.0321, 0.03454, 0.03506, 0.06432, 0.02097, 0.0211, 0.0237, 0.02074, 0.02299, 0.07721, 0.03023, 0.02097, 0.02258, 0.03188, 0.02434],[7, 0, 1, 7, 2, 1, 3, 5, 7, 7, 2, 2, 4, 4, 7]
3.5,41,[],[0.02589, 0.03262, 0.02542, 0.0236, 0.02135, 0.09942, 0.0391, 0.02495, 0.11354, 0.02467, 0.02187, 0.05433, 0.03119, 0.04697],[2, 2, 7, 4, 5, 5, 2, 2, 10, 2, 2, 7, 3, 3]
3.5,42,[],[0.04921, 0.06331, 0.02093, 0.03187, 0.02239, 0.02672, 0.02257, 0.03341, 0.02098, 0.02903, 0.07994, 0.02923, 0.0251],[3, 2, 4, 3, 4, 6, 6, 4, 4, 6, 5, 0, 3]
3.5,43,[],[0.06848, 0.02394, 0.02899, 0.03474, 0.03868, 0.02634, 0.0442, 0.02358, 0.02202, 0.02992, 0.02075, 0.04988, 0.0228, 0.02608, 0.02021, 0.03346, 0.02961, 0.02817],[3, 3, 3, 7, 3, 3, 1, 6, 4, 1, 5, 0, 7, 4, 7, 6, 1, 10]
3.5,44,[],[0.06441, 0.0333, 0.02332, 0.0222, 0.02936, 0.02435, 0.06376, 0.02702, 0.03545, 0.023, 0.03064, 0.02339, 0.02929, 0.02966, 0.03614, 0.04647],[1, 5, 5, 2, 5, 3, 8, 1, 0, 1, 2, 4, 6, 5, 13, 11]
3.5,45,[],[0.02017, 0.06242, 0.05499, 0.03737, 0.0784, 0.0448, 0.02065, 0.02066, 0.02072, 0.02104, 0.02205, 0.02957, 0.02726],[3, 4, 6, 5, 3, 0, 7, 4, 4, 3, 2, 5, 7]
3.5,46,[],[0.04537, 0.03624, 0.02239, 0.09418, 0.02413, 0.10292, 0.0391, 0.02495, 0.11354, 0.02467, 0.02187, 0.05433, 0.03119, 0.04697, 0.04517, 0.02076, 0.04274],[2, 1, 3, 5, 3, 4, 2, 2, 10, 2, 2, 7, 3, 3, 8, 10, 10]
3.5,47,[],[0.02485, 0.04154, 0.02696, 0.0218, 0.02803, 0.0202, 0.03874, 0.02119, 0.02271, 0.03549, 0.02304, 0.05899, 0.02451, 0.02763, 0.02084, 0.04416],[1, 0, 3, 0, 2, 5, 4, 7, 3, 6, 0, 6, 4, 2, 2, 10]
3.5,48,[],[0.05927, 0.05802, 0.06236, 0.03134, 0.02212, 0.04307, 0.03354, 0.02736, 0.05467, 0.04863, 0.06579, 0.06509, 0.02639, 0.05931, 0.07479, 0.03255],[2, 2, 2, 10, 2, 10, 3, 5, 10, 5, 8, 5, 2, 5, 3, 6]
3.5,49,[],[0.03829, 0.03119, 0.06867, 0.02467, 0.02187, 0.03415, 0.02117, 0.14093, 0.02347, 0.02161],[5, 0, 4, 2, 2, 11, 10, 6, 5, 3]
3.5,50,[],[0.02119, 0.02508, 0.05959, 0.02441, 0.02495, 0.02642, 0.02934, 0.02093, 0.04314, 0.04633, 0.0525, 0.03507, 0.02402, 0.06838, 0.02956, 0.02258],[2, 5, 3, 8, 1, 3, 5, 2, 2, 12, 9, 7, 5, 10, 0, 5]
3.5,51,[],[0.0209, 0.02714, 0.09237, 0.03023, 0.02097, 0.0465, 0.02097, 0.0211, 0.0237, 0.02074, 0.02299, 0.08599, 0.02956, 0.02258, 0.02335, 0.04027, 0.04914, 0.0525],[5, 0, 8, 2, 2, 4, 2, 1, 3, 5, 7, 7, 0, 5, 3, 8, 1, 9]
3.5,52,[],[0.0265, 0.03458, 0.03225, 0.09307, 0.04066, 0.02114, 0.0286, 0.07128, 0.03673, 0.02557, 0.02042, 0.02057, 0.02763, 0.2074, 0.02347, 0.02161, 0.03317, 0.0202],[3, 0, 3, 4, 8, 5, 0, 1, 2, 1, 3, 13, 3, 8, 5, 3, 6, 1]
3.5,53,[],[0.02979, 0.03673, 0.02557, 0.02042, 0.02057, 0.02763, 0.2074, 0.02347, 0.02161, 0.03317, 0.0202, 0.03582, 0.0499, 0.03129, 0.04216],[1, 2, 1, 3, 13, 3, 8, 5, 3, 6, 1, 9, 4, 8, 1]
3.5,54,[],[0.04399, 0.03698, 0.02421, 0.13872, 0.02803, 0.03476, 0.03712, 0.02281, 0.02305, 0.03491, 0.0665, 0.02269, 0.02927, 0.0237, 0.02019, 0.0214, 0.03595, 0.02902],[1, 8, 5, 0, 2, 4, 1, 1, 2, 3, 4, 3, 3, 5, 4, 4, 14, 1]
3.5,55,[],[0.03058, 0.06217, 0.03673, 0.04196, 0.10849, 0.02347, 0.02161, 0.03317, 0.0202, 0.03582, 0.02335, 0.02292, 0.03688, 0.04216, 0.02953, 0.0271],[6, 0, 2, 1, 2, 5, 3, 6, 1, 9, 4, 6, 10, 1, 6, 5]
3.5,56,[],[0.04235, 0.02968, 0.02442, 0.03072, 0.0244, 0.03176, 0.02402, 0.02715, 0.02508, 0.04621, 0.02441, 0.02495, 0.02642, 0.02934, 0.02093, 0.04314, 0.04633],[8, 2, 5, 6, 0, 5, 3, 2, 3, 5, 8, 1, 3, 5, 2, 2, 12]
3.5,57,[],[0.037, 0.02182, 0.02547, 0.06496, 0.06509, 0.06579, 0.04863, 0.02118, 0.02816, 0.0244, 0.03735, 0.03224, 0.02961, 0.02817, 0.02486, 0.02267, 0.056],[1, 5, 4, 4, 2, 5, 8, 5, 4, 3, 3, 2, 1, 10, 6, 9, 2]
3.5,58,[],[0.04229, 0.02968, 0.02442, 0.03072, 0.0244, 0.03176, 0.02402, 0.02715, 0.02508, 0.04621, 0.02441, 0.02495, 0.02642, 0.02934, 0.02093, 0.04314, 0.04633],[1, 2, 5, 6, 0, 5, 3, 2, 3, 5, 8, 1, 3, 5, 2, 2, 12]
3.5,59,[],[0.0231, 0.02048, 0.0251, 0.03255, 0.03747, 0.04349, 0.08005, 0.06509, 0.06579, 0.04863, 0.02118, 0.02816, 0.0244, 0.03735, 0.03224, 0.02961, 0.02817],[4, 4, 2, 3, 6, 3, 3, 2, 5, 8, 5, 4, 3, 3, 2, 1, 10]
3.5,60,[],[0.0319, 0.02896, 0.04033, 0.02644, 0.05117, 0.02461, 0.1043, 0.02394, 0.02899, 0.03474, 0.03868, 0.02634, 0.0442, 0.02358, 0.02202, 0.02992, 0.02075, 0.04988, 0.0228, 0.02608],[4, 1, 3, 2, 5, 2, 9, 3, 3, 7, 3, 3, 1, 6, 4, 1, 5, 0, 7, 4]
3.5,61,[],[0.03598, 0.03023, 0.02097, 0.0465, 0.02097, 0.0211, 0.0237, 0.02074, 0.02299, 0.08599, 0.02956, 0.02258, 0.02335, 0.04027, 0.04914, 0.0525, 0.03507, 0.02402],[1, 2, 2, 4, 2, 1, 3, 5, 7, 7, 0, 5, 3, 8, 1, 9, 7, 5]
3.5,62,[],[0.02768, 0.02418, 0.02765, 0.13256, 0.03673, 0.02557, 0.02042, 0.02057, 0.02763, 0.2074, 0.02347, 0.02161, 0.03317, 0.0202, 0.03582],[4, 1, 3, 2, 2, 1, 3, 13, 3, 8, 5, 3, 6, 1, 9]
3.5,63,[],[0.02087, 0.03172, 0.08069, 0.04154, 0.02696, 0.0218, 0.02803, 0.0202, 0.03874, 0.02119, 0.02271, 0.03549, 0.02304, 0.05899, 0.02451, 0.02763, 0.02084, 0.04416],[1, 5, 3, 0, 3, 0, 2, 5, 4, 7, 3, 6, 0, 6, 4, 2, 2, 10]
3.5,64,[],[0.03309, 0.02608, 0.0228, 0.0368, 0.02961, 0.02896, 0.02358, 0.04018, 0.02634, 0.02229, 0.02387],[1, 7, 5, 18, 1, 3, 3, 9, 3, 1, 5]
3.5,65,[],[0.05641, 0.02619, 0.13557, 0.0333, 0.02332, 0.0222, 0.02936, 0.02435, 0.06376, 0.02702, 0.03545, 0.023, 0.03064, 0.02339, 0.02929, 0.02966, 0.03614],[3, 3, 1, 5, 5, 2, 5, 3, 8, 1, 0, 1, 2, 4, 6, 5, 13]
3.5,66,[],[0.04029, 0.03698, 0.02213, 0.10606, 0.06331, 0.02093, 0.03187, 0.02239, 0.02672, 0.02257, 0.03341, 0.02098, 0.02903, 0.07994, 0.02923, 0.0251],[7, 1, 7, 5, 2, 4, 3, 4, 6, 6, 4, 4, 6, 5, 0, 3]
3.5,67,[],[0.10621, 0.02803, 0.03476, 0.03712, 0.02281, 0.02305, 0.03491, 0.0665, 0.02269, 0.02927, 0.0237, 0.02019, 0.0214, 0.03595, 0.02902, 0.02928, 0.02004],[0, 2, 4, 1, 1, 2, 3, 4, 3, 3, 5, 4, 4, 14, 1, 8, 9]
3.5,68,[],[0.03014, 0.05802, 0.03486, 0.03134, 0.03377, 0.04307, 0.03354, 0.02736, 0.05467, 0.04863, 0.06579, 0.06509, 0.02639, 0.05931, 0.07479, 0.03255],[0, 2, 2, 2, 10, 10, 3, 5, 10, 5, 8, 5, 2, 5, 3, 6]
3.5,69,[],[0.07695, 0.04719, 0.04885, 0.0209, 0.02272, 0.02594, 0.02393, 0.02079, 0.02529, 0.07274, 0.02418, 0.02765, 0.13256, 0.03673, 0.02557, 0.02042, 0.02057, 0.02763],[3, 4, 2, 2, 2, 11, 9, 4, 4, 4, 1, 3, 2, 2, 1, 3, 13, 3]
3.5,70,[],[0.04343, 0.02394, 0.02899, 0.03474, 0.03868, 0.02634, 0.0442, 0.02358, 0.02202, 0.02992, 0.02075, 0.04988, 0.0228, 0.02608, 0.02021, 0.03346, 0.02961, 0.02817],[1, 3, 3, 7, 3, 3, 1, 6, 4, 1, 5, 0, 7, 4, 7, 6, 1, 10]
3.5,71,[],[0.02725, 0.02182, 0.02547, 0.06496, 0.06509, 0.06579, 0.04863, 0.02118, 0.02816, 0.0244, 0.03735, 0.03224, 0.02961, 0.02817, 0.02486, 0.02267, 0.056],[3, 5, 4, 4, 2, 5, 8, 5, 4, 3, 3, 2, 1, 10, 6, 9, 2]
3.5,72,[],[0.02141, 0.02149, 0.05576, 0.05688, 0.02097, 0.13588, 0.02347, 0.02161, 0.03317, 0.0202, 0.03582, 0.08612, 0.03673, 0.02557, 0.02042],[3, 4, 9, 5, 2, 13, 5, 3, 6, 1, 9, 4, 2, 1, 3]
3.5,73,[],[0.03026, 0.02714, 0.04479, 0.05366, 0.03023, 0.02097, 0.0465, 0.02097, 0.0211, 0.0237, 0.02074, 0.02299, 0.08599, 0.02956, 0.02258, 0.02335, 0.04027, 0.04914],[4, 8, 3, 2, 2, 2, 4, 2, 1, 3, 5, 7, 7, 0, 5, 3, 8, 1]
3.5,74,[],[0.05066, 0.02097, 0.0211, 0.0237, 0.02074, 0.02299, 0.07721, 0.03023, 0.02097, 0.05876, 0.02956, 0.02258, 0.02335, 0.04027, 0.04914, 0.0525],[2, 2, 1, 3, 5, 7, 7, 2, 2, 4, 0, 5, 3, 8, 1, 9]
3.5,75,[],[0.02222, 0.04921, 0.03315, 0.03064, 0.02095, 0.02501, 0.02188, 0.03734, 0.05932, 0.03698, 0.02421, 0.13872, 0.02803, 0.03476, 0.03712, 0.02281, 0.02305, 0.03491, 0.0665],[6, 2, 2, 3, 0, 2, 2, 14, 1, 8, 2, 1, 2, 4, 1, 1, 2, 3, 4]
3.5,76,[],[0.02885, 0.0391, 0.02495, 0.11354, 0.02467, 0.02187, 0.05433, 0.03119, 0.04697, 0.04517, 0.02076, 0.04274],[1, 2, 2, 10, 2, 2, 7, 3, 3, 8, 10, 10]
3.5,77,[],[0.03755, 0.02923, 0.12126, 0.02093, 0.07169, 0.04051, 0.02903, 0.02098, 0.02098, 0.02858, 0.03592, 0.02407, 0.02667, 0.03469, 0.03185, 0.05967],[4, 0, 3, 4, 2, 2, 5, 6, 4, 5, 3, 9, 6, 7, 4, 3]
3.5,78,[],[0.07486, 0.03624, 0.02239, 0.09418, 0.02413, 0.10292, 0.0391, 0.02495, 0.11354, 0.02467, 0.02187, 0.05433, 0.03119, 0.04697, 0.04517, 0.02076, 0.04274],[1, 1, 3, 5, 3, 4, 2, 2, 10, 2, 2, 7, 3, 3, 8, 10, 10]
3.5,79,[],[0.02204, 0.02413, 0.02376, 0.06991, 0.0391, 0.02495, 0.11354, 0.02467, 0.02187, 0.05433, 0.03119, 0.04697, 0.04517, 0.02076],[3, 0, 5, 4, 2, 2, 10, 2, 2, 7, 3, 3, 8, 10]
3.5,80,[],[0.03928, 0.02338, 0.02857, 0.03567, 0.0512, 0.15142, 0.02347, 0.02161, 0.03317, 0.0202, 0.03582, 0.08612, 0.03673, 0.02557, 0.02042, 0.02057, 0.02763, 0.08302, 0.03385],[2, 1, 1, 4, 3, 1, 5, 3, 6, 1, 9, 4, 2, 1, 3, 13, 3, 8, 1]
3.5,81,[],[0.06564, 0.04719, 0.04885, 0.0209, 0.02272, 0.02594, 0.02393, 0.02079, 0.02529, 0.07274, 0.02418, 0.02765, 0.13256, 0.03673, 0.02557, 0.02042, 0.02057, 0.02763],[2, 4, 2, 2, 2, 11, 9, 4, 4, 4, 1, 3, 2, 2, 1, 3, 13, 3]
3.5,82,[],[0.05063, 0.02441, 0.02495, 0.02642, 0.02934, 0.02093, 0.04314, 0.04633, 0.0525, 0.03507, 0.02402, 0.06838, 0.02956, 0.02258, 0.02335],[0, 8, 1, 3, 5, 2, 2, 12, 9, 7, 5, 10, 0, 5, 3]
3.5,83,[],[0.04999, 0.02338, 0.02857, 0.03567, 0.0512, 0.15142, 0.02347, 0.02161, 0.03317, 0.0202, 0.03582, 0.08612, 0.03673, 0.02557, 0.02042, 0.02057, 0.02763, 0.08302, 0.03385],[2, 1, 1, 4, 3, 1, 5, 3, 6, 1, 9, 4, 2, 1, 3, 13, 3, 8, 1]
3.5,84,[],[0.02383, 0.02451, 0.02763, 0.02084, 0.04416, 0.0376, 0.04546, 0.02074, 0.0227, 0.04773, 0.04154],[0, 4, 2, 2, 10, 4, 6, 6, 9, 7, 0]
3.5,85,[],[0.0664, 0.023, 0.03943, 0.02702, 0.02856, 0.03051, 0.02339, 0.02929, 0.02966, 0.03614, 0.16066, 0.0333, 0.02332, 0.0222, 0.02936, 0.02435, 0.03467],[8, 1, 0, 1, 3, 4, 4, 6, 5, 13, 4, 5, 5, 2, 5, 3, 8]
3.5,86,[],[0.06317, 0.06509, 0.02639, 0.05931, 0.07479, 0.03255, 0.0251, 0.02048, 0.13083, 0.0333, 0.02332, 0.0222, 0.02936, 0.02435, 0.06376, 0.02702, 0.03545, 0.023, 0.03064, 0.02339],[4, 5, 2, 5, 3, 6, 5, 2, 4, 5, 5, 2, 5, 3, 8, 1, 0, 1, 2, 4]
3.5,87,[],[0.05012, 0.02347, 0.02161, 0.03317, 0.0202, 0.03582, 0.08612, 0.03673, 0.02557, 0.02042, 0.02057, 0.02763, 0.08302, 0.03385, 0.0286, 0.02114, 0.04066, 0.02472],[0, 5, 3, 6, 1, 9, 4, 2, 1, 3, 13, 3, 8, 1, 1, 0, 5, 8]
3.5,88,[],[0.03249, 0.09557, 0.0333, 0.02332, 0.0222, 0.02936, 0.02435, 0.06376, 0.02702, 0.03545, 0.023, 0.03064, 0.02339, 0.02929, 0.02966, 0.03614, 0.04647],[5, 0, 5, 5, 2, 5, 3, 8, 1, 0, 1, 2, 4, 6, 5, 13, 11]
3.5,89,[],[0.02001, 0.02252, 0.03679, 0.08763, 0.03023, 0.02097, 0.0465, 0.02097, 0.0211, 0.0237, 0.02074, 0.02299, 0.08599, 0.02956, 0.02258, 0.02335, 0.04027, 0.04914],[1, 0, 7, 2, 2, 2, 4, 2, 1, 3, 5, 7, 7, 0, 5, 3, 8, 1]
3.5,90,[],[0.06216, 0.02394, 0.02899, 0.03474, 0.03868, 0.02634, 0.0442, 0.02358, 0.02202, 0.02992, 0.02075, 0.04988, 0.0228, 0.02608, 0.02021, 0.03346, 0.02961, 0.02817],[0, 3, 3, 7, 3, 3, 1, 6, 4, 1, 5, 0, 7, 4, 7, 6, 1, 10]
3.5,91,[],[0.03336, 0.03409, 0.02768, 0.02554, 0.03195, 0.02429, 0.0633, 0.08926, 0.02803, 0.03476, 0.03712, 0.02281, 0.02305, 0.03491, 0.0665, 0.02269, 0.02927],[6, 4, 2, 7, 11, 3, 3, 2, 2, 4, 1, 1, 2, 3, 4, 3, 3]
3.5,92,[],[0.05682, 0.06509, 0.06579, 0.04863, 0.02118, 0.02816, 0.0244, 0.03735, 0.03224, 0.02961, 0.02817, 0.02486, 0.02267, 0.056, 0.02325, 0.02646, 0.06513],[0, 2, 5, 8, 5, 4, 3, 3, 2, 1, 10, 6, 9, 2, 8, 3, 5]
3.5,93,[],[0.02562, 0.03137, 0.02561, 0.02798, 0.04812, 0.02702, 0.03545, 0.023, 0.03064, 0.02339, 0.02929, 0.02966, 0.03614],[2, 6, 18, 7, 5, 1, 0, 1, 2, 4, 6, 5, 13]
3.5,94,[],[0.02594, 0.02093, 0.02568, 0.02441, 0.02495, 0.02642, 0.05436, 0.02636, 0.02225, 0.05707, 0.02968, 0.08419, 0.03624, 0.02507],[5, 2, 2, 8, 1, 3, 5, 3, 3, 16, 5, 2, 1, 4]
3.5,95,[],[0.05163, 0.0333, 0.02332, 0.0222, 0.02936, 0.02435, 0.06376, 0.02702, 0.03545, 0.023, 0.03064, 0.02339, 0.02929, 0.02966, 0.03614, 0.04647],[9, 5, 5, 2, 5, 3, 8, 1, 0, 1, 2, 4, 6, 5, 13, 11]
3.5,96,[],[0.02181, 0.04315, 0.02095, 0.03064, 0.03315, 0.05206, 0.03759, 0.02693, 0.0208, 0.02084, 0.02566, 0.02056, 0.02485, 0.02938],[7, 5, 2, 2, 7, 2, 0, 4, 8, 5, 3, 4, 5, 4]
3.5,97,[],[0.03945, 0.03624, 0.02239, 0.09418, 0.02413, 0.10292, 0.0391, 0.02495, 0.11354, 0.02467, 0.02187, 0.05433, 0.03119, 0.04697, 0.04517, 0.02076, 0.04274],[0, 1, 3, 5, 3, 4, 2, 2, 10, 2, 2, 7, 3, 3, 8, 10, 10]
3.5,98,[],[0.02554, 0.03747, 0.03255, 0.0251, 0.02048, 0.13083, 0.0333, 0.02332, 0.0222, 0.02936, 0.02435, 0.06376, 0.02702, 0.03545, 0.023, 0.03064, 0.02339, 0.02929, 0.02966],[0, 1, 6, 5, 2, 4, 5, 5, 2, 5, 3, 8, 1, 0, 1, 2, 4, 6, 5]
3.5,99,[],[0.02276, 0.03185, 0.05967, 0.0333, 0.02332, 0.0222, 0.02936, 0.02435, 0.06376, 0.02702, 0.03545, 0.023, 0.03064, 0.02339, 0.02929, 0.02966],[4, 4, 3, 5, 5, 2, 5, 3, 8, 1, 0, 1, 2, 4, 6, 5]
3.5,100,[],[0.03, 0.02008, 0.03766, 0.02167, 0.02327, 0.05772, 0.02071, 0.07879, 0.06509, 0.02639, 0.05931, 0.07479, 0.03255, 0.0251, 0.02048],[9, 6, 4, 3, 5, 6, 4, 3, 5, 2, 5, 3, 6, 5, 2]
3.5,101,[],[0.03237, 0.02438, 0.05309, 0.02269, 0.1436, 0.02803, 0.03476, 0.03712, 0.02281, 0.02305, 0.03491, 0.03656, 0.04178, 0.02775, 0.03282, 0.03577, 0.05134],[6, 4, 4, 3, 3, 2, 4, 1, 1, 2, 3, 4, 3, 6, 1, 8, 6]
3.5,102,[],[0.03073, 0.07168, 0.02065, 0.02066, 0.02072, 0.02104, 0.0634, 0.02946, 0.02215, 0.03603, 0.07487, 0.05499, 0.03737, 0.0223, 0.02922, 0.02465, 0.02049],[4, 3, 7, 4, 4, 3, 2, 0, 1, 5, 9, 6, 5, 3, 3, 4, 3]
3.5,103,[],[0.02175, 0.02673, 0.07487, 0.05802, 0.06236, 0.03134, 0.02212, 0.04307, 0.03354, 0.02736, 0.05467, 0.04863, 0.06579],[2, 9, 6, 2, 2, 10, 2, 10, 3, 5, 10, 5, 8]
3.5,104,[],[0.04161, 0.05802, 0.06236, 0.03134, 0.02212, 0.04307, 0.03354, 0.02736, 0.05467, 0.04863, 0.06579, 0.06509, 0.02639, 0.05931, 0.07479, 0.03255],[2, 2, 2, 10, 2, 10, 3, 5, 10, 5, 8, 5, 2, 5, 3, 6]
3.5,105,[],[0.02693, 0.02464, 0.04009, 0.03483, 0.08958, 0.02803, 0.03476, 0.03712, 0.02281, 0.02305, 0.03491, 0.0665, 0.02269, 0.02927, 0.0237, 0.02019, 0.0214],[5, 4, 1, 2, 7, 2, 4, 1, 1, 2, 3, 4, 3, 3, 5, 4, 4]
3.5,106,[],[0.02368, 0.03016, 0.0228, 0.03872, 0.02008, 0.02108, 0.07318, 0.02194, 0.02576, 0.02905],[0, 11, 3, 7, 6, 3, 3, 3, 10, 2]
3.5,107,[],[0.07141, 0.06509, 0.06579, 0.04863, 0.02118, 0.02816, 0.0244, 0.03735, 0.03224, 0.02961, 0.02817, 0.02486, 0.02267, 0.056, 0.02325, 0.02646, 0.06513],[0, 2, 5, 8, 5, 4, 3, 3, 2, 1, 10, 6, 9, 2, 8, 3, 5]
3.5,108,[],[0.02744, 0.09789, 0.04719, 0.04885, 0.0209, 0.02272, 0.02594, 0.02393, 0.02079, 0.02529, 0.07274, 0.02418, 0.02765, 0.13256, 0.03673, 0.02557, 0.02042],[2, 9, 4, 2, 2, 2, 11, 9, 4, 4, 4, 1, 3, 2, 2, 1, 3]
3.5,109,[],[0.02719, 0.03507, 0.0525, 0.05347, 0.02956, 0.02258, 0.02335, 0.04027, 0.05039, 0.02508, 0.05959, 0.02441, 0.02495, 0.02642, 0.02934, 0.02093, 0.04314],[1, 5, 7, 9, 0, 5, 3, 8, 1, 5, 3, 8, 1, 3, 5, 2, 2]
3.5,110,[],[0.06984, 0.02347, 0.02161, 0.03317, 0.0202, 0.03582, 0.08612, 0.03673, 0.02557, 0.02042, 0.02057, 0.02763, 0.08302, 0.03385, 0.0286, 0.02114, 0.04066, 0.02472],[2, 5, 3, 6, 1, 9, 4, 2, 1, 3, 13, 3, 8, 1, 1, 0, 5, 8]
3.5,111,[],[0.02148, 0.02737, 0.02619, 0.13557, 0.0333, 0.02332, 0.0222, 0.02936, 0.02435, 0.06376, 0.02702, 0.03545, 0.023, 0.03064, 0.02339, 0.02929, 0.02966, 0.03614],[0, 1, 3, 1, 5, 5, 2, 5, 3, 8, 1, 0, 1, 2, 4, 6, 5, 13]
3.5,112,[],[0.02827, 0.02347, 0.02161, 0.03317, 0.0202, 0.03582, 0.08612, 0.03673, 0.02557, 0.02042, 0.02057, 0.02763, 0.08302, 0.03385, 0.0286, 0.02114, 0.04066, 0.02472],[1, 5, 3, 6, 1, 9, 4, 2, 1, 3, 13, 3, 8, 1, 1, 0, 5, 8]
3.5,113,[],[0.02748, 0.03496, 0.02213, 0.02235, 0.02903, 0.02083, 0.02555, 0.11773, 0.03119, 0.08368, 0.02467, 0.02187, 0.03415, 0.02117, 0.14093, 0.02347],[1, 1, 7, 7, 3, 1, 3, 2, 3, 3, 2, 2, 11, 10, 6, 5]
3.5,114,[],[0.06138, 0.02167, 0.02195, 0.02008, 0.02389, 0.0849, 0.0333, 0.02332, 0.0222, 0.02936, 0.02435, 0.06376, 0.02702, 0.03545, 0.023, 0.03064],[4, 3, 3, 4, 6, 8, 5, 5, 2, 5, 3, 8, 1, 0, 1, 2]
3.5,115,[],[0.05012, 0.02269, 0.1436, 0.02803, 0.03476, 0.03712, 0.02281, 0.02305, 0.03491, 0.03656, 0.04178, 0.04797, 0.02438, 0.02017, 0.03282, 0.03577, 0.05134, 0.05688, 0.02097],[3, 3, 3, 2, 4, 1, 1, 2, 3, 4, 3, 6, 4, 4, 1, 8, 6, 5, 2]
3.5,116,[],[0.05184, 0.06509, 0.06579, 0.04863, 0.02118, 0.02816, 0.0244, 0.03735, 0.03224, 0.02961, 0.02817, 0.02486, 0.02267, 0.056, 0.02325, 0.02646, 0.06513],[1, 2, 5, 8, 5, 4, 3, 3, 2, 1, 10, 6, 9, 2, 8, 3, 5]
3.5,117,[],[0.02686, 0.02923, 0.13864, 0.02093, 0.07169, 0.04051, 0.02903, 0.02098, 0.02098, 0.02858, 0.03592, 0.02407, 0.02667, 0.03469, 0.03185, 0.05967],[8, 2, 0, 4, 2, 2, 5, 6, 4, 5, 3, 9, 6, 7, 4, 3]
3.5,118,[],[0.02155, 0.02465, 0.02777, 0.02451, 0.10356, 0.04066, 0.02114, 0.0286, 0.07128, 0.03673, 0.02557, 0.02042, 0.02057, 0.02763, 0.2074, 0.02347, 0.02161],[2, 4, 2, 9, 3, 8, 5, 0, 1, 2, 1, 3, 13, 3, 8, 5, 3]
3.5,119,[],[0.02273, 0.02213, 0.10293, 0.05802, 0.06236, 0.03134, 0.02212, 0.04307, 0.03354, 0.02736, 0.05467, 0.04863, 0.06579],[4, 3, 7, 2, 2, 10, 2, 10, 3, 5, 10, 5, 8]
3.5,120,[],[0.04804, 0.02338, 0.02857, 0.03567, 0.0512, 0.15142, 0.02347, 0.02161, 0.03317, 0.0202, 0.03582, 0.08612, 0.03673, 0.02557, 0.02042, 0.02057, 0.02763, 0.08302, 0.03385],[3, 1, 1, 4, 3, 1, 5, 3, 6, 1, 9, 4, 2, 1, 3, 13, 3, 8, 1]
3.5,121,[],[0.04942, 0.04719, 0.02218, 0.02732, 0.02216, 0.05534, 0.02618, 0.03537, 0.02138, 0.02278, 0.02097, 0.03901],[0, 2, 5, 2, 6, 7, 3, 12, 5, 2, 3, 7]
3.5,122,[],[0.02098, 0.0321, 0.03496, 0.02213, 0.02235, 0.02903, 0.02083, 0.02555, 0.11773, 0.03119, 0.08368, 0.02467, 0.02187, 0.03415, 0.02117, 0.14093, 0.02347],[2, 3, 1, 7, 7, 3, 1, 3, 2, 3, 3, 2, 2, 11, 10, 6, 5]
3.5,123,[],[0.02767, 0.04147, 0.02065, 0.02066, 0.02072, 0.02104, 0.0634, 0.02946, 0.02215, 0.02267, 0.02326, 0.02935],[3, 0, 7, 4, 4, 3, 2, 5, 7, 5, 4, 4]
3.5,124,[],[0.03668, 0.03747, 0.04349, 0.08005, 0.06509, 0.06579, 0.04863, 0.02118, 0.02816, 0.0244, 0.03735, 0.03224, 0.02961, 0.02817, 0.02486, 0.02267, 0.056],[3, 6, 3, 3, 2, 5, 8, 5, 4, 3, 3, 2, 1, 10, 6, 9, 2]
3.5,125,[],[0.02681, 0.0206, 0.05304, 0.07117, 0.02269, 0.1436, 0.02803, 0.03476, 0.03712, 0.02281, 0.02305, 0.03491, 0.03656, 0.02211, 0.029],[6, 5, 13, 6, 3, 3, 2, 4, 1, 1, 2, 3, 4, 3, 7]
3.5,126,[],[0.02586, 0.0589, 0.03673, 0.02557, 0.02042, 0.02057, 0.02763, 0.2074, 0.02347, 0.02161, 0.03317, 0.0202, 0.03582, 0.02335, 0.02292],[3, 2, 2, 1, 3, 13, 3, 8, 5, 3, 6, 1, 9, 4, 6]
3.5,127,[],[0.11682, 0.02803, 0.03476, 0.03712, 0.02281, 0.02305, 0.03491, 0.0665, 0.02269, 0.02927, 0.0237, 0.02019, 0.0214, 0.03595, 0.02902, 0.02928, 0.02004],[2, 2, 4, 1, 1, 2, 3, 4, 3, 3, 5, 4, 4, 14, 1, 8, 9]
3.5,128,[],[0.06698, 0.04051, 0.02903, 0.02098, 0.02098, 0.02858, 0.03592, 0.02407, 0.02667, 0.03469, 0.03185, 0.05967],[2, 2, 5, 6, 4, 5, 3, 9, 6, 7, 4, 3]
3.5,129,[],[0.0349, 0.02817, 0.02961, 0.02252, 0.02211, 0.02351, 0.04413, 0.02608, 0.0228],[1, 5, 7, 1, 4, 7, 2, 7, 5]
3.5,130,[],[0.03703, 0.02338, 0.02857, 0.03567, 0.0512, 0.15142, 0.02347, 0.02161, 0.03317, 0.0202, 0.03582, 0.08612, 0.03673, 0.02557, 0.02042, 0.02057, 0.02763, 0.08302, 0.03385],[3, 1, 1, 4, 3, 1, 5, 3, 6, 1, 9, 4, 2, 1, 3, 13, 3, 8, 1]
3.5,131,[],[0.07378, 0.02413, 0.10292, 0.0391, 0.02495, 0.11354, 0.02467, 0.02187, 0.05433, 0.03119, 0.04697, 0.04517, 0.02076, 0.04274],[3, 3, 4, 2, 2, 10, 2, 2, 7, 3, 3, 8, 10, 10]
3.5,132,[],[0.04373, 0.04066, 0.02114, 0.0286, 0.07128, 0.03673, 0.02557, 0.02042, 0.02057, 0.02763, 0.2074, 0.02347, 0.02161, 0.03317, 0.0202, 0.03582, 0.0499],[4, 8, 5, 0, 1, 2, 1, 3, 13, 3, 8, 5, 3, 6, 1, 9, 4]
3.5,133,[],[0.06011, 0.03496, 0.02213, 0.02235, 0.02903, 0.02083, 0.02555, 0.11773, 0.03119, 0.08368, 0.02467, 0.02187, 0.03415, 0.02117, 0.14093, 0.02347],[7, 1, 7, 7, 3, 1, 3, 2, 3, 3, 2, 2, 11, 10, 6, 5]
3.5,134,[],[0.02947, 0.03255, 0.0251, 0.02048, 0.13083, 0.0333, 0.02332, 0.0222, 0.02936, 0.02435, 0.06376, 0.02702, 0.03545, 0.023, 0.03064, 0.02339, 0.02929, 0.02966],[1, 6, 5, 2, 4, 5, 5, 2, 5, 3, 8, 1, 0, 1, 2, 4, 6, 5]
3.5,135,[],[0.02999, 0.07898, 0.02394, 0.02899, 0.03474, 0.03868, 0.02634, 0.0442, 0.02358, 0.02202, 0.02992, 0.02075, 0.04988, 0.0228, 0.02608, 0.02021],[9, 10, 3, 3, 7, 3, 3, 1, 6, 4, 1, 5, 0, 7, 4, 7]
3.5,136,[],[0.02047, 0.04115, 0.02508, 0.05959, 0.02441, 0.02495, 0.02642, 0.02934, 0.02093, 0.04314, 0.04633, 0.0525, 0.03507],[5, 3, 5, 15, 8, 1, 3, 5, 2, 2, 12, 9, 7]
3.5,137,[],[0.04955, 0.06509, 0.02639, 0.05931, 0.07479, 0.03255, 0.0251, 0.02048, 0.13083, 0.0333, 0.02332, 0.0222, 0.02936, 0.02435, 0.06376, 0.02702, 0.03545, 0.023, 0.03064, 0.02339],[3, 5, 2, 5, 3, 6, 5, 2, 4, 5, 5, 2, 5, 3, 8, 1, 0, 1, 2, 4]
3.5,138,[],[0.02275, 0.02435, 0.06952, 0.0333, 0.02332, 0.0222, 0.06977, 0.02702, 0.03545, 0.023, 0.03064, 0.02339, 0.02929, 0.02966, 0.03614],[3, 8, 3, 5, 5, 3, 5, 1, 0, 1, 2, 4, 6, 5, 13]
3.5,139,[],[0.02324, 0.02444, 0.02635, 0.02067, 0.08094, 0.03119, 0.06867, 0.02467, 0.02187, 0.03415, 0.02117, 0.14093],[2, 4, 6, 5, 11, 0, 4, 2, 2, 11, 10, 6]
3.5,140,[],[0.02006, 0.02896, 0.04033, 0.02644, 0.05117, 0.02461, 0.1043, 0.02394, 0.02899, 0.03474, 0.03868, 0.02634, 0.0442, 0.02358, 0.02202, 0.02992, 0.02075, 0.04988, 0.0228, 0.02608],[1, 1, 3, 2, 5, 2, 9, 3, 3, 7, 3, 3, 1, 6, 4, 1, 5, 0, 7, 4]
3.5,141,[],[0.0249, 0.02938, 0.05754, 0.03133, 0.0396, 0.02053, 0.02154, 0.02352, 0.03623, 0.02269, 0.1436, 0.02803, 0.03476, 0.03712, 0.02281, 0.02305],[3, 4, 5, 2, 2, 2, 0, 6, 2, 3, 3, 2, 4, 1, 1, 2]
3.5,142,[],[0.03734, 0.03747, 0.04349, 0.08005, 0.06509, 0.06579, 0.04863, 0.02118, 0.02816, 0.0244, 0.03735, 0.03224, 0.02961, 0.02817, 0.02486, 0.02267, 0.056],[3, 6, 3, 3, 2, 5, 8, 5, 4, 3, 3, 2, 1, 10, 6, 9, 2]
3.5,143,[],[0.03023, 0.08945, 0.06509, 0.06579, 0.04863, 0.02118, 0.02816, 0.0244, 0.03735, 0.03224, 0.02961, 0.02817, 0.02486, 0.02267, 0.056, 0.02325],[1, 7, 2, 5, 8, 5, 4, 3, 3, 2, 1, 10, 6, 9, 2, 8]
3.5,144,[],[0.02151, 0.02347, 0.0543, 0.04236, 0.03434, 0.08631, 0.02467, 0.02187, 0.05433, 0.03119, 0.04697, 0.11822, 0.0391, 0.02495, 0.05367],[0, 0, 8, 2, 5, 6, 2, 2, 7, 3, 3, 7, 2, 2, 11]
3.5,145,[],[0.02518, 0.02938, 0.02485, 0.03598, 0.03759, 0.02693, 0.04994, 0.03315, 0.03064, 0.02095, 0.02501, 0.02188, 0.03734, 0.05932, 0.03698, 0.02421, 0.13872, 0.02803, 0.03476],[4, 5, 4, 5, 0, 4, 8, 2, 3, 0, 2, 2, 14, 1, 8, 2, 1, 2, 4]
3.5,146,[],[0.0476, 0.02803, 0.02118, 0.04309, 0.05143, 0.05009, 0.02247, 0.02059, 0.0289, 0.02154, 0.02024],[4, 0, 5, 3, 6, 2, 6, 3, 4, 5, 4]
3.5,147,[],[0.03831, 0.06509, 0.06579, 0.04863, 0.02118, 0.02816, 0.0244, 0.03735, 0.03224, 0.02961, 0.02817, 0.02486, 0.02267, 0.056, 0.02325, 0.02646, 0.06513],[3, 2, 5, 8, 5, 4, 3, 3, 2, 1, 10, 6, 9, 2, 8, 3, 5]
3.5,148,[],[0.02381, 0.02975, 0.07932, 0.05802, 0.06236, 0.03134, 0.02212, 0.04307, 0.03354, 0.02736, 0.05467, 0.04863, 0.06579, 0.06509, 0.02639],[2, 7, 2, 2, 2, 10, 2, 10, 3, 5, 10, 5, 8, 5, 2]
3.5,149,[],[0.10385, 0.04066, 0.02114, 0.0286, 0.07128, 0.03673, 0.02557, 0.02042, 0.02057, 0.02763, 0.2074, 0.02347, 0.02161, 0.03317, 0.0202, 0.03582, 0.0499],[6, 8, 5, 0, 1, 2, 1, 3, 13, 3, 8, 5, 3, 6, 1, 9, 4]
3.5,150,[],[0.02191, 0.02702, 0.03545, 0.023, 0.03064, 0.02339, 0.02929, 0.02966, 0.03614, 0.16066, 0.0333, 0.02332, 0.0222, 0.02936, 0.02435],[1, 1, 0, 1, 2, 4, 6, 5, 13, 11, 5, 5, 2, 5, 3]
3.5,151,[],[0.08868, 0.06509, 0.06579, 0.04863, 0.02118, 0.02816, 0.0244, 0.03735, 0.03224, 0.02961, 0.02817, 0.02486, 0.02267, 0.056, 0.02325, 0.02646],[10, 2, 5, 8, 5, 4, 3, 3, 2, 1, 10, 6, 9, 2, 8, 3]
3.5,152,[],[0.05696, 0.04066, 0.03184, 0.08943, 0.03673, 0.02557, 0.02042, 0.02057, 0.02763, 0.2074, 0.02347, 0.02161, 0.03317, 0.0202, 0.03582],[2, 8, 5, 1, 2, 1, 3, 13, 3, 8, 5, 3, 6, 1, 9]
3.5,153,[],[0.05964, 0.06509, 0.02639, 0.05931, 0.07479, 0.03255, 0.0251, 0.02048, 0.13083, 0.0333, 0.02332, 0.0222, 0.02936, 0.02435, 0.06376, 0.02702, 0.03545, 0.023],[8, 5, 2, 5, 3, 6, 5, 2, 4, 5, 5, 2, 5, 3, 8, 1, 0, 1]
3.5,154,[],[0.03773, 0.03409, 0.0216, 0.02912, 0.02554, 0.03195, 0.02429, 0.0633, 0.08926, 0.02803, 0.03476, 0.03712, 0.02281, 0.02305, 0.03491, 0.0665, 0.02269, 0.02927],[4, 2, 4, 8, 7, 11, 3, 3, 2, 2, 4, 1, 1, 2, 3, 4, 3, 3]
3.5,155,[],[0.03342, 0.02714, 0.09237, 0.03023, 0.02097, 0.0465, 0.02097, 0.0211, 0.0237, 0.02074, 0.02299, 0.08599, 0.02956, 0.02258, 0.02335, 0.04027, 0.04914, 0.0525],[1, 0, 8, 2, 2, 4, 2, 1, 3, 5, 7, 7, 0, 5, 3, 8, 1, 9]
3.5,156,[],[0.04515, 0.02549, 0.02795, 0.09472, 0.03624, 0.02239, 0.09418, 0.02413, 0.10292, 0.0391, 0.02495, 0.11354, 0.02467, 0.02187, 0.05433, 0.03119, 0.04697],[5, 2, 0, 0, 1, 3, 5, 3, 4, 2, 2, 10, 2, 2, 7, 3, 3]
3.5,157,[],[0.02353, 0.03454, 0.02956, 0.02258, 0.02335, 0.07665, 0.03023, 0.02097, 0.0465, 0.02097, 0.0211, 0.0237, 0.02074, 0.02299, 0.03114, 0.02033],[0, 1, 0, 5, 3, 9, 2, 2, 4, 2, 1, 3, 5, 7, 7, 8]
3.5,158,[],[0.02574, 0.0236, 0.02193, 0.10126, 0.02065, 0.02066, 0.02072, 0.02104, 0.0634, 0.02946, 0.02215, 0.03603, 0.07487, 0.05499, 0.03737, 0.0223],[1, 5, 9, 4, 7, 4, 4, 3, 2, 0, 1, 5, 9, 6, 5, 3]
3.5,159,[],[0.08284, 0.02338, 0.02857, 0.03567, 0.0512, 0.15142, 0.02347, 0.02161, 0.03317, 0.0202, 0.03582, 0.08612, 0.03673, 0.02557, 0.02042, 0.02057, 0.02763],[10, 1, 1, 4, 3, 1, 5, 3, 6, 1, 9, 4, 2, 1, 3, 13, 3]
3.5,160,[],[0.06427, 0.0391, 0.02495, 0.11354, 0.02467, 0.02187, 0.05433, 0.03119, 0.04697, 0.04517, 0.02076, 0.04274],[6, 2, 2, 10, 2, 2, 7, 3, 3, 8, 10, 10]
3.5,161,[],[0.05938, 0.02644, 0.05117, 0.02461, 0.06453, 0.02896, 0.03148, 0.04142, 0.02016, 0.02989, 0.02634, 0.0442, 0.02358, 0.02202, 0.02992, 0.02075, 0.04988],[6, 0, 0, 2, 9, 5, 9, 3, 1, 4, 3, 4, 6, 4, 1, 5, 0]
3.5,162,[],[0.03127, 0.02074, 0.0227, 0.04773, 0.04154, 0.02696, 0.0218, 0.02803, 0.0202, 0.0398, 0.04168, 0.07311, 0.02896, 0.04033, 0.02644, 0.05117, 0.02461, 0.1043, 0.02394],[1, 6, 9, 7, 0, 3, 0, 2, 5, 5, 4, 3, 1, 3, 2, 5, 2, 9, 3]
3.5,163,[],[0.03402, 0.04863, 0.06579, 0.06509, 0.02639, 0.05931, 0.07479, 0.03255, 0.0251, 0.02048, 0.13083, 0.0333, 0.02332, 0.0222, 0.02936, 0.02435, 0.06376, 0.02702, 0.03545, 0.023],[1, 5, 8, 5, 2, 5, 3, 6, 5, 2, 4, 5, 5, 2, 5, 3, 8, 1, 0, 1]
3.5,164,[],[0.03091, 0.03673, 0.02557, 0.02042, 0.02057, 0.02763, 0.2074, 0.02347, 0.02161, 0.03317, 0.0202, 0.03582, 0.0499, 0.03129, 0.04216],[1, 2, 1, 3, 13, 3, 8, 5, 3, 6, 1, 9, 4, 8, 1]
3.5,165,[],[0.07446, 0.0333, 0.02332, 0.0222, 0.02936, 0.02435, 0.06376, 0.02702, 0.03545, 0.023, 0.03064, 0.02339, 0.02929, 0.02966, 0.03614, 0.04647],[2, 5, 5, 2, 5, 3, 8, 1, 0, 1, 2, 4, 6, 5, 13, 11]
3.5,166,[],[0.02384, 0.03458, 0.03225, 0.09307, 0.04066, 0.02114, 0.0286, 0.07128, 0.03673, 0.02557, 0.02042, 0.02057, 0.02763, 0.2074, 0.02347, 0.02161, 0.03317, 0.0202],[2, 0, 3, 4, 8, 5, 0, 1, 2, 1, 3, 13, 3, 8, 5, 3, 6, 1]
3.5,167,[],[0.04475, 0.06579, 0.06509, 0.02639, 0.05931, 0.07479, 0.03255, 0.0251, 0.02048, 0.13083, 0.0333, 0.02332, 0.0222, 0.02936, 0.02435, 0.06376, 0.02702, 0.03545, 0.023],[5, 8, 5, 2, 5, 3, 6, 5, 2, 4, 5, 5, 2, 5, 3, 8, 1, 0, 1]
3.5,168,[],[0.05043, 0.03255, 0.0251, 0.02048, 0.13083, 0.0333, 0.02332, 0.0222, 0.02936, 0.02435, 0.06376, 0.02702, 0.03545, 0.023, 0.03064, 0.02339, 0.02929, 0.02966],[10, 6, 5, 2, 4, 5, 5, 2, 5, 3, 8, 1, 0, 1, 2, 4, 6, 5]
3.5,169,[],[0.09134, 0.02803, 0.03476, 0.03712, 0.02281, 0.02305, 0.03491, 0.0665, 0.02269, 0.02927, 0.0237, 0.02019, 0.0214, 0.03595, 0.02902, 0.02928, 0.02004],[4, 2, 4, 1, 1, 2, 3, 4, 3, 3, 5, 4, 4, 14, 1, 8, 9]
3.5,170,[],[0.03875, 0.07932, 0.05802, 0.06236, 0.03134, 0.02212, 0.04307, 0.03354, 0.02736, 0.05467, 0.04863, 0.06579, 0.06509, 0.02639, 0.05931, 0.07479],[4, 2, 2, 2, 10, 2, 10, 3, 5, 10, 5, 8, 5, 2, 5, 3]
3.5,171,[],[0.03487, 0.08005, 0.06509, 0.06579, 0.04863, 0.02118, 0.02816, 0.0244, 0.03735, 0.03224, 0.02961, 0.02817, 0.02486, 0.02267, 0.056, 0.02325, 0.02646],[2, 3, 2, 5, 8, 5, 4, 3, 3, 2, 1, 10, 6, 9, 2, 8, 3]
3.5,172,[],[0.02506, 0.02946, 0.0448, 0.02065, 0.02066, 0.02072, 0.02104, 0.02205, 0.02957, 0.05066, 0.05499, 0.03737, 0.07742, 0.0467, 0.02935],[3, 1, 0, 7, 4, 4, 3, 2, 5, 7, 6, 5, 3, 9, 4]
3.5,173,[],[0.0204, 0.02016, 0.04339, 0.02634, 0.0442, 0.02358, 0.02202, 0.02992, 0.02075, 0.04988, 0.0228, 0.02608, 0.02021, 0.03346, 0.02961, 0.02817],[3, 4, 1, 3, 4, 6, 4, 1, 5, 0, 7, 4, 7, 6, 1, 10]
3.5,174,[],[0.03479, 0.05832, 0.02618, 0.03537, 0.02138, 0.08213, 0.04719, 0.04885, 0.0209, 0.02272, 0.02594, 0.02393, 0.02079, 0.02529],[2, 4, 3, 12, 5, 2, 4, 2, 2, 2, 11, 9, 4, 4]
3.5,175,[],[0.02423, 0.03137, 0.02267, 0.02615, 0.04812, 0.02702, 0.03545, 0.023, 0.03064, 0.02339, 0.02929, 0.02966, 0.03614],[4, 17, 6, 6, 5, 1, 0, 1, 2, 4, 6, 5, 13]
3.5,176,[],[0.04034, 0.06217, 0.03673, 0.04196, 0.10849, 0.02347, 0.02161, 0.03317, 0.0202, 0.03582, 0.02335, 0.02292, 0.03688, 0.04216, 0.02953, 0.0271],[2, 0, 2, 1, 2, 5, 3, 6, 1, 9, 4, 6, 10, 1, 6, 5]
3.5,177,[],[0.08331, 0.03673, 0.02557, 0.02042, 0.02057, 0.02763, 0.2074, 0.02347, 0.02161, 0.03317, 0.0202, 0.03582, 0.0499, 0.03129, 0.04216],[4, 2, 1, 3, 13, 3, 8, 5, 3, 6, 1, 9, 4, 8, 1]
3.5,178,[],[0.02658, 0.05802, 0.03486, 0.03134, 0.03377, 0.04307, 0.03354, 0.02736, 0.05467, 0.04863, 0.06579, 0.06509, 0.02639, 0.05931, 0.07479, 0.03255],[4, 2, 2, 2, 10, 10, 3, 5, 10, 5, 8, 5, 2, 5, 3, 6]
3.5,179,[],[0.02626, 0.02841, 0.03019, 0.02354, 0.03637, 0.02854, 0.02961, 0.02252, 0.02211, 0.02351, 0.04413],[1, 9, 11, 3, 5, 3, 7, 1, 4, 7, 2]
3.5,180,[],[0.02008, 0.02073, 0.05147, 0.04773, 0.04154, 0.02696, 0.0218, 0.02803, 0.0202, 0.0398, 0.04168, 0.07311, 0.02896, 0.04033, 0.02644, 0.05117, 0.02461, 0.1043, 0.02394],[0, 6, 8, 7, 0, 3, 0, 2, 5, 5, 4, 3, 1, 3, 2, 5, 2, 9, 3]
3.5,181,[],[0.1395, 0.02803, 0.03476, 0.03712, 0.02281, 0.02305, 0.03491, 0.0665, 0.02269, 0.02927, 0.0237, 0.02019, 0.0214, 0.03595, 0.02902, 0.02928, 0.02004],[4, 2, 4, 1, 1, 2, 3, 4, 3, 3, 5, 4, 4, 14, 1, 8, 9]
3.5,182,[],[0.03135, 0.04863, 0.06579, 0.06509, 0.02639, 0.05931, 0.07479, 0.03255, 0.0251, 0.02048, 0.13083, 0.0333, 0.02332, 0.0222, 0.02936, 0.02435],[5, 5, 8, 5, 2, 5, 3, 6, 5, 2, 4, 5, 5, 2, 5, 3]
3.5,183,[],[0.05291, 0.09557, 0.0333, 0.02332, 0.0222, 0.02936, 0.02435, 0.06376, 0.02702, 0.03545, 0.023, 0.03064, 0.02339, 0.02929, 0.02966, 0.03614, 0.04647],[0, 0, 5, 5, 2, 5, 3, 8, 1, 0, 1, 2, 4, 6, 5, 13, 11]
3.5,184,[],[0.03033, 0.05802, 0.03486, 0.03134, 0.03377, 0.04307, 0.03354, 0.02736, 0.05467, 0.04863, 0.06579, 0.06509, 0.02639, 0.05931, 0.07479, 0.03255],[2, 2, 2, 2, 10, 10, 3, 5, 10, 5, 8, 5, 2, 5, 3, 6]
3.5,185,[],[0.0527, 0.02394, 0.02899, 0.03474, 0.03868, 0.02634, 0.0442, 0.02358, 0.02202, 0.02992, 0.02075, 0.04988, 0.0228, 0.02608, 0.02021, 0.03346, 0.02961, 0.02817],[1, 3, 3, 7, 3, 3, 1, 6, 4, 1, 5, 0, 7, 4, 7, 6, 1, 10]
3.5,186,[],[0.0352, 0.03255, 0.0251, 0.02048, 0.13083, 0.0333, 0.02332, 0.0222, 0.02936, 0.02435, 0.06376, 0.02702, 0.03545, 0.023, 0.03064, 0.02339, 0.02929, 0.02966],[4, 6, 5, 2, 4, 5, 5, 2, 5, 3, 8, 1, 0, 1, 2, 4, 6, 5]
3.5,187,[],[0.0296, 0.03381, 0.02104, 0.02356, 0.03551, 0.02636, 0.02225, 0.05707, 0.02968, 0.08419, 0.03624, 0.02507],[4, 2, 4, 6, 7, 3, 3, 16, 5, 2, 1, 4]
3.5,188,[],[0.05839, 0.0391, 0.02495, 0.11354, 0.02467, 0.02187, 0.05433, 0.03119, 0.04697, 0.04517, 0.02076, 0.04274],[2, 2, 2, 10, 2, 2, 7, 3, 3, 8, 10, 10]
3.5,189,[],[0.07263, 0.05802, 0.06236, 0.03134, 0.02212, 0.04307, 0.03354, 0.02736, 0.05467, 0.04863, 0.06579, 0.06509, 0.02639, 0.05931, 0.07479, 0.03255],[0, 2, 2, 10, 2, 10, 3, 5, 10, 5, 8, 5, 2, 5, 3, 6]
3.5,190,[],[0.02612, 0.05802, 0.03486, 0.03134, 0.03377, 0.04307, 0.03354, 0.02736, 0.05467, 0.04863, 0.06579, 0.06509, 0.02639, 0.05931, 0.07479, 0.03255],[0, 2, 2, 2, 10, 10, 3, 5, 10, 5, 8, 5, 2, 5, 3, 6]
3.5,191,[],[0.02065, 0.05641, 0.03409, 0.0216, 0.02912, 0.02554, 0.03195, 0.02429, 0.0633, 0.08926, 0.02803, 0.03476, 0.03712, 0.02281, 0.02305, 0.03491, 0.0665],[3, 8, 2, 4, 8, 7, 11, 3, 3, 2, 2, 4, 1, 1, 2, 3, 4]
3.5,192,[],[0.03339, 0.02099, 0.03148, 0.04154, 0.02696, 0.02519, 0.0202, 0.03874, 0.02119, 0.02271, 0.03549, 0.02304, 0.05899, 0.02451, 0.02763, 0.02084, 0.04416],[2, 2, 3, 0, 3, 5, 5, 4, 7, 3, 6, 0, 6, 4, 2, 2, 10]
3.5,193,[],[0.02345, 0.02508, 0.05959, 0.02441, 0.02495, 0.02642, 0.02934, 0.02093, 0.04314, 0.04633, 0.0525, 0.03507, 0.02402, 0.06838, 0.02956, 0.02258],[2, 5, 3, 8, 1, 3, 5, 2, 2, 12, 9, 7, 5, 10, 0, 5]
3.5,194,[],[0.04164, 0.02071, 0.07879, 0.06509, 0.02639, 0.05931, 0.07479, 0.03255, 0.0251, 0.02048, 0.13083, 0.0333, 0.02332, 0.0222, 0.02936],[8, 4, 3, 5, 2, 5, 3, 6, 5, 2, 4, 5, 5, 2, 5]
3.5,195,[],[0.03436, 0.02508, 0.05959, 0.02441, 0.02495, 0.02642, 0.02934, 0.02093, 0.04314, 0.04633, 0.0525, 0.03507, 0.02402, 0.06838, 0.02956, 0.02258],[1, 5, 3, 8, 1, 3, 5, 2, 2, 12, 9, 7, 5, 10, 0, 5]
3.5,196,[],[0.03908, 0.05301, 0.02437, 0.05972, 0.02194, 0.02576, 0.02269],[4, 13, 4, 5, 3, 10, 2]
3.5,197,[],[0.02956, 0.03458, 0.02606, 0.09307, 0.04066, 0.02114, 0.0286, 0.07128, 0.03673, 0.02557, 0.02042, 0.02057, 0.02763, 0.2074, 0.02347, 0.02161, 0.03317, 0.0202],[7, 3, 0, 4, 8, 5, 0, 1, 2, 1, 3, 13, 3, 8, 5, 3, 6, 1]
3.5,198,[],[0.06232, 0.04719, 0.04885, 0.0209, 0.02272, 0.02594, 0.02393, 0.02079, 0.04009, 0.03401, 0.034, 0.08102, 0.05832],[3, 4, 2, 2, 2, 11, 9, 4, 4, 7, 7, 7, 4]
3.5,199,[],[0.02175, 0.08137, 0.02394, 0.02899, 0.03474, 0.03868, 0.02634, 0.0442, 0.02358, 0.02202, 0.02992, 0.02075, 0.04988, 0.0228, 0.02608, 0.02021, 0.03346, 0.02961],[2, 5, 3, 3, 7, 3, 3, 1, 6, 4, 1, 5, 0, 7, 4, 7, 6, 1]

