3.5,0,[],[0.04617, 0.03581, 0.03065, 0.02685, 0.0215, 0.09533, 0.03287, 0.02468, 0.03342, 0.02533, 0.05351, 0.08309, 0.02764, 0.09237, 0.05037, 0.02662, 0.02657, 0.0449, 0.04553, 0.02612, 0.02112, 0.03764, 0.02089, 0.02063],[0, 2, 0, 2, 6, 7, 2, 2, 6, 1, 1, 3, 0, 4, 7, 0, 4, 5, 7, 1, 2, 2, 2, 3]
3.5,1,[],[0.02258, 0.02431, 0.05231, 0.02486, 0.06932, 0.02006, 0.02369, 0.03059, 0.02617, 0.0209, 0.05483, 0.04689, 0.03355, 0.16996, 0.03581, 0.03065],[3, 9, 3, 8, 3, 10, 1, 4, 9, 7, 6, 4, 5, 3, 2, 0]
3.5,2,[],[0.06156, 0.02701, 0.02342, 0.03808, 0.0267, 0.02662, 0.02099, 0.04708, 0.02575, 0.02865, 0.04036, 0.02252, 0.02138, 0.04818, 0.05236, 0.03162, 0.03315],[4, 5, 8, 1, 5, 1, 3, 2, 3, 8, 7, 2, 7, 5, 3, 4, 4]
3.5,3,[],[0.02085, 0.02182, 0.09118, 0.04074, 0.05328, 0.05772, 0.02092, 0.02421, 0.03029, 0.02901, 0.03909, 0.0272, 0.03298, 0.04073, 0.02365, 0.03134, 0.03293, 0.0223, 0.02639],[1, 0, 1, 0, 3, 8, 5, 5, 3, 1, 2, 5, 8, 4, 2, 6, 2, 5, 5]
3.5,4,[],[0.03711, 0.04981, 0.07578, 0.07713, 0.03756, 0.02448, 0.02123, 0.02892, 0.02486, 0.05584, 0.05065, 0.03564, 0.13054, 0.04074, 0.04361, 0.02106, 0.02182, 0.10476, 0.05772, 0.02092],[1, 3, 2, 2, 4, 2, 3, 5, 3, 9, 6, 3, 8, 0, 2, 0, 0, 2, 8, 5]
3.5,5,[],[0.02585, 0.05328, 0.04074, 0.06928, 0.02106, 0.02182, 0.0428, 0.02122, 0.02264, 0.03453, 0.04328, 0.05034, 0.03831, 0.02244, 0.0237, 0.03127, 0.05501],[0, 1, 2, 1, 0, 0, 2, 3, 2, 6, 5, 2, 3, 4, 4, 6, 7]
3.5,6,[],[0.03919, 0.10832, 0.0311, 0.0259, 0.02887, 0.09112, 0.02939, 0.02892, 0.10476, 0.02842, 0.026, 0.04031, 0.02802, 0.02221, 0.05346, 0.03024, 0.0278, 0.03266],[0, 1, 2, 2, 2, 7, 1, 3, 2, 8, 0, 1, 15, 7, 5, 3, 2, 8]
3.5,7,[],[0.02193, 0.02316, 0.02226, 0.04384, 0.03369, 0.02273, 0.0374, 0.02545, 0.03527, 0.0268, 0.02788, 0.02398, 0.02466, 0.02536, 0.07273],[4, 2, 0, 7, 8, 4, 5, 5, 2, 4, 4, 6, 10, 7, 10]
3.5,8,[],[0.08734, 0.02463, 0.02549, 0.02166, 0.05902, 0.04473, 0.02055, 0.02593, 0.03004, 0.02154, 0.03373, 0.03025, 0.02069, 0.02764, 0.03079, 0.02091, 0.02379, 0.11926, 0.02542, 0.0406, 0.02263, 0.02416],[2, 0, 0, 1, 3, 2, 3, 3, 2, 2, 6, 3, 2, 1, 2, 6, 3, 3, 3, 4, 2, 4]
3.5,9,[],[0.03538, 0.0259, 0.02887, 0.09112, 0.02939, 0.02892, 0.10476, 0.02842, 0.04179, 0.04376, 0.02517, 0.0414, 0.02035, 0.05912, 0.03024, 0.0278, 0.03141, 0.03256, 0.02221, 0.02027],[5, 2, 2, 7, 1, 3, 2, 0, 0, 6, 3, 1, 4, 2, 3, 2, 8, 5, 2, 7]
3.5,10,[],[0.0581, 0.02046, 0.02131, 0.03014, 0.03119, 0.06275, 0.02898, 0.02589, 0.02173, 0.03265, 0.03659, 0.02322, 0.02299],[5, 1, 3, 3, 8, 3, 6, 8, 11, 9, 1, 6, 7]
3.5,11,[],[0.04001, 0.03581, 0.03065, 0.02685, 0.0215, 0.09533, 0.03287, 0.02468, 0.03342, 0.02533, 0.05351, 0.08309, 0.02764, 0.09237, 0.05037, 0.02662, 0.02657, 0.0449, 0.04553, 0.02612, 0.02112, 0.03764, 0.02089, 0.02063],[3, 2, 0, 2, 6, 7, 2, 2, 6, 1, 1, 3, 0, 4, 7, 0, 4, 5, 7, 1, 2, 2, 2, 3]
3.5,12,[],[0.02579, 0.02166, 0.02979, 0.02463, 0.02309, 0.0492, 0.06484, 0.04679, 0.05849, 0.08549, 0.11999, 0.02764],[1, 0, 0, 3, 2, 7, 4, 0, 5, 6, 7, 0]
3.5,13,[],[0.03953, 0.02462, 0.04205, 0.02724, 0.03412, 0.05221, 0.02764, 0.09237, 0.05037, 0.02662, 0.02657, 0.0449, 0.05085, 0.02377, 0.03201, 0.04105, 0.03287, 0.16116, 0.03581, 0.03065, 0.02685, 0.0215],[3, 4, 6, 0, 1, 5, 0, 4, 7, 0, 4, 5, 7, 3, 1, 3, 1, 2, 2, 0, 2, 6]
3.5,14,[],[0.02634, 0.07502, 0.02462, 0.04205, 0.02724, 0.03412, 0.05221, 0.02764, 0.09237, 0.05037, 0.02662, 0.02657, 0.0449, 0.05085, 0.02377, 0.03201, 0.04105, 0.03287, 0.16116, 0.03581, 0.03065, 0.02685, 0.0215],[5, 2, 4, 6, 0, 1, 5, 0, 4, 7, 0, 4, 5, 7, 3, 1, 3, 1, 2, 2, 0, 2, 6]
3.5,15,[],[0.03226, 0.02115, 0.02697, 0.08142, 0.11094, 0.03581, 0.03065, 0.02685, 0.0215, 0.09533, 0.03287, 0.02468, 0.03342, 0.02533, 0.05351, 0.08309, 0.02764, 0.09237, 0.05037, 0.02662],[10, 9, 9, 2, 4, 2, 0, 2, 6, 7, 2, 2, 6, 1, 1, 3, 0, 4, 7, 0]
3.5,16,[],[0.05808, 0.02412, 0.02393, 0.06248, 0.02409, 0.02415, 0.02453, 0.06711, 0.05642, 0.02344, 0.08171, 0.0311, 0.0259, 0.02887, 0.09112, 0.02939],[2, 6, 4, 7, 5, 3, 11, 2, 7, 5, 5, 2, 2, 2, 7, 1]
3.5,17,[],[0.03151, 0.05326, 0.09815, 0.07713, 0.03756, 0.02448, 0.02751, 0.04981, 0.02833, 0.03874, 0.02486, 0.05584, 0.05065, 0.03564, 0.13054, 0.04074, 0.04361, 0.02106, 0.02182, 0.10476, 0.05772],[4, 5, 7, 2, 4, 2, 1, 3, 2, 2, 3, 9, 6, 3, 8, 0, 2, 0, 0, 2, 8]
3.5,18,[],[0.0522, 0.02365, 0.02161, 0.04484, 0.02901, 0.02038, 0.09593, 0.04074, 0.04361, 0.02106, 0.02182, 0.10476, 0.05772, 0.02092, 0.02421, 0.05729, 0.02041, 0.02637],[2, 2, 3, 4, 2, 2, 3, 0, 2, 0, 0, 2, 8, 5, 5, 15, 3, 3]
3.5,19,[],[0.05201, 0.04717, 0.02492, 0.04124, 0.05227, 0.02089, 0.02063, 0.05915, 0.02419, 0.02187, 0.02037, 0.03112, 0.0237, 0.04442, 0.024, 0.02019, 0.03184, 0.05326],[1, 4, 0, 3, 6, 2, 3, 6, 3, 7, 5, 2, 3, 2, 3, 2, 3, 5]
3.5,20,[],[0.03237, 0.04328, 0.03453, 0.07764, 0.02106, 0.04361, 0.04074, 0.06591, 0.05772, 0.03613, 0.10476, 0.03564, 0.05065, 0.02126, 0.02542],[2, 2, 5, 8, 0, 1, 2, 0, 1, 8, 3, 3, 4, 6, 9]
3.5,21,[],[0.03454, 0.02486, 0.14111, 0.03581, 0.03065, 0.02685, 0.0215, 0.09533, 0.03287, 0.02468, 0.03342, 0.02533, 0.05351, 0.08309, 0.02764, 0.09237, 0.05037, 0.02662, 0.02657, 0.0449, 0.04553],[1, 5, 10, 2, 0, 2, 6, 7, 2, 2, 6, 1, 1, 3, 0, 4, 7, 0, 4, 5, 7]
3.5,22,[],[0.04707, 0.02898, 0.07508, 0.02131, 0.02046, 0.02392, 0.02529, 0.02562, 0.02183, 0.02957, 0.0625, 0.03024, 0.0278, 0.03266, 0.08623, 0.02842, 0.04179, 0.10832, 0.0311, 0.0259],[4, 6, 8, 1, 3, 5, 5, 2, 3, 5, 6, 3, 2, 8, 7, 0, 0, 6, 2, 2]
3.5,23,[],[0.06813, 0.03581, 0.03065, 0.02685, 0.0215, 0.09533, 0.03287, 0.02468, 0.03342, 0.02533, 0.05351, 0.08309, 0.02764, 0.09237, 0.05037, 0.02662, 0.02657, 0.0449, 0.04553, 0.02612, 0.02112, 0.03764, 0.02089, 0.02063],[1, 2, 0, 2, 6, 7, 2, 2, 6, 1, 1, 3, 0, 4, 7, 0, 4, 5, 7, 1, 2, 2, 2, 3]
3.5,24,[],[0.07421, 0.06602, 0.02542, 0.0406, 0.02263, 0.02416, 0.03378, 0.0251, 0.0565, 0.02706, 0.02236, 0.02784, 0.02951, 0.0224, 0.02712, 0.04056, 0.0774],[6, 1, 3, 4, 2, 4, 10, 2, 5, 5, 6, 2, 2, 5, 5, 10, 8]
3.5,25,[],[0.09866, 0.07713, 0.03756, 0.02448, 0.02751, 0.04981, 0.02833, 0.03874, 0.02486, 0.05584, 0.05065, 0.03564, 0.13054, 0.04074, 0.04361, 0.02106, 0.02182, 0.10476, 0.05772, 0.02092, 0.02421],[2, 2, 4, 2, 1, 3, 2, 2, 3, 9, 6, 3, 8, 0, 2, 0, 0, 2, 8, 5, 5]
3.5,26,[],[0.02046, 0.02468, 0.06836, 0.08309, 0.02764, 0.09237, 0.05037, 0.02662, 0.02657, 0.0449, 0.04553, 0.02612, 0.02112, 0.03764, 0.02089, 0.02063, 0.05915, 0.02419],[6, 5, 6, 3, 0, 4, 7, 0, 4, 5, 7, 1, 2, 2, 2, 3, 6, 3]
3.5,27,[],[0.02023, 0.04801, 0.03287, 0.02468, 0.16101, 0.03581, 0.03065, 0.02685, 0.0215, 0.05909, 0.0235, 0.02267, 0.02418, 0.021, 0.03604],[2, 2, 2, 2, 6, 2, 0, 2, 6, 7, 5, 5, 3, 6, 13]
3.5,28,[],[0.10637, 0.04074, 0.04361, 0.02106, 0.02182, 0.10476, 0.05772, 0.02092, 0.02421, 0.03029, 0.02901, 0.03909, 0.0272, 0.03298, 0.04073, 0.02365, 0.03134, 0.03293, 0.0223, 0.02639],[3, 0, 2, 0, 0, 2, 8, 5, 5, 3, 1, 2, 5, 8, 4, 2, 6, 2, 5, 5]
3.5,29,[],[0.02058, 0.02748, 0.0434, 0.05702, 0.02522, 0.0313, 0.03053, 0.03213, 0.03722, 0.04991, 0.02316, 0.02154, 0.02142, 0.0266, 0.02458],[0, 1, 0, 0, 2, 10, 4, 2, 2, 9, 2, 6, 3, 6, 5]
3.5,30,[],[0.04668, 0.02486, 0.06932, 0.02006, 0.02369, 0.03059, 0.02617, 0.0209, 0.05483, 0.04689, 0.03355, 0.16996, 0.03581, 0.03065],[4, 8, 3, 10, 1, 4, 9, 7, 6, 4, 5, 3, 2, 0]
3.5,31,[],[0.06003, 0.02952, 0.02514, 0.0275, 0.03293, 0.13427, 0.07713, 0.03756, 0.02448, 0.02751, 0.04981, 0.02833, 0.03874, 0.02486, 0.05584],[0, 2, 10, 5, 3, 14, 2, 4, 2, 1, 3, 2, 2, 3, 9]
3.5,32,[],[0.02082, 0.07661, 0.02462, 0.04205, 0.02724, 0.03412, 0.05221, 0.02764, 0.09237, 0.05037, 0.02662, 0.02657, 0.0449, 0.05085, 0.02377, 0.03201, 0.04105, 0.03287, 0.16116, 0.03581, 0.03065, 0.02685],[7, 7, 4, 6, 0, 1, 5, 0, 4, 7, 0, 4, 5, 7, 3, 1, 3, 1, 2, 2, 0, 2]
3.5,33,[],[0.02067, 0.02071, 0.03351, 0.02207, 0.12289, 0.02764, 0.09237, 0.05037, 0.02662, 0.02657, 0.0449, 0.05085, 0.02377, 0.03201, 0.04105, 0.03287, 0.16116, 0.03581, 0.03065, 0.02685, 0.0215],[2, 3, 2, 3, 16, 0, 4, 7, 0, 4, 5, 7, 3, 1, 3, 1, 2, 2, 0, 2, 6]
3.5,34,[],[0.02702, 0.02892, 0.02939, 0.03107, 0.1187, 0.0311, 0.0259, 0.02887, 0.02782, 0.02476, 0.02738, 0.02232, 0.12245, 0.02842, 0.04179, 0.04376, 0.02517, 0.0414, 0.02035, 0.05912, 0.03024],[0, 0, 3, 9, 8, 2, 2, 2, 7, 1, 1, 4, 4, 0, 0, 6, 3, 1, 4, 2, 3]
3.5,35,[],[0.02724, 0.02344, 0.04329, 0.08003, 0.03024, 0.0278, 0.03266, 0.08623, 0.02842, 0.04179, 0.10832, 0.0311, 0.0259, 0.02887, 0.09112, 0.02939, 0.02892, 0.03812],[5, 5, 5, 7, 3, 2, 8, 7, 0, 0, 6, 2, 2, 2, 7, 1, 3, 2]
3.5,36,[],[0.04058, 0.0458, 0.07559, 0.06602, 0.02542, 0.0406, 0.02263, 0.02416, 0.03378, 0.0251, 0.0565, 0.02706, 0.02236, 0.02784, 0.02951, 0.0224, 0.02712, 0.04056],[1, 7, 0, 1, 3, 4, 2, 4, 10, 2, 5, 5, 6, 2, 2, 5, 5, 10]
3.5,37,[],[0.08968, 0.07713, 0.07578, 0.04981, 0.02751, 0.02448, 0.02793, 0.03038, 0.02537, 0.0371, 0.0205, 0.04269, 0.03564, 0.13054, 0.04074, 0.04361, 0.02106, 0.02182],[9, 4, 2, 2, 3, 1, 2, 4, 6, 7, 2, 5, 3, 8, 0, 2, 0, 0]
3.5,38,[],[0.04291, 0.02898, 0.07508, 0.02131, 0.02046, 0.02392, 0.02529, 0.02562, 0.02183, 0.02957, 0.0625, 0.03024, 0.0278, 0.03266, 0.08623, 0.02842, 0.04179, 0.10832, 0.0311, 0.0259],[3, 6, 8, 1, 3, 5, 5, 2, 3, 5, 6, 3, 2, 8, 7, 0, 0, 6, 2, 2]
3.5,39,[],[0.02715, 0.02183, 0.05868, 0.02046, 0.02131, 0.03014, 0.03119, 0.06275, 0.02898, 0.02589, 0.02173, 0.03265, 0.03659, 0.02322, 0.02299],[0, 5, 4, 1, 3, 3, 8, 3, 6, 8, 11, 9, 1, 6, 7]
3.5,40,[],[0.02942, 0.02431, 0.05231, 0.02486, 0.06932, 0.02006, 0.02369, 0.03059, 0.02617, 0.0209, 0.05483, 0.04689, 0.03355, 0.16996, 0.03581, 0.03065],[3, 7, 3, 8, 3, 10, 1, 4, 9, 7, 6, 4, 5, 3, 2, 0]
3.5,41,[],[0.02391, 0.03368, 0.05085, 0.08309, 0.02764, 0.09237, 0.05037, 0.02662, 0.02657, 0.02113, 0.0252, 0.02439, 0.03707, 0.0568, 0.04717, 0.0363, 0.02118, 0.02948, 0.05259, 0.024],[3, 1, 7, 3, 0, 4, 7, 0, 4, 5, 6, 0, 1, 3, 0, 6, 2, 1, 5, 3]
3.5,42,[],[0.02962, 0.07696, 0.0311, 0.0259, 0.02887, 0.09112, 0.02939, 0.02892, 0.10476, 0.02842, 0.04179, 0.04376, 0.02517, 0.0414, 0.02035, 0.05912, 0.03024, 0.0278, 0.03141, 0.03256, 0.02221],[8, 5, 2, 2, 2, 7, 1, 3, 2, 0, 0, 6, 3, 1, 4, 2, 3, 2, 8, 5, 2]
3.5,43,[],[0.03249, 0.08684, 0.10832, 0.0311, 0.0259, 0.02887, 0.09112, 0.02939, 0.02892, 0.10476, 0.02842, 0.026, 0.04031, 0.02802, 0.02221, 0.05346, 0.03024, 0.0278, 0.03266],[3, 0, 1, 2, 2, 2, 7, 1, 3, 2, 8, 0, 1, 15, 7, 5, 3, 2, 8]
3.5,44,[],[0.03403, 0.02762, 0.03104, 0.02431, 0.05231, 0.02486, 0.06932, 0.02006, 0.02369, 0.03059, 0.02617, 0.0209, 0.05483],[6, 2, 7, 7, 3, 8, 3, 10, 1, 4, 9, 7, 6]
3.5,45,[],[0.05177, 0.02764, 0.09237, 0.05037, 0.02662, 0.02657, 0.0449, 0.05085, 0.02377, 0.03201, 0.04105, 0.03287, 0.16116, 0.03581, 0.03065, 0.02685, 0.0215, 0.05909, 0.0235, 0.02267, 0.02418],[0, 0, 4, 7, 0, 4, 5, 7, 3, 1, 3, 1, 2, 2, 0, 2, 6, 7, 5, 5, 3]
3.5,46,[],[0.02285, 0.03024, 0.0278, 0.03266, 0.08623, 0.02842, 0.04179, 0.10832, 0.0311, 0.0259, 0.02887, 0.09112, 0.02939, 0.02892, 0.03812, 0.04263, 0.02892, 0.02477, 0.02054],[0, 3, 2, 8, 7, 0, 0, 6, 2, 2, 2, 7, 1, 3, 2, 8, 0, 7, 6]
3.5,47,[],[0.02808, 0.02115, 0.02697, 0.08142, 0.11094, 0.03581, 0.03065, 0.02685, 0.0215, 0.09533, 0.03287, 0.02468, 0.03342, 0.02533, 0.05351, 0.08309, 0.02764, 0.09237, 0.05037, 0.02662],[1, 9, 9, 2, 4, 2, 0, 2, 6, 7, 2, 2, 6, 1, 1, 3, 0, 4, 7, 0]
3.5,48,[],[0.0213, 0.07821, 0.02131, 0.02046, 0.02392, 0.02529, 0.02562, 0.02183, 0.02957, 0.0625, 0.03024, 0.0278, 0.03266, 0.08623, 0.02842, 0.04179, 0.10832, 0.0311, 0.0259, 0.02887],[7, 0, 1, 3, 5, 5, 2, 3, 5, 6, 3, 2, 8, 7, 0, 0, 6, 2, 2, 2]
3.5,49,[],[0.02344, 0.07097, 0.11999, 0.02764, 0.0425, 0.03919, 0.02462, 0.04205, 0.02724, 0.02376, 0.02645, 0.03108, 0.04156, 0.02151, 0.03151, 0.02843, 0.08236],[3, 3, 7, 0, 4, 6, 4, 6, 0, 1, 2, 10, 4, 4, 10, 5, 5]
3.5,50,[],[0.02075, 0.13169, 0.03581, 0.03065, 0.02685, 0.0215, 0.09533, 0.03287, 0.02468, 0.03342, 0.02533, 0.05351, 0.08309, 0.02764, 0.09237, 0.05037, 0.02662, 0.02657, 0.0449, 0.04553, 0.02612, 0.02112, 0.03764, 0.02089],[0, 2, 2, 0, 2, 6, 7, 2, 2, 6, 1, 1, 3, 0, 4, 7, 0, 4, 5, 7, 1, 2, 2, 2]
3.5,51,[],[0.02732, 0.02901, 0.02038, 0.09593, 0.04074, 0.04361, 0.02106, 0.02182, 0.10476, 0.05772, 0.02092, 0.02421, 0.08089, 0.02365, 0.02161, 0.0397, 0.0272, 0.0223],[1, 2, 2, 3, 0, 2, 0, 0, 2, 8, 5, 5, 15, 2, 3, 4, 5, 10]
3.5,52,[],[0.02015, 0.04553, 0.05085, 0.08309, 0.02764, 0.09237, 0.05037, 0.02662, 0.02657, 0.02113, 0.0252, 0.02439, 0.03707, 0.0568, 0.04717, 0.0363, 0.02118, 0.02948, 0.05259, 0.024],[4, 1, 7, 3, 0, 4, 7, 0, 4, 5, 6, 0, 1, 3, 0, 6, 2, 1, 5, 3]
3.5,53,[],[0.0492, 0.03029, 0.02018, 0.02459, 0.03666, 0.02726, 0.08668, 0.02145, 0.15259, 0.02463, 0.02549, 0.02166, 0.05902, 0.04473, 0.02055],[8, 13, 1, 8, 11, 6, 15, 4, 1, 0, 0, 1, 3, 2, 3]
3.5,54,[],[0.06296, 0.02542, 0.0406, 0.02263, 0.02416, 0.03378, 0.0251, 0.0565, 0.02706, 0.02236, 0.02784, 0.02951, 0.0224, 0.02712, 0.04056, 0.0774],[2, 3, 4, 2, 4, 10, 2, 5, 5, 6, 2, 2, 5, 5, 10, 8]
3.5,55,[],[0.07191, 0.06602, 0.02542, 0.0406, 0.02263, 0.02416, 0.03378, 0.0251, 0.0565, 0.02706, 0.02236, 0.02784, 0.02951, 0.0224, 0.02712, 0.04056, 0.0774],[4, 1, 3, 4, 2, 4, 10, 2, 5, 5, 6, 2, 2, 5, 5, 10, 8]
3.5,56,[],[0.04661, 0.05236, 0.03162, 0.03315, 0.07239, 0.02545, 0.03527, 0.0268, 0.02788, 0.02398, 0.02466, 0.02536, 0.03012],[3, 3, 4, 4, 13, 5, 2, 4, 4, 6, 10, 7, 10]
3.5,57,[],[0.0447, 0.0354, 0.02442, 0.11975, 0.03581, 0.03065, 0.02685, 0.0215, 0.09533, 0.03287, 0.02468, 0.03342, 0.02533, 0.05351, 0.08309, 0.02764, 0.09237],[1, 5, 5, 9, 2, 0, 2, 6, 7, 2, 2, 6, 1, 1, 3, 0, 4]
3.5,58,[],[0.02819, 0.05328, 0.04074, 0.06928, 0.02106, 0.02182, 0.0428, 0.02122, 0.02264, 0.03453, 0.04328, 0.05034, 0.03831, 0.02244, 0.0237, 0.03127, 0.05501],[0, 1, 2, 1, 0, 0, 2, 3, 2, 6, 5, 2, 3, 4, 4, 6, 7]
3.5,59,[],[0.10011, 0.02542, 0.0406, 0.02263, 0.02416, 0.03378, 0.0955, 0.07559, 0.0458, 0.02088, 0.09149, 0.02463, 0.02549, 0.02166, 0.05902, 0.04473, 0.02055, 0.02593, 0.03004, 0.02154, 0.03373, 0.03025, 0.02069, 0.02764, 0.03079],[4, 3, 4, 2, 4, 10, 2, 1, 0, 7, 2, 0, 0, 1, 3, 2, 3, 3, 2, 2, 6, 3, 2, 1, 2]
3.5,60,[],[0.04015, 0.03162, 0.04789, 0.07707, 0.02701, 0.02342, 0.02384, 0.02451, 0.02194, 0.02475, 0.02355, 0.02072, 0.03732, 0.04419, 0.02206, 0.02231],[0, 4, 4, 4, 5, 8, 1, 7, 4, 3, 2, 2, 10, 5, 2, 7]
3.5,61,[],[0.06317, 0.07713, 0.03756, 0.02448, 0.02751, 0.04981, 0.02833, 0.03874, 0.02486, 0.05584, 0.05065, 0.03564, 0.13054, 0.04074, 0.04361, 0.02106, 0.02182, 0.10476, 0.05772, 0.02092, 0.02421],[2, 2, 4, 2, 1, 3, 2, 2, 3, 9, 6, 3, 8, 0, 2, 0, 0, 2, 8, 5, 5]
3.5,62,[],[0.06624, 0.02462, 0.04205, 0.02724, 0.03412, 0.05221, 0.02764, 0.09237, 0.05037, 0.02662, 0.02657, 0.0449, 0.05085, 0.02377, 0.03201, 0.04105, 0.03287, 0.16116, 0.03581, 0.03065, 0.02685, 0.0215],[0, 4, 6, 0, 1, 5, 0, 4, 7, 0, 4, 5, 7, 3, 1, 3, 1, 2, 2, 0, 2, 6]
3.5,63,[],[0.06037, 0.02463, 0.02549, 0.02166, 0.05902, 0.04473, 0.02055, 0.02593, 0.03004, 0.02154, 0.03373, 0.03025, 0.02069, 0.02764, 0.03079, 0.02091, 0.02379, 0.11926, 0.02542, 0.0406, 0.02263, 0.02416],[3, 0, 0, 1, 3, 2, 3, 3, 2, 2, 6, 3, 2, 1, 2, 6, 3, 3, 3, 4, 2, 4]
3.5,64,[],[0.04071, 0.07578, 0.07713, 0.03756, 0.02448, 0.02751, 0.02002, 0.02486, 0.05584, 0.05065, 0.03564, 0.13054, 0.04074, 0.04361, 0.02106, 0.02182, 0.10476, 0.05772, 0.02092, 0.02421, 0.03029],[0, 2, 2, 4, 2, 1, 3, 3, 9, 6, 3, 8, 0, 2, 0, 0, 2, 8, 5, 5, 3]
3.5,65,[],[0.03445, 0.04429, 0.02297, 0.05097, 0.02239, 0.0484, 0.02755, 0.02682, 0.07185, 0.02022, 0.08349, 0.02138, 0.04249, 0.05144],[6, 9, 4, 2, 5, 4, 10, 3, 0, 7, 6, 0, 3, 0]
3.5,66,[],[0.02408, 0.02898, 0.07508, 0.02131, 0.02046, 0.02392, 0.02529, 0.02562, 0.02183, 0.02957, 0.0625, 0.03024, 0.0278, 0.03266, 0.08623, 0.02842, 0.04179, 0.10832, 0.0311, 0.0259],[1, 6, 8, 1, 3, 5, 5, 2, 3, 5, 6, 3, 2, 8, 7, 0, 0, 6, 2, 2]
3.5,67,[],[0.02217, 0.03899, 0.0458, 0.02088, 0.09149, 0.02463, 0.02549, 0.02166, 0.05902, 0.04473, 0.02055, 0.02593, 0.03004, 0.02154, 0.03373, 0.03025, 0.02069, 0.02764, 0.03079, 0.02091, 0.02379, 0.11926, 0.02542],[1, 5, 3, 7, 2, 0, 0, 1, 3, 2, 3, 3, 2, 2, 6, 3, 2, 1, 2, 6, 3, 3, 3]
3.5,68,[],[0.02795, 0.07578, 0.07713, 0.03756, 0.02448, 0.02751, 0.02002, 0.02486, 0.05584, 0.05065, 0.03564, 0.13054, 0.04074, 0.04361, 0.02106, 0.02182, 0.10476, 0.05772, 0.02092, 0.02421, 0.03029],[0, 2, 2, 4, 2, 1, 3, 3, 9, 6, 3, 8, 0, 2, 0, 0, 2, 8, 5, 5, 3]
3.5,69,[],[0.02458, 0.07502, 0.02462, 0.04205, 0.02724, 0.03412, 0.05221, 0.02764, 0.09237, 0.05037, 0.02662, 0.02657, 0.0449, 0.05085, 0.02377, 0.03201, 0.04105, 0.03287, 0.16116, 0.03581, 0.03065, 0.02685, 0.0215],[6, 2, 4, 6, 0, 1, 5, 0, 4, 7, 0, 4, 5, 7, 3, 1, 3, 1, 2, 2, 0, 2, 6]
3.5,70,[],[0.04192, 0.07751, 0.02365, 0.02161, 0.04484, 0.02901, 0.02038, 0.09593, 0.04074, 0.04361, 0.02106, 0.02182, 0.10476, 0.05772, 0.02092, 0.02421, 0.05729, 0.02041],[3, 7, 2, 3, 4, 2, 2, 3, 0, 2, 0, 0, 2, 8, 5, 5, 15, 3]
3.5,71,[],[0.043, 0.03287, 0.02468, 0.16101, 0.03581, 0.03065, 0.02685, 0.0215, 0.05909, 0.0235, 0.02267, 0.02418, 0.021, 0.03604],[1, 2, 2, 6, 2, 0, 2, 6, 7, 5, 5, 3, 6, 13]
3.5,72,[],[0.11498, 0.02542, 0.0406, 0.02263, 0.02416, 0.03378, 0.0955, 0.07559, 0.0458, 0.02088, 0.09149, 0.02463, 0.02549, 0.02166, 0.05902, 0.04473, 0.02055, 0.02593, 0.03004, 0.02154, 0.03373, 0.03025, 0.02069, 0.02764, 0.03079],[4, 3, 4, 2, 4, 10, 2, 1, 0, 7, 2, 0, 0, 1, 3, 2, 3, 3, 2, 2, 6, 3, 2, 1, 2]
3.5,73,[],[0.0222, 0.0268, 0.02805, 0.03033, 0.02545, 0.0547, 0.03162, 0.04789, 0.07707, 0.02701, 0.02342, 0.02384, 0.02451, 0.02194, 0.02475, 0.02355],[2, 4, 6, 4, 5, 4, 4, 4, 3, 5, 8, 1, 7, 4, 3, 2]
3.5,74,[],[0.02773, 0.03117, 0.02027, 0.028, 0.0203, 0.04276, 0.02818, 0.10553, 0.02939, 0.02892, 0.10787, 0.0311, 0.0259, 0.02887, 0.02782, 0.02476, 0.02738, 0.02232, 0.12245, 0.02842, 0.04179],[5, 0, 5, 7, 9, 3, 6, 4, 1, 3, 2, 2, 2, 2, 7, 1, 1, 4, 4, 0, 0]
3.5,75,[],[0.02046, 0.05994, 0.03029, 0.02018, 0.02459, 0.03666, 0.02726, 0.08668, 0.02145, 0.15259, 0.02463, 0.02549, 0.02166, 0.05902, 0.04473, 0.02055],[5, 2, 13, 1, 8, 11, 6, 15, 4, 1, 0, 0, 1, 3, 2, 3]
3.5,76,[],[0.06094, 0.02419, 0.02187, 0.03296, 0.02063, 0.02089, 0.05227, 0.06478, 0.04717, 0.0363, 0.02118, 0.02948, 0.05259, 0.024, 0.02019, 0.03184],[9, 3, 7, 5, 6, 1, 2, 6, 0, 6, 2, 1, 5, 3, 2, 3]
3.5,77,[],[0.06162, 0.02106, 0.02182, 0.09118, 0.04074, 0.05328, 0.05772, 0.02092, 0.02421, 0.03029, 0.02901, 0.03909, 0.0272, 0.03298, 0.04073, 0.02365, 0.03134, 0.03293, 0.0223, 0.02639],[2, 0, 0, 1, 0, 3, 8, 5, 5, 3, 1, 2, 5, 8, 4, 2, 6, 2, 5, 5]
3.5,78,[],[0.16151, 0.03581, 0.03065, 0.02685, 0.0215, 0.09533, 0.03287, 0.02468, 0.03342, 0.02533, 0.05351, 0.08309, 0.02764, 0.09237, 0.05037, 0.02662, 0.02657, 0.0449, 0.04553, 0.02612, 0.02112, 0.03764, 0.02089, 0.02063],[1, 2, 0, 2, 6, 7, 2, 2, 6, 1, 1, 3, 0, 4, 7, 0, 4, 5, 7, 1, 2, 2, 2, 3]
3.5,79,[],[0.0206, 0.06409, 0.02046, 0.02131, 0.03014, 0.03119, 0.06275, 0.02898, 0.02589, 0.02173, 0.03265, 0.03659, 0.02322],[4, 9, 1, 3, 3, 8, 3, 6, 8, 11, 9, 1, 6]
3.5,80,[],[0.03273, 0.02011, 0.02972, 0.03818, 0.02239, 0.03067, 0.04429, 0.03253, 0.03149, 0.02755, 0.02682, 0.07185, 0.02022, 0.08349, 0.02138, 0.04249, 0.05144],[2, 2, 2, 0, 5, 4, 4, 9, 0, 10, 3, 2, 7, 6, 0, 3, 0]
3.5,81,[],[0.03235, 0.03126, 0.07702, 0.02463, 0.02549, 0.02166, 0.05902, 0.04473, 0.02055, 0.02593, 0.03004, 0.02154, 0.03373, 0.03025, 0.02069, 0.02764, 0.03079, 0.02091, 0.02379, 0.11926, 0.02542, 0.0406, 0.02263, 0.02416],[0, 0, 6, 0, 0, 1, 3, 2, 3, 3, 2, 2, 6, 3, 2, 1, 2, 6, 3, 3, 3, 4, 2, 4]
3.5,82,[],[0.02206, 0.02316, 0.02226, 0.04384, 0.03369, 0.02273, 0.0374, 0.02545, 0.03527, 0.0268, 0.02788, 0.02398, 0.02466, 0.02536, 0.07273],[3, 2, 0, 7, 8, 4, 5, 5, 2, 4, 4, 6, 10, 7, 10]
3.5,83,[],[0.04762, 0.05641, 0.03369, 0.02273, 0.0374, 0.02545, 0.03527, 0.0268, 0.02788, 0.02398, 0.02466],[7, 21, 8, 4, 5, 5, 2, 4, 4, 6, 10]
3.5,84,[],[0.06557, 0.02542, 0.0406, 0.02263, 0.02416, 0.03378, 0.0955, 0.07559, 0.0458, 0.02088, 0.09149, 0.02463, 0.02549, 0.02166, 0.05902, 0.04473, 0.02055, 0.02593, 0.03004, 0.02154, 0.03373, 0.03025, 0.02069, 0.02764, 0.03079],[6, 3, 4, 2, 4, 10, 2, 1, 0, 7, 2, 0, 0, 1, 3, 2, 3, 3, 2, 2, 6, 3, 2, 1, 2]
3.5,85,[],[0.13571, 0.07713, 0.03756, 0.02448, 0.02751, 0.04981, 0.02833, 0.03874, 0.02486, 0.05584, 0.05065, 0.03564, 0.13054, 0.04074, 0.04361, 0.02106, 0.02182, 0.10476, 0.05772, 0.02092],[15, 2, 4, 2, 1, 3, 2, 2, 3, 9, 6, 3, 8, 0, 2, 0, 0, 2, 8, 5]
3.5,86,[],[0.03019, 0.03219, 0.02006, 0.02369, 0.03059, 0.02617, 0.0209, 0.12146, 0.02486, 0.02588, 0.02519, 0.02431, 0.03104, 0.02762],[0, 4, 10, 1, 4, 9, 7, 6, 8, 3, 8, 2, 7, 5]
3.5,87,[],[0.02886, 0.02788, 0.02398, 0.03033, 0.02545, 0.0547, 0.03162, 0.04789, 0.07707, 0.02701, 0.02342, 0.02384, 0.02451, 0.02194, 0.02475, 0.02355],[4, 4, 6, 4, 5, 4, 4, 4, 3, 5, 8, 1, 7, 4, 3, 2]
3.5,88,[],[0.04225, 0.03954, 0.02355, 0.03872, 0.02394, 0.02457, 0.10805, 0.02701, 0.02342, 0.02384, 0.03846, 0.0267, 0.02662],[7, 4, 2, 8, 3, 2, 7, 5, 8, 1, 7, 5, 1]
3.5,89,[],[0.02007, 0.07974, 0.02046, 0.02131, 0.03014, 0.03119, 0.06275, 0.02898, 0.02589, 0.02173, 0.03265, 0.03659],[8, 10, 1, 3, 3, 8, 3, 6, 8, 11, 9, 1]
3.5,90,[],[0.03134, 0.02091, 0.02909, 0.02154, 0.02438, 0.02055, 0.0982, 0.02463, 0.02549, 0.02166, 0.05902, 0.08737, 0.0458, 0.02088, 0.03409, 0.03126, 0.03117, 0.03206, 0.06986, 0.04717, 0.02492, 0.04124],[9, 6, 3, 2, 4, 3, 3, 0, 0, 1, 3, 2, 0, 7, 2, 6, 0, 2, 3, 4, 0, 3]
3.5,91,[],[0.02826, 0.02888, 0.04991, 0.02316, 0.03835, 0.05349, 0.05702, 0.02522, 0.0313, 0.051, 0.05026, 0.02003, 0.02177, 0.02748],[2, 9, 9, 2, 8, 7, 0, 2, 10, 4, 7, 1, 2, 5]
3.5,92,[],[0.03806, 0.06602, 0.02542, 0.0406, 0.02263, 0.02416, 0.03378, 0.0251, 0.0565, 0.02706, 0.02236, 0.02784, 0.02951, 0.0224, 0.02712, 0.04056, 0.0774],[3, 1, 3, 4, 2, 4, 10, 2, 5, 5, 6, 2, 2, 5, 5, 10, 8]
3.5,93,[],[0.02566, 0.03126, 0.04685, 0.0458, 0.07559, 0.06602, 0.02542, 0.0406, 0.02263, 0.02416, 0.03378, 0.0251, 0.0565, 0.02706, 0.02236, 0.02784, 0.02951, 0.0224, 0.02712],[0, 6, 0, 7, 0, 1, 3, 4, 2, 4, 10, 2, 5, 5, 6, 2, 2, 5, 5]
3.5,94,[],[0.12541, 0.03581, 0.03065, 0.02685, 0.0215, 0.09533, 0.03287, 0.02468, 0.03342, 0.02533, 0.05351, 0.08309, 0.02764, 0.09237, 0.05037, 0.02662, 0.02657, 0.0449, 0.04553, 0.02612, 0.02112, 0.03764],[8, 2, 0, 2, 6, 7, 2, 2, 6, 1, 1, 3, 0, 4, 7, 0, 4, 5, 7, 1, 2, 2]
3.5,95,[],[0.02916, 0.02901, 0.02038, 0.09593, 0.04074, 0.04361, 0.02106, 0.02182, 0.10476, 0.05772, 0.02092, 0.02421, 0.08089, 0.02365, 0.02161, 0.0397, 0.0272, 0.0223],[1, 2, 2, 3, 0, 2, 0, 0, 2, 8, 5, 5, 15, 2, 3, 4, 5, 10]
3.5,96,[],[0.03645, 0.04717, 0.02492, 0.04124, 0.05227, 0.02089, 0.02063, 0.05915, 0.02419, 0.02187, 0.02037, 0.03112, 0.0237, 0.04442, 0.024, 0.02019, 0.03184, 0.05326],[3, 4, 0, 3, 6, 2, 3, 6, 3, 7, 5, 2, 3, 2, 3, 2, 3, 5]
3.5,97,[],[0.02349, 0.02011, 0.02972, 0.03818, 0.02239, 0.03067, 0.04429, 0.03253, 0.03149, 0.02755, 0.02682, 0.07185, 0.02022, 0.08349, 0.02138, 0.04249, 0.05144],[1, 2, 2, 0, 5, 4, 4, 9, 0, 10, 3, 2, 7, 6, 0, 3, 0]
3.5,98,[],[0.02515, 0.03987, 0.02011, 0.02972, 0.03818, 0.02239, 0.03067, 0.04429, 0.03253, 0.03149, 0.02755, 0.02682, 0.07185, 0.02022, 0.08349, 0.02138, 0.04249, 0.05144],[0, 6, 2, 2, 0, 5, 4, 4, 9, 0, 10, 3, 2, 7, 6, 0, 3, 0]
3.5,99,[],[0.03185, 0.087, 0.02138, 0.06954, 0.02022, 0.04177, 0.02206, 0.09866, 0.11094, 0.03581, 0.03065, 0.02685, 0.0215],[1, 6, 0, 3, 7, 9, 9, 7, 4, 2, 0, 2, 6]
3.5,100,[],[0.02132, 0.02697, 0.12663, 0.02764, 0.09237, 0.05037, 0.02662, 0.02657, 0.0449, 0.05085, 0.02377, 0.03201, 0.04105, 0.03287, 0.16116, 0.03581, 0.03065, 0.02685, 0.0215, 0.05909],[2, 2, 7, 0, 4, 7, 0, 4, 5, 7, 3, 1, 3, 1, 2, 2, 0, 2, 6, 7]
3.5,101,[],[0.04208, 0.03024, 0.0278, 0.03266, 0.08623, 0.02842, 0.04179, 0.10832, 0.0311, 0.0259, 0.02887, 0.09112, 0.02939, 0.02892, 0.03812, 0.04263, 0.02892, 0.02477, 0.02054],[1, 3, 2, 8, 7, 0, 0, 6, 2, 2, 2, 7, 1, 3, 2, 8, 0, 7, 6]
3.5,102,[],[0.09142, 0.07713, 0.03756, 0.02448, 0.02751, 0.04981, 0.02833, 0.03874, 0.02486, 0.05584, 0.05065, 0.03564, 0.13054, 0.04074, 0.04361, 0.02106, 0.02182, 0.10476, 0.05772, 0.02092, 0.02421],[4, 2, 4, 2, 1, 3, 2, 2, 3, 9, 6, 3, 8, 0, 2, 0, 0, 2, 8, 5, 5]
3.5,103,[],[0.02214, 0.02316, 0.06692, 0.03369, 0.02273, 0.0374, 0.02545, 0.03527, 0.0268, 0.02788, 0.02398, 0.02466, 0.02536, 0.07273],[3, 0, 1, 8, 4, 5, 5, 2, 4, 4, 6, 10, 7, 10]
3.5,104,[],[0.04893, 0.0311, 0.0259, 0.02887, 0.09112, 0.02939, 0.02892, 0.10476, 0.02842, 0.04179, 0.04376, 0.02517, 0.0414, 0.02035, 0.05912, 0.03024, 0.0278, 0.03141, 0.03256, 0.02221, 0.02027],[5, 2, 2, 2, 7, 1, 3, 2, 0, 0, 6, 3, 1, 4, 2, 3, 2, 8, 5, 2, 7]
3.5,105,[],[0.02931, 0.02207, 0.12289, 0.02764, 0.09237, 0.05037, 0.02662, 0.02657, 0.0449, 0.05085, 0.02377, 0.03201, 0.04105, 0.03287, 0.16116, 0.03581, 0.03065, 0.02685, 0.0215],[3, 3, 16, 0, 4, 7, 0, 4, 5, 7, 3, 1, 3, 1, 2, 2, 0, 2, 6]
3.5,106,[],[0.03831, 0.02131, 0.02046, 0.02392, 0.02529, 0.02562, 0.02183, 0.02957, 0.0625, 0.03024, 0.0278, 0.03266, 0.08623, 0.02842, 0.04179, 0.10832, 0.0311, 0.0259, 0.02887],[3, 1, 3, 5, 5, 2, 3, 5, 6, 3, 2, 8, 7, 0, 0, 6, 2, 2, 2]
3.5,107,[],[0.03058, 0.03417, 0.0339, 0.02256, 0.03646, 0.0618, 0.05641, 0.03369, 0.02273, 0.0374],[3, 2, 2, 8, 2, 8, 21, 8, 4, 5]
3.5,108,[],[0.02236, 0.03609, 0.02573, 0.08369, 0.02219, 0.0294, 0.05061, 0.02365, 0.02161, 0.04484, 0.02901, 0.02038, 0.09593, 0.04074, 0.04361, 0.02106, 0.02182, 0.10476, 0.05772],[9, 2, 8, 4, 0, 4, 9, 2, 3, 4, 2, 2, 3, 0, 2, 0, 0, 2, 8]
3.5,109,[],[0.02393, 0.0641, 0.03184, 0.02019, 0.024, 0.0282, 0.0416, 0.0237, 0.05471, 0.02089, 0.02063, 0.05915, 0.02419, 0.02187, 0.02037, 0.0264, 0.07503],[9, 5, 5, 4, 2, 5, 4, 2, 5, 2, 3, 6, 3, 7, 5, 2, 6]
3.5,110,[],[0.02376, 0.03365, 0.09815, 0.07713, 0.03756, 0.02448, 0.02751, 0.04981, 0.02833, 0.03874, 0.02486, 0.05584, 0.05065, 0.03564, 0.13054, 0.04074, 0.04361, 0.02106, 0.02182, 0.10476, 0.05772],[1, 2, 7, 2, 4, 2, 1, 3, 2, 2, 3, 9, 6, 3, 8, 0, 2, 0, 0, 2, 8]
3.5,111,[],[0.03706, 0.02486, 0.14111, 0.03581, 0.03065, 0.02685, 0.0215, 0.09533, 0.03287, 0.02468, 0.03342, 0.02533, 0.05351, 0.08309, 0.02764, 0.09237, 0.05037, 0.02662, 0.02657, 0.0449, 0.04553],[3, 5, 10, 2, 0, 2, 6, 7, 2, 2, 6, 1, 1, 3, 0, 4, 7, 0, 4, 5, 7]
3.5,112,[],[0.04793, 0.03184, 0.02019, 0.024, 0.0282, 0.0416, 0.0237, 0.05471, 0.02089, 0.02063, 0.05915, 0.02419, 0.02187, 0.02037, 0.0264, 0.07503],[6, 5, 4, 2, 5, 4, 2, 5, 2, 3, 6, 3, 7, 5, 2, 6]
3.5,113,[],[0.02495, 0.05002, 0.02939, 0.02892, 0.10787, 0.0311, 0.0259, 0.02887, 0.02782, 0.02476, 0.02738, 0.02232, 0.12245, 0.02842, 0.04179, 0.04376, 0.02517, 0.0414, 0.02035, 0.05912, 0.03024, 0.0278, 0.03141, 0.03256],[2, 5, 1, 3, 2, 2, 2, 2, 7, 1, 1, 4, 4, 0, 0, 6, 3, 1, 4, 2, 3, 2, 8, 5]
3.5,114,[],[0.04342, 0.02509, 0.02178, 0.02779, 0.03799, 0.02611, 0.02518, 0.058, 0.03282, 0.0249, 0.03592, 0.02373, 0.0213, 0.02035, 0.22522, 0.02898],[0, 3, 2, 5, 9, 2, 3, 7, 3, 0, 6, 4, 4, 12, 10, 6]
3.5,115,[],[0.04945, 0.03581, 0.03065, 0.02685, 0.0215, 0.09533, 0.03287, 0.02468, 0.03342, 0.02533, 0.05351, 0.08309, 0.02764, 0.09237, 0.05037, 0.02662, 0.02657, 0.0449, 0.04553, 0.02612, 0.02112, 0.03764, 0.02089, 0.02063],[1, 2, 0, 2, 6, 7, 2, 2, 6, 1, 1, 3, 0, 4, 7, 0, 4, 5, 7, 1, 2, 2, 2, 3]
3.5,116,[],[0.04333, 0.0311, 0.02711, 0.09112, 0.02939, 0.02892, 0.10476, 0.02842, 0.04179, 0.04376, 0.02517, 0.0414, 0.02035, 0.05912, 0.03024, 0.0278, 0.03141, 0.03256, 0.02221, 0.02027],[0, 2, 7, 7, 1, 3, 2, 0, 0, 6, 3, 1, 4, 2, 3, 2, 8, 5, 2, 7]
3.5,117,[],[0.10324, 0.03581, 0.03065, 0.02685, 0.0215, 0.09533, 0.03287, 0.02468, 0.03342, 0.02533, 0.05351, 0.08309, 0.02764, 0.09237, 0.05037, 0.02662, 0.02657, 0.0449, 0.04553, 0.02612, 0.02112, 0.03764, 0.02089, 0.02063],[2, 2, 0, 2, 6, 7, 2, 2, 6, 1, 1, 3, 0, 4, 7, 0, 4, 5, 7, 1, 2, 2, 2, 3]
3.5,118,[],[0.06032, 0.02939, 0.02892, 0.10787, 0.0311, 0.0259, 0.02887, 0.02782, 0.02476, 0.02738, 0.02232, 0.12245, 0.02842, 0.04179, 0.04376, 0.02517, 0.0414, 0.02035, 0.05912, 0.03024, 0.0278, 0.03141, 0.03256],[4, 1, 3, 2, 2, 2, 2, 7, 1, 1, 4, 4, 0, 0, 6, 3, 1, 4, 2, 3, 2, 8, 5]
3.5,119,[],[0.03843, 0.02701, 0.02342, 0.02384, 0.02451, 0.02194, 0.02475, 0.02355, 0.02072, 0.03732, 0.04419, 0.02206, 0.02231, 0.02315, 0.02344, 0.02055],[1, 5, 8, 1, 7, 4, 3, 2, 2, 10, 5, 2, 7, 5, 6, 11]
3.5,120,[],[0.03782, 0.02365, 0.02161, 0.04484, 0.02901, 0.02038, 0.09593, 0.04074, 0.04361, 0.02106, 0.02182, 0.10476, 0.05772, 0.02092, 0.02421, 0.05729, 0.02041, 0.02637],[2, 2, 3, 4, 2, 2, 3, 0, 2, 0, 0, 2, 8, 5, 5, 15, 3, 3]
3.5,121,[],[0.022, 0.02316, 0.03117, 0.02027, 0.028, 0.0203, 0.04276, 0.02818, 0.10553, 0.02939, 0.02892, 0.10787, 0.0311, 0.0259, 0.02887, 0.02782, 0.02476, 0.02738, 0.02232, 0.12245, 0.02842, 0.04179],[2, 1, 0, 5, 7, 9, 3, 6, 4, 1, 3, 2, 2, 2, 2, 7, 1, 1, 4, 4, 0, 0]
3.5,122,[],[0.04051, 0.07713, 0.03756, 0.02448, 0.02751, 0.04981, 0.02833, 0.03874, 0.02486, 0.05584, 0.05065, 0.03564, 0.13054, 0.04074, 0.04361, 0.02106, 0.02182, 0.10476, 0.05772, 0.02092, 0.02421],[0, 2, 4, 2, 1, 3, 2, 2, 3, 9, 6, 3, 8, 0, 2, 0, 0, 2, 8, 5, 5]
3.5,123,[],[0.03604, 0.02183, 0.05868, 0.02046, 0.02131, 0.03014, 0.03119, 0.06275, 0.02898, 0.02589, 0.02173, 0.03265, 0.03659, 0.02322, 0.02299],[2, 5, 4, 1, 3, 3, 8, 3, 6, 8, 11, 9, 1, 6, 7]
3.5,124,[],[0.03664, 0.02575, 0.02865, 0.04036, 0.02252, 0.02138, 0.04833, 0.02701, 0.02342, 0.02384, 0.02451, 0.02194, 0.02475, 0.02355, 0.02072, 0.03732],[1, 3, 8, 7, 2, 7, 3, 5, 8, 1, 7, 4, 3, 2, 2, 10]
3.5,125,[],[0.04563, 0.03581, 0.03065, 0.02685, 0.0215, 0.09533, 0.03287, 0.02468, 0.03342, 0.02533, 0.05351, 0.08309, 0.02764, 0.09237, 0.05037, 0.02662, 0.02657, 0.0449, 0.04553, 0.02612, 0.02112, 0.03764, 0.02089, 0.02063],[2, 2, 0, 2, 6, 7, 2, 2, 6, 1, 1, 3, 0, 4, 7, 0, 4, 5, 7, 1, 2, 2, 2, 3]
3.5,126,[],[0.02826, 0.05002, 0.02939, 0.02892, 0.10787, 0.0311, 0.0259, 0.02887, 0.02782, 0.02476, 0.02738, 0.02232, 0.12245, 0.02842, 0.04179, 0.04376, 0.02517, 0.0414, 0.02035, 0.05912, 0.03024, 0.0278, 0.03141, 0.03256],[2, 5, 1, 3, 2, 2, 2, 2, 7, 1, 1, 4, 4, 0, 0, 6, 3, 1, 4, 2, 3, 2, 8, 5]
3.5,127,[],[0.05081, 0.05038, 0.02308, 0.03656, 0.0354, 0.02442, 0.11975, 0.03581, 0.03065, 0.02685, 0.0215, 0.09533, 0.03287, 0.02468, 0.03342, 0.02533, 0.05351, 0.08309, 0.02764, 0.09237],[1, 7, 1, 4, 5, 5, 9, 2, 0, 2, 6, 7, 2, 2, 6, 1, 1, 3, 0, 4]
3.5,128,[],[0.05856, 0.03024, 0.0278, 0.03266, 0.08623, 0.02842, 0.04179, 0.10832, 0.0311, 0.0259, 0.02887, 0.09112, 0.02939, 0.02892, 0.03812, 0.04263, 0.02892, 0.02477, 0.02054],[5, 3, 2, 8, 7, 0, 0, 6, 2, 2, 2, 7, 1, 3, 2, 8, 0, 7, 6]
3.5,129,[],[0.03504, 0.02898, 0.07508, 0.02131, 0.02046, 0.02392, 0.02529, 0.02562, 0.02183, 0.02957, 0.0625, 0.03024, 0.0278, 0.03266, 0.08623, 0.02842, 0.04179, 0.10832, 0.0311, 0.0259],[1, 6, 8, 1, 3, 5, 5, 2, 3, 5, 6, 3, 2, 8, 7, 0, 0, 6, 2, 2]
3.5,130,[],[0.07785, 0.02764, 0.09237, 0.05037, 0.02662, 0.02657, 0.0449, 0.05085, 0.02377, 0.03201, 0.04105, 0.03287, 0.16116, 0.03581, 0.03065, 0.02685, 0.0215, 0.05909, 0.0235, 0.02267, 0.02418],[1, 0, 4, 7, 0, 4, 5, 7, 3, 1, 3, 1, 2, 2, 0, 2, 6, 7, 5, 5, 3]
3.5,131,[],[0.03411, 0.02183, 0.05868, 0.02046, 0.02131, 0.03014, 0.03119, 0.06275, 0.02898, 0.02589, 0.02173, 0.03265, 0.03659, 0.02322, 0.02299],[1, 5, 4, 1, 3, 3, 8, 3, 6, 8, 11, 9, 1, 6, 7]
3.5,132,[],[0.02466, 0.03115, 0.02667, 0.05728, 0.02022, 0.08349, 0.02138, 0.04249, 0.03307, 0.02041],[4, 12, 8, 3, 7, 6, 0, 3, 0, 4]
3.5,133,[],[0.03604, 0.02183, 0.05868, 0.02046, 0.02131, 0.03014, 0.03119, 0.06275, 0.02898, 0.02589, 0.02173, 0.03265, 0.03659, 0.02322, 0.02299],[2, 5, 4, 1, 3, 3, 8, 3, 6, 8, 11, 9, 1, 6, 7]
3.5,134,[],[0.05072, 0.11999, 0.02764, 0.0425, 0.03919, 0.02462, 0.04205, 0.02724, 0.02376, 0.02645, 0.03108, 0.04156, 0.02151, 0.03151, 0.02843, 0.08236],[1, 7, 0, 4, 6, 4, 6, 0, 1, 2, 10, 4, 4, 10, 5, 5]
3.5,135,[],[0.04704, 0.10832, 0.0311, 0.0259, 0.02887, 0.09112, 0.02939, 0.02892, 0.10476, 0.02842, 0.026, 0.04031, 0.02802, 0.02221, 0.05346, 0.03024, 0.0278, 0.03266],[5, 1, 2, 2, 2, 7, 1, 3, 2, 8, 0, 1, 15, 7, 5, 3, 2, 8]
3.5,136,[],[0.07661, 0.02106, 0.02182, 0.09118, 0.04074, 0.05328, 0.05772, 0.02092, 0.02421, 0.03029, 0.02901, 0.03909, 0.0272, 0.03298, 0.04073, 0.02365, 0.03134, 0.03293, 0.0223, 0.02639],[2, 0, 0, 1, 0, 3, 8, 5, 5, 3, 1, 2, 5, 8, 4, 2, 6, 2, 5, 5]
3.5,137,[],[0.03637, 0.02939, 0.02892, 0.10787, 0.0311, 0.0259, 0.02887, 0.02782, 0.02476, 0.02738, 0.02232, 0.12245, 0.02842, 0.04179, 0.04376, 0.02517, 0.0414, 0.02035, 0.05912, 0.03024, 0.0278, 0.03141, 0.03256],[4, 1, 3, 2, 2, 2, 2, 7, 1, 1, 4, 4, 0, 0, 6, 3, 1, 4, 2, 3, 2, 8, 5]
3.5,138,[],[0.033, 0.04008, 0.02611, 0.03799, 0.04169, 0.02509, 0.02178, 0.02378, 0.03407, 0.02787, 0.02647, 0.03022],[9, 0, 2, 4, 4, 3, 6, 6, 4, 5, 2, 2]
3.5,139,[],[0.02053, 0.02522, 0.02265, 0.03715, 0.05349, 0.03213, 0.03722, 0.04991, 0.02316, 0.02154, 0.02142, 0.0266, 0.02458, 0.02396],[0, 3, 2, 2, 0, 2, 2, 9, 2, 6, 3, 6, 3, 10]
3.5,140,[],[0.07095, 0.02463, 0.02549, 0.02166, 0.05902, 0.04473, 0.02055, 0.02593, 0.03004, 0.02154, 0.03373, 0.03025, 0.02069, 0.02764, 0.03079, 0.02091, 0.02379, 0.11926, 0.02542, 0.0406, 0.02263, 0.02416],[3, 0, 0, 1, 3, 2, 3, 3, 2, 2, 6, 3, 2, 1, 2, 6, 3, 3, 3, 4, 2, 4]
3.5,141,[],[0.03742, 0.03564, 0.05065, 0.02126, 0.02542, 0.02223, 0.17264, 0.04074, 0.04361, 0.02106, 0.02182, 0.10476],[1, 3, 4, 6, 9, 10, 8, 0, 2, 0, 0, 2]
3.5,142,[],[0.02233, 0.06216, 0.0311, 0.0259, 0.02887, 0.09112, 0.02939, 0.02892, 0.10476, 0.02842, 0.04179, 0.04376, 0.02517, 0.0414, 0.02035, 0.05912, 0.03024, 0.0278, 0.03141, 0.03256, 0.02221, 0.02027],[4, 2, 2, 2, 2, 7, 1, 3, 2, 0, 0, 6, 3, 1, 4, 2, 3, 2, 8, 5, 2, 11]
3.5,143,[],[0.05526, 0.03184, 0.02019, 0.024, 0.0282, 0.0416, 0.0237, 0.05471, 0.02089, 0.02063, 0.05915, 0.02419, 0.02187, 0.02037, 0.0264, 0.07503],[3, 5, 4, 2, 5, 4, 2, 5, 2, 3, 6, 3, 7, 5, 2, 6]
3.5,144,[],[0.02624, 0.02071, 0.03351, 0.02207, 0.12289, 0.02764, 0.09237, 0.05037, 0.02662, 0.02657, 0.0449, 0.05085, 0.02377, 0.03201, 0.04105, 0.03287, 0.16116, 0.03581, 0.03065, 0.02685, 0.0215],[2, 3, 2, 3, 16, 0, 4, 7, 0, 4, 5, 7, 3, 1, 3, 1, 2, 2, 0, 2, 6]
3.5,145,[],[0.03205, 0.02089, 0.02063, 0.05915, 0.02419, 0.02187, 0.02037, 0.03112, 0.0237, 0.04442, 0.024, 0.02019, 0.03184, 0.05326, 0.09815, 0.07713, 0.03756, 0.02448, 0.02751, 0.04981, 0.02833],[4, 2, 3, 6, 3, 7, 5, 2, 3, 2, 3, 2, 3, 5, 7, 2, 4, 2, 1, 3, 2]
3.5,146,[],[0.03684, 0.02575, 0.02865, 0.04036, 0.02252, 0.02138, 0.04833, 0.02701, 0.02342, 0.02384, 0.02451, 0.02194, 0.02475, 0.02355, 0.02072, 0.03732],[3, 3, 8, 7, 2, 7, 3, 5, 8, 1, 7, 4, 3, 2, 2, 10]
3.5,147,[],[0.04107, 0.03564, 0.13054, 0.04074, 0.04361, 0.02106, 0.02182, 0.10476, 0.05772, 0.02092, 0.02421, 0.03029, 0.02901, 0.03909, 0.0272, 0.03298, 0.04073, 0.02365],[4, 3, 8, 0, 2, 0, 0, 2, 8, 5, 5, 3, 1, 2, 5, 8, 4, 2]
3.5,148,[],[0.02966, 0.05038, 0.02308, 0.03656, 0.0354, 0.02442, 0.11975, 0.03581, 0.03065, 0.02685, 0.0215, 0.09533, 0.03287, 0.02468, 0.03342, 0.02533, 0.05351, 0.08309, 0.02764, 0.09237],[6, 7, 1, 4, 5, 5, 9, 2, 0, 2, 6, 7, 2, 2, 6, 1, 1, 3, 0, 4]
3.5,149,[],[0.02327, 0.07, 0.03029, 0.02018, 0.02459, 0.03666, 0.02726, 0.08668, 0.02145, 0.15259, 0.02463, 0.02549, 0.02166, 0.05902, 0.04473, 0.02055],[4, 6, 13, 1, 8, 11, 6, 15, 4, 1, 0, 0, 1, 3, 2, 3]
3.5,150,[],[0.02259, 0.09682, 0.02542, 0.0406, 0.02263, 0.02416, 0.03378, 0.0955, 0.07559, 0.0458, 0.02088, 0.09149, 0.02463, 0.02549, 0.02166, 0.05902, 0.04473, 0.02055, 0.02593, 0.03004, 0.02154],[4, 6, 3, 4, 2, 4, 10, 2, 1, 0, 7, 2, 0, 0, 1, 3, 2, 3, 3, 2, 2]
3.5,151,[],[0.02118, 0.02701, 0.02342, 0.02384, 0.02451, 0.02194, 0.02475, 0.02355, 0.02072, 0.03732, 0.04419, 0.02206, 0.02231, 0.02315, 0.02344, 0.02055],[0, 5, 8, 1, 7, 4, 3, 2, 2, 10, 5, 2, 7, 5, 6, 11]
3.5,152,[],[0.0414, 0.02419, 0.02187, 0.03296, 0.02063, 0.02089, 0.05227, 0.06478, 0.04717, 0.0363, 0.02118, 0.02948, 0.05259, 0.024, 0.02019, 0.03184],[4, 3, 7, 5, 6, 1, 2, 6, 0, 6, 2, 1, 5, 3, 2, 3]
3.5,153,[],[0.03256, 0.03213, 0.02171, 0.0447, 0.05693, 0.05702, 0.02522, 0.0313, 0.03053, 0.03213, 0.03722, 0.04991, 0.02316, 0.02154, 0.02142],[3, 4, 4, 5, 1, 0, 2, 10, 4, 2, 2, 9, 2, 6, 3]
3.5,154,[],[0.04599, 0.02509, 0.02178, 0.02779, 0.03799, 0.02611, 0.02518, 0.058, 0.03282, 0.0249, 0.03592, 0.02373, 0.0213, 0.02035, 0.22522, 0.02898],[2, 3, 2, 5, 9, 2, 3, 7, 3, 0, 6, 4, 4, 12, 10, 6]
3.5,155,[],[0.0567, 0.11094, 0.03581, 0.03065, 0.02685, 0.0215, 0.09533, 0.03287, 0.02468, 0.03342, 0.02533, 0.05351, 0.08309, 0.02764, 0.09237, 0.05037, 0.02662, 0.02657, 0.0449],[3, 4, 2, 0, 2, 6, 7, 2, 2, 6, 1, 1, 3, 0, 4, 7, 0, 4, 5]
3.5,156,[],[0.02468, 0.04169, 0.02509, 0.02178, 0.04048, 0.02611, 0.02518, 0.058, 0.03282, 0.0249, 0.03592, 0.02373, 0.0213, 0.02035, 0.22522, 0.02898],[0, 4, 3, 6, 6, 2, 3, 7, 3, 0, 6, 4, 4, 12, 10, 6]
3.5,157,[],[0.0523, 0.0458, 0.02088, 0.09149, 0.02463, 0.02549, 0.02166, 0.05902, 0.04473, 0.02055, 0.02593, 0.03004, 0.02154, 0.03373, 0.03025, 0.02069, 0.02764, 0.03079, 0.02091, 0.02379, 0.11926, 0.02542, 0.0406, 0.02263, 0.02416],[0, 0, 7, 2, 0, 0, 1, 3, 2, 3, 3, 2, 2, 6, 3, 2, 1, 2, 6, 3, 3, 3, 4, 2, 4]
3.5,158,[],[0.05508, 0.04074, 0.04361, 0.02106, 0.02182, 0.10476, 0.05772, 0.02092, 0.02421, 0.03029, 0.02901, 0.03909, 0.0272, 0.03298, 0.04073, 0.02365, 0.03134, 0.03293, 0.0223, 0.02639],[0, 0, 2, 0, 0, 2, 8, 5, 5, 3, 1, 2, 5, 8, 4, 2, 6, 2, 5, 5]
3.5,159,[],[0.05079, 0.04074, 0.04361, 0.02106, 0.02182, 0.10476, 0.05772, 0.02092, 0.02421, 0.03029, 0.02901, 0.03909, 0.0272, 0.03298, 0.04073, 0.02365, 0.03134, 0.03293, 0.0223, 0.02639],[2, 0, 2, 0, 0, 2, 8, 5, 5, 3, 1, 2, 5, 8, 4, 2, 6, 2, 5, 5]
3.5,160,[],[0.02349, 0.05159, 0.04429, 0.03253, 0.03149, 0.02755, 0.02682, 0.07185, 0.02022, 0.08349, 0.02138, 0.04249, 0.05144],[2, 11, 4, 9, 0, 10, 3, 2, 7, 6, 0, 3, 0]
3.5,161,[],[0.04015, 0.02842, 0.04179, 0.10832, 0.0311, 0.0259, 0.02887, 0.09112, 0.02939, 0.02892, 0.03812, 0.04263, 0.02892, 0.02477, 0.02054, 0.03195],[2, 0, 0, 6, 2, 2, 2, 7, 1, 3, 2, 8, 0, 7, 6, 11]
3.5,162,[],[0.04664, 0.02509, 0.02178, 0.02779, 0.03799, 0.02611, 0.02518, 0.058, 0.03282, 0.0249, 0.03592, 0.02373, 0.0213, 0.02035, 0.22522, 0.02898],[2, 3, 2, 5, 9, 2, 3, 7, 3, 0, 6, 4, 4, 12, 10, 6]
3.5,163,[],[0.06017, 0.0306, 0.02026, 0.02782, 0.0213, 0.02478, 0.03914, 0.03714, 0.03901],[10, 4, 6, 7, 6, 21, 16, 6, 4]
3.5,164,[],[0.04228, 0.07713, 0.07578, 0.04981, 0.02751, 0.02123, 0.02892, 0.02486, 0.05584, 0.05065, 0.03564, 0.13054, 0.04074, 0.04361, 0.02106, 0.02182, 0.10476, 0.05772, 0.02092],[2, 4, 2, 2, 3, 3, 5, 3, 9, 6, 3, 8, 0, 2, 0, 0, 2, 8, 5]
3.5,165,[],[0.02087, 0.10897, 0.10832, 0.0311, 0.0259, 0.02887, 0.09112, 0.02939, 0.02892, 0.10476, 0.02842, 0.026, 0.04031, 0.02802, 0.02221, 0.05346, 0.03024, 0.0278, 0.03266],[2, 1, 1, 2, 2, 2, 7, 1, 3, 2, 8, 0, 1, 15, 7, 5, 3, 2, 8]
3.5,166,[],[0.0656, 0.02138, 0.06954, 0.02022, 0.05701, 0.02385, 0.04139, 0.02472, 0.0438, 0.02573],[4, 0, 3, 7, 9, 7, 10, 1, 7, 8]
3.5,167,[],[0.054, 0.06602, 0.02542, 0.0406, 0.02263, 0.02416, 0.03378, 0.0251, 0.0565, 0.02706, 0.02236, 0.02784, 0.02951, 0.0224, 0.02712, 0.04056, 0.0774],[2, 1, 3, 4, 2, 4, 10, 2, 5, 5, 6, 2, 2, 5, 5, 10, 8]
3.5,168,[],[0.0262, 0.02363, 0.02471, 0.02138, 0.02252, 0.03704, 0.02061, 0.02266, 0.02398, 0.03033, 0.02545, 0.0547, 0.03162, 0.04789, 0.02815],[3, 9, 6, 2, 7, 4, 4, 3, 6, 4, 5, 4, 4, 4, 3]
3.5,169,[],[0.04692, 0.02106, 0.02182, 0.09118, 0.04074, 0.05328, 0.05772, 0.02092, 0.02421, 0.03029, 0.02901, 0.03909, 0.0272, 0.03298, 0.04073, 0.02365, 0.03134, 0.03293, 0.0223, 0.02639],[2, 0, 0, 1, 0, 3, 8, 5, 5, 3, 1, 2, 5, 8, 4, 2, 6, 2, 5, 5]
3.5,170,[],[0.03465, 0.08857, 0.02542, 0.0406, 0.02263, 0.02416, 0.03378, 0.0955, 0.07559, 0.0458, 0.02088, 0.09149, 0.02463, 0.02549, 0.02166, 0.05902, 0.04473, 0.02055, 0.02593, 0.03004, 0.02154, 0.03373, 0.03025, 0.02069, 0.02764],[1, 8, 3, 4, 2, 4, 10, 2, 1, 0, 7, 2, 0, 0, 1, 3, 2, 3, 3, 2, 2, 6, 3, 2, 1]
3.5,171,[],[0.08082, 0.11999, 0.02764, 0.0425, 0.03919, 0.02462, 0.04205, 0.02724, 0.02376, 0.02645, 0.03108, 0.04156, 0.02151, 0.03151, 0.02843, 0.08236],[2, 7, 0, 4, 6, 4, 6, 0, 1, 2, 10, 4, 4, 10, 5, 5]
3.5,172,[],[0.04635, 0.02952, 0.03118, 0.02125, 0.02716, 0.02299, 0.03755, 0.03293, 0.13427, 0.07713],[2, 2, 10, 2, 8, 10, 3, 3, 14, 2]
3.5,173,[],[0.02373, 0.03083, 0.02154, 0.02438, 0.02055, 0.0982, 0.02463, 0.02549, 0.02166, 0.05902, 0.08737, 0.0458, 0.02088, 0.03409, 0.03126, 0.03117, 0.03206, 0.06986, 0.04717, 0.02492, 0.04124],[5, 3, 2, 4, 3, 3, 0, 0, 1, 3, 2, 0, 7, 2, 6, 0, 2, 3, 4, 0, 3]
3.5,174,[],[0.08067, 0.02542, 0.0406, 0.02263, 0.02416, 0.03378, 0.0955, 0.07559, 0.0458, 0.02088, 0.09149, 0.02463, 0.02549, 0.02166, 0.05902, 0.04473, 0.02055, 0.02593, 0.03004, 0.02154, 0.03373, 0.03025, 0.02069, 0.02764],[11, 3, 4, 2, 4, 10, 2, 1, 0, 7, 2, 0, 0, 1, 3, 2, 3, 3, 2, 2, 6, 3, 2, 1]
3.5,175,[],[0.02133, 0.02207, 0.02672, 0.02071, 0.0327, 0.06561, 0.02486, 0.14111, 0.03581, 0.03065, 0.02685, 0.0215, 0.09533, 0.03287, 0.02468, 0.03342],[7, 6, 3, 3, 2, 5, 5, 10, 2, 0, 2, 6, 7, 2, 2, 6]
3.5,176,[],[0.08857, 0.02542, 0.0406, 0.02263, 0.02416, 0.03378, 0.0955, 0.07559, 0.0458, 0.02088, 0.09149, 0.02463, 0.02549, 0.02166, 0.05902, 0.04473, 0.02055, 0.02593, 0.03004, 0.02154, 0.03373, 0.03025, 0.02069, 0.02764],[8, 3, 4, 2, 4, 10, 2, 1, 0, 7, 2, 0, 0, 1, 3, 2, 3, 3, 2, 2, 6, 3, 2, 1]
3.5,177,[],[0.10271, 0.03581, 0.03065, 0.02685, 0.0215, 0.09533, 0.03287, 0.02468, 0.03342, 0.02533, 0.05351, 0.08309, 0.02764, 0.09237, 0.05037, 0.02662, 0.02657, 0.0449, 0.04553, 0.02612, 0.02112],[7, 2, 0, 2, 6, 7, 2, 2, 6, 1, 1, 3, 0, 4, 7, 0, 4, 5, 7, 1, 2]
3.5,178,[],[0.02097, 0.02701, 0.02342, 0.02384, 0.02451, 0.02194, 0.02475, 0.02355, 0.02072, 0.03732, 0.04419, 0.02206, 0.02231, 0.02315, 0.02344, 0.02055],[0, 5, 8, 1, 7, 4, 3, 2, 2, 10, 5, 2, 7, 5, 6, 11]
3.5,179,[],[0.0457, 0.02462, 0.04205, 0.02724, 0.03412, 0.05221, 0.02764, 0.09237, 0.05037, 0.02662, 0.02657, 0.0449, 0.05085, 0.02377, 0.03201, 0.04105, 0.03287, 0.16116, 0.03581, 0.03065, 0.02685, 0.0215],[1, 4, 6, 0, 1, 5, 0, 4, 7, 0, 4, 5, 7, 3, 1, 3, 1, 2, 2, 0, 2, 6]
3.5,180,[],[0.05205, 0.02219, 0.0294, 0.05061, 0.02365, 0.02161, 0.04484, 0.02901, 0.02038, 0.09593, 0.04074, 0.04361, 0.02106, 0.02182, 0.10476, 0.05772, 0.02092, 0.02421],[9, 0, 4, 9, 2, 3, 4, 2, 2, 3, 0, 2, 0, 0, 2, 8, 5, 5]
3.5,181,[],[0.05533, 0.0306, 0.02026, 0.02782, 0.0213, 0.02478, 0.03914, 0.03714, 0.02996],[4, 4, 6, 7, 6, 23, 16, 6, 4]
3.5,182,[],[0.03407, 0.02412, 0.02393, 0.06248, 0.02409, 0.02415, 0.02453, 0.06711, 0.05642, 0.02344, 0.08171, 0.0311, 0.0259, 0.02887, 0.09112, 0.02939],[1, 6, 4, 7, 5, 3, 11, 2, 7, 5, 5, 2, 2, 2, 7, 1]
3.5,183,[],[0.05235, 0.02089, 0.02063, 0.05915, 0.02419, 0.02187, 0.02037, 0.03112, 0.0237, 0.04442, 0.024, 0.02019, 0.03184, 0.05326, 0.09815, 0.07713, 0.03756, 0.02448, 0.02751, 0.04981, 0.02833],[6, 2, 3, 6, 3, 7, 5, 2, 3, 2, 3, 2, 3, 5, 7, 2, 4, 2, 1, 3, 2]
3.5,184,[],[0.02861, 0.03881, 0.05652, 0.02486, 0.14111, 0.03581, 0.03065, 0.02685, 0.0215, 0.09533, 0.03287, 0.02468, 0.03342, 0.02533, 0.05351, 0.08309, 0.02764, 0.09237],[4, 2, 5, 5, 10, 2, 0, 2, 6, 7, 2, 2, 6, 1, 1, 3, 0, 4]
3.5,185,[],[0.03867, 0.02764, 0.09237, 0.05037, 0.02662, 0.02657, 0.0449, 0.05085, 0.02377, 0.03201, 0.04105, 0.03287, 0.16116, 0.03581, 0.03065, 0.02685, 0.0215, 0.05909, 0.0235, 0.02267, 0.02418],[0, 0, 4, 7, 0, 4, 5, 7, 3, 1, 3, 1, 2, 2, 0, 2, 6, 7, 5, 5, 3]
3.5,186,[],[0.05295, 0.02308, 0.03656, 0.0354, 0.02442, 0.11975, 0.03581, 0.03065, 0.02685, 0.0215, 0.09533, 0.03287, 0.02468, 0.03342, 0.02533, 0.05351, 0.08309, 0.02764, 0.09237],[1, 1, 4, 5, 5, 9, 2, 0, 2, 6, 7, 2, 2, 6, 1, 1, 3, 0, 4]
3.5,187,[],[0.03027, 0.0458, 0.07559, 0.06602, 0.02542, 0.0406, 0.02263, 0.02416, 0.03378, 0.0251, 0.0565, 0.02706, 0.02236, 0.02784, 0.02951, 0.0224, 0.02712, 0.04056],[3, 7, 0, 1, 3, 4, 2, 4, 10, 2, 5, 5, 6, 2, 2, 5, 5, 10]
3.5,188,[],[0.06927, 0.03029, 0.02018, 0.02459, 0.03666, 0.02726, 0.08668, 0.02145, 0.15259, 0.02463, 0.02549, 0.02166, 0.05902, 0.04473, 0.02055],[4, 13, 1, 8, 11, 6, 15, 4, 1, 0, 0, 1, 3, 2, 3]
3.5,189,[],[0.07347, 0.02106, 0.04361, 0.04074, 0.06591, 0.05772, 0.03613, 0.10476, 0.03564, 0.05065, 0.02126, 0.02542, 0.02223, 0.04282, 0.0205, 0.03543],[1, 0, 1, 2, 0, 1, 8, 3, 3, 4, 6, 9, 10, 8, 2, 5]
3.5,190,[],[0.0363, 0.05226, 0.02151, 0.02904, 0.09276, 0.11999, 0.02764, 0.0425, 0.03919, 0.02462, 0.04205, 0.02724, 0.02376, 0.02645],[0, 5, 4, 12, 0, 7, 0, 4, 6, 4, 6, 0, 1, 2]
3.5,191,[],[0.04993, 0.02486, 0.14111, 0.03581, 0.03065, 0.02685, 0.0215, 0.09533, 0.03287, 0.02468, 0.03342, 0.02533, 0.05351, 0.08309, 0.02764, 0.09237, 0.05037, 0.02662, 0.02657, 0.0449, 0.04553],[1, 5, 10, 2, 0, 2, 6, 7, 2, 2, 6, 1, 1, 3, 0, 4, 7, 0, 4, 5, 7]
3.5,192,[],[0.02746, 0.02089, 0.02063, 0.05915, 0.02419, 0.02187, 0.02037, 0.03112, 0.0237, 0.04442, 0.024, 0.02019, 0.03184, 0.05326, 0.09815, 0.07713, 0.03756, 0.02448, 0.02751, 0.04981, 0.02833],[3, 2, 3, 6, 3, 7, 5, 2, 3, 2, 3, 2, 3, 5, 7, 2, 4, 2, 1, 3, 2]
3.5,193,[],[0.03141, 0.04074, 0.04361, 0.02106, 0.02182, 0.10476, 0.05772, 0.02092, 0.02421, 0.03029, 0.02901, 0.03909, 0.0272, 0.03298, 0.04073, 0.02365, 0.03134, 0.03293, 0.0223, 0.02639],[0, 0, 2, 0, 0, 2, 8, 5, 5, 3, 1, 2, 5, 8, 4, 2, 6, 2, 5, 5]
3.5,194,[],[0.02139, 0.02463, 0.048, 0.05902, 0.02166, 0.02191, 0.02268, 0.03268, 0.04054, 0.02055, 0.02593, 0.03004, 0.02154, 0.03373, 0.03025, 0.02069, 0.02764, 0.03079, 0.02091, 0.02379, 0.11926],[1, 0, 0, 2, 3, 2, 4, 4, 3, 3, 3, 2, 2, 6, 3, 2, 1, 2, 6, 3, 3]
3.5,195,[],[0.03059, 0.04371, 0.02006, 0.02013, 0.02341, 0.03061, 0.0209, 0.12146, 0.02486, 0.02588, 0.02519, 0.02431, 0.03104],[9, 4, 10, 1, 1, 6, 7, 9, 8, 3, 8, 2, 7]
3.5,196,[],[0.04025, 0.02662, 0.02099, 0.04708, 0.02575, 0.02865, 0.04036, 0.02252, 0.02138, 0.04833, 0.02701, 0.02342, 0.02384, 0.02451, 0.02194, 0.02475],[4, 1, 3, 2, 3, 8, 7, 2, 7, 3, 5, 8, 1, 7, 4, 3]
3.5,197,[],[0.03678, 0.02316, 0.03835, 0.05349, 0.05702, 0.02522, 0.0313, 0.051, 0.05026, 0.02003, 0.02177, 0.02748],[3, 2, 8, 7, 0, 2, 10, 4, 7, 1, 2, 5]
3.5,198,[],[0.02573, 0.11263, 0.11094, 0.03581, 0.03065, 0.02685, 0.0215, 0.09533, 0.03287, 0.02468, 0.03342, 0.02533, 0.05351, 0.08309, 0.02764, 0.09237, 0.05037, 0.02662, 0.02657, 0.0449],[8, 7, 4, 2, 0, 2, 6, 7, 2, 2, 6, 1, 1, 3, 0, 4, 7, 0, 4, 5]
3.5,199,[],[0.05362, 0.02006, 0.02369, 0.03059, 0.02617, 0.0209, 0.12146, 0.02486, 0.02588, 0.02519, 0.02431, 0.03104, 0.02762],[3, 10, 1, 4, 9, 7, 6, 8, 3, 8, 2, 7, 5]

