3.5,0,[],[0.02937, 0.02019, 0.03113, 0.04398, 0.02094, 0.02029, 0.16304, 0.02659, 0.02448, 0.02378, 0.02749, 0.02225, 0.06958, 0.0279, 0.03717],[4, 5, 10, 6, 2, 4, 5, 1, 1, 2, 4, 4, 6, 7, 3]
3.5,1,[],[0.02481, 0.09867, 0.05119, 0.04313, 0.06297, 0.04929, 0.02114, 0.03079, 0.02748, 0.04647, 0.02251, 0.03949, 0.02198, 0.04536, 0.03026, 0.02886, 0.04442, 0.03371, 0.0592],[2, 3, 2, 0, 1, 4, 0, 3, 4, 7, 2, 2, 4, 2, 11, 7, 3, 13, 6]
3.5,2,[],[0.03281, 0.03952, 0.02589, 0.11951, 0.04496, 0.052, 0.02292, 0.02465, 0.04747, 0.04044, 0.09816, 0.02851, 0.03718, 0.06212, 0.05804, 0.02381],[6, 4, 4, 9, 0, 5, 2, 2, 2, 5, 4, 7, 2, 3, 4, 8]
3.5,3,[],[0.05723, 0.05409, 0.02204, 0.04887, 0.0367, 0.02333, 0.03186, 0.0475, 0.02194, 0.03665, 0.09933, 0.07418, 0.02841, 0.02373, 0.02165, 0.05926],[0, 6, 2, 2, 3, 1, 3, 3, 4, 5, 6, 6, 1, 11, 9, 7]
3.5,4,[],[0.02355, 0.02259, 0.04895, 0.0356, 0.02877, 0.02438, 0.02182, 0.02083, 0.03475, 0.03683, 0.0313, 0.05074, 0.06637, 0.04848, 0.02057, 0.02218, 0.03692, 0.04296, 0.03761, 0.0282, 0.02512, 0.02026],[5, 0, 4, 1, 3, 5, 3, 2, 2, 3, 3, 1, 2, 4, 5, 2, 2, 2, 5, 2, 3, 8]
3.5,5,[],[0.02604, 0.0367, 0.08705, 0.05409, 0.02204, 0.02682, 0.05954, 0.0475, 0.02194, 0.03665, 0.09933, 0.07418, 0.02841, 0.02373, 0.02165, 0.05926],[1, 1, 3, 6, 2, 2, 5, 3, 4, 5, 6, 6, 1, 11, 9, 7]
3.5,6,[],[0.05661, 0.02132, 0.13608, 0.03016, 0.07553, 0.02753, 0.03012, 0.03312, 0.02062, 0.03091, 0.03846, 0.02103, 0.03836, 0.02391, 0.02172],[0, 5, 2, 2, 3, 8, 3, 4, 4, 8, 19, 6, 3, 5, 4]
3.5,7,[],[0.02042, 0.02075, 0.03403, 0.02113, 0.02795, 0.03572, 0.02891, 0.02497, 0.02425, 0.03004, 0.02083, 0.02562, 0.03488, 0.09087, 0.11481, 0.05119, 0.04313, 0.06297],[3, 7, 2, 3, 4, 3, 8, 5, 2, 2, 6, 4, 4, 10, 0, 2, 0, 1]
3.5,8,[],[0.02989, 0.04596, 0.03475, 0.02083, 0.02182, 0.02438, 0.02877, 0.0356, 0.03802, 0.04006, 0.03616, 0.0704, 0.05036, 0.06858, 0.02004, 0.02207, 0.03504],[3, 1, 3, 2, 2, 4, 5, 3, 1, 2, 5, 6, 7, 2, 8, 4, 6]
3.5,9,[],[0.05469, 0.02841, 0.07418, 0.04472, 0.07289, 0.02597, 0.02398, 0.02042, 0.02778, 0.03083, 0.02629, 0.02063, 0.02492, 0.02898, 0.04525, 0.02548],[6, 1, 3, 7, 2, 3, 2, 4, 9, 1, 5, 5, 2, 17, 7, 3]
3.5,10,[],[0.02182, 0.02706, 0.03777, 0.04627, 0.10814, 0.02659, 0.02448, 0.02378, 0.02749, 0.02225, 0.03271, 0.03027, 0.02506, 0.02362, 0.02857, 0.02179, 0.02172, 0.02273],[1, 3, 3, 5, 5, 1, 1, 2, 4, 4, 9, 5, 4, 5, 13, 2, 1, 4]
3.5,11,[],[0.03357, 0.02043, 0.02063, 0.02492, 0.03031, 0.0374, 0.02755, 0.04336, 0.12865, 0.04848, 0.02057, 0.02218, 0.03692, 0.04296, 0.03761, 0.0282, 0.02512],[3, 5, 2, 7, 2, 4, 4, 3, 5, 4, 5, 2, 2, 2, 5, 2, 3]
3.5,12,[],[0.03592, 0.12865, 0.04848, 0.02057, 0.02218, 0.03692, 0.04296, 0.03761, 0.0282, 0.02512, 0.02026, 0.04893, 0.02961, 0.02166, 0.02252],[5, 5, 4, 5, 2, 2, 2, 5, 2, 3, 8, 3, 7, 10, 4]
3.5,13,[],[0.02203, 0.03555, 0.0301, 0.11968, 0.0577, 0.10266, 0.0298, 0.02865, 0.02434, 0.06017, 0.03038, 0.03364, 0.04722, 0.1423, 0.03016, 0.07553, 0.02753, 0.03012, 0.07649],[2, 2, 1, 3, 5, 9, 1, 3, 6, 2, 9, 1, 9, 4, 2, 3, 8, 3, 4]
3.5,14,[],[0.02076, 0.02973, 0.0367, 0.08705, 0.05409, 0.02204, 0.02682, 0.02821, 0.11882, 0.0577, 0.10266, 0.0298, 0.02865, 0.02434, 0.06017, 0.03038],[3, 3, 7, 3, 6, 2, 2, 5, 9, 5, 9, 1, 3, 6, 2, 9]
3.5,15,[],[0.03873, 0.05432, 0.02196, 0.02945, 0.02868, 0.02234, 0.03443, 0.02926, 0.03447, 0.02217, 0.10232, 0.05804, 0.02381, 0.02477, 0.19325],[4, 2, 3, 8, 3, 3, 2, 4, 3, 2, 6, 4, 8, 8, 8]
3.5,16,[],[0.12563, 0.05119, 0.04313, 0.06297, 0.04929, 0.02114, 0.03079, 0.02748, 0.04647, 0.02251, 0.03949, 0.02198, 0.04536, 0.03026, 0.02886, 0.04442, 0.03371, 0.0592],[9, 2, 0, 1, 4, 0, 3, 4, 7, 2, 2, 4, 2, 11, 7, 3, 13, 6]
3.5,17,[],[0.08911, 0.09251, 0.03016, 0.03442, 0.02062, 0.0244, 0.03012, 0.07649, 0.02132, 0.05067, 0.02855, 0.02126, 0.02372, 0.02387, 0.02649, 0.0228],[8, 3, 2, 7, 0, 3, 5, 4, 5, 2, 5, 6, 8, 15, 4, 4]
3.5,18,[],[0.07433, 0.02515, 0.02028, 0.02224, 0.05089, 0.03388, 0.05396, 0.02222, 0.0738, 0.0395, 0.05244, 0.02029, 0.04812, 0.02305],[4, 2, 3, 2, 0, 10, 6, 6, 6, 2, 2, 5, 4, 6]
3.5,19,[],[0.03311, 0.02222, 0.0738, 0.0395, 0.05244, 0.02029, 0.04812, 0.02305, 0.02613, 0.02495, 0.03885, 0.2164],[3, 6, 6, 2, 2, 5, 4, 6, 9, 12, 6, 4]
3.5,20,[],[0.0241, 0.0687, 0.0298, 0.02865, 0.02434, 0.06017, 0.03038, 0.03364, 0.04722, 0.1423, 0.03016, 0.07553, 0.02753, 0.03012, 0.07649, 0.02132, 0.05067, 0.02855],[2, 1, 1, 3, 6, 2, 9, 1, 9, 4, 2, 3, 8, 3, 4, 5, 2, 5]
3.5,21,[],[0.0513, 0.02614, 0.03568, 0.02848, 0.15125, 0.02659, 0.02448, 0.02378, 0.02749, 0.02225, 0.06958, 0.0279, 0.03717, 0.03777, 0.02706, 0.0316, 0.02111, 0.02622, 0.0266],[6, 3, 2, 3, 9, 1, 1, 2, 4, 4, 6, 7, 3, 7, 3, 3, 1, 5, 4]
3.5,22,[],[0.0217, 0.02663, 0.07174, 0.07312, 0.02393, 0.05633, 0.0696, 0.05343, 0.03665, 0.0344, 0.16396, 0.04496, 0.052, 0.02292, 0.02465, 0.05305, 0.02589, 0.02105, 0.0367, 0.08115, 0.03474],[0, 0, 0, 1, 7, 1, 2, 2, 8, 6, 6, 0, 5, 2, 2, 2, 4, 6, 5, 5, 0]
3.5,23,[],[0.02587, 0.02173, 0.02416, 0.04152, 0.04813, 0.0298, 0.02965, 0.03588, 0.02434, 0.03477, 0.03364, 0.04722, 0.1423, 0.03016, 0.07553],[2, 3, 6, 3, 9, 3, 1, 7, 2, 12, 1, 9, 4, 2, 3]
3.5,24,[],[0.02603, 0.03702, 0.02019, 0.02807, 0.02937, 0.02977, 0.02042, 0.0235, 0.02216, 0.02156, 0.08975, 0.02515, 0.02028, 0.02224, 0.05089, 0.03388],[5, 7, 1, 4, 0, 2, 1, 5, 2, 3, 3, 2, 3, 2, 0, 10]
3.5,25,[],[0.08984, 0.03016, 0.07553, 0.02753, 0.03012, 0.07649, 0.02132, 0.05067, 0.02855, 0.02126, 0.02372, 0.02387, 0.02649, 0.0228],[3, 2, 3, 8, 3, 4, 5, 2, 5, 6, 8, 15, 4, 4]
3.5,26,[],[0.05009, 0.02659, 0.02448, 0.02378, 0.02749, 0.02225, 0.06958, 0.0279, 0.03717, 0.03777, 0.0487, 0.02614, 0.03568, 0.02848, 0.03901, 0.02742, 0.022],[0, 1, 1, 2, 4, 4, 6, 7, 3, 7, 3, 3, 2, 3, 9, 10, 6]
3.5,27,[],[0.04335, 0.05343, 0.02096, 0.07936, 0.07312, 0.07174, 0.02663, 0.06629, 0.02224, 0.02278, 0.02039, 0.02095, 0.02188, 0.05081, 0.03265, 0.0209, 0.29284, 0.04496],[3, 2, 1, 7, 1, 1, 4, 4, 1, 2, 5, 5, 2, 1, 7, 12, 9, 0]
3.5,28,[],[0.02767, 0.021, 0.03109, 0.02715, 0.02055, 0.02223, 0.0225, 0.03773, 0.04398, 0.02094, 0.02029, 0.16304, 0.02659, 0.02448, 0.02378, 0.02749, 0.02225],[4, 9, 3, 1, 6, 6, 4, 8, 6, 2, 4, 5, 1, 1, 2, 4, 4]
3.5,29,[],[0.02407, 0.12631, 0.02659, 0.02448, 0.02378, 0.02749, 0.02225, 0.06958, 0.0279, 0.03717, 0.03777, 0.0487, 0.02614, 0.03568, 0.02848, 0.03901, 0.02742],[6, 4, 1, 1, 2, 4, 4, 6, 7, 3, 7, 3, 3, 2, 3, 9, 10]
3.5,30,[],[0.04926, 0.0577, 0.10266, 0.0298, 0.02865, 0.02434, 0.06017, 0.03038, 0.03364, 0.04722, 0.1423, 0.03016, 0.07553, 0.02753, 0.03012, 0.07649, 0.02132, 0.05067],[0, 5, 9, 1, 3, 6, 2, 9, 1, 9, 4, 2, 3, 8, 3, 4, 5, 2]
3.5,31,[],[0.04019, 0.02589, 0.11951, 0.04496, 0.052, 0.02292, 0.02465, 0.04747, 0.04044, 0.09816, 0.02851, 0.03718, 0.06212, 0.05804, 0.02381, 0.02477],[2, 4, 8, 0, 5, 2, 2, 2, 5, 4, 7, 2, 3, 4, 8, 8]
3.5,32,[],[0.05739, 0.04496, 0.052, 0.02292, 0.02465, 0.05305, 0.02589, 0.02105, 0.0367, 0.08115, 0.03474, 0.02799, 0.02681, 0.03089, 0.02482, 0.0204, 0.02094],[3, 0, 5, 2, 2, 2, 4, 6, 5, 5, 0, 3, 4, 5, 5, 12, 4]
3.5,33,[],[0.0836, 0.04496, 0.052, 0.02292, 0.02465, 0.05305, 0.02589, 0.02105, 0.0367, 0.08115, 0.03474, 0.02799, 0.02681, 0.03089, 0.02482, 0.0204, 0.02094],[1, 0, 5, 2, 2, 2, 4, 6, 5, 5, 0, 3, 4, 5, 5, 12, 4]
3.5,34,[],[0.04459, 0.07418, 0.02841, 0.02373, 0.02165, 0.05926, 0.07289, 0.02597, 0.02398, 0.02042, 0.02778, 0.03083, 0.02629, 0.02063, 0.02492],[0, 6, 1, 11, 9, 7, 2, 3, 2, 4, 9, 1, 5, 5, 2]
3.5,35,[],[0.02212, 0.02831, 0.1946, 0.02659, 0.02448, 0.02378, 0.02749, 0.02225, 0.06958, 0.0279, 0.03717, 0.03777, 0.0487, 0.02614, 0.03568, 0.02848, 0.03901],[7, 3, 5, 1, 1, 2, 4, 4, 6, 7, 3, 7, 3, 3, 2, 3, 9]
3.5,36,[],[0.02511, 0.0356, 0.03802, 0.04006, 0.03616, 0.0704, 0.05036, 0.06858, 0.02004, 0.02207, 0.03504, 0.02141],[3, 3, 1, 2, 5, 6, 7, 2, 8, 4, 6, 14]
3.5,37,[],[0.03979, 0.02059, 0.03903, 0.02043, 0.02063, 0.02492, 0.03031, 0.02346, 0.04428, 0.05241, 0.02602, 0.02071, 0.03283],[4, 1, 9, 5, 2, 7, 9, 5, 5, 11, 2, 4, 9]
3.5,38,[],[0.02045, 0.04823, 0.02004, 0.02207, 0.06413, 0.03047, 0.02653, 0.02477, 0.0343, 0.04897],[15, 6, 8, 4, 11, 2, 1, 1, 10, 2]
3.5,39,[],[0.02479, 0.02847, 0.03701, 0.02028, 0.07112, 0.02065, 0.07746, 0.03855, 0.03657, 0.02056, 0.02649],[5, 5, 5, 5, 5, 7, 11, 3, 5, 2, 10]
3.5,40,[],[0.02556, 0.02217, 0.02247, 0.02731, 0.0222, 0.04014, 0.02028, 0.04626, 0.02847, 0.05887, 0.02065, 0.07746, 0.03855, 0.03657, 0.02056, 0.02649],[1, 2, 2, 4, 4, 3, 5, 1, 5, 7, 7, 11, 3, 5, 2, 10]
3.5,41,[],[0.05518, 0.02841, 0.07418, 0.04472, 0.07289, 0.02597, 0.02398, 0.02042, 0.02778, 0.03083, 0.02629, 0.02063, 0.02492, 0.02898, 0.04525, 0.02548],[2, 1, 3, 7, 2, 3, 2, 4, 9, 1, 5, 5, 2, 17, 7, 3]
3.5,42,[],[0.0255, 0.05432, 0.02196, 0.02945, 0.02868, 0.02234, 0.03443, 0.02926, 0.03447, 0.02217, 0.10232, 0.05804, 0.02381, 0.02477, 0.19325],[1, 2, 3, 8, 3, 3, 2, 4, 3, 2, 6, 4, 8, 8, 8]
3.5,43,[],[0.02596, 0.03761, 0.08189, 0.04848, 0.02057, 0.02218, 0.03692, 0.02001, 0.02512, 0.02026, 0.04612, 0.02773, 0.02165, 0.03994, 0.02043, 0.02063, 0.02344],[0, 2, 5, 4, 5, 2, 2, 2, 3, 8, 3, 5, 4, 10, 5, 2, 7]
3.5,44,[],[0.02803, 0.02204, 0.04337, 0.02094, 0.02029, 0.16304, 0.02659, 0.02448, 0.02378, 0.02749, 0.02225, 0.06958],[6, 11, 10, 2, 4, 5, 1, 1, 2, 4, 4, 6]
3.5,45,[],[0.0214, 0.02531, 0.02071, 0.04002, 0.02372, 0.02049, 0.03226, 0.02222, 0.0738, 0.0395, 0.05244, 0.02029, 0.04812, 0.02305],[1, 7, 8, 8, 4, 8, 4, 6, 6, 2, 2, 5, 4, 6]
3.5,46,[],[0.02628, 0.02037, 0.02611, 0.0713, 0.06885, 0.02589, 0.11951, 0.04496, 0.052, 0.02292, 0.02465, 0.04747, 0.04044, 0.09816, 0.02851, 0.03718, 0.06212, 0.05804, 0.02381],[2, 2, 3, 2, 0, 4, 9, 0, 5, 2, 2, 2, 5, 4, 7, 2, 3, 4, 8]
3.5,47,[],[0.05269, 0.03657, 0.04369, 0.02042, 0.0235, 0.02216, 0.02156, 0.08975, 0.02515, 0.02028, 0.02224, 0.05089, 0.03388, 0.05396, 0.02222, 0.0738, 0.0395, 0.05244, 0.02029, 0.04812],[2, 4, 0, 1, 5, 2, 3, 3, 2, 3, 2, 0, 10, 6, 6, 6, 2, 2, 5, 4]
3.5,48,[],[0.03227, 0.02087, 0.07136, 0.06731, 0.02052, 0.14198, 0.04496, 0.052, 0.02292, 0.02465, 0.05305, 0.02589, 0.02105, 0.0367, 0.08115, 0.03474, 0.02799, 0.02681, 0.03089],[0, 2, 1, 3, 2, 11, 0, 5, 2, 2, 2, 4, 6, 5, 5, 0, 3, 4, 5]
3.5,49,[],[0.03447, 0.02004, 0.02207, 0.03504, 0.02141, 0.06699, 0.03047, 0.02653, 0.02477, 0.0343, 0.04897],[3, 8, 7, 6, 14, 9, 2, 1, 1, 10, 2]
3.5,50,[],[0.04311, 0.04003, 0.14147, 0.09298, 0.05119, 0.06619, 0.04929, 0.02114, 0.03079, 0.02748, 0.04647, 0.02251, 0.03949, 0.02198, 0.04536, 0.03026, 0.02886, 0.04442],[1, 4, 2, 1, 2, 1, 4, 0, 3, 4, 7, 2, 2, 4, 2, 11, 7, 3]
3.5,51,[],[0.06632, 0.05424, 0.05295, 0.02222, 0.0738, 0.0395, 0.02406, 0.03723, 0.02715, 0.02734, 0.02142, 0.05139, 0.02049, 0.02372, 0.03965],[0, 6, 0, 6, 6, 7, 2, 4, 3, 4, 3, 6, 7, 8, 4]
3.5,52,[],[0.02748, 0.02926, 0.03447, 0.02217, 0.10232, 0.05804, 0.02381, 0.02477, 0.19325, 0.05409, 0.02204, 0.04887, 0.0367, 0.02333, 0.03186, 0.0475, 0.02194],[4, 4, 3, 2, 6, 4, 8, 8, 8, 6, 2, 2, 3, 1, 3, 3, 4]
3.5,53,[],[0.04001, 0.1423, 0.03016, 0.07553, 0.02753, 0.03012, 0.07649, 0.02132, 0.05067, 0.02855, 0.02126, 0.02372, 0.02387, 0.02649, 0.0228],[2, 4, 2, 3, 8, 3, 4, 5, 2, 5, 6, 8, 15, 4, 4]
3.5,54,[],[0.038, 0.02357, 0.03227, 0.02689, 0.04524, 0.02107, 0.02579, 0.02598, 0.03165, 0.0245, 0.03328, 0.03115, 0.02067],[5, 2, 6, 15, 2, 4, 6, 12, 6, 7, 7, 3, 5]
3.5,55,[],[0.04127, 0.04168, 0.04452, 0.03044, 0.02729, 0.02419, 0.04842, 0.02934, 0.04241, 0.02213, 0.032, 0.02176],[2, 0, 9, 4, 5, 0, 1, 10, 7, 4, 9, 8]
3.5,56,[],[0.03139, 0.03204, 0.05409, 0.02204, 0.04887, 0.0367, 0.02333, 0.03186, 0.0475, 0.02194, 0.03665, 0.09933, 0.07418, 0.02841, 0.02373, 0.02165, 0.05926],[0, 1, 6, 2, 2, 3, 1, 3, 3, 4, 5, 6, 6, 1, 11, 9, 7]
3.5,57,[],[0.02283, 0.0356, 0.02877, 0.02438, 0.02182, 0.02083, 0.03475, 0.03683, 0.0313, 0.05074, 0.06637, 0.04848, 0.02057, 0.02218, 0.03692, 0.04296, 0.03761, 0.0282, 0.02512, 0.02026, 0.04612, 0.02773],[4, 1, 3, 5, 3, 2, 2, 3, 3, 1, 2, 4, 5, 2, 2, 2, 5, 2, 3, 8, 3, 5]
3.5,58,[],[0.03473, 0.03855, 0.03657, 0.02056, 0.02649, 0.05352, 0.02525, 0.0201, 0.07139, 0.05804, 0.03245, 0.04142, 0.08339, 0.04496, 0.04168],[0, 3, 5, 2, 10, 7, 5, 0, 4, 7, 4, 1, 7, 3, 0]
3.5,59,[],[0.048, 0.05343, 0.0696, 0.07165, 0.07174, 0.07312, 0.02393, 0.02188, 0.02095, 0.0558, 0.02224, 0.02278, 0.0226, 0.02282, 0.14429, 0.04496, 0.052, 0.02292, 0.02465, 0.05305, 0.02589],[8, 1, 2, 6, 0, 1, 5, 1, 2, 4, 1, 2, 5, 5, 1, 0, 5, 2, 2, 2, 4]
3.5,60,[],[0.02209, 0.07436, 0.09298, 0.05119, 0.06619, 0.04929, 0.02114, 0.03079, 0.02748, 0.04647, 0.02251, 0.03949, 0.02198, 0.04536, 0.03026, 0.02886, 0.04442, 0.03371],[1, 1, 1, 2, 1, 4, 0, 3, 4, 7, 2, 2, 4, 2, 11, 7, 3, 13]
3.5,61,[],[0.02589, 0.02153, 0.0313, 0.05558, 0.04529, 0.02001, 0.05121, 0.02004, 0.02207, 0.03504, 0.02141, 0.06699, 0.03047, 0.02653, 0.02477],[1, 6, 4, 4, 1, 5, 2, 8, 4, 6, 14, 9, 2, 1, 1]
3.5,62,[],[0.04501, 0.03371, 0.05628, 0.02251, 0.03053, 0.02752, 0.02198, 0.04536, 0.03026, 0.02886, 0.02926, 0.02031],[4, 13, 6, 2, 4, 2, 4, 2, 11, 7, 3, 7]
3.5,63,[],[0.03483, 0.02841, 0.09054, 0.04472, 0.07289, 0.02597, 0.02398, 0.02042, 0.02778, 0.03083, 0.02629, 0.02063, 0.02492, 0.02898, 0.04525, 0.02548],[0, 1, 9, 7, 2, 3, 2, 4, 9, 1, 5, 5, 2, 17, 7, 3]
3.5,64,[],[0.02885, 0.03724, 0.04848, 0.02057, 0.02218, 0.03692, 0.04296, 0.03761, 0.0282, 0.02512, 0.02026, 0.04612, 0.02773, 0.02165, 0.03994, 0.02043, 0.02063, 0.02344, 0.02179, 0.02094],[0, 1, 4, 5, 2, 2, 2, 5, 2, 3, 8, 3, 5, 4, 10, 5, 2, 7, 3, 2]
3.5,65,[],[0.03438, 0.04848, 0.02057, 0.02218, 0.03692, 0.04296, 0.03761, 0.0282, 0.02512, 0.02026, 0.04612, 0.02773, 0.02165, 0.03994, 0.02043, 0.02063, 0.02344, 0.02179, 0.02094],[2, 4, 5, 2, 2, 2, 5, 2, 3, 8, 3, 5, 4, 10, 5, 2, 7, 3, 2]
3.5,66,[],[0.0201, 0.04191, 0.04496, 0.03941, 0.02888, 0.02047, 0.0478, 0.04452, 0.03044, 0.02729, 0.02419, 0.04842, 0.02934, 0.04241, 0.02213],[0, 2, 0, 5, 3, 3, 8, 9, 4, 5, 0, 1, 10, 7, 4]
3.5,67,[],[0.0471, 0.02659, 0.02448, 0.02378, 0.0207, 0.07493, 0.0279, 0.03717, 0.03777, 0.0487, 0.02614, 0.03568, 0.02848, 0.03901, 0.02742, 0.022],[1, 1, 1, 2, 4, 0, 7, 3, 7, 3, 3, 2, 3, 9, 10, 6]
3.5,68,[],[0.02395, 0.02883, 0.02335, 0.03887, 0.04238, 0.0232, 0.12861, 0.09251, 0.03016, 0.03442, 0.02062, 0.0244, 0.03012, 0.07649],[2, 1, 8, 10, 1, 1, 3, 3, 2, 7, 0, 3, 5, 4]
3.5,69,[],[0.03082, 0.07174, 0.07312, 0.02393, 0.05633, 0.0696, 0.05343, 0.03665, 0.0344, 0.16396, 0.04496, 0.052, 0.02292, 0.02465, 0.05305, 0.02589, 0.02105, 0.0367, 0.08115, 0.03474],[1, 0, 1, 7, 1, 2, 2, 8, 6, 6, 0, 5, 2, 2, 2, 4, 6, 5, 5, 0]
3.5,70,[],[0.06842, 0.05409, 0.02204, 0.04887, 0.0367, 0.02333, 0.03186, 0.0475, 0.02194, 0.03665, 0.09933, 0.07418, 0.02841, 0.02373, 0.02165, 0.05926],[3, 6, 2, 2, 3, 1, 3, 3, 4, 5, 6, 6, 1, 11, 9, 7]
3.5,71,[],[0.02415, 0.02057, 0.04848, 0.09189, 0.0313, 0.04596, 0.03475, 0.02083, 0.02182, 0.02438, 0.02877, 0.0356, 0.03802, 0.04006, 0.03616, 0.0704, 0.05036, 0.06858, 0.02004, 0.02207, 0.03504],[0, 2, 2, 4, 3, 1, 3, 2, 2, 4, 5, 3, 1, 2, 5, 6, 7, 2, 8, 4, 6]
3.5,72,[],[0.03166, 0.02111, 0.02622, 0.0314, 0.02706, 0.03777, 0.04627, 0.10814, 0.02659, 0.02448, 0.02378, 0.02749, 0.02225, 0.03271, 0.03027, 0.02506],[11, 1, 5, 4, 3, 3, 5, 5, 1, 1, 2, 4, 4, 9, 5, 4]
3.5,73,[],[0.02898, 0.04599, 0.02689, 0.04524, 0.02107, 0.02579, 0.02598, 0.03165, 0.0245, 0.03328, 0.03115, 0.02067],[3, 2, 15, 2, 4, 6, 12, 6, 7, 7, 3, 5]
3.5,74,[],[0.04623, 0.03026, 0.03676, 0.02198, 0.04878, 0.03053, 0.02251, 0.03753, 0.02406, 0.02642, 0.0628, 0.04003, 0.14147, 0.09298, 0.05119, 0.06619, 0.04929],[5, 11, 1, 4, 18, 1, 2, 2, 2, 10, 3, 4, 2, 1, 2, 1, 4]
3.5,75,[],[0.02225, 0.0475, 0.04805, 0.0367, 0.11377, 0.05409, 0.02204, 0.02682, 0.02821, 0.11882, 0.0577, 0.10266, 0.0298, 0.02865, 0.02434, 0.06017, 0.03038, 0.03364],[2, 2, 0, 3, 10, 6, 2, 2, 5, 9, 5, 9, 1, 3, 6, 2, 9, 1]
3.5,76,[],[0.03539, 0.02251, 0.03053, 0.02752, 0.02198, 0.04536, 0.03026, 0.02886, 0.04442, 0.03371, 0.02118],[2, 2, 5, 2, 4, 2, 11, 7, 3, 13, 6]
3.5,77,[],[0.02115, 0.06318, 0.03657, 0.04369, 0.02042, 0.0235, 0.02216, 0.02156, 0.08975, 0.02515, 0.02028, 0.02224, 0.05089, 0.03388, 0.05396, 0.02222, 0.0738, 0.0395, 0.05244, 0.02029, 0.04812],[1, 0, 4, 0, 1, 5, 2, 3, 3, 2, 3, 2, 0, 10, 6, 6, 6, 2, 2, 5, 4]
3.5,78,[],[0.02285, 0.06029, 0.06885, 0.02589, 0.11951, 0.04496, 0.052, 0.02292, 0.02465, 0.04747, 0.04044, 0.09816, 0.02851, 0.03718, 0.06212, 0.05804, 0.02381, 0.02477],[2, 6, 0, 4, 9, 0, 5, 2, 2, 2, 5, 4, 7, 2, 3, 4, 8, 8]
3.5,79,[],[0.02245, 0.02448, 0.03897, 0.05119, 0.03215, 0.02933, 0.08372, 0.06297, 0.04929, 0.02114, 0.03079, 0.02748, 0.04647, 0.02251, 0.03949, 0.02198, 0.04536, 0.03026, 0.02886],[0, 0, 0, 0, 7, 2, 9, 1, 4, 0, 3, 4, 7, 2, 2, 4, 2, 11, 7]
3.5,80,[],[0.02211, 0.042, 0.02602, 0.02071, 0.02762, 0.02784, 0.24318, 0.02659, 0.02448, 0.02378, 0.02749, 0.02225, 0.06958, 0.0279, 0.03717, 0.03777],[5, 7, 2, 4, 9, 4, 4, 1, 1, 2, 4, 4, 6, 7, 3, 7]
3.5,81,[],[0.0203, 0.02153, 0.0313, 0.05558, 0.04529, 0.02001, 0.05121, 0.02004, 0.02207, 0.03504, 0.02141, 0.06699, 0.03047, 0.02653, 0.02477],[2, 6, 4, 4, 1, 5, 2, 8, 4, 6, 14, 9, 2, 1, 1]
3.5,82,[],[0.02475, 0.03381, 0.02602, 0.02071, 0.03283, 0.02036, 0.02784, 0.02043, 0.02396, 0.04099, 0.02614, 0.03048, 0.02848, 0.16385, 0.02659, 0.02448, 0.02378],[2, 4, 2, 4, 9, 6, 4, 11, 3, 2, 2, 3, 6, 3, 1, 1, 2]
3.5,83,[],[0.03114, 0.0301, 0.11968, 0.0577, 0.10266, 0.0298, 0.02865, 0.02434, 0.06017, 0.03038, 0.03364, 0.04722, 0.1423, 0.03016, 0.07553, 0.02753, 0.03012, 0.07649],[1, 1, 3, 5, 9, 1, 3, 6, 2, 9, 1, 9, 4, 2, 3, 8, 3, 4]
3.5,84,[],[0.03899, 0.03657, 0.04369, 0.02042, 0.0235, 0.02216, 0.02156, 0.08975, 0.02515, 0.02028, 0.02224, 0.05089, 0.03388, 0.05396, 0.02222, 0.0738, 0.0395, 0.05244, 0.02029, 0.04812],[3, 4, 0, 1, 5, 2, 3, 3, 2, 3, 2, 0, 10, 6, 6, 6, 2, 2, 5, 4]
3.5,85,[],[0.02772, 0.02372, 0.02049, 0.03226, 0.02222, 0.0738, 0.0395, 0.05244, 0.02029, 0.04812, 0.02305, 0.02613, 0.02495],[6, 4, 8, 4, 6, 6, 2, 2, 5, 4, 6, 9, 12]
3.5,86,[],[0.0221, 0.02891, 0.02497, 0.02425, 0.03004, 0.02083, 0.02562, 0.03488, 0.09087, 0.11481, 0.05119, 0.04313, 0.06297, 0.04929, 0.02114, 0.03079, 0.02748, 0.04647, 0.02251],[3, 8, 5, 2, 2, 6, 4, 4, 10, 0, 2, 0, 1, 4, 0, 3, 4, 7, 2]
3.5,87,[],[0.02333, 0.04967, 0.02848, 0.03048, 0.02614, 0.0207, 0.02043, 0.03263, 0.04493, 0.02602, 0.02071, 0.02762],[5, 3, 3, 1, 3, 11, 10, 7, 6, 2, 4, 9]
3.5,88,[],[0.0255, 0.02587, 0.02173, 0.02416, 0.04152, 0.04813, 0.0298, 0.02965, 0.03588, 0.02434, 0.03477, 0.03364, 0.04722, 0.1423, 0.03016, 0.07553],[5, 2, 3, 6, 3, 9, 3, 1, 7, 2, 12, 1, 9, 4, 2, 3]
3.5,89,[],[0.02592, 0.05208, 0.03236, 0.02107, 0.12633, 0.02841, 0.09054, 0.04472, 0.07289, 0.02597, 0.02398, 0.02042, 0.02778, 0.03083, 0.02629],[9, 6, 0, 3, 5, 1, 9, 7, 2, 3, 2, 4, 9, 1, 5]
3.5,90,[],[0.12092, 0.02659, 0.02448, 0.02378, 0.02749, 0.02225, 0.06958, 0.0279, 0.03717, 0.03777, 0.0487, 0.02614, 0.03568, 0.02848, 0.03901, 0.02742, 0.022],[6, 1, 1, 2, 4, 4, 6, 7, 3, 7, 3, 3, 2, 3, 9, 10, 6]
3.5,91,[],[0.02577, 0.02715, 0.02055, 0.02223, 0.0225, 0.03773, 0.04398, 0.02094, 0.02029, 0.16304, 0.02659, 0.02448, 0.02378, 0.02749, 0.02225, 0.06958, 0.0279],[1, 1, 6, 6, 4, 8, 6, 2, 4, 5, 1, 1, 2, 4, 4, 6, 7]
3.5,92,[],[0.03315, 0.0298, 0.04813, 0.03038, 0.03364, 0.04722, 0.1423, 0.03016, 0.07553, 0.02753, 0.03012, 0.07649, 0.02132, 0.05067, 0.02855],[1, 1, 3, 9, 1, 9, 4, 2, 3, 8, 3, 4, 5, 2, 5]
3.5,93,[],[0.04682, 0.04848, 0.02057, 0.02218, 0.03692, 0.04296, 0.03761, 0.0282, 0.02512, 0.02026, 0.04612, 0.02773, 0.02165, 0.03994, 0.02043, 0.02063, 0.02344, 0.02179, 0.02094],[3, 4, 5, 2, 2, 2, 5, 2, 3, 8, 3, 5, 4, 10, 5, 2, 7, 3, 2]
3.5,94,[],[0.02845, 0.03038, 0.04813, 0.0298, 0.02965, 0.03588, 0.02434, 0.17777, 0.03016, 0.07553, 0.02753, 0.03012, 0.07649, 0.02132, 0.05067, 0.02855, 0.02126],[3, 1, 9, 3, 1, 7, 2, 12, 2, 3, 8, 3, 4, 5, 2, 5, 6]
3.5,95,[],[0.08134, 0.04848, 0.02057, 0.02218, 0.03692, 0.04296, 0.03761, 0.0282, 0.02512, 0.02026, 0.04612, 0.02773, 0.02165, 0.03994, 0.02043, 0.02063, 0.02344, 0.02179, 0.02094],[3, 4, 5, 2, 2, 2, 5, 2, 3, 8, 3, 5, 4, 10, 5, 2, 7, 3, 2]
3.5,96,[],[0.03201, 0.05858, 0.0577, 0.10266, 0.0298, 0.02865, 0.02434, 0.06017, 0.03038, 0.03364, 0.04722, 0.1423, 0.03016, 0.07553, 0.02753, 0.03012],[5, 0, 5, 9, 1, 3, 6, 2, 9, 1, 9, 4, 2, 3, 8, 3]
3.5,97,[],[0.02143, 0.0397, 0.06817, 0.02357, 0.03227, 0.02689, 0.04524, 0.02107, 0.02579, 0.02598, 0.03165],[9, 7, 7, 2, 6, 15, 2, 4, 6, 12, 6]
3.5,98,[],[0.02774, 0.07418, 0.04472, 0.07289, 0.02597, 0.02398, 0.02042, 0.02778, 0.03083, 0.02629, 0.02063, 0.02492, 0.02898, 0.04525, 0.02548],[2, 3, 7, 2, 3, 2, 4, 9, 1, 5, 5, 2, 17, 7, 3]
3.5,99,[],[0.05708, 0.02132, 0.13608, 0.03016, 0.07553, 0.02753, 0.03012, 0.03312, 0.02062, 0.03091, 0.03846, 0.02103, 0.03836, 0.02391, 0.02172],[3, 5, 2, 2, 3, 8, 3, 4, 4, 8, 19, 6, 3, 5, 4]
3.5,100,[],[0.02095, 0.03724, 0.08424, 0.06885, 0.02589, 0.11951, 0.04496, 0.052, 0.02292, 0.02465, 0.04747, 0.04044, 0.09816, 0.02851, 0.03718, 0.06212, 0.05804, 0.02381, 0.02477],[1, 1, 2, 0, 4, 9, 0, 5, 2, 2, 2, 5, 4, 7, 2, 3, 4, 8, 8]
3.5,101,[],[0.03964, 0.04712, 0.08189, 0.04848, 0.02057, 0.02218, 0.03692, 0.02001, 0.0282, 0.02113, 0.0204, 0.02026, 0.03161, 0.03501],[4, 3, 5, 4, 5, 2, 2, 2, 3, 9, 4, 3, 8, 17]
3.5,102,[],[0.03316, 0.03026, 0.03676, 0.02198, 0.04878, 0.03053, 0.02251, 0.03753, 0.02406, 0.02642, 0.0628, 0.04003, 0.14147, 0.09298, 0.05119, 0.06619, 0.04929],[1, 11, 1, 4, 18, 1, 2, 2, 2, 10, 3, 4, 2, 1, 2, 1, 4]
3.5,103,[],[0.02322, 0.02694, 0.03289, 0.05732, 0.03855, 0.03657, 0.02056, 0.02649, 0.05352, 0.02525, 0.0201, 0.07139, 0.05804, 0.03245, 0.04142],[3, 4, 3, 8, 3, 5, 2, 10, 7, 5, 0, 4, 7, 4, 1]
3.5,104,[],[0.02384, 0.05804, 0.02381, 0.02477, 0.07146, 0.02217, 0.02247, 0.02731, 0.0222, 0.04014, 0.02028, 0.04626, 0.02847, 0.05887, 0.02065],[1, 4, 8, 8, 8, 2, 2, 4, 4, 3, 5, 1, 5, 7, 7]
3.5,105,[],[0.04055, 0.04627, 0.10814, 0.02659, 0.02448, 0.02378, 0.02749, 0.02225, 0.03271, 0.03027, 0.02506, 0.02362, 0.02857, 0.02179, 0.02172, 0.02273],[5, 5, 5, 1, 1, 2, 4, 4, 9, 5, 4, 5, 13, 2, 1, 4]
3.5,106,[],[0.04384, 0.0298, 0.02865, 0.02434, 0.06017, 0.03038, 0.03364, 0.04722, 0.1423, 0.03016, 0.07553, 0.02753, 0.03012, 0.07649, 0.02132, 0.05067, 0.02855],[4, 1, 3, 6, 2, 9, 1, 9, 4, 2, 3, 8, 3, 4, 5, 2, 5]
3.5,107,[],[0.02988, 0.0713, 0.06885, 0.02589, 0.11951, 0.04496, 0.052, 0.02292, 0.02465, 0.04747, 0.04044, 0.09816, 0.02851, 0.03718, 0.06212, 0.05804, 0.02381, 0.02477],[5, 1, 0, 4, 9, 0, 5, 2, 2, 2, 5, 4, 7, 2, 3, 4, 8, 8]
3.5,108,[],[0.05005, 0.0577, 0.10266, 0.0298, 0.02865, 0.02434, 0.06017, 0.03038, 0.03364, 0.04722, 0.1423, 0.03016, 0.07553, 0.02753, 0.03012, 0.07649, 0.02132, 0.05067],[3, 5, 9, 1, 3, 6, 2, 9, 1, 9, 4, 2, 3, 8, 3, 4, 5, 2]
3.5,109,[],[0.02964, 0.02042, 0.0235, 0.02216, 0.02156, 0.08975, 0.02515, 0.02028, 0.02224, 0.05089, 0.03388, 0.05396, 0.02222, 0.0738, 0.0395, 0.05244, 0.02029, 0.04812],[2, 1, 5, 2, 3, 3, 2, 3, 2, 0, 10, 6, 6, 6, 2, 2, 5, 4]
3.5,110,[],[0.05544, 0.07418, 0.02841, 0.02373, 0.02165, 0.05926, 0.07289, 0.02597, 0.02398, 0.02042, 0.02778, 0.03083, 0.02629, 0.02063, 0.02492],[4, 6, 1, 11, 9, 7, 2, 3, 2, 4, 9, 1, 5, 5, 2]
3.5,111,[],[0.03627, 0.02614, 0.03048, 0.02848, 0.16385, 0.02659, 0.02448, 0.02378, 0.02749, 0.02225, 0.06958, 0.0279, 0.03717, 0.03777, 0.02706, 0.0316, 0.02111, 0.02622],[3, 2, 3, 6, 3, 1, 1, 2, 4, 4, 6, 7, 3, 7, 3, 3, 1, 5]
3.5,112,[],[0.07705, 0.05119, 0.04313, 0.06297, 0.04929, 0.02114, 0.03079, 0.02748, 0.04647, 0.02251, 0.03949, 0.02198, 0.04536, 0.03026, 0.02886, 0.04442, 0.03371, 0.0592],[4, 2, 0, 1, 4, 0, 3, 4, 7, 2, 2, 4, 2, 11, 7, 3, 13, 6]
3.5,113,[],[0.027, 0.07312, 0.02393, 0.05633, 0.07165, 0.02663, 0.06629, 0.02224, 0.02278, 0.02039, 0.02095, 0.06318, 0.05343, 0.19297, 0.04496, 0.052, 0.02292, 0.02465, 0.05305, 0.02589],[0, 1, 1, 0, 2, 12, 4, 1, 2, 5, 5, 2, 6, 2, 0, 5, 2, 2, 2, 4]
3.5,114,[],[0.02446, 0.05036, 0.04795, 0.03616, 0.02659, 0.03926, 0.02839, 0.03802, 0.0356, 0.02877, 0.02438, 0.02182, 0.02083, 0.03475, 0.03683],[0, 2, 7, 5, 9, 5, 4, 2, 1, 3, 5, 3, 2, 2, 3]
3.5,115,[],[0.03883, 0.0356, 0.02877, 0.02438, 0.02182, 0.02083, 0.03475, 0.03683, 0.0313, 0.05074, 0.06637, 0.04848, 0.02057, 0.02218, 0.03692, 0.04296, 0.03761, 0.0282, 0.02512, 0.02026, 0.04612, 0.02773],[2, 1, 3, 5, 3, 2, 2, 3, 3, 1, 2, 4, 5, 2, 2, 2, 5, 2, 3, 8, 3, 5]
3.5,116,[],[0.04895, 0.04848, 0.02057, 0.02218, 0.03692, 0.04296, 0.03761, 0.0282, 0.02512, 0.02026, 0.04612, 0.02773, 0.02165, 0.03994, 0.02043, 0.02063, 0.02344, 0.02179, 0.02094],[4, 4, 5, 2, 2, 2, 5, 2, 3, 8, 3, 5, 4, 10, 5, 2, 7, 3, 2]
3.5,117,[],[0.02563, 0.04398, 0.02094, 0.02029, 0.16304, 0.02659, 0.02448, 0.02378, 0.02749, 0.02225, 0.06958, 0.0279, 0.03717, 0.03777],[4, 6, 2, 4, 5, 1, 1, 2, 4, 4, 6, 7, 3, 7]
3.5,118,[],[0.07318, 0.02659, 0.02448, 0.02378, 0.02749, 0.02225, 0.06958, 0.0279, 0.03717, 0.03777, 0.0487, 0.02614, 0.03568, 0.02848, 0.03901, 0.02742, 0.022],[4, 1, 1, 2, 4, 4, 6, 7, 3, 7, 3, 3, 2, 3, 9, 10, 6]
3.5,119,[],[0.02226, 0.05422, 0.02296, 0.02617, 0.02616, 0.02275, 0.02616, 0.14985, 0.04848, 0.02057],[3, 5, 14, 2, 9, 15, 4, 5, 4, 5]
3.5,120,[],[0.0447, 0.07312, 0.07174, 0.02663, 0.06629, 0.02224, 0.02313, 0.05104, 0.02087, 0.07136, 0.06731, 0.02052, 0.14198, 0.04496, 0.052, 0.02292, 0.02465, 0.05305, 0.02589],[3, 1, 1, 4, 4, 1, 2, 2, 2, 1, 3, 2, 11, 0, 5, 2, 2, 2, 4]
3.5,121,[],[0.03136, 0.04142, 0.08339, 0.04496, 0.04168, 0.04452, 0.03044, 0.02729, 0.02419, 0.04842, 0.02934, 0.04241, 0.02213, 0.032, 0.02176],[1, 1, 7, 3, 0, 9, 4, 5, 0, 1, 10, 7, 4, 9, 8]
3.5,122,[],[0.03566, 0.02024, 0.02155, 0.04834, 0.02251, 0.03053, 0.02752, 0.02198, 0.04536, 0.03026, 0.02886, 0.02926, 0.02031],[6, 13, 3, 6, 2, 4, 2, 4, 2, 11, 7, 3, 8]
3.5,123,[],[0.03912, 0.04848, 0.02057, 0.02218, 0.03692, 0.04296, 0.03761, 0.0282, 0.02512, 0.02026, 0.04612, 0.02773, 0.02165, 0.03994, 0.02043, 0.02063, 0.02344, 0.02179, 0.02094],[1, 4, 5, 2, 2, 2, 5, 2, 3, 8, 3, 5, 4, 10, 5, 2, 7, 3, 2]
3.5,124,[],[0.04155, 0.02441, 0.05958, 0.02515, 0.02028, 0.02224, 0.05089, 0.03388, 0.05396, 0.02222, 0.0738, 0.0395, 0.05244, 0.02029, 0.04812, 0.02305],[2, 5, 10, 2, 3, 2, 0, 10, 6, 6, 6, 2, 2, 5, 4, 6]
3.5,125,[],[0.02607, 0.07612, 0.09298, 0.05119, 0.06619, 0.04929, 0.02114, 0.03079, 0.02748, 0.04647, 0.02251, 0.03949, 0.02198, 0.04536, 0.03026, 0.02886, 0.04442, 0.03371],[1, 3, 1, 2, 1, 4, 0, 3, 4, 7, 2, 2, 4, 2, 11, 7, 3, 13]
3.5,126,[],[0.0711, 0.09251, 0.03016, 0.03442, 0.02062, 0.0244, 0.03012, 0.07649, 0.02132, 0.05067, 0.02855, 0.02126, 0.02372, 0.02387, 0.02649, 0.0228],[3, 3, 2, 7, 0, 3, 5, 4, 5, 2, 5, 6, 8, 15, 4, 4]
3.5,127,[],[0.05174, 0.04313, 0.06297, 0.04929, 0.02114, 0.03079, 0.02748, 0.04647, 0.02251, 0.03949, 0.02198, 0.04536, 0.03026, 0.02886, 0.04442, 0.03371, 0.0592],[3, 0, 1, 4, 0, 3, 4, 7, 2, 2, 4, 2, 11, 7, 3, 13, 6]
3.5,128,[],[0.09185, 0.02841, 0.09054, 0.04472, 0.07289, 0.02597, 0.02398, 0.02042, 0.02778, 0.03083, 0.02629, 0.02063, 0.02492, 0.02898, 0.04525, 0.02548],[3, 1, 9, 7, 2, 3, 2, 4, 9, 1, 5, 5, 2, 17, 7, 3]
3.5,129,[],[0.04231, 0.0372, 0.02891, 0.02497, 0.02074, 0.02083, 0.02562, 0.03488, 0.09087, 0.11481, 0.05119, 0.04313, 0.06297, 0.04929, 0.02114, 0.03079, 0.02748, 0.04647, 0.02251],[7, 2, 8, 5, 2, 6, 4, 4, 10, 0, 2, 0, 1, 4, 0, 3, 4, 7, 2]
3.5,130,[],[0.02808, 0.09867, 0.05119, 0.04313, 0.06297, 0.04929, 0.02114, 0.03079, 0.02748, 0.04647, 0.02251, 0.03949, 0.02198, 0.04536, 0.03026, 0.02886, 0.04442, 0.03371, 0.0592],[2, 3, 2, 0, 1, 4, 0, 3, 4, 7, 2, 2, 4, 2, 11, 7, 3, 13, 6]
3.5,131,[],[0.0382, 0.02132, 0.13608, 0.03016, 0.07553, 0.02753, 0.03012, 0.03312, 0.02062, 0.03091, 0.03846, 0.02103, 0.03836, 0.02391, 0.02172],[2, 5, 2, 2, 3, 8, 3, 4, 4, 8, 19, 6, 3, 5, 4]
3.5,132,[],[0.06213, 0.09251, 0.03016, 0.03442, 0.02062, 0.0244, 0.03012, 0.07649, 0.02132, 0.05067, 0.02855, 0.02126, 0.02372, 0.02387, 0.02649],[3, 3, 2, 7, 0, 3, 5, 6, 5, 2, 5, 6, 8, 15, 4]
3.5,133,[],[0.02558, 0.02614, 0.03568, 0.02848, 0.15125, 0.02659, 0.02448, 0.02378, 0.02749, 0.02225, 0.06958, 0.0279, 0.03717, 0.03777, 0.02706, 0.0316, 0.02111, 0.02622, 0.0266],[3, 3, 2, 3, 9, 1, 1, 2, 4, 4, 6, 7, 3, 7, 3, 3, 1, 5, 4]
3.5,134,[],[0.05745, 0.07418, 0.02841, 0.02373, 0.02165, 0.05926, 0.07289, 0.02597, 0.02398, 0.02042, 0.02778, 0.03083, 0.02629, 0.02063, 0.02492],[0, 6, 1, 11, 9, 7, 2, 3, 2, 4, 9, 1, 5, 5, 2]
3.5,135,[],[0.03765, 0.04241, 0.02934, 0.02648, 0.04742, 0.03724, 0.08424, 0.06885, 0.02589, 0.11951, 0.04496, 0.052, 0.02292, 0.02465, 0.04747, 0.04044],[1, 4, 4, 11, 5, 1, 2, 0, 4, 9, 0, 5, 2, 2, 2, 5]
3.5,136,[],[0.13837, 0.02841, 0.09054, 0.04472, 0.07289, 0.02597, 0.02398, 0.02042, 0.02778, 0.03083, 0.02629, 0.02063, 0.02492, 0.02898, 0.04525, 0.02548],[4, 1, 9, 7, 2, 3, 2, 4, 9, 1, 5, 5, 2, 17, 7, 3]
3.5,137,[],[0.0321, 0.02217, 0.02247, 0.02731, 0.0222, 0.04014, 0.02028, 0.04626, 0.02847, 0.05887, 0.02065, 0.07746, 0.03855, 0.03657, 0.02056, 0.02649],[2, 2, 2, 4, 4, 3, 5, 1, 5, 7, 7, 11, 3, 5, 2, 10]
3.5,138,[],[0.02938, 0.04805, 0.0367, 0.11377, 0.05409, 0.02204, 0.02682, 0.02821, 0.11882, 0.0577, 0.10266, 0.0298, 0.02865, 0.02434, 0.06017, 0.03038, 0.03364],[2, 0, 3, 10, 6, 2, 2, 5, 9, 5, 9, 1, 3, 6, 2, 9, 1]
3.5,139,[],[0.04533, 0.05343, 0.02096, 0.07936, 0.07312, 0.07174, 0.02663, 0.06629, 0.02224, 0.02278, 0.02039, 0.02095, 0.02188, 0.05081, 0.03265, 0.0209, 0.29284, 0.04496],[4, 2, 1, 7, 1, 1, 4, 4, 1, 2, 5, 5, 2, 1, 7, 12, 9, 0]
3.5,140,[],[0.02206, 0.04805, 0.0367, 0.11377, 0.05409, 0.02204, 0.02682, 0.02821, 0.11882, 0.0577, 0.10266, 0.0298, 0.02865, 0.02434, 0.06017, 0.03038, 0.03364],[0, 0, 3, 10, 6, 2, 2, 5, 9, 5, 9, 1, 3, 6, 2, 9, 1]
3.5,141,[],[0.02003, 0.02075, 0.03403, 0.02113, 0.02795, 0.03572, 0.02891, 0.02497, 0.02425, 0.03004, 0.02083, 0.02562, 0.03488, 0.09087, 0.11481, 0.05119, 0.04313, 0.06297],[11, 7, 2, 3, 4, 3, 8, 5, 2, 2, 6, 4, 4, 10, 0, 2, 0, 1]
3.5,142,[],[0.08122, 0.03016, 0.07553, 0.02753, 0.03012, 0.07649, 0.02132, 0.05067, 0.02855, 0.02126, 0.02372, 0.02387, 0.02649, 0.0228],[1, 2, 3, 8, 3, 4, 5, 2, 5, 6, 8, 15, 4, 4]
3.5,143,[],[0.03698, 0.02441, 0.05958, 0.02515, 0.02028, 0.02224, 0.05089, 0.03388, 0.05396, 0.02222, 0.0738, 0.0395, 0.05244, 0.02029, 0.04812, 0.02305],[2, 5, 10, 2, 3, 2, 0, 10, 6, 6, 6, 2, 2, 5, 4, 6]
3.5,144,[],[0.02614, 0.02217, 0.02247, 0.02731, 0.0222, 0.04014, 0.02028, 0.04626, 0.02847, 0.05887, 0.02065, 0.07746, 0.03855, 0.03657, 0.02056, 0.02649],[2, 2, 2, 4, 4, 3, 5, 1, 5, 7, 7, 11, 3, 5, 2, 10]
3.5,145,[],[0.05417, 0.08619, 0.04496, 0.052, 0.02292, 0.02465, 0.05305, 0.02589, 0.02105, 0.0367, 0.08115, 0.03474, 0.02799, 0.02681, 0.03089, 0.02482, 0.0204, 0.02094],[2, 3, 0, 5, 2, 2, 2, 4, 6, 5, 5, 0, 3, 4, 5, 5, 12, 4]
3.5,146,[],[0.06974, 0.05119, 0.04313, 0.06297, 0.04929, 0.02114, 0.03079, 0.02748, 0.04647, 0.02251, 0.03949, 0.02198, 0.04536, 0.03026, 0.02886, 0.04442, 0.03371, 0.0592],[4, 2, 0, 1, 4, 0, 3, 4, 7, 2, 2, 4, 2, 11, 7, 3, 13, 6]
3.5,147,[],[0.02877, 0.02083, 0.03475, 0.03683, 0.0313, 0.05074, 0.06637, 0.04848, 0.02057, 0.02218, 0.03692, 0.04296, 0.03761, 0.0282, 0.02512, 0.02026, 0.04612, 0.02773, 0.02165],[4, 2, 2, 3, 3, 1, 2, 4, 5, 2, 2, 2, 5, 2, 3, 8, 3, 5, 4]
3.5,148,[],[0.02521, 0.0577, 0.10266, 0.0298, 0.02865, 0.02434, 0.06017, 0.03038, 0.03364, 0.04722, 0.1423, 0.03016, 0.07553, 0.02753, 0.03012, 0.07649, 0.02132, 0.05067],[0, 5, 9, 1, 3, 6, 2, 9, 1, 9, 4, 2, 3, 8, 3, 4, 5, 2]
3.5,149,[],[0.0245, 0.02579, 0.02806, 0.0998, 0.04848, 0.02057, 0.02218, 0.03692, 0.04296, 0.03761, 0.0282, 0.02512, 0.02026, 0.04612, 0.02773, 0.02165],[8, 3, 5, 9, 4, 5, 2, 2, 2, 5, 2, 3, 8, 3, 11, 4]
3.5,150,[],[0.04294, 0.05119, 0.04313, 0.06297, 0.04929, 0.02114, 0.03079, 0.02748, 0.04647, 0.02251, 0.03949, 0.02198, 0.04536, 0.03026, 0.02886, 0.04442, 0.03371, 0.0592],[2, 2, 0, 1, 4, 0, 3, 4, 7, 2, 2, 4, 2, 11, 7, 3, 13, 6]
3.5,151,[],[0.02302, 0.04627, 0.10814, 0.02659, 0.02448, 0.02378, 0.02749, 0.02225, 0.03271, 0.03027, 0.02506, 0.02362, 0.02857, 0.02179, 0.02172, 0.02273],[0, 5, 5, 1, 1, 2, 4, 4, 9, 5, 4, 5, 13, 2, 1, 4]
3.5,152,[],[0.02359, 0.02217, 0.02247, 0.02731, 0.0222, 0.04014, 0.02028, 0.04626, 0.02847, 0.05887, 0.02065, 0.07746, 0.03855, 0.03657, 0.02056, 0.02649],[1, 2, 2, 4, 4, 3, 5, 1, 5, 7, 7, 11, 3, 5, 2, 10]
3.5,153,[],[0.03284, 0.05295, 0.02222, 0.0738, 0.0395, 0.02406, 0.03723, 0.02715, 0.02734, 0.02142, 0.05139, 0.02049, 0.02372, 0.03965],[0, 0, 6, 6, 7, 2, 4, 3, 4, 3, 6, 7, 8, 4]
3.5,154,[],[0.03589, 0.04627, 0.10814, 0.02659, 0.02448, 0.02378, 0.02749, 0.02225, 0.03271, 0.03027, 0.02506, 0.02362, 0.02857, 0.02179, 0.02172, 0.02273],[5, 5, 5, 1, 1, 2, 4, 4, 9, 5, 4, 5, 13, 2, 1, 4]
3.5,155,[],[0.04902, 0.02296, 0.03909, 0.02701, 0.02508, 0.02275, 0.02616, 0.14985, 0.04848, 0.02057],[4, 14, 2, 5, 6, 15, 4, 5, 4, 5]
3.5,156,[],[0.03953, 0.11481, 0.05119, 0.04313, 0.06297, 0.04929, 0.02114, 0.03079, 0.02748, 0.04647, 0.02251, 0.03949, 0.02198, 0.04536, 0.03026, 0.02886, 0.04442, 0.03371],[5, 0, 2, 0, 1, 4, 0, 3, 4, 7, 2, 2, 4, 2, 11, 7, 3, 13]
3.5,157,[],[0.04433, 0.0367, 0.11377, 0.05409, 0.02204, 0.02682, 0.05954, 0.0475, 0.02194, 0.03665, 0.09933, 0.07418, 0.02841, 0.02373, 0.02165, 0.05926],[4, 3, 1, 6, 2, 2, 5, 3, 4, 5, 6, 6, 1, 11, 9, 7]
3.5,158,[],[0.06644, 0.0577, 0.10266, 0.0298, 0.02865, 0.02434, 0.06017, 0.03038, 0.03364, 0.04722, 0.1423, 0.03016, 0.07553, 0.02753, 0.03012, 0.07649, 0.02132, 0.05067],[0, 5, 9, 1, 3, 6, 2, 9, 1, 9, 4, 2, 3, 8, 3, 4, 5, 2]
3.5,159,[],[0.07792, 0.06731, 0.02052, 0.14198, 0.04496, 0.052, 0.02292, 0.02465, 0.05305, 0.02589, 0.02105, 0.0367, 0.08115, 0.03474, 0.02799, 0.02681, 0.03089],[1, 3, 2, 11, 0, 5, 2, 2, 2, 4, 6, 5, 5, 0, 3, 4, 5]
3.5,160,[],[0.0497, 0.04813, 0.0298, 0.02965, 0.03588, 0.02434, 0.03477, 0.03364, 0.04722, 0.1423, 0.03016, 0.07553, 0.02753, 0.03012, 0.07649],[1, 9, 3, 1, 7, 2, 12, 1, 9, 4, 2, 3, 8, 3, 4]
3.5,161,[],[0.0519, 0.02076, 0.02909, 0.08487, 0.05053, 0.0313, 0.04596, 0.03475, 0.02083, 0.02182, 0.02438, 0.02877, 0.0356, 0.03802, 0.04006, 0.03616],[8, 0, 3, 3, 1, 3, 4, 3, 2, 2, 4, 5, 3, 1, 2, 5]
3.5,162,[],[0.03181, 0.06077, 0.05119, 0.04313, 0.06297, 0.04929, 0.02114, 0.03079, 0.02748, 0.04647, 0.02251, 0.03949, 0.02198, 0.04536, 0.03026, 0.02886, 0.04442],[3, 4, 2, 0, 1, 4, 0, 3, 4, 7, 2, 2, 4, 2, 11, 7, 3]
3.5,163,[],[0.04239, 0.04044, 0.05614, 0.02589, 0.02105, 0.10903, 0.04496, 0.052, 0.02292, 0.02465, 0.02414, 0.02027, 0.02862, 0.02528, 0.03728],[2, 4, 6, 4, 6, 3, 0, 5, 2, 2, 2, 4, 15, 3, 3]
3.5,164,[],[0.02592, 0.04142, 0.08339, 0.04496, 0.04168, 0.04452, 0.03044, 0.02729, 0.02419, 0.04842, 0.02934, 0.04241, 0.02213, 0.032, 0.02176],[1, 1, 7, 3, 0, 9, 4, 5, 0, 1, 10, 7, 4, 9, 8]
3.5,165,[],[0.03301, 0.08619, 0.04496, 0.052, 0.02292, 0.02465, 0.05305, 0.02589, 0.02105, 0.0367, 0.08115, 0.03474, 0.02799, 0.02681, 0.03089, 0.02482, 0.0204, 0.02094],[2, 3, 0, 5, 2, 2, 2, 4, 6, 5, 5, 0, 3, 4, 5, 5, 12, 4]
3.5,166,[],[0.04298, 0.09251, 0.03016, 0.03442, 0.02062, 0.0244, 0.03012, 0.07649, 0.02132, 0.05067, 0.02855, 0.02126, 0.02372, 0.02387, 0.02649, 0.0228],[3, 3, 2, 7, 0, 3, 5, 4, 5, 2, 5, 6, 8, 15, 4, 4]
3.5,167,[],[0.03948, 0.0313, 0.05074, 0.06637, 0.04848, 0.02057, 0.02218, 0.03692, 0.04296, 0.03761, 0.0282, 0.02512, 0.02026, 0.04612, 0.02773, 0.02165],[5, 3, 1, 2, 4, 5, 2, 2, 2, 5, 2, 3, 8, 3, 5, 4]
3.5,168,[],[0.06899, 0.04496, 0.052, 0.02292, 0.02465, 0.05305, 0.02589, 0.02105, 0.0367, 0.08115, 0.03474, 0.02799, 0.02681, 0.03089, 0.02482, 0.0204, 0.02094],[2, 0, 5, 2, 2, 2, 4, 6, 5, 5, 0, 3, 4, 5, 5, 12, 4]
3.5,169,[],[0.02074, 0.02976, 0.04493, 0.02602, 0.02071, 0.02762, 0.02784, 0.24318, 0.02659, 0.02448, 0.02378, 0.02749, 0.02225, 0.06958, 0.0279, 0.03717, 0.03777],[5, 7, 6, 2, 4, 9, 4, 4, 1, 1, 2, 4, 4, 6, 7, 3, 7]
3.5,170,[],[0.07113, 0.02357, 0.03227, 0.02689, 0.04524, 0.02107, 0.02579, 0.02598, 0.03165, 0.0245, 0.03328, 0.03115, 0.02067],[1, 2, 6, 15, 2, 4, 6, 12, 6, 7, 7, 3, 5]
3.5,171,[],[0.03872, 0.04882, 0.02153, 0.05034, 0.04529, 0.02001, 0.05121, 0.02004, 0.02207, 0.03504, 0.02141, 0.06699, 0.03047, 0.02653, 0.02477],[0, 4, 6, 6, 1, 5, 2, 8, 4, 6, 14, 9, 2, 1, 1]
3.5,172,[],[0.14288, 0.02841, 0.09054, 0.04472, 0.07289, 0.02597, 0.02398, 0.02042, 0.02778, 0.03083, 0.02629, 0.02063, 0.02492, 0.02898, 0.04525, 0.02548],[4, 1, 9, 7, 2, 3, 2, 4, 9, 1, 5, 5, 2, 17, 7, 3]
3.5,173,[],[0.02481, 0.05864, 0.03855, 0.03657, 0.02056, 0.02649, 0.05352, 0.02525, 0.0201, 0.07139, 0.05804, 0.03245, 0.04142, 0.08339, 0.04496, 0.04168],[1, 1, 3, 5, 2, 10, 7, 5, 0, 4, 7, 4, 1, 7, 3, 0]
3.5,174,[],[0.03227, 0.05789, 0.04044, 0.05614, 0.02589, 0.02105, 0.10903, 0.04496, 0.052, 0.02292, 0.02465, 0.02414, 0.02027, 0.02862, 0.02528, 0.03728],[0, 4, 4, 6, 4, 6, 3, 0, 5, 2, 2, 2, 4, 15, 3, 3]
3.5,175,[],[0.02496, 0.0475, 0.04805, 0.0367, 0.11377, 0.05409, 0.02204, 0.02682, 0.02821, 0.11882, 0.0577, 0.10266, 0.0298, 0.02865, 0.02434, 0.06017, 0.03038, 0.03364],[4, 2, 0, 3, 10, 6, 2, 2, 5, 9, 5, 9, 1, 3, 6, 2, 9, 1]
3.5,176,[],[0.07112, 0.0577, 0.10266, 0.0298, 0.02865, 0.02434, 0.06017, 0.03038, 0.03364, 0.04722, 0.1423, 0.03016, 0.07553, 0.02753, 0.03012, 0.07649],[8, 5, 9, 1, 3, 6, 2, 9, 1, 9, 4, 2, 3, 8, 3, 4]
3.5,177,[],[0.07327, 0.02441, 0.05958, 0.02515, 0.02028, 0.02224, 0.05089, 0.03388, 0.05396, 0.02222, 0.0738, 0.0395, 0.05244, 0.02029, 0.04812, 0.02305],[2, 5, 10, 2, 3, 2, 0, 10, 6, 6, 6, 2, 2, 5, 4, 6]
3.5,178,[],[0.02587, 0.02579, 0.10772, 0.09298, 0.05119, 0.06619, 0.04929, 0.02114, 0.03079, 0.02748, 0.04647, 0.02251, 0.03949, 0.02198, 0.04536, 0.03026, 0.02886],[10, 2, 6, 1, 2, 1, 4, 0, 3, 4, 7, 2, 2, 4, 2, 11, 7]
3.5,179,[],[0.08062, 0.0577, 0.10266, 0.0298, 0.02865, 0.02434, 0.06017, 0.03038, 0.03364, 0.04722, 0.1423, 0.03016, 0.07553, 0.02753, 0.03012, 0.07649, 0.02132],[7, 5, 9, 1, 3, 6, 2, 9, 1, 9, 4, 2, 3, 8, 3, 4, 5]
3.5,180,[],[0.10001, 0.02841, 0.09054, 0.04472, 0.07289, 0.02597, 0.02398, 0.02042, 0.02778, 0.03083, 0.02629, 0.02063, 0.02492, 0.02898, 0.04525, 0.02548],[6, 1, 9, 7, 2, 3, 2, 4, 9, 1, 5, 5, 2, 17, 7, 3]
3.5,181,[],[0.02579, 0.04221, 0.02001, 0.05121, 0.02004, 0.02207, 0.03504, 0.02141, 0.06699, 0.03047, 0.02653, 0.02477],[6, 1, 5, 2, 8, 4, 6, 14, 9, 2, 1, 1]
3.5,182,[],[0.02652, 0.04872, 0.07612, 0.09298, 0.05119, 0.06619, 0.04929, 0.02114, 0.03079, 0.02748, 0.04647, 0.02251, 0.03949, 0.02198, 0.04536, 0.03026, 0.02886, 0.04442],[4, 5, 3, 1, 2, 1, 4, 0, 3, 4, 7, 2, 2, 4, 2, 11, 7, 3]
3.5,183,[],[0.02647, 0.05424, 0.05295, 0.02222, 0.0738, 0.0395, 0.02406, 0.03723, 0.02715, 0.02734, 0.02142, 0.05139, 0.02049, 0.02372, 0.03965],[3, 6, 0, 6, 6, 7, 2, 4, 3, 4, 3, 6, 7, 8, 4]
3.5,184,[],[0.02202, 0.05931, 0.02222, 0.0738, 0.0395, 0.05244, 0.02029, 0.04812, 0.02305, 0.02613, 0.02495, 0.03885, 0.2164],[8, 4, 6, 6, 2, 2, 5, 4, 6, 9, 12, 6, 4]
3.5,185,[],[0.03378, 0.0475, 0.04805, 0.0367, 0.11377, 0.05409, 0.02204, 0.02682, 0.02821, 0.11882, 0.0577, 0.10266, 0.0298, 0.02865, 0.02434, 0.06017, 0.03038, 0.03364],[5, 2, 0, 3, 10, 6, 2, 2, 5, 9, 5, 9, 1, 3, 6, 2, 9, 1]
3.5,186,[],[0.02555, 0.0301, 0.05226, 0.03026, 0.03676, 0.02198, 0.04878, 0.03053, 0.02251, 0.03753, 0.02406, 0.02642, 0.0628, 0.04003, 0.14147, 0.09298, 0.05119, 0.06619, 0.04929],[1, 3, 1, 11, 1, 4, 18, 1, 2, 2, 2, 10, 3, 4, 2, 1, 2, 1, 4]
3.5,187,[],[0.02921, 0.0577, 0.10266, 0.0298, 0.02865, 0.02434, 0.06017, 0.03038, 0.03364, 0.04722, 0.1423, 0.03016, 0.07553, 0.02753, 0.03012, 0.07649, 0.02132, 0.05067],[0, 5, 9, 1, 3, 6, 2, 9, 1, 9, 4, 2, 3, 8, 3, 4, 5, 2]
3.5,188,[],[0.07399, 0.05119, 0.04313, 0.06297, 0.04929, 0.02114, 0.03079, 0.02748, 0.04647, 0.02251, 0.03949, 0.02198, 0.04536, 0.03026, 0.02886, 0.04442, 0.03371, 0.0592],[2, 2, 0, 1, 4, 0, 3, 4, 7, 2, 2, 4, 2, 11, 7, 3, 13, 6]
3.5,189,[],[0.05936, 0.05804, 0.02381, 0.08752, 0.02217, 0.02247, 0.02731, 0.0222, 0.04014, 0.02028, 0.04626, 0.02847, 0.05887, 0.02065, 0.07746],[5, 4, 8, 8, 2, 2, 4, 4, 3, 5, 1, 5, 7, 7, 11]
3.5,190,[],[0.02259, 0.07418, 0.02841, 0.02373, 0.02165, 0.05926, 0.07289, 0.02597, 0.02398, 0.02042, 0.02778, 0.03083, 0.02629, 0.02063, 0.02492],[0, 6, 1, 11, 9, 7, 2, 3, 2, 4, 9, 1, 5, 5, 2]
3.5,191,[],[0.04123, 0.02891, 0.02497, 0.02425, 0.03004, 0.02083, 0.02562, 0.03488, 0.09087, 0.11481, 0.05119, 0.04313, 0.06297, 0.04929, 0.02114, 0.03079, 0.02748, 0.04647, 0.02251],[7, 8, 5, 2, 2, 6, 4, 4, 10, 0, 2, 0, 1, 4, 0, 3, 4, 7, 2]
3.5,192,[],[0.06678, 0.0577, 0.10266, 0.0298, 0.02865, 0.02434, 0.06017, 0.03038, 0.03364, 0.04722, 0.1423, 0.03016, 0.07553, 0.02753, 0.03012, 0.07649, 0.02132, 0.05067],[0, 5, 9, 1, 3, 6, 2, 9, 1, 9, 4, 2, 3, 8, 3, 4, 5, 2]
3.5,193,[],[0.03467, 0.02132, 0.13608, 0.03016, 0.07553, 0.02753, 0.03012, 0.03312, 0.02062, 0.03091, 0.03846, 0.02103, 0.03836, 0.02391, 0.02172],[2, 5, 2, 2, 3, 8, 3, 4, 4, 8, 19, 6, 3, 5, 4]
3.5,194,[],[0.03722, 0.03724, 0.08424, 0.06885, 0.02589, 0.11951, 0.04496, 0.052, 0.02292, 0.02465, 0.04747, 0.04044, 0.09816, 0.02851, 0.03718, 0.06212, 0.05804, 0.02381, 0.02477],[1, 1, 2, 0, 4, 9, 0, 5, 2, 2, 2, 5, 4, 7, 2, 3, 4, 8, 8]
3.5,195,[],[0.04598, 0.02589, 0.11951, 0.04496, 0.052, 0.02292, 0.02465, 0.04747, 0.04044, 0.09816, 0.02851, 0.03718, 0.06212, 0.05804, 0.02381, 0.02477],[3, 4, 9, 0, 5, 2, 2, 2, 5, 4, 7, 2, 3, 4, 8, 8]
3.5,196,[],[0.03591, 0.04599, 0.02357, 0.02314, 0.02049, 0.03329, 0.02067, 0.02018, 0.02722, 0.0245, 0.03165, 0.02598, 0.02648],[3, 10, 2, 6, 3, 2, 5, 1, 1, 5, 7, 6, 9]
3.5,197,[],[0.02912, 0.02531, 0.02071, 0.04002, 0.02372, 0.02049, 0.03226, 0.02222, 0.0738, 0.0395, 0.05244, 0.02029, 0.04812, 0.02305],[12, 7, 8, 8, 4, 8, 4, 6, 6, 2, 2, 5, 4, 6]
3.5,198,[],[0.03279, 0.03376, 0.05804, 0.02381, 0.02477, 0.07146, 0.02217, 0.02247, 0.02731, 0.0222, 0.04014, 0.02028, 0.04626, 0.02847, 0.05887, 0.02065],[0, 0, 4, 8, 8, 8, 2, 2, 4, 4, 3, 5, 1, 5, 7, 7]
3.5,199,[],[0.03942, 0.02841, 0.09054, 0.04472, 0.07289, 0.02597, 0.02398, 0.02042, 0.02778, 0.03083, 0.02629, 0.02063, 0.02492, 0.02898, 0.04525, 0.02548],[2, 1, 9, 7, 2, 3, 2, 4, 9, 1, 5, 5, 2, 17, 7, 3]

