1.5,0,[],[0.02795],[0],0,1
1.5,1,[],[0.05862],[0],0,1
1.5,2,[],[0.03948],[0],0,1
1.5,3,[],[0.02795],[0],0,1
1.5,4,[0.0048],[],[],1,0
1.5,5,[],[0.02026],[0],0,1
1.5,6,[],[0.02186],[0],0,1
1.5,7,[],[0.03548],[0],0,1
1.5,8,[0.00595],[],[],1,0
1.5,9,[],[0.03219],[0],0,1
1.5,10,[],[0.02243],[0],0,1
1.5,11,[0.00382],[],[],1,0
1.5,12,[],[0.02747],[0],0,1
1.5,13,[0.00313],[],[],1,0
1.5,14,[],[0.04184],[0],0,1
1.5,15,[],[0.02012],[0],0,1
1.5,16,[0.00651],[],[],1,0
1.5,17,[],[0.02681],[0],0,1
1.5,18,[],[0.04995],[0],0,1
1.5,19,[0.00381],[],[],1,0
1.5,20,[0.00873],[],[],1,0
1.5,21,[],[0.03051],[0],0,1
1.5,22,[],[0.035],[0],0,1
1.5,23,[0.00671],[],[],1,0
1.5,24,[],[0.02388],[0],0,1
1.5,25,[],[0.0292],[0],0,1
1.5,26,[],[0.03275],[0],0,1
1.5,27,[],[0.02336],[0],0,1
1.5,28,[0.00117],[],[],1,0
1.5,29,[0.00352, 0.0022],[0.0801],[2],2,1
1.5,30,[0.00546],[0.04443],[1],1,1
1.5,31,[0.00519],[],[],1,0
1.5,32,[],[0.03068],[0],0,1
1.5,33,[],[0.04037],[0],0,1
1.5,34,[],[0.04374],[0],0,1
1.5,35,[],[0.02318],[0],0,1
1.5,36,[],[0.02185],[0],0,1
1.5,37,[],[0.04925],[0],0,1
1.5,38,[],[0.0241],[0],0,1
1.5,39,[],[0.02417],[0],0,1
1.5,40,[],[0.03534],[0],0,1
1.5,41,[],[0.02686],[0],0,1
1.5,42,[],[0.04024],[0],0,1
1.5,43,[],[0.02806],[0],0,1
1.5,44,[],[0.0582],[0],0,1
1.5,45,[],[0.02822],[0],0,1
1.5,46,[],[0.03321],[0],0,1
1.5,47,[],[0.03628],[0],0,1
1.5,48,[0.00719],[],[],1,0
1.5,49,[0.00016],[0.03805],[1],1,1
1.5,50,[],[0.02082],[0],0,1
1.5,51,[0.00559],[],[],1,0
1.5,52,[],[0.05518],[0],0,1
1.5,53,[0.00524],[],[],1,0
1.5,54,[0.00986],[],[],1,0
1.5,55,[],[0.05449],[0],0,1
1.5,56,[],[0.02561],[0],0,1
1.5,57,[],[0.04048],[0],0,1
1.5,58,[0.00215],[],[],1,0
1.5,59,[],[0.03792],[0],0,1
1.5,60,[],[0.02199],[0],0,1
1.5,61,[],[0.03258],[0],0,1
1.5,62,[],[0.03557],[0],0,1
1.5,63,[0.0026],[],[],1,0
1.5,64,[0.00746],[],[],1,0
1.5,65,[],[0.03276],[0],0,1
1.5,66,[0.00617],[],[],1,0
1.5,67,[],[0.03893],[0],0,1
1.5,68,[0.00451],[],[],1,0
1.5,69,[0.00292],[],[],1,0
1.5,70,[],[0.02803],[0],0,1
1.5,71,[],[0.03798],[0],0,1
1.5,72,[],[0.02061],[0],0,1
1.5,73,[],[0.03645],[0],0,1
1.5,74,[0.00776],[],[],1,0
1.5,75,[],[0.05121],[0],0,1
1.5,76,[0.00515],[],[],1,0
1.5,77,[0.00914],[],[],1,0
1.5,78,[],[0.02559],[0],0,1
1.5,79,[],[0.03921],[0],0,1
1.5,80,[],[0.03024],[0],0,1
1.5,81,[0.0079],[],[],1,0
1.5,82,[],[0.03144],[0],0,1
1.5,83,[],[0.03431],[0],0,1
1.5,84,[0.00522],[],[],1,0
1.5,85,[],[0.02974],[0],0,1
1.5,86,[],[0.0374],[0],0,1
1.5,87,[],[0.02062],[0],0,1
1.5,88,[],[0.03864],[0],0,1
1.5,89,[0.00838],[],[],1,0
1.5,90,[],[0.04152],[0],0,1
1.5,91,[0.00779],[],[],1,0
1.5,92,[],[0.02257],[0],0,1
1.5,93,[0.00864],[],[],1,0
1.5,94,[],[0.07197],[0],0,1
1.5,95,[],[0.0354],[0],0,1
1.5,96,[],[0.03837],[0],0,1
1.5,97,[],[0.03136],[0],0,1
1.5,98,[0.00246],[],[],1,0
1.5,99,[0.00621],[],[],1,0
1.5,100,[],[0.04136],[0],0,1
1.5,101,[],[0.02417],[0],0,1
1.5,102,[],[0.0261],[0],0,1
1.5,103,[],[0.03757],[0],0,1
1.5,104,[],[0.05452],[0],0,1
1.5,105,[],[0.02085],[0],0,1
1.5,106,[],[0.03281],[0],0,1
1.5,107,[0.00713],[],[],1,0
1.5,108,[],[0.0227],[0],0,1
1.5,109,[0.00876],[],[],1,0
1.5,110,[],[0.02189],[0],0,1
1.5,111,[],[0.02995],[0],0,1
1.5,112,[],[0.0788],[0],0,1
1.5,113,[0.00051],[0.02328],[1],1,1
1.5,114,[0.00783],[],[],1,0
1.5,115,[],[0.05598],[0],0,1
1.5,116,[0.00905],[],[],1,0
1.5,117,[],[0.02658],[0],0,1
1.5,118,[],[0.0292],[0],0,1
1.5,119,[],[0.06915],[0],0,1
1.5,120,[],[0.02547],[0],0,1
1.5,121,[],[0.02709],[0],0,1
1.5,122,[0.00648],[],[],1,0
1.5,123,[],[0.04859],[0],0,1
1.5,124,[0.00185],[0.04428],[1],1,1
1.5,125,[0.00966],[],[],1,0
1.5,126,[],[0.05478],[0],0,1
1.5,127,[0.00807],[],[],1,0
1.5,128,[],[0.03353],[0],0,1
1.5,129,[],[0.02037],[0],0,1
1.5,130,[0.00462],[],[],1,0
1.5,131,[0.00869],[],[],1,0
1.5,132,[0.00988],[],[],1,0
1.5,133,[0.00946],[],[],1,0
1.5,134,[],[0.02542],[0],0,1
1.5,135,[],[0.03579],[0],0,1
1.5,136,[],[0.0204],[0],0,1
1.5,137,[],[0.06097],[0],0,1
1.5,138,[],[0.02555],[0],0,1
1.5,139,[],[0.02158],[0],0,1
1.5,140,[],[0.02897],[0],0,1
1.5,141,[0.0064],[],[],1,0
1.5,142,[],[0.02948],[0],0,1
1.5,143,[],[0.05018],[0],0,1
1.5,144,[],[0.03821],[0],0,1
1.5,145,[],[0.03255],[0],0,1
1.5,146,[0.00211],[],[],1,0
1.5,147,[],[0.04937],[0],0,1
1.5,148,[],[0.03273],[0],0,1
1.5,149,[],[0.02292],[0],0,1
1.5,150,[],[0.02041],[0],0,1
1.5,151,[0.00476],[],[],1,0
1.5,152,[],[0.0259],[0],0,1
1.5,153,[],[0.02602],[0],0,1
1.5,154,[0.00628],[],[],1,0
1.5,155,[],[0.02613],[0],0,1
1.5,156,[],[0.02799],[0],0,1
1.5,157,[],[0.03467],[0],0,1
1.5,158,[],[0.04307],[0],0,1
1.5,159,[0.00928],[],[],1,0
1.5,160,[0.00342],[0.03311],[1],1,1
1.5,161,[],[0.04013],[0],0,1
1.5,162,[0.00798],[],[],1,0
1.5,163,[0.00423],[],[],1,0
1.5,164,[],[],[],0,0
1.5,165,[],[0.05891],[0],0,1
1.5,166,[0.0072],[],[],1,0
1.5,167,[],[0.03693],[0],0,1
1.5,168,[0.00769],[],[],1,0
1.5,169,[0.00413],[],[],1,0
1.5,170,[],[0.02561],[0],0,1
1.5,171,[],[0.04232],[0],0,1
1.5,172,[0.00945],[],[],1,0
1.5,173,[],[0.03184],[0],0,1
1.5,174,[],[0.02339],[0],0,1
1.5,175,[],[0.02222],[0],0,1
1.5,176,[],[0.03348],[0],0,1
1.5,177,[],[0.03162],[0],0,1
1.5,178,[],[0.04657],[0],0,1
1.5,179,[],[0.08374],[0],0,1
1.5,180,[],[0.0315],[0],0,1
1.5,181,[],[0.02175],[0],0,1
1.5,182,[],[0.02407],[0],0,1
1.5,183,[],[0.03228],[0],0,1
1.5,184,[0.00353],[],[],1,0
1.5,185,[],[0.03846],[0],0,1
1.5,186,[],[0.03815],[0],0,1
1.5,187,[],[],[],0,0
1.5,188,[0.00485],[],[],1,0
1.5,189,[],[0.02931],[0],0,1
1.5,190,[0.00646],[],[],1,0
1.5,191,[],[0.06702],[0],0,1
1.5,192,[0.00434],[],[],1,0
1.5,193,[0.00084],[],[],1,0
1.5,194,[],[0.05824],[0],0,1
1.5,195,[],[0.0267],[0],0,1
1.5,196,[],[0.02412],[0],0,1
1.5,197,[],[0.02747],[0],0,1
1.5,198,[],[0.03117],[0],0,1
1.5,199,[],[0.02682],[0],0,1

