1.5,0,[],[],[],0,0
1.5,1,[0.00706, 0.00922],[],[],2,0
1.5,2,[],[0.05197],[0],0,1
1.5,3,[],[],[],0,0
1.5,4,[],[0.04287],[0],0,1
1.5,5,[],[0.02027],[0],0,1
1.5,6,[],[],[],0,0
1.5,7,[],[0.02206],[0],0,1
1.5,8,[0.00632],[],[],1,0
1.5,9,[],[0.02153],[0],0,1
1.5,10,[],[0.02195],[0],0,1
1.5,11,[0.00638],[],[],1,0
1.5,12,[0.00516],[],[],1,0
1.5,13,[],[0.02321],[0],0,1
1.5,14,[0.00989],[0.02077],[1],1,1
1.5,15,[],[0.05117],[0],0,1
1.5,16,[],[0.02178],[0],0,1
1.5,17,[],[0.03147],[0],0,1
1.5,18,[],[0.03349],[0],0,1
1.5,19,[],[0.03827],[0],0,1
1.5,20,[],[0.035],[0],0,1
1.5,21,[],[0.0251],[0],0,1
1.5,22,[],[0.03243],[0],0,1
1.5,23,[],[0.03386],[0],0,1
1.5,24,[0.00189],[0.03042],[1],1,1
1.5,25,[],[0.02977],[0],0,1
1.5,26,[0.00131],[0.04902],[1],1,1
1.5,27,[],[0.02964],[0],0,1
1.5,28,[],[0.0306],[0],0,1
1.5,29,[0.00193],[],[],1,0
1.5,30,[],[0.04086],[0],0,1
1.5,31,[0.00984],[],[],1,0
1.5,32,[0.00789],[],[],1,0
1.5,33,[],[0.02022],[0],0,1
1.5,34,[],[0.02826],[0],0,1
1.5,35,[],[0.0294],[0],0,1
1.5,36,[],[0.03533],[0],0,1
1.5,37,[],[],[],0,0
1.5,38,[],[0.03034],[0],0,1
1.5,39,[],[0.02427],[0],0,1
1.5,40,[],[0.03657],[0],0,1
1.5,41,[],[0.04382],[0],0,1
1.5,42,[0.00974],[],[],1,0
1.5,43,[],[0.04538],[0],0,1
1.5,44,[0.00115],[],[],1,0
1.5,45,[],[0.02915],[0],0,1
1.5,46,[],[0.02894],[0],0,1
1.5,47,[0.00572],[],[],1,0
1.5,48,[],[0.0295],[0],0,1
1.5,49,[],[0.03476],[0],0,1
1.5,50,[],[0.03664],[0],0,1
1.5,51,[],[0.03851],[0],0,1
1.5,52,[],[0.03229],[0],0,1
1.5,53,[],[0.07242],[0],0,1
1.5,54,[],[0.02763],[0],0,1
1.5,55,[],[0.03061],[0],0,1
1.5,56,[],[0.02537],[0],0,1
1.5,57,[0.00402],[],[],1,0
1.5,58,[],[0.03658],[0],0,1
1.5,59,[],[0.03591],[0],0,1
1.5,60,[],[0.02837],[0],0,1
1.5,61,[],[0.04233],[0],0,1
1.5,62,[],[0.03987],[0],0,1
1.5,63,[],[0.07171],[0],0,1
1.5,64,[],[0.03878],[0],0,1
1.5,65,[0.00371],[],[],1,0
1.5,66,[],[0.02616],[0],0,1
1.5,67,[],[0.02803],[0],0,1
1.5,68,[0.00813],[],[],1,0
1.5,69,[],[0.027],[0],0,1
1.5,70,[],[0.02543],[0],0,1
1.5,71,[],[0.02209],[0],0,1
1.5,72,[],[0.0286],[0],0,1
1.5,73,[],[0.04933],[0],0,1
1.5,74,[],[0.0224],[0],0,1
1.5,75,[0.00666],[],[],1,0
1.5,76,[0.00392],[],[],1,0
1.5,77,[0.00671],[],[],1,0
1.5,78,[0.00841],[],[],1,0
1.5,79,[],[0.04228],[0],0,1
1.5,80,[0.00643],[],[],1,0
1.5,81,[],[0.03611],[0],0,1
1.5,82,[],[0.03422],[0],0,1
1.5,83,[0.0029],[0.03019],[1],1,1
1.5,84,[0.00376],[0.0261],[1],1,1
1.5,85,[0.007],[],[],1,0
1.5,86,[],[0.04089],[0],0,1
1.5,87,[],[0.02653],[0],0,1
1.5,88,[0.00185],[0.02719],[1],1,1
1.5,89,[0.0073],[],[],1,0
1.5,90,[0.00499],[],[],1,0
1.5,91,[],[],[],0,0
1.5,92,[],[0.02545],[0],0,1
1.5,93,[0.00853],[],[],1,0
1.5,94,[],[0.0326],[0],0,1
1.5,95,[],[0.04279],[0],0,1
1.5,96,[0.0031],[],[],1,0
1.5,97,[],[0.03051],[0],0,1
1.5,98,[],[0.03722],[0],0,1
1.5,99,[0.00136],[0.03285],[1],1,1
1.5,100,[],[0.0314],[0],0,1
1.5,101,[],[0.02688],[0],0,1
1.5,102,[0.0076],[],[],1,0
1.5,103,[],[0.02362],[0],0,1
1.5,104,[0.00344],[],[],1,0
1.5,105,[],[0.05523],[0],0,1
1.5,106,[],[0.0394],[0],0,1
1.5,107,[],[0.02078],[0],0,1
1.5,108,[0.00822],[],[],1,0
1.5,109,[],[0.03022],[0],0,1
1.5,110,[],[0.02179],[0],0,1
1.5,111,[],[0.03426],[0],0,1
1.5,112,[],[0.04383],[0],0,1
1.5,113,[],[0.06083],[0],0,1
1.5,114,[],[0.04532],[0],0,1
1.5,115,[],[0.02515],[0],0,1
1.5,116,[],[0.02825],[0],0,1
1.5,117,[],[0.06939],[0],0,1
1.5,118,[],[0.02447],[0],0,1
1.5,119,[],[0.02765],[0],0,1
1.5,120,[],[0.02466],[0],0,1
1.5,121,[0.00978],[0.02354],[1],1,1
1.5,122,[],[0.042],[0],0,1
1.5,123,[],[0.02542],[0],0,1
1.5,124,[],[0.02061],[0],0,1
1.5,125,[],[0.02572],[0],0,1
1.5,126,[0.00481],[],[],1,0
1.5,127,[0.00446],[],[],1,0
1.5,128,[0.00091],[0.05081],[1],1,1
1.5,129,[0.0077],[],[],1,0
1.5,130,[0.00829],[],[],1,0
1.5,131,[0.00435],[],[],1,0
1.5,132,[],[0.02872],[0],0,1
1.5,133,[0.00361],[0.03982],[1],1,1
1.5,134,[],[0.03813],[0],0,1
1.5,135,[],[0.0229],[0],0,1
1.5,136,[],[0.02668],[0],0,1
1.5,137,[],[0.025],[0],0,1
1.5,138,[0.00541],[],[],1,0
1.5,139,[],[0.02231],[0],0,1
1.5,140,[],[0.02795],[0],0,1
1.5,141,[],[0.02527],[0],0,1
1.5,142,[],[0.02351],[0],0,1
1.5,143,[0.00103],[0.02339],[1],1,1
1.5,144,[],[0.02977],[0],0,1
1.5,145,[],[],[],0,0
1.5,146,[],[0.02721],[0],0,1
1.5,147,[],[0.02651],[0],0,1
1.5,148,[],[0.02635],[0],0,1
1.5,149,[],[0.03329],[0],0,1
1.5,150,[],[0.04156],[0],0,1
1.5,151,[0.00332],[0.03721],[1],1,1
1.5,152,[],[0.02435],[0],0,1
1.5,153,[],[0.02757],[0],0,1
1.5,154,[],[0.03356],[0],0,1
1.5,155,[0.00653],[],[],1,0
1.5,156,[],[],[],0,0
1.5,157,[0.00201],[0.03491],[1],1,1
1.5,158,[],[0.02427],[0],0,1
1.5,159,[],[0.0219],[0],0,1
1.5,160,[],[0.03386],[0],0,1
1.5,161,[],[0.0421],[0],0,1
1.5,162,[],[0.03522],[0],0,1
1.5,163,[],[0.02183],[0],0,1
1.5,164,[0.00688],[],[],1,0
1.5,165,[],[0.03326],[0],0,1
1.5,166,[0.00381],[0.04058],[1],1,1
1.5,167,[],[0.03279],[0],0,1
1.5,168,[],[0.02084],[0],0,1
1.5,169,[0.00522],[],[],1,0
1.5,170,[],[0.04356],[0],0,1
1.5,171,[],[0.0292],[0],0,1
1.5,172,[],[0.02035],[0],0,1
1.5,173,[],[0.06002],[0],0,1
1.5,174,[],[0.04316],[0],0,1
1.5,175,[],[0.04772],[0],0,1
1.5,176,[],[0.03949],[0],0,1
1.5,177,[0.0016],[],[],1,0
1.5,178,[],[0.03343],[0],0,1
1.5,179,[],[0.02157],[0],0,1
1.5,180,[],[0.02558],[0],0,1
1.5,181,[],[0.02019],[0],0,1
1.5,182,[],[0.04772],[0],0,1
1.5,183,[],[0.0227],[0],0,1
1.5,184,[],[0.02439],[0],0,1
1.5,185,[],[0.03088],[0],0,1
1.5,186,[0.00716],[],[],1,0
1.5,187,[],[0.02555],[0],0,1
1.5,188,[],[0.0489],[0],0,1
1.5,189,[],[0.02445],[0],0,1
1.5,190,[],[0.0599],[0],0,1
1.5,191,[0.00621],[],[],1,0
1.5,192,[0.00746],[],[],1,0
1.5,193,[0.00837],[],[],1,0
1.5,194,[],[0.02305],[0],0,1
1.5,195,[],[0.03225],[0],0,1
1.5,196,[],[0.03898],[0],0,1
1.5,197,[0.00748],[],[],1,0
1.5,198,[],[0.03659],[0],0,1
1.5,199,[0.00157],[],[],1,0

