1.5,0,[],[0.02468],[0],0,1
1.5,1,[],[0.0258],[0],0,1
1.5,2,[0.00296],[],[],1,0
1.5,3,[],[0.03325],[0],0,1
1.5,4,[0.00335],[],[],1,0
1.5,5,[],[0.03434],[0],0,1
1.5,6,[],[0.03145],[0],0,1
1.5,7,[],[0.03131],[0],0,1
1.5,8,[0.00658],[],[],1,0
1.5,9,[0.00544],[0.03456],[1],1,1
1.5,10,[0.00568],[],[],1,0
1.5,11,[],[0.02587],[0],0,1
1.5,12,[],[0.02316],[0],0,1
1.5,13,[],[0.04787],[0],0,1
1.5,14,[],[0.02979],[0],0,1
1.5,15,[0.00303],[0.02559],[1],1,1
1.5,16,[0.00988],[],[],1,0
1.5,17,[],[0.02184],[0],0,1
1.5,18,[],[0.03459],[0],0,1
1.5,19,[0.00477],[],[],1,0
1.5,20,[],[0.02818],[0],0,1
1.5,21,[],[0.03064],[0],0,1
1.5,22,[],[0.0276],[0],0,1
1.5,23,[],[0.0552],[0],0,1
1.5,24,[],[0.02713],[0],0,1
1.5,25,[],[0.02247],[0],0,1
1.5,26,[0.0061],[],[],1,0
1.5,27,[],[0.02276],[0],0,1
1.5,28,[0.00274],[],[],1,0
1.5,29,[],[0.02149],[0],0,1
1.5,30,[0.00422],[],[],1,0
1.5,31,[],[0.03997],[0],0,1
1.5,32,[],[0.02468],[0],0,1
1.5,33,[],[0.02559],[0],0,1
1.5,34,[],[0.03942],[0],0,1
1.5,35,[],[0.02294],[0],0,1
1.5,36,[],[0.03785],[0],0,1
1.5,37,[],[0.03522],[0],0,1
1.5,38,[],[0.03054],[0],0,1
1.5,39,[],[],[],0,0
1.5,40,[],[0.03393],[0],0,1
1.5,41,[0.00343],[],[],1,0
1.5,42,[],[0.04768],[0],0,1
1.5,43,[],[0.02788],[0],0,1
1.5,44,[],[0.02816],[0],0,1
1.5,45,[],[0.02854],[0],0,1
1.5,46,[],[0.03654],[0],0,1
1.5,47,[],[0.0391],[0],0,1
1.5,48,[0.0098],[],[],1,0
1.5,49,[0.00245],[],[],1,0
1.5,50,[],[0.02143],[0],0,1
1.5,51,[0.00594],[],[],1,0
1.5,52,[0.00568],[],[],1,0
1.5,53,[],[0.05271],[0],0,1
1.5,54,[],[0.02573],[0],0,1
1.5,55,[],[0.04209],[0],0,1
1.5,56,[0.00424],[],[],1,0
1.5,57,[0.0074],[],[],1,0
1.5,58,[],[0.02336],[0],0,1
1.5,59,[0.00091],[0.02696],[1],1,1
1.5,60,[],[0.04212],[0],0,1
1.5,61,[],[0.03576],[0],0,1
1.5,62,[],[0.02631],[0],0,1
1.5,63,[0.00993],[],[],1,0
1.5,64,[],[0.03383],[0],0,1
1.5,65,[],[0.02109],[0],0,1
1.5,66,[0.00022],[0.04028],[1],1,1
1.5,67,[],[0.02141],[0],0,1
1.5,68,[],[0.02614],[0],0,1
1.5,69,[0.00183],[0.03995],[1],1,1
1.5,70,[0.00359],[],[],1,0
1.5,71,[],[0.05672],[0],0,1
1.5,72,[0.00326],[],[],1,0
1.5,73,[0.00757],[],[],1,0
1.5,74,[],[0.02038],[0],0,1
1.5,75,[],[0.03347],[0],0,1
1.5,76,[0.00898],[],[],1,0
1.5,77,[],[0.02907],[0],0,1
1.5,78,[],[0.03996],[0],0,1
1.5,79,[],[0.02834],[0],0,1
1.5,80,[],[0.03547],[0],0,1
1.5,81,[],[0.04839],[0],0,1
1.5,82,[],[0.0208],[0],0,1
1.5,83,[],[0.02276],[0],0,1
1.5,84,[0.00529],[],[],1,0
1.5,85,[],[0.0333],[0],0,1
1.5,86,[],[0.0325],[0],0,1
1.5,87,[],[0.04017],[0],0,1
1.5,88,[],[0.02164],[0],0,1
1.5,89,[0.00371],[],[],1,0
1.5,90,[],[0.03166],[0],0,1
1.5,91,[0.00545],[],[],1,0
1.5,92,[],[0.0209],[0],0,1
1.5,93,[],[0.02077],[0],0,1
1.5,94,[],[0.04576],[0],0,1
1.5,95,[],[0.02239],[0],0,1
1.5,96,[0.00527],[],[],1,0
1.5,97,[],[0.04933],[0],0,1
1.5,98,[],[0.02015],[0],0,1
1.5,99,[],[0.04106],[0],0,1
1.5,100,[],[0.03613],[0],0,1
1.5,101,[],[0.02535],[0],0,1
1.5,102,[],[0.03528],[0],0,1
1.5,103,[],[0.07613],[0],0,1
1.5,104,[],[0.04664],[0],0,1
1.5,105,[],[0.02824],[0],0,1
1.5,106,[],[0.03603],[0],0,1
1.5,107,[],[0.0235],[0],0,1
1.5,108,[0.00948],[],[],1,0
1.5,109,[],[0.02462],[0],0,1
1.5,110,[],[0.04932],[0],0,1
1.5,111,[],[0.06871],[0],0,1
1.5,112,[],[0.03883],[0],0,1
1.5,113,[],[0.03353],[0],0,1
1.5,114,[0.00417],[],[],1,0
1.5,115,[],[0.0272],[0],0,1
1.5,116,[0.00514],[0.05539],[1],1,1
1.5,117,[0.00205],[0.02587],[1],1,1
1.5,118,[0.00733],[0.05516],[1],1,1
1.5,119,[],[0.03143],[0],0,1
1.5,120,[],[0.03823],[0],0,1
1.5,121,[],[0.02089],[0],0,1
1.5,122,[0.00904],[],[],1,0
1.5,123,[],[0.02039],[0],0,1
1.5,124,[],[0.07457],[0],0,1
1.5,125,[0.00805],[],[],1,0
1.5,126,[0.00394],[],[],1,0
1.5,127,[],[0.03588],[0],0,1
1.5,128,[],[0.03195],[0],0,1
1.5,129,[],[0.03586],[0],0,1
1.5,130,[],[0.04568],[0],0,1
1.5,131,[],[0.02087],[0],0,1
1.5,132,[],[0.02399],[0],0,1
1.5,133,[0.00602],[],[],1,0
1.5,134,[0.00954],[],[],1,0
1.5,135,[0.00421],[],[],1,0
1.5,136,[],[0.03413],[0],0,1
1.5,137,[0.00738],[],[],1,0
1.5,138,[0.00317],[],[],1,0
1.5,139,[],[0.02401],[0],0,1
1.5,140,[],[],[],0,0
1.5,141,[],[0.02136],[0],0,1
1.5,142,[],[0.03798],[0],0,1
1.5,143,[],[0.03076],[0],0,1
1.5,144,[0.00552],[],[],1,0
1.5,145,[],[0.044],[0],0,1
1.5,146,[],[0.02519],[0],0,1
1.5,147,[],[0.02585],[0],0,1
1.5,148,[],[0.02969],[0],0,1
1.5,149,[],[0.04118],[0],0,1
1.5,150,[],[0.04621],[0],0,1
1.5,151,[],[0.0493],[0],0,1
1.5,152,[0.00143],[],[],1,0
1.5,153,[0.00783],[],[],1,0
1.5,154,[],[0.02464],[0],0,1
1.5,155,[0.00535],[],[],1,0
1.5,156,[],[0.06524],[0],0,1
1.5,157,[0.00131, 0.00522],[],[],2,0
1.5,158,[],[0.02726],[0],0,1
1.5,159,[],[0.04254],[0],0,1
1.5,160,[],[0.04066],[0],0,1
1.5,161,[],[0.02482],[0],0,1
1.5,162,[],[0.0352],[0],0,1
1.5,163,[],[0.05193],[0],0,1
1.5,164,[],[0.05057],[0],0,1
1.5,165,[],[0.02363],[0],0,1
1.5,166,[],[0.07096],[0],0,1
1.5,167,[0.00828],[],[],1,0
1.5,168,[0.00843],[],[],1,0
1.5,169,[],[0.02052],[0],0,1
1.5,170,[0.00153],[],[],1,0
1.5,171,[],[0.03129],[0],0,1
1.5,172,[],[0.02023],[0],0,1
1.5,173,[],[0.02503],[0],0,1
1.5,174,[],[0.04096],[0],0,1
1.5,175,[0.00541],[0.03853],[1],1,1
1.5,176,[],[0.0293],[0],0,1
1.5,177,[0.00272],[0.02972],[1],1,1
1.5,178,[0.00133],[],[],1,0
1.5,179,[],[0.02664],[0],0,1
1.5,180,[],[0.07533],[0],0,1
1.5,181,[0.00815],[],[],1,0
1.5,182,[],[0.08399],[0],0,1
1.5,183,[0.00849],[],[],1,0
1.5,184,[],[0.02561],[0],0,1
1.5,185,[],[0.02348],[0],0,1
1.5,186,[],[0.02436],[0],0,1
1.5,187,[],[0.02294],[0],0,1
1.5,188,[0.00429],[],[],1,0
1.5,189,[],[0.03793],[0],0,1
1.5,190,[],[0.02044],[0],0,1
1.5,191,[],[],[],0,0
1.5,192,[0.00821],[],[],1,0
1.5,193,[],[0.03467],[0],0,1
1.5,194,[],[0.0312],[0],0,1
1.5,195,[],[0.03876],[0],0,1
1.5,196,[0.00976],[],[],1,0
1.5,197,[0.00386],[0.04173],[1],1,1
1.5,198,[],[0.04778],[0],0,1
1.5,199,[0.00792],[],[],1,0

