1.5,0,[],[0.04863],[0],0,1
1.5,1,[],[0.04318],[0],0,1
1.5,2,[],[0.0443],[0],0,1
1.5,3,[],[0.02233],[0],0,1
1.5,4,[],[0.02793],[0],0,1
1.5,5,[0.00447],[],[],1,0
1.5,6,[0.0078],[],[],1,0
1.5,7,[],[0.04096],[0],0,1
1.5,8,[],[0.03632],[0],0,1
1.5,9,[],[0.03009],[0],0,1
1.5,10,[0.00507],[0.03434],[1],1,1
1.5,11,[0.00997],[],[],1,0
1.5,12,[],[0.03877],[0],0,1
1.5,13,[],[0.03399],[0],0,1
1.5,14,[0.00671],[],[],1,0
1.5,15,[],[0.04836],[0],0,1
1.5,16,[],[0.02522],[0],0,1
1.5,17,[],[0.04863],[0],0,1
1.5,18,[0.00682],[],[],1,0
1.5,19,[0.00509],[],[],1,0
1.5,20,[],[0.0261],[0],0,1
1.5,21,[],[0.03692],[0],0,1
1.5,22,[0.00282],[],[],1,0
1.5,23,[0.00156],[],[],1,0
1.5,24,[],[0.05951],[0],0,1
1.5,25,[0.00235],[],[],1,0
1.5,26,[],[0.02229],[0],0,1
1.5,27,[],[0.04707],[0],0,1
1.5,28,[0.00635],[],[],1,0
1.5,29,[],[0.03648],[0],0,1
1.5,30,[],[0.04658],[0],0,1
1.5,31,[],[0.02756],[0],0,1
1.5,32,[0.00232],[],[],1,0
1.5,33,[0.00606],[],[],1,0
1.5,34,[0.00324],[],[],1,0
1.5,35,[],[0.02199],[0],0,1
1.5,36,[],[0.04353],[0],0,1
1.5,37,[0.00993],[],[],1,0
1.5,38,[0.00599],[],[],1,0
1.5,39,[0.00154],[],[],1,0
1.5,40,[],[],[],0,0
1.5,41,[0.00916],[],[],1,0
1.5,42,[],[0.02761],[0],0,1
1.5,43,[0.0008, 0.00691],[],[],2,0
1.5,44,[],[0.02996],[0],0,1
1.5,45,[0.00151, 0.00078],[0.0229],[2],2,1
1.5,46,[],[0.03877],[0],0,1
1.5,47,[0.00695],[],[],1,0
1.5,48,[0.00268],[],[],1,0
1.5,49,[],[0.02851],[0],0,1
1.5,50,[],[0.04437],[0],0,1
1.5,51,[],[0.02985],[0],0,1
1.5,52,[],[0.03729],[0],0,1
1.5,53,[],[0.03401],[0],0,1
1.5,54,[],[0.02485],[0],0,1
1.5,55,[],[0.03145],[0],0,1
1.5,56,[0.00562],[],[],1,0
1.5,57,[],[0.04678],[0],0,1
1.5,58,[],[0.03344],[0],0,1
1.5,59,[],[0.07897],[0],0,1
1.5,60,[],[0.03459],[0],0,1
1.5,61,[0.0024],[],[],1,0
1.5,62,[0.00456],[0.05136],[1],1,1
1.5,63,[0.0042],[],[],1,0
1.5,64,[0.00654],[],[],1,0
1.5,65,[],[0.03444],[0],0,1
1.5,66,[],[0.0579],[0],0,1
1.5,67,[0.00544],[],[],1,0
1.5,68,[],[0.02049],[0],0,1
1.5,69,[],[0.02041],[0],0,1
1.5,70,[],[0.02971],[0],0,1
1.5,71,[],[0.02403],[0],0,1
1.5,72,[0.00381],[],[],1,0
1.5,73,[],[0.05296],[0],0,1
1.5,74,[0.00288],[],[],1,0
1.5,75,[],[0.02796],[0],0,1
1.5,76,[],[0.0549],[0],0,1
1.5,77,[],[0.03972],[0],0,1
1.5,78,[0.00316],[],[],1,0
1.5,79,[],[0.03747],[0],0,1
1.5,80,[],[0.02192],[0],0,1
1.5,81,[0.00678],[0.04348],[1],1,1
1.5,82,[],[0.03136],[0],0,1
1.5,83,[0.00322],[],[],1,0
1.5,84,[],[0.06493],[0],0,1
1.5,85,[],[0.02656],[0],0,1
1.5,86,[],[0.03223],[0],0,1
1.5,87,[0.0057],[],[],1,0
1.5,88,[],[0.0664],[0],0,1
1.5,89,[],[0.02372],[0],0,1
1.5,90,[],[0.06172],[0],0,1
1.5,91,[],[0.03729],[0],0,1
1.5,92,[],[0.03673],[0],0,1
1.5,93,[],[0.02399],[0],0,1
1.5,94,[],[0.03138],[0],0,1
1.5,95,[],[0.03218],[0],0,1
1.5,96,[],[0.06452],[0],0,1
1.5,97,[0.00747],[],[],1,0
1.5,98,[],[0.03608],[0],0,1
1.5,99,[],[0.05389],[0],0,1
1.5,100,[],[0.08108],[0],0,1
1.5,101,[],[0.0383],[0],0,1
1.5,102,[],[0.02199],[0],0,1
1.5,103,[0.00267],[0.04115],[1],1,1
1.5,104,[0.00683],[],[],1,0
1.5,105,[],[0.04692],[0],0,1
1.5,106,[],[0.03245],[0],0,1
1.5,107,[],[0.03819],[0],0,1
1.5,108,[],[0.02385],[0],0,1
1.5,109,[0.00675],[],[],1,0
1.5,110,[0.00171],[0.03565],[1],1,1
1.5,111,[],[0.02799],[0],0,1
1.5,112,[0.00795],[],[],1,0
1.5,113,[0.00715],[],[],1,0
1.5,114,[],[0.02304],[0],0,1
1.5,115,[0.00727],[],[],1,0
1.5,116,[],[0.049],[0],0,1
1.5,117,[],[0.02015],[0],0,1
1.5,118,[],[0.03741],[0],0,1
1.5,119,[],[0.03205],[0],0,1
1.5,120,[0.00123],[0.03109],[1],1,1
1.5,121,[],[0.03822],[0],0,1
1.5,122,[],[0.0427],[0],0,1
1.5,123,[0.00579],[],[],1,0
1.5,124,[0.00372],[],[],1,0
1.5,125,[0.00865],[],[],1,0
1.5,126,[],[0.02932],[0],0,1
1.5,127,[],[0.02206],[0],0,1
1.5,128,[0.00264],[0.03757],[1],1,1
1.5,129,[0.00798],[],[],1,0
1.5,130,[0.00578],[],[],1,0
1.5,131,[],[0.04901],[0],0,1
1.5,132,[],[0.02183],[0],0,1
1.5,133,[],[0.03038],[0],0,1
1.5,134,[],[0.02459],[0],0,1
1.5,135,[0.00266],[],[],1,0
1.5,136,[],[0.02167],[0],0,1
1.5,137,[],[0.04282],[0],0,1
1.5,138,[],[0.03744],[0],0,1
1.5,139,[],[0.02469],[0],0,1
1.5,140,[],[0.02574],[0],0,1
1.5,141,[],[0.04741],[0],0,1
1.5,142,[],[0.04224],[0],0,1
1.5,143,[],[0.02951],[0],0,1
1.5,144,[],[0.02695],[0],0,1
1.5,145,[],[0.03445],[0],0,1
1.5,146,[],[0.02558],[0],0,1
1.5,147,[0.00372],[],[],1,0
1.5,148,[],[0.02403],[0],0,1
1.5,149,[0.00788],[],[],1,0
1.5,150,[],[0.03446],[0],0,1
1.5,151,[0.00991],[],[],1,0
1.5,152,[0.00831],[],[],1,0
1.5,153,[],[0.02376],[0],0,1
1.5,154,[0.00456],[],[],1,0
1.5,155,[],[0.04303],[0],0,1
1.5,156,[],[0.0381],[0],0,1
1.5,157,[],[0.06625],[0],0,1
1.5,158,[],[0.03501],[0],0,1
1.5,159,[],[],[],0,0
1.5,160,[],[0.03494],[0],0,1
1.5,161,[0.00946],[],[],1,0
1.5,162,[],[0.03021],[0],0,1
1.5,163,[0.00517],[0.06656],[1],1,1
1.5,164,[],[0.03168],[0],0,1
1.5,165,[],[0.02536],[0],0,1
1.5,166,[0.00035],[0.02446],[1],1,1
1.5,167,[],[0.02387],[0],0,1
1.5,168,[0.00624],[],[],1,0
1.5,169,[0.00663],[],[],1,0
1.5,170,[],[0.02484],[0],0,1
1.5,171,[],[0.03568],[0],0,1
1.5,172,[],[0.03476],[0],0,1
1.5,173,[],[0.03174],[0],0,1
1.5,174,[],[0.03064],[0],0,1
1.5,175,[0.00885],[],[],1,0
1.5,176,[],[0.02437],[0],0,1
1.5,177,[],[0.03122],[0],0,1
1.5,178,[],[0.04111],[0],0,1
1.5,179,[0.00394],[],[],1,0
1.5,180,[0.00561],[],[],1,0
1.5,181,[],[0.0399],[0],0,1
1.5,182,[0.00848],[],[],1,0
1.5,183,[0.00229],[],[],1,0
1.5,184,[],[0.02195],[0],0,1
1.5,185,[],[0.03446],[0],0,1
1.5,186,[],[0.02133],[0],0,1
1.5,187,[0.00501],[],[],1,0
1.5,188,[],[0.06095],[0],0,1
1.5,189,[],[0.02802],[0],0,1
1.5,190,[0.00745],[],[],1,0
1.5,191,[0.00515],[],[],1,0
1.5,192,[0.00316],[],[],1,0
1.5,193,[0.00955],[],[],1,0
1.5,194,[],[0.03993],[0],0,1
1.5,195,[],[0.02099],[0],0,1
1.5,196,[],[0.07097],[0],0,1
1.5,197,[],[0.02397],[0],0,1
1.5,198,[],[0.04114],[0],0,1
1.5,199,[0.00718],[],[],1,0

