1.5,0,[],[0.03056],[0],0,1
1.5,1,[],[0.03967],[0],0,1
1.5,2,[],[],[],0,0
1.5,3,[0.00778],[],[],1,0
1.5,4,[0.00922],[],[],1,0
1.5,5,[],[0.02112],[0],0,1
1.5,6,[],[0.02803],[0],0,1
1.5,7,[],[0.02993],[0],0,1
1.5,8,[0.00832],[],[],1,0
1.5,9,[],[0.02808],[0],0,1
1.5,10,[],[0.04238],[0],0,1
1.5,11,[0.00369],[],[],1,0
1.5,12,[],[0.02231],[0],0,1
1.5,13,[],[0.02991],[0],0,1
1.5,14,[],[0.0404],[0],0,1
1.5,15,[0.00438],[],[],1,0
1.5,16,[],[0.06359],[0],0,1
1.5,17,[],[0.02653],[0],0,1
1.5,18,[0.00475],[],[],1,0
1.5,19,[0.00397],[],[],1,0
1.5,20,[],[0.02864],[0],0,1
1.5,21,[0.00799],[],[],1,0
1.5,22,[0.00302],[],[],1,0
1.5,23,[0.00643],[],[],1,0
1.5,24,[],[0.02339],[0],0,1
1.5,25,[],[0.04683],[0],0,1
1.5,26,[],[0.04951],[0],0,1
1.5,27,[],[0.05309],[0],0,1
1.5,28,[],[0.02617],[0],0,1
1.5,29,[],[0.054],[0],0,1
1.5,30,[0.00551],[],[],1,0
1.5,31,[],[0.03632],[0],0,1
1.5,32,[0.00062],[0.05074],[1],1,1
1.5,33,[],[0.0412],[0],0,1
1.5,34,[],[0.03528],[0],0,1
1.5,35,[],[0.03078],[0],0,1
1.5,36,[0.00955],[],[],1,0
1.5,37,[0.0055],[0.02133],[1],1,1
1.5,38,[0.00169],[0.0246],[1],1,1
1.5,39,[],[0.03693],[0],0,1
1.5,40,[],[0.02389],[0],0,1
1.5,41,[0.00792],[],[],1,0
1.5,42,[],[0.06711],[0],0,1
1.5,43,[0.00716],[],[],1,0
1.5,44,[],[0.04092],[0],0,1
1.5,45,[0.00144],[0.0233],[1],1,1
1.5,46,[],[0.03255],[0],0,1
1.5,47,[0.00954],[],[],1,0
1.5,48,[],[0.03421],[0],0,1
1.5,49,[],[0.03811],[0],0,1
1.5,50,[],[0.0518],[0],0,1
1.5,51,[],[0.03218],[0],0,1
1.5,52,[],[0.03944],[0],0,1
1.5,53,[0.00639],[],[],1,0
1.5,54,[0.00594],[],[],1,0
1.5,55,[],[0.03624],[0],0,1
1.5,56,[],[0.02948],[0],0,1
1.5,57,[],[0.0302],[0],0,1
1.5,58,[],[0.02379],[0],0,1
1.5,59,[0.00329],[],[],1,0
1.5,60,[],[0.04434],[0],0,1
1.5,61,[],[0.02935],[0],0,1
1.5,62,[],[0.0472],[0],0,1
1.5,63,[],[0.02083],[0],0,1
1.5,64,[],[0.03233],[0],0,1
1.5,65,[0.00282],[],[],1,0
1.5,66,[0.00976],[],[],1,0
1.5,67,[],[0.02165],[0],0,1
1.5,68,[0.00065],[0.02288],[1],1,1
1.5,69,[],[0.02485],[0],0,1
1.5,70,[0.00476],[],[],1,0
1.5,71,[],[0.02267],[0],0,1
1.5,72,[],[0.04138],[0],0,1
1.5,73,[],[0.02986],[0],0,1
1.5,74,[],[0.02215],[0],0,1
1.5,75,[0.00211],[],[],1,0
1.5,76,[],[0.03609],[0],0,1
1.5,77,[],[0.03155],[0],0,1
1.5,78,[],[0.04317],[0],0,1
1.5,79,[],[0.04571],[0],0,1
1.5,80,[],[0.04419],[0],0,1
1.5,81,[],[0.02866],[0],0,1
1.5,82,[],[0.03392],[0],0,1
1.5,83,[],[0.02808],[0],0,1
1.5,84,[],[0.07913],[0],0,1
1.5,85,[0.00678],[],[],1,0
1.5,86,[],[0.04273],[0],0,1
1.5,87,[0.00871],[],[],1,0
1.5,88,[],[0.02078],[0],0,1
1.5,89,[],[0.02153],[0],0,1
1.5,90,[],[0.02354],[0],0,1
1.5,91,[],[],[],0,0
1.5,92,[],[0.03114],[0],0,1
1.5,93,[],[0.02684],[0],0,1
1.5,94,[0.00296],[],[],1,0
1.5,95,[],[0.06018],[0],0,1
1.5,96,[],[0.03329],[0],0,1
1.5,97,[],[0.02606],[0],0,1
1.5,98,[],[0.02167],[0],0,1
1.5,99,[],[0.04439],[0],0,1
1.5,100,[],[0.06601],[0],0,1
1.5,101,[],[0.02328],[0],0,1
1.5,102,[],[0.02388],[0],0,1
1.5,103,[],[0.03198],[0],0,1
1.5,104,[0.00622],[],[],1,0
1.5,105,[],[0.03188],[0],0,1
1.5,106,[],[0.04534],[0],0,1
1.5,107,[],[0.03029],[0],0,1
1.5,108,[0.00499],[],[],1,0
1.5,109,[],[0.02504],[0],0,1
1.5,110,[],[0.02874],[0],0,1
1.5,111,[],[0.06473],[0],0,1
1.5,112,[],[0.03002],[0],0,1
1.5,113,[],[0.02196],[0],0,1
1.5,114,[],[0.02699],[0],0,1
1.5,115,[0.00089],[0.05051],[1],1,1
1.5,116,[],[0.04273],[0],0,1
1.5,117,[],[0.02153],[0],0,1
1.5,118,[],[0.02108],[0],0,1
1.5,119,[0.00869],[],[],1,0
1.5,120,[0.00884],[],[],1,0
1.5,121,[0.00072],[0.05748],[1],1,1
1.5,122,[],[0.02562],[0],0,1
1.5,123,[],[0.02835],[0],0,1
1.5,124,[],[0.03077],[0],0,1
1.5,125,[],[0.04284],[0],0,1
1.5,126,[0.00468],[],[],1,0
1.5,127,[],[0.03425],[0],0,1
1.5,128,[],[0.04109],[0],0,1
1.5,129,[],[0.03927],[0],0,1
1.5,130,[],[0.02119],[0],0,1
1.5,131,[0.00497],[0.04697],[1],1,1
1.5,132,[0.00578],[],[],1,0
1.5,133,[],[0.02497],[0],0,1
1.5,134,[],[0.03781],[0],0,1
1.5,135,[],[0.0349],[0],0,1
1.5,136,[],[0.03615],[0],0,1
1.5,137,[],[0.02212],[0],0,1
1.5,138,[],[0.02554],[0],0,1
1.5,139,[],[0.03891],[0],0,1
1.5,140,[],[0.04114],[0],0,1
1.5,141,[0.00657],[],[],1,0
1.5,142,[],[0.03563],[0],0,1
1.5,143,[],[0.02911],[0],0,1
1.5,144,[],[0.02889],[0],0,1
1.5,145,[0.00483],[],[],1,0
1.5,146,[],[0.03502],[0],0,1
1.5,147,[0.00386],[],[],1,0
1.5,148,[],[0.02297],[0],0,1
1.5,149,[],[0.03406],[0],0,1
1.5,150,[],[0.04051],[0],0,1
1.5,151,[0.00366],[],[],1,0
1.5,152,[],[],[],0,0
1.5,153,[0.00956],[],[],1,0
1.5,154,[],[0.02136],[0],0,1
1.5,155,[],[0.05154],[0],0,1
1.5,156,[0.00469],[],[],1,0
1.5,157,[],[0.04017],[0],0,1
1.5,158,[0.00954],[],[],1,0
1.5,159,[0.00259],[0.02886],[1],1,1
1.5,160,[],[0.04569],[0],0,1
1.5,161,[0.00853],[],[],1,0
1.5,162,[0.00111],[0.03616],[1],1,1
1.5,163,[],[0.02539],[0],0,1
1.5,164,[],[0.02274],[0],0,1
1.5,165,[],[0.0387],[0],0,1
1.5,166,[],[0.03701],[0],0,1
1.5,167,[0.00681],[],[],1,0
1.5,168,[],[0.02196],[0],0,1
1.5,169,[],[0.02233],[0],0,1
1.5,170,[],[0.03654],[0],0,1
1.5,171,[],[0.04233],[0],0,1
1.5,172,[0.00332],[0.03807],[1],1,1
1.5,173,[],[0.03213],[0],0,1
1.5,174,[],[0.02032],[0],0,1
1.5,175,[],[0.02824],[0],0,1
1.5,176,[],[0.0482],[0],0,1
1.5,177,[],[0.0374],[0],0,1
1.5,178,[],[0.05745],[0],0,1
1.5,179,[],[],[],0,0
1.5,180,[],[0.02265],[0],0,1
1.5,181,[],[0.05248],[0],0,1
1.5,182,[],[0.03098],[0],0,1
1.5,183,[0.00104],[0.02572],[1],1,1
1.5,184,[],[0.04269],[0],0,1
1.5,185,[0.00768],[],[],1,0
1.5,186,[],[0.05756],[0],0,1
1.5,187,[0.00755],[],[],1,0
1.5,188,[],[0.02162],[0],0,1
1.5,189,[],[0.04547],[0],0,1
1.5,190,[],[0.02573],[0],0,1
1.5,191,[],[0.0221],[0],0,1
1.5,192,[],[0.03912],[0],0,1
1.5,193,[],[0.02291],[0],0,1
1.5,194,[],[0.02291],[0],0,1
1.5,195,[],[0.05875],[0],0,1
1.5,196,[],[0.02285],[0],0,1
1.5,197,[],[0.02782],[0],0,1
1.5,198,[],[0.03925],[0],0,1
1.5,199,[],[0.053],[0],0,1

