1.5,0,[0.00026],[0.02967],[1],1,1
1.5,1,[],[0.02443],[0],0,1
1.5,2,[],[0.04501],[0],0,1
1.5,3,[],[0.05122],[0],0,1
1.5,4,[0.00551],[],[],1,0
1.5,5,[],[0.03939],[0],0,1
1.5,6,[0.00555],[],[],1,0
1.5,7,[],[0.02255],[0],0,1
1.5,8,[],[0.02026],[0],0,1
1.5,9,[],[0.03365],[0],0,1
1.5,10,[],[0.0404],[0],0,1
1.5,11,[],[0.03737],[0],0,1
1.5,12,[0.0012],[0.02568],[1],1,1
1.5,13,[],[0.05342],[0],0,1
1.5,14,[],[0.0202],[0],0,1
1.5,15,[],[0.0238],[0],0,1
1.5,16,[],[0.02739],[0],0,1
1.5,17,[0.00704],[],[],1,0
1.5,18,[],[0.04559],[0],0,1
1.5,19,[],[0.02968],[0],0,1
1.5,20,[],[0.03222],[0],0,1
1.5,21,[],[0.03998],[0],0,1
1.5,22,[],[0.04531],[0],0,1
1.5,23,[0.0078],[],[],1,0
1.5,24,[],[0.05838],[0],0,1
1.5,25,[],[0.04267],[0],0,1
1.5,26,[],[0.03083],[0],0,1
1.5,27,[0.00855],[],[],1,0
1.5,28,[0.00685],[],[],1,0
1.5,29,[0.00957],[],[],1,0
1.5,30,[0.00477],[],[],1,0
1.5,31,[],[0.03306],[0],0,1
1.5,32,[0.00613],[],[],1,0
1.5,33,[],[0.0379],[0],0,1
1.5,34,[],[0.04297],[0],0,1
1.5,35,[0.00725],[],[],1,0
1.5,36,[],[0.03139],[0],0,1
1.5,37,[],[0.0325],[0],0,1
1.5,38,[],[0.02577],[0],0,1
1.5,39,[0.00378, 0.00557],[],[],2,0
1.5,40,[],[0.04151],[0],0,1
1.5,41,[0.00692],[],[],1,0
1.5,42,[0.00061, 0.00682],[],[],2,0
1.5,43,[],[0.02224],[0],0,1
1.5,44,[],[0.02677],[0],0,1
1.5,45,[0.00939],[],[],1,0
1.5,46,[],[0.04168],[0],0,1
1.5,47,[],[0.0497],[0],0,1
1.5,48,[],[],[],0,0
1.5,49,[],[0.04252],[0],0,1
1.5,50,[0.00152],[],[],1,0
1.5,51,[0.00253],[0.02641],[1],1,1
1.5,52,[0.00984],[],[],1,0
1.5,53,[],[0.02971],[0],0,1
1.5,54,[],[0.04239],[0],0,1
1.5,55,[],[0.02361],[0],0,1
1.5,56,[0.00835],[],[],1,0
1.5,57,[0.00669],[],[],1,0
1.5,58,[0.00099],[0.02146],[1],1,1
1.5,59,[],[0.0216],[0],0,1
1.5,60,[0.00408],[0.03642],[1],1,1
1.5,61,[],[],[],0,0
1.5,62,[],[0.02239],[0],0,1
1.5,63,[],[0.04196],[0],0,1
1.5,64,[],[0.02195],[0],0,1
1.5,65,[],[0.02109],[0],0,1
1.5,66,[],[0.04202],[0],0,1
1.5,67,[],[0.02009],[0],0,1
1.5,68,[],[0.02366],[0],0,1
1.5,69,[0.0013],[0.04191],[1],1,1
1.5,70,[0.00087, 0.00634],[],[],2,0
1.5,71,[],[0.02217],[0],0,1
1.5,72,[],[0.03045],[0],0,1
1.5,73,[0.00973],[],[],1,0
1.5,74,[0.00213],[0.02555],[1],1,1
1.5,75,[0.00406],[],[],1,0
1.5,76,[],[0.04007],[0],0,1
1.5,77,[],[0.02703],[0],0,1
1.5,78,[0.00439],[],[],1,0
1.5,79,[0.00723],[],[],1,0
1.5,80,[],[0.02468],[0],0,1
1.5,81,[],[],[],0,0
1.5,82,[0.00589],[],[],1,0
1.5,83,[],[0.04932],[0],0,1
1.5,84,[],[0.0258],[0],0,1
1.5,85,[],[0.03163],[0],0,1
1.5,86,[],[0.06837],[0],0,1
1.5,87,[],[0.0217],[0],0,1
1.5,88,[0.00171],[0.04052],[1],1,1
1.5,89,[],[0.02695],[0],0,1
1.5,90,[0.00334],[0.03496],[1],1,1
1.5,91,[0.00438],[],[],1,0
1.5,92,[],[0.04043],[0],0,1
1.5,93,[0.00296],[],[],1,0
1.5,94,[0.00902],[],[],1,0
1.5,95,[],[0.06136],[0],0,1
1.5,96,[],[0.03569],[0],0,1
1.5,97,[],[0.02278],[0],0,1
1.5,98,[],[0.0458],[0],0,1
1.5,99,[],[0.03952],[0],0,1
1.5,100,[],[0.0336],[0],0,1
1.5,101,[],[0.03637],[0],0,1
1.5,102,[0.00426],[],[],1,0
1.5,103,[],[0.03045],[0],0,1
1.5,104,[0.00081],[0.03728],[1],1,1
1.5,105,[],[0.02915],[0],0,1
1.5,106,[0.00491],[],[],1,0
1.5,107,[0.00821],[],[],1,0
1.5,108,[],[0.0214],[0],0,1
1.5,109,[0.00856],[],[],1,0
1.5,110,[],[0.02127],[0],0,1
1.5,111,[0.00783],[],[],1,0
1.5,112,[],[0.02436],[0],0,1
1.5,113,[],[0.05314],[0],0,1
1.5,114,[],[0.03859],[0],0,1
1.5,115,[],[0.02138],[0],0,1
1.5,116,[],[0.02867],[0],0,1
1.5,117,[],[0.028],[0],0,1
1.5,118,[0.00156],[],[],1,0
1.5,119,[],[0.04887],[0],0,1
1.5,120,[],[0.03229],[0],0,1
1.5,121,[],[0.03305],[0],0,1
1.5,122,[],[0.02874],[0],0,1
1.5,123,[],[0.02514],[0],0,1
1.5,124,[0.00486],[],[],1,0
1.5,125,[],[0.02457],[0],0,1
1.5,126,[0.00458],[],[],1,0
1.5,127,[],[0.06746],[0],0,1
1.5,128,[],[0.02209],[0],0,1
1.5,129,[],[0.03283],[0],0,1
1.5,130,[0.00844],[],[],1,0
1.5,131,[],[0.04395],[0],0,1
1.5,132,[],[0.03516],[0],0,1
1.5,133,[],[0.03192],[0],0,1
1.5,134,[],[0.03315],[0],0,1
1.5,135,[],[],[],0,0
1.5,136,[0.00514],[0.03951],[1],1,1
1.5,137,[],[0.02775],[0],0,1
1.5,138,[],[0.02872],[0],0,1
1.5,139,[0.00273],[],[],1,0
1.5,140,[0.00203],[],[],1,0
1.5,141,[],[0.05292],[0],0,1
1.5,142,[0.00353],[],[],1,0
1.5,143,[],[0.04685],[0],0,1
1.5,144,[],[0.04392],[0],0,1
1.5,145,[],[0.02224],[0],0,1
1.5,146,[0.00487],[],[],1,0
1.5,147,[],[0.03229],[0],0,1
1.5,148,[],[0.03249],[0],0,1
1.5,149,[0.00972],[],[],1,0
1.5,150,[],[0.02037],[0],0,1
1.5,151,[],[0.06089],[0],0,1
1.5,152,[],[0.02115],[0],0,1
1.5,153,[],[0.02906],[0],0,1
1.5,154,[],[0.03419],[0],0,1
1.5,155,[0.00725],[],[],1,0
1.5,156,[0.00585],[],[],1,0
1.5,157,[],[0.05624],[0],0,1
1.5,158,[],[0.06335],[0],0,1
1.5,159,[],[0.03321],[0],0,1
1.5,160,[],[0.02432],[0],0,1
1.5,161,[],[0.025],[0],0,1
1.5,162,[],[0.03229],[0],0,1
1.5,163,[],[0.02598],[0],0,1
1.5,164,[],[0.02753],[0],0,1
1.5,165,[0.00785],[],[],1,0
1.5,166,[],[0.03393],[0],0,1
1.5,167,[],[0.03929],[0],0,1
1.5,168,[],[0.02536],[0],0,1
1.5,169,[],[0.03208],[0],0,1
1.5,170,[],[0.02071],[0],0,1
1.5,171,[0.00609],[],[],1,0
1.5,172,[0.00848],[],[],1,0
1.5,173,[],[0.04312],[0],0,1
1.5,174,[],[0.02867],[0],0,1
1.5,175,[],[0.07243],[0],0,1
1.5,176,[0.00755],[],[],1,0
1.5,177,[],[0.03565],[0],0,1
1.5,178,[0.00957],[],[],1,0
1.5,179,[],[0.03986],[0],0,1
1.5,180,[],[0.07019],[0],0,1
1.5,181,[],[0.03462],[0],0,1
1.5,182,[0.00825],[],[],1,0
1.5,183,[0.00931],[],[],1,0
1.5,184,[0.00943],[],[],1,0
1.5,185,[0.00791],[],[],1,0
1.5,186,[],[0.05307],[0],0,1
1.5,187,[0.00551],[],[],1,0
1.5,188,[],[0.03002],[0],0,1
1.5,189,[0.00853],[],[],1,0
1.5,190,[],[0.03152],[0],0,1
1.5,191,[],[0.06848],[0],0,1
1.5,192,[],[0.02117],[0],0,1
1.5,193,[],[0.03512],[0],0,1
1.5,194,[0.00248, 0.00763],[],[],2,0
1.5,195,[],[0.02759],[0],0,1
1.5,196,[],[0.02587],[0],0,1
1.5,197,[0.0035],[],[],1,0
1.5,198,[],[0.02452],[0],0,1
1.5,199,[],[0.02401],[0],0,1

