3.5,0,"[0.00214, 0.00253, 0.0059, 0.00456, 0.00462, 0.03024, 0.04413, 0.00555, 0.0227, 0.05906, 0.01194, 0.05017, 0.00684, 0.00721, 0.02167, 0.00726, 0.04795, 0.08906, 0.01637, 0.00823, 0.11723, 0.00838, 0.11857, 0.00853, 0.00877, 0.01768, 0.01778, 0.00891, 0.0091, 0.01838, 0.00925, 0.03756, 0.05811, 0.00997, 0.04994, 0.01026, 0.14628, 0.03222, 0.05394, 0.01094, 0.01114, 0.04663, 0.02335, 0.02362, 0.01188, 0.03618, 0.03718, 0.0124, 0.0124, 0.04979, 0.01261, 0.01276]","[]","[]",52,0
3.5,1,"[0.00198, 0.01509, 0.01979, 0.00261, 0.04729, 0.00325, 0.00374, 0.02025, 0.00429, 0.01467, 0.00513, 0.02753, 0.10946, 0.00633, 0.00685, 0.00685, 0.08499, 0.00777, 0.00796, 0.01604, 0.00839, 0.01788, 0.00927, 0.03737, 0.00949, 0.00981, 0.06901, 0.0297, 0.02987, 0.06053, 0.14438, 0.01055, 0.01063, 0.129, 0.01082, 0.01102, 0.21749, 0.01205, 0.01218, 0.09779, 0.01258, 0.02524, 0.01268, 0.01277, 0.0128, 0.20585, 0.03867, 0.0129, 0.01303, 0.20906, 0.02657, 0.02673, 0.01341, 0.01346, 0.02706, 0.01358, 0.01361, 0.04094, 0.02754, 0.05529, 0.09707, 0.02776, 0.11416]","[]","[]",63,0
3.5,2,"[0.01203, 0.00642, 0.04131, 0.00469, 0.0094, 0.03604, 0.00594, 0.00701, 0.00711, 0.01451, 0.13928, 0.00801, 0.00803, 0.08091, 0.00817, 0.0082, 0.0082, 0.00833, 0.02617, 0.01781, 0.00891, 0.00899, 0.00907, 0.00918, 0.01863, 0.18118, 0.0488, 0.05875, 0.01987, 0.00995, 0.04187, 0.08432, 0.01073, 0.17388, 0.01097, 0.01112, 0.03367, 0.15719, 0.01128, 0.0113, 0.03443, 0.02298, 0.16443, 0.03581, 0.02472, 0.01242, 0.1669, 0.05217, 0.0401, 0.05353, 0.04016, 0.04025, 0.02687, 0.14981, 0.09535, 0.0137, 0.02764]","[]","[]",57,0
3.5,3,"[0.02819, 0.00326, 0.07696, 0.02637, 0.05481, 0.00558, 0.01166, 0.01284, 0.03238, 0.00666, 0.00697, 0.00743, 0.02983, 0.01494, 0.04648, 0.16432, 0.00788, 0.08673, 0.00792, 0.05895, 0.01711, 0.18951, 0.0089, 0.1934, 0.00991, 0.05007, 0.01054, 0.01061, 0.01064, 0.01109, 0.05561, 0.05606, 0.03405, 0.03418, 0.03431, 0.0115, 0.01158, 0.01185, 0.01213, 0.01252, 0.10185, 0.01282, 0.01299, 0.09146, 0.01319, 0.01363, 0.01364, 0.0143, 0.01432, 0.02904, 0.02906, 0.02953, 0.01478, 0.03035, 0.01542, 0.01568, 0.01587, 0.016, 0.08009, 0.03214, 0.01613]","[]","[]",61,0
3.5,4,"[0.00701, 0.04116, 0.00336, 0.0174, 0.00606, 0.01861, 0.01949, 0.11939, 0.00714, 0.00731, 0.00753, 0.02294, 0.14867, 0.05714, 0.0083, 0.00834, 0.03467, 0.00875, 0.0093, 0.00943, 0.00961, 0.01941, 0.01994, 0.01001, 0.19343, 0.01024, 0.0103, 0.01043, 0.03231, 0.03467, 0.01189, 0.01196, 0.03639, 0.02432, 0.02457, 0.03721, 0.01266, 0.03805, 0.013, 0.01304, 0.06558, 0.07967, 0.14672, 0.04095, 0.04122, 0.06946, 0.01406, 0.08485, 0.02867, 0.01435, 0.01443, 0.04348]","[]","[]",52,0
3.5,5,"[0.00184, 0.00191, 0.00274, 0.00289, 0.00597, 0.00313, 0.06527, 0.00453, 0.00503, 0.0058, 0.00588, 0.00608, 0.04357, 0.1194, 0.01994, 0.00684, 0.02091, 0.12689, 0.10108, 0.01538, 0.0079, 0.0904, 0.01705, 0.0086, 0.08862, 0.10687, 0.01809, 0.05604, 0.00936, 0.01877, 0.02873, 0.02883, 0.02943, 0.00984, 0.00992, 0.00999, 0.01024, 0.02179, 0.01106, 0.01117, 0.01123, 0.04509, 0.0941, 0.03529, 0.03544, 0.02371, 0.02395, 0.08621, 0.03785, 0.01264, 0.0253, 0.02564, 0.01282, 0.02579, 0.03904, 0.01321, 0.0397, 0.02675, 0.04043, 0.01355, 0.01391, 0.01411, 0.02844, 0.19984, 0.04321, 0.01505]","[]","[]",66,0
3.5,6,"[0.00215, 0.00512, 0.01086, 0.00993, 0.00545, 0.10437, 0.02267, 0.09987, 0.03656, 0.00622, 0.00626, 0.01281, 0.0395, 0.03415, 0.00686, 0.04171, 0.00701, 0.00701, 0.00726, 0.0075, 0.00769, 0.0556, 0.00818, 0.0536, 0.00899, 0.06359, 0.00923, 0.01848, 0.00982, 0.00997, 0.02013, 0.01059, 0.02119, 0.08651, 0.0217, 0.01096, 0.01105, 0.15482, 0.01111, 0.01113, 0.01129, 0.01131, 0.03525, 0.03557, 0.02472, 0.10067, 0.03811, 0.08992, 0.0775, 0.27139, 0.01293, 0.02594, 0.02594, 0.01313, 0.02692, 0.01355, 0.29822, 0.06781, 0.02731, 0.02797, 0.14023, 0.04207, 0.05643]","[]","[]",63,0
3.5,7,"[0.00028, 0.0042, 0.00924, 0.00453, 0.05505, 0.02244, 0.01412, 0.04323, 0.01465, 0.00739, 0.02269, 0.01534, 0.00772, 0.14014, 0.00836, 0.00842, 0.05065, 0.00904, 0.00937, 0.0096, 0.00974, 0.02963, 0.04012, 0.01008, 0.01015, 0.01024, 0.06282, 0.06323, 0.10604, 0.03384, 0.02337, 0.03548, 0.02382, 0.02389, 0.18111, 0.01208, 0.0972, 0.02444, 0.02499, 0.02511, 0.17934, 0.01286, 0.03863, 0.0132, 0.03978, 0.2539, 0.01341, 0.0272, 0.0954, 0.0137, 0.167, 0.05603, 0.01423, 0.01438, 0.02886]","[]","[]",55,0
3.5,8,"[0.00095, 0.00251, 0.00259, 0.00728, 0.00374, 0.0046, 0.00463, 0.01622, 0.02293, 0.01359, 0.0068, 0.00682, 0.0072, 0.00728, 0.00769, 0.04634, 0.07759, 0.10184, 0.00804, 0.07243, 0.0082, 0.09908, 0.02536, 0.00853, 0.01742, 0.01812, 0.15831, 0.01884, 0.00949, 0.0097, 0.12728, 0.18681, 0.20661, 0.01031, 0.08573, 0.02191, 0.01105, 0.01151, 0.01194, 0.01206, 0.02437, 0.08805, 0.01279, 0.01285, 0.02668, 0.02669, 0.01338, 0.01359, 0.06957, 0.01403, 0.07062, 0.04275, 0.04316, 0.14514, 0.01497, 0.01512, 0.01534, 0.01536, 0.01547, 0.01556, 0.01565, 0.0158, 0.04757, 0.04829, 0.35425, 0.01616, 0.01661, 0.01664, 0.01665, 0.03341, 0.25276, 0.01699, 0.01701, 0.01704, 0.23945, 0.01713, 0.25711, 0.01719, 0.03444, 0.03489, 0.34944, 0.03543, 0.07128]","[]","[]",83,0
3.5,9,"[0.00249, 0.02264, 0.00244, 0.01079, 0.00587, 0.00377, 0.00381, 0.01532, 0.01334, 0.02158, 0.00727, 0.00766, 0.00781, 0.00782, 0.07924, 0.00801, 0.00807, 0.00901, 0.00929, 0.00995, 0.01059, 0.02121, 0.03254, 0.01106, 0.01136, 0.01152, 0.01173, 0.01212, 0.02433, 0.04903, 0.18479, 0.01259, 0.03799, 0.0382, 0.05104, 0.03831, 0.013, 0.02631, 0.01315, 0.01317, 0.06755, 0.01359, 0.0136, 0.02722, 0.01367, 0.0137, 0.04171, 0.26484, 0.01404, 0.0141, 0.02839, 0.02846, 0.04289, 0.01438, 0.02896, 0.02924, 0.02958, 0.01499, 0.01518, 0.01522, 0.01524, 0.01542]","[]","[]",62,0
3.5,10,"[0.00116, 0.00144, 0.00372, 0.00382, 0.00414, 0.08492, 0.00983, 0.00535, 0.00559, 0.07958, 0.03458, 0.01768, 0.11621, 0.00613, 0.11339, 0.01327, 0.00675, 0.01374, 0.00688, 0.00712, 0.00783, 0.00784, 0.00814, 0.09085, 0.0166, 0.08537, 0.00863, 0.06407, 0.02784, 0.06566, 0.00939, 0.0096, 0.01923, 0.00997, 0.02021, 0.02055, 0.03115, 0.01045, 0.12614, 0.01073, 0.0109, 0.01094, 0.01111, 0.01117, 0.02235, 0.09082, 0.02304, 0.01158, 0.01161, 0.02395, 0.02406, 0.01208, 0.03649, 0.04938, 0.03752, 0.01255, 0.01276, 0.01287, 0.03964, 0.01352, 0.01375, 0.0138, 0.01414, 0.02854, 0.0286, 0.01434, 0.01435, 0.01473, 0.01478, 0.01491, 0.02983, 0.01496, 0.01497]","[]","[]",73,0
3.5,11,"[0.00615, 0.0424, 0.05035, 0.0051, 0.00523, 0.00582, 0.00599, 0.02494, 0.00644, 0.0067, 0.01404, 0.00709, 0.00732, 0.01477, 0.00743, 0.01544, 0.06324, 0.01606, 0.00838, 0.0084, 0.01689, 0.00861, 0.02736, 0.00923, 0.00934, 0.05658, 0.01891, 0.05792, 0.03864, 0.01017, 0.01019, 0.0204, 0.01023, 0.01034, 0.02099, 0.0429, 0.01078, 0.15382, 0.07696, 0.0441, 0.01103, 0.15913, 0.01145, 0.02301, 0.09433, 0.01181, 0.01188, 0.01199, 0.07251, 0.02417, 0.01219, 0.01256, 0.01268, 0.03908, 0.02632, 0.01322, 0.02674, 0.09402, 0.01354, 0.18989, 0.05512]","[]","[]",61,0
3.5,12,"[0.00613, 0.00348, 0.0037, 0.02056, 0.08821, 0.00522, 0.01603, 0.02789, 0.01707, 0.00583, 0.00633, 0.01369, 0.00737, 0.00739, 0.11355, 0.00774, 0.00784, 0.00792, 0.00848, 0.00859, 0.02635, 0.01814, 0.00939, 0.01024, 0.01025, 0.02092, 0.02112, 0.09619, 0.01077, 0.01084, 0.01085, 0.01189, 0.01208, 0.01252, 0.02517, 0.06294, 0.05071, 0.01287, 0.02578, 0.0129, 0.01293, 0.01311, 0.0133, 0.01353, 0.0407, 0.02736, 0.02813, 0.01407, 0.01418, 0.07149, 0.01437, 0.02883, 0.02921, 0.01467, 0.01472, 0.01482, 0.01511, 0.01516, 0.13768, 0.0773, 0.01563, 0.0942]","[]","[]",62,0
3.5,13,"[0.00099, 0.00223, 0.0027, 0.00366, 0.01302, 0.00464, 0.06255, 0.01172, 0.00604, 0.01818, 0.06256, 0.01279, 0.00644, 0.00654, 0.02919, 0.02343, 0.00793, 0.00811, 0.00813, 0.00879, 0.00887, 0.03552, 0.00917, 0.00948, 0.00976, 0.06052, 0.15867, 0.04234, 0.01069, 0.01116, 0.0339, 0.01148, 0.01152, 0.05827, 0.01179, 0.17732, 0.01192, 0.01214, 0.04955, 0.16288, 0.01275, 0.01295, 0.12995, 0.066, 0.27981, 0.01339, 0.17521, 0.23219, 0.02757, 0.06919, 0.02798, 0.06996, 0.01409, 0.01415, 0.01418, 0.11546, 0.01444, 0.01459, 0.0146, 0.01493, 0.01504, 0.28672, 0.06047, 0.01514, 0.0153, 0.01564, 0.04749, 0.11104, 0.01605]","[]","[]",69,0
3.5,14,"[0.00212, 0.00069, 0.00465, 0.00142, 0.00424, 0.00361, 0.00729, 0.03596, 0.0345, 0.11581, 0.00566, 0.01714, 0.02496, 0.00637, 0.00641, 0.04612, 0.00674, 0.00728, 0.00746, 0.00773, 0.00784, 0.03183, 0.01762, 0.00897, 0.07603, 0.01901, 0.12673, 0.00991, 0.01003, 0.05159, 0.11466, 0.10427, 0.01078, 0.01151, 0.15766, 0.03682, 0.03707, 0.27236, 0.03763, 0.01261, 0.02607, 0.19765, 0.01329, 0.01347, 0.16248, 0.27243, 0.05484, 0.02756, 0.01383, 0.05584, 0.05635, 0.01428, 0.10085, 0.01451, 0.01453, 0.04383]","[]","[]",56,0
3.5,15,"[0.03648, 0.00277, 0.0072, 0.00733, 0.00846, 0.01328, 0.0101, 0.00513, 0.01029, 0.01032, 0.0054, 0.03297, 0.00566, 0.00587, 0.01206, 0.00637, 0.00668, 0.00681, 0.00779, 0.07931, 0.01672, 0.00846, 0.0172, 0.11408, 0.0088, 0.01897, 0.02926, 0.00981, 0.01976, 0.0102, 0.01066, 0.10821, 0.04363, 0.02226, 0.01118, 0.0479, 0.01207, 0.01216, 0.03658, 0.0124, 0.06216, 0.01253, 0.01259, 0.01264, 0.07704, 0.03959, 0.03961, 0.05403, 0.01362, 0.05489, 0.0138, 0.01381, 0.01392, 0.02813, 0.0424, 0.02878, 0.21778, 0.01461, 0.10421, 0.09113, 0.04602, 0.01539, 0.04627, 0.01546, 0.03092, 0.01556, 0.01571, 0.01587, 0.01605, 0.06434, 0.01614, 0.11426]","[]","[]",72,0
3.5,16,"[0.00141, 0.00683, 0.07758, 0.00462, 0.00465, 0.04049, 0.01546, 0.02812, 0.00572, 0.00579, 0.01196, 0.0062, 0.09651, 0.00741, 0.03828, 0.00774, 0.00809, 0.01618, 0.04914, 0.00848, 0.16198, 0.00872, 0.01764, 0.07195, 0.02706, 0.06363, 0.00917, 0.00926, 0.00948, 0.00977, 0.02195, 0.05641, 0.06881, 0.03528, 0.01177, 0.01191, 0.012, 0.07229, 0.0242, 0.01212, 0.01219, 0.08653, 0.01268, 0.02564, 0.03946, 0.01331, 0.02706, 0.02706, 0.01392, 0.04221, 0.01409, 0.02839, 0.01456, 0.08759]","[]","[]",54,0
3.5,17,"[0.00506, 0.00306, 0.0503, 0.02956, 0.01558, 0.0042, 0.01275, 0.0437, 0.00581, 0.00599, 0.10438, 0.03987, 0.00697, 0.0071, 0.00739, 0.00789, 0.00814, 0.00839, 0.0267, 0.01822, 0.00917, 0.00919, 0.0467, 0.0095, 0.00952, 0.00969, 0.0101, 0.01031, 0.03176, 0.01073, 0.01087, 0.01104, 0.01104, 0.01118, 0.0112, 0.01132, 0.01142, 0.03537, 0.04757, 0.22643, 0.03678, 0.01227, 0.01238, 0.01278, 0.06535, 0.01311, 0.01346, 0.014, 0.01425, 0.05699]","[]","[]",50,0
3.5,18,"[0.00237, 0.00971, 0.01726, 0.02235, 0.083, 0.00912, 0.08929, 0.00549, 0.00592, 0.03618, 0.00617, 0.00706, 0.00827, 0.01754, 0.00883, 0.00905, 0.00915, 0.00919, 0.00953, 0.01913, 0.03842, 0.0098, 0.00988, 0.01989, 0.02016, 0.05392, 0.02177, 0.01119, 0.03385, 0.05643, 0.01139, 0.0114, 0.01148, 0.01152, 0.04612, 0.16187, 0.01159, 0.24448, 0.0117, 0.01179, 0.01182, 0.012, 0.01223, 0.08708, 0.05046, 0.03811, 0.10389, 0.28707, 0.02645, 0.01325, 0.09384, 0.01344, 0.02694, 0.08222, 0.0276, 0.04186, 0.28039, 0.02831, 0.11337, 0.02878, 0.01446, 0.13178, 0.01485, 0.02972, 0.11995, 0.01517, 0.0305]","[]","[]",67,0
3.5,19,"[0.00134, 0.00349, 0.00388, 0.01165, 0.00408, 0.00449, 0.0091, 0.0603, 0.01173, 0.00607, 0.00609, 0.08655, 0.02793, 0.007, 0.00738, 0.06698, 0.00761, 0.09424, 0.00793, 0.16671, 0.00887, 0.00914, 0.17811, 0.01901, 0.01914, 0.00958, 0.03858, 0.01947, 0.00974, 0.0599, 0.02053, 0.02061, 0.01032, 0.01048, 0.01061, 0.03285, 0.011, 0.18714, 0.0554, 0.03423, 0.05826, 0.01166, 0.02337, 0.03516, 0.02362, 0.11925, 0.01223, 0.01232, 0.01241, 0.02506, 0.01281, 0.0913, 0.01317, 0.01328, 0.10727, 0.01364, 0.014, 0.01405, 0.07027, 0.01408, 0.01426, 0.08699, 0.01451, 0.02902, 0.01469, 0.32414, 0.04454, 0.16598, 0.01514, 0.01528]","[]","[]",70,0
3.5,20,"[0.00257, 0.01846, 0.00933, 0.0048, 0.00485, 0.00987, 0.01018, 0.0311, 0.01771, 0.01356, 0.00733, 0.00735, 0.00758, 0.00799, 0.02467, 0.0084, 0.00898, 0.00913, 0.00954, 0.01945, 0.00994, 0.0407, 0.01045, 0.01048, 0.02124, 0.04338, 0.01098, 0.02342, 0.01202, 0.01203, 0.04843, 0.0122, 0.02442, 0.27033, 0.11457, 0.01273, 0.01284, 0.03929, 0.01328, 0.02677, 0.06727, 0.2064, 0.04149, 0.27717, 0.01391, 0.01394, 0.04228, 0.01409, 0.10202, 0.01468, 0.02971, 0.04461, 0.16383, 0.11959, 0.07522, 0.03025, 0.21252, 0.01522, 0.04595, 0.03083, 0.01547, 0.01567, 0.03169, 0.0162, 0.03258, 0.09917, 0.01659, 0.01663, 0.01674, 0.1843, 0.01682, 0.05099, 0.3582, 0.05122]","[]","[]",74,0
3.5,21,"[0.01063, 0.01084, 0.00413, 0.03017, 0.00448, 0.00919, 0.10047, 0.005, 0.00518, 0.00595, 0.02382, 0.02993, 0.00625, 0.0066, 0.00686, 0.02752, 0.00718, 0.09993, 0.00782, 0.06387, 0.00807, 0.00817, 0.00826, 0.00849, 0.00857, 0.00876, 0.01794, 0.02707, 0.1018, 0.03831, 0.00958, 0.13006, 0.08084, 0.01016, 0.03077, 0.07397, 0.0424, 0.01082, 0.03266, 0.01089, 0.05563, 0.02226, 0.02261, 0.01131, 0.01135, 0.01141, 0.02371, 0.01192, 0.02412, 0.01217, 0.26941, 0.12472, 0.01266, 0.03988, 0.26878, 0.25806, 0.0136, 0.20544, 0.02786]","[]","[]",59,0
3.5,22,"[0.0037, 0.00186, 0.01179, 0.00801, 0.00254, 0.00289, 0.07657, 0.04079, 0.03967, 0.09597, 0.01113, 0.01121, 0.00564, 0.00571, 0.00574, 0.00586, 0.03058, 0.08461, 0.00777, 0.00794, 0.0159, 0.00801, 0.09044, 0.00862, 0.00888, 0.01777, 0.02822, 0.00971, 0.00974, 0.02006, 0.05092, 0.02049, 0.03078, 0.16482, 0.01053, 0.02139, 0.01073, 0.0221, 0.05527, 0.01109, 0.01114, 0.01116, 0.03385, 0.01141, 0.04581, 0.0115, 0.0347, 0.02326, 0.22256, 0.01189, 0.17187, 0.03757, 0.02512, 0.20269, 0.01279, 0.09028, 0.05232, 0.03996, 0.01333, 0.04035, 0.09416, 0.09429, 0.027, 0.02729]","[]","[]",64,0
3.5,23,"[0.00278, 0.00942, 0.01961, 0.03377, 0.00379, 0.00414, 0.00427, 0.00433, 0.01117, 0.00597, 0.00646, 0.04018, 0.00721, 0.02177, 0.00732, 0.00763, 0.07206, 0.00883, 0.0186, 0.04748, 0.00955, 0.00958, 0.01963, 0.02035, 0.01041, 0.01046, 0.01046, 0.03184, 0.01065, 0.0107, 0.01071, 0.01071, 0.02171, 0.08006, 0.19613, 0.01171, 0.03555, 0.03698, 0.02518, 0.01285, 0.03865, 0.01293, 0.0918, 0.02697, 0.01361, 0.13657, 0.01373, 0.01376, 0.05509, 0.01401, 0.02818, 0.12821, 0.02869, 0.05916, 0.04451]","[]","[]",55,0
3.5,24,"[0.0025, 0.0015, 0.00188, 0.00246, 0.01056, 0.00355, 0.02612, 0.00759, 0.02577, 0.00466, 0.00468, 0.00493, 0.00502, 0.00504, 0.00529, 0.01758, 0.00619, 0.00627, 0.01451, 0.00734, 0.00783, 0.03145, 0.00798, 0.00824, 0.02486, 0.02503, 0.00848, 0.00863, 0.05676, 0.02848, 0.00977, 0.01005, 0.0605, 0.18445, 0.02102, 0.0213, 0.01128, 0.01142, 0.01144, 0.01158, 0.02384, 0.01231, 0.01254, 0.01259, 0.01293, 0.07846, 0.01318, 0.02646, 0.01342, 0.0135, 0.04055, 0.01357, 0.19035, 0.01365, 0.01374, 0.01385, 0.01388, 0.08332, 0.04198, 0.07176, 0.0147, 0.04414]","[]","[]",62,0
3.5,25,"[0.00685, 0.00249, 0.00271, 0.01948, 0.02368, 0.02533, 0.00391, 0.01023, 0.04168, 0.01638, 0.03447, 0.00612, 0.00614, 0.00623, 0.00672, 0.00715, 0.00739, 0.00761, 0.00834, 0.00835, 0.02506, 0.0418, 0.01695, 0.00868, 0.16541, 0.03545, 0.00894, 0.00913, 0.02768, 0.15759, 0.01889, 0.09528, 0.04903, 0.00993, 0.04005, 0.02016, 0.01021, 0.01025, 0.02067, 0.02118, 0.01077, 0.06597, 0.011, 0.01126, 0.02283, 0.01167, 0.01193, 0.07214, 0.02409, 0.17319, 0.09959, 0.10063, 0.01261, 0.02565]","[]","[]",54,0
3.5,26,"[0.00427, 0.0031, 0.04425, 0.00346, 0.00461, 0.005, 0.02673, 0.00553, 0.07904, 0.01163, 0.0059, 0.00605, 0.00766, 0.02338, 0.00801, 0.00805, 0.0436, 0.02623, 0.00929, 0.00952, 0.04795, 0.00974, 0.13759, 0.0197, 0.00991, 0.11054, 0.0411, 0.01035, 0.06481, 0.06556, 0.1328, 0.01123, 0.03406, 0.01153, 0.02333, 0.05858, 0.01184]","[]","[]",37,0
3.5,27,"[0.0027, 0.0051, 0.00212, 0.00242, 0.00254, 0.00336, 0.00734, 0.00373, 0.00388, 0.00408, 0.07609, 0.00984, 0.00559, 0.03246, 0.00672, 0.01371, 0.00689, 0.02847, 0.00727, 0.03745, 0.03806, 0.00821, 0.02471, 0.02511, 0.00845, 0.03432, 0.0434, 0.00904, 0.09211, 0.00927, 0.00947, 0.0095, 0.04761, 0.12476, 0.00964, 0.13644, 0.00988, 0.0103, 0.01095, 0.0111, 0.08067, 0.02337, 0.01172, 0.01176, 0.01181, 0.01209, 0.01259, 0.24269, 0.01291, 0.01295, 0.26124, 0.01389, 0.01394, 0.02866, 0.01441, 0.01448, 0.11763, 0.01477, 0.01481, 0.02967]","[]","[]",60,0
3.5,28,"[0.00359, 0.01157, 0.04828, 0.0121, 0.00649, 0.02063, 0.00701, 0.00801, 0.13128, 0.14898, 0.07262, 0.11016, 0.01023, 0.01119, 0.01189, 0.01213, 0.01248, 0.03818, 0.01282, 0.0259, 0.05353, 0.02734, 0.09691, 0.01398, 0.26632, 0.01419, 0.02843, 0.01468, 0.07407, 0.01525, 0.01555, 0.06249, 0.01582, 0.01584, 0.04778, 0.03201, 0.01602, 0.01609, 0.09676, 0.09679, 0.01661, 0.08346, 0.0168, 0.0339, 0.01739, 0.28038, 0.01765, 0.01765, 0.01773, 0.03603, 0.03625, 0.18212, 0.01882, 0.01887, 0.03802, 0.01906, 0.01934, 0.19347, 0.27135, 0.36831, 0.01954, 0.02008, 0.02028, 0.04212, 0.06433, 0.04321, 0.02208, 0.17702, 0.02237, 0.27282, 0.02277, 0.13701, 0.0458]","[]","[]",73,0
3.5,29,"[0.00477, 0.00343, 0.0041, 0.06554, 0.0047, 0.00473, 0.00504, 0.05147, 0.00581, 0.00591, 0.00754, 0.02377, 0.00793, 0.00811, 0.00829, 0.00838, 0.04282, 0.02588, 0.00885, 0.02866, 0.00991, 0.01041, 0.15953, 0.01077, 0.02157, 0.01101, 0.14445, 0.01157, 0.11654, 0.01168, 0.08242, 0.01181, 0.02376, 0.01192, 0.01195, 0.02432, 0.03648, 0.01225, 0.03731, 0.05073, 0.01281, 0.01286, 0.07987, 0.01332, 0.02667, 0.01335, 0.10729, 0.01355, 0.04102, 0.02762, 0.02835, 0.17024, 0.01421, 0.02912, 0.01466, 0.02981, 0.01495, 0.01498, 0.0153, 0.01542, 0.01568, 0.06327]","[]","[]",62,0
3.5,30,"[0.0008, 0.00343, 0.00151, 0.0262, 0.00754, 0.00774, 0.02744, 0.08738, 0.00459, 0.00469, 0.00968, 0.00492, 0.00495, 0.05984, 0.07233, 0.00616, 0.01246, 0.01299, 0.00651, 0.09919, 0.00682, 0.00731, 0.00759, 0.00761, 0.03963, 0.04059, 0.17992, 0.00826, 0.01677, 0.00871, 0.00881, 0.02644, 0.05372, 0.00903, 0.18114, 0.04814, 0.00967, 0.00972, 0.00993, 0.10968, 0.01008, 0.01022, 0.06195, 0.0311, 0.05272, 0.02184, 0.07659, 0.02312, 0.01158, 0.04847, 0.06157, 0.03709, 0.0125, 0.02515, 0.01263, 0.10313, 0.24835, 0.02622, 0.04004, 0.0134, 0.04055, 0.01358, 0.01361]","[]","[]",63,0
3.5,31,"[0.00575, 0.00901, 0.00314, 0.01021, 0.00368, 0.00371, 0.00414, 0.00839, 0.01836, 0.0047, 0.00555, 0.01112, 0.01156, 0.00584, 0.02342, 0.00606, 0.01866, 0.01297, 0.00687, 0.00688, 0.01447, 0.00732, 0.01469, 0.00777, 0.00794, 0.00813, 0.0082, 0.00834, 0.01689, 0.01719, 0.14893, 0.00907, 0.03675, 0.00926, 0.00933, 0.00943, 0.00964, 0.03911, 0.0098, 0.15452, 0.03123, 0.07621, 0.03291, 0.01098, 0.01112, 0.02236, 0.0114, 0.03513, 0.01187, 0.03596, 0.01248, 0.01252, 0.01259, 0.02553, 0.24385, 0.01338]","[]","[]",56,0
3.5,32,"[0.00176, 0.00393, 0.00824, 0.00425, 0.01811, 0.01454, 0.0037, 0.00421, 0.03111, 0.00493, 0.01021, 0.00522, 0.04378, 0.00658, 0.00674, 0.07067, 0.01429, 0.00759, 0.00767, 0.0077, 0.00815, 0.00838, 0.15155, 0.00903, 0.00903, 0.00918, 0.02875, 0.00967, 0.08873, 0.01006, 0.06285, 0.04225, 0.04359, 0.01114, 0.02248, 0.01188, 0.01205, 0.04843, 0.0123, 0.01237, 0.07456, 0.01273, 0.01291, 0.01293, 0.02612, 0.01327, 0.02658, 0.05332, 0.05425, 0.02754, 0.02784, 0.08367, 0.01423, 0.01461, 0.04571, 0.09184, 0.03078, 0.03083, 0.07737, 0.03108, 0.03137, 0.04734, 0.0158, 0.01582, 0.03208, 0.03233, 0.01635, 0.03286]","[]","[]",68,0
3.5,33,"[0.00447, 0.00417, 0.00268, 0.00714, 0.00379, 0.03201, 0.02356, 0.00551, 0.07946, 0.00587, 0.00593, 0.00623, 0.01343, 0.02066, 0.12133, 0.0072, 0.00734, 0.00802, 0.0083, 0.0091, 0.00927, 0.00966, 0.00967, 0.00974, 0.01966, 0.00998, 0.01062, 0.02138, 0.01087, 0.01138, 0.0116, 0.02342, 0.07027, 0.0118, 0.07218, 0.0121, 0.03677, 0.01228, 0.02459, 0.01265, 0.01274, 0.01279, 0.01285, 0.0131, 0.01341, 0.01355, 0.02712, 0.13955, 0.02863, 0.01463, 0.27976, 0.02952, 0.01517, 0.04571, 0.06155, 0.01556, 0.01603, 0.03311, 0.01678, 0.03366, 0.25256]","[]","[]",61,0
3.5,34,"[0.00536, 0.00348, 0.00716, 0.00387, 0.00421, 0.00511, 0.05415, 0.00544, 0.01698, 0.00594, 0.00625, 0.00655, 0.04679, 0.08072, 0.01358, 0.02065, 0.01425, 0.01457, 0.00729, 0.00748, 0.00837, 0.12919, 0.01757, 0.04588, 0.19543, 0.00937, 0.00939, 0.01902, 0.01938, 0.00974, 0.00979, 0.00986, 0.04953, 0.01017, 0.02064, 0.02075, 0.01048, 0.04194, 0.01055, 0.01076, 0.24209, 0.01115, 0.04525, 0.01135, 0.08162, 0.04782, 0.01223, 0.24597, 0.02467, 0.13854, 0.01269, 0.06461, 0.02625, 0.0133, 0.0399, 0.02668, 0.01349, 0.02709, 0.01363, 0.07008, 0.19924, 0.04357, 0.02927, 0.01464]","[]","[]",64,0
3.5,35,"[0.00353, 0.00976, 0.00193, 0.0039, 0.01203, 0.00468, 0.02357, 0.01823, 0.00693, 0.02274, 0.15034, 0.01654, 0.00894, 0.01821, 0.00928, 0.00938, 0.06662, 0.03858, 0.03894, 0.00978, 0.01985, 0.01006, 0.01024, 0.01047, 0.12687, 0.01079, 0.05449, 0.03368, 0.01131, 0.06896, 0.01159, 0.18661, 0.03569, 0.20766, 0.02466, 0.01272, 0.01292, 0.0265, 0.0805, 0.01348, 0.25705, 0.01359, 0.1095, 0.01371]","[]","[]",44,0
3.5,36,"[0.00259, 0.00682, 0.00343, 0.00395, 0.00408, 0.00412, 0.00457, 0.00458, 0.03541, 0.00565, 0.06867, 0.00628, 0.00629, 0.00633, 0.01954, 0.13204, 0.00707, 0.01449, 0.00735, 0.03698, 0.02281, 0.00777, 0.02361, 0.00803, 0.00901, 0.00922, 0.01882, 0.00948, 0.00949, 0.00968, 0.00971, 0.00975, 0.04889, 0.0098, 0.00992, 0.03066, 0.01052, 0.01076, 0.02173, 0.01145, 0.01157, 0.03507, 0.08195, 0.02356, 0.0236, 0.01214, 0.01216, 0.01222, 0.01224, 0.02514, 0.03795, 0.01276, 0.01285, 0.0129, 0.18339, 0.01338, 0.19102, 0.01367, 0.01405, 0.01413, 0.01418, 0.01474, 0.01488, 0.16372, 0.01493, 0.0151, 0.06098]","[]","[]",67,0
3.5,37,"[0.00212, 0.00629, 0.0167, 0.00565, 0.00653, 0.09795, 0.01963, 0.00678, 0.02137, 0.00721, 0.0073, 0.0073, 0.1261, 0.00747, 0.02262, 0.00831, 0.0086, 0.026, 0.00903, 0.00974, 0.0099, 0.00992, 0.0403, 0.02031, 0.01018, 0.02095, 0.01079, 0.03271, 0.01095, 0.03349, 0.02268, 0.05767, 0.01158, 0.01169, 0.02372, 0.01221, 0.01243, 0.01255, 0.01265, 0.02537, 0.01284, 0.0386, 0.03891, 0.06493, 0.01305, 0.01307, 0.10696, 0.01344, 0.01344, 0.02702]","[]","[]",50,0
3.5,38,"[0.00735, 0.01943, 0.00314, 0.00402, 0.00427, 0.02725, 0.01592, 0.0057, 0.00573, 0.00597, 0.01225, 0.01886, 0.00674, 0.01568, 0.0161, 0.01706, 0.00871, 0.01751, 0.00919, 0.00943, 0.00949, 0.02, 0.04098, 0.02084, 0.01097, 0.01194, 0.01196, 0.04898, 0.0493, 0.27368, 0.01261, 0.02535, 0.11428, 0.01316, 0.06652, 0.01333, 0.02785, 0.28053, 0.09825, 0.01408, 0.01413, 0.21203, 0.01423, 0.07274, 0.02912, 0.02918, 0.02927, 0.01465, 0.02948, 0.0148, 0.16375, 0.04475, 0.01501, 0.04528, 0.12087, 0.01533, 0.21737, 0.01557, 0.01561, 0.01564, 0.01586, 0.04762, 0.01595, 0.01602, 0.01622, 0.04883, 0.03257, 0.01645, 0.03296]","[]","[]",69,0
3.5,39,"[0.00553, 0.00203, 0.00231, 0.0037, 0.00383, 0.01191, 0.00409, 0.00412, 0.01244, 0.01264, 0.01059, 0.00543, 0.00626, 0.00653, 0.0269, 0.00685, 0.00695, 0.02087, 0.01517, 0.00785, 0.0079, 0.00821, 0.00859, 0.00868, 0.03547, 0.01852, 0.02944, 0.00993, 0.00996, 0.01022, 0.04195, 0.04293, 0.06441, 0.01106, 0.01116, 0.03382, 0.01131, 0.01133, 0.01184, 0.012, 0.13342, 0.02473, 0.0126, 0.01269, 0.0127, 0.0131, 0.0132, 0.01328, 0.01337, 0.01342, 0.01348, 0.01369, 0.02744, 0.01377, 0.01401, 0.05622, 0.04299, 0.05823, 0.01485, 0.01517, 0.01525, 0.01535, 0.01552, 0.01558, 0.01564, 0.01607, 0.0161, 0.08165]","[]","[]",68,0
3.5,40,"[0.00133, 0.02561, 0.00223, 0.00259, 0.00292, 0.00324, 0.00698, 0.05119, 0.0053, 0.02261, 0.00592, 0.00592, 0.00596, 0.00608, 0.0264, 0.00685, 0.00765, 0.03895, 0.05063, 0.07668, 0.0086, 0.00863, 0.00865, 0.00887, 0.00898, 0.00916, 0.00965, 0.06979, 0.11026, 0.01014, 0.02142, 0.01075, 0.17434, 0.01111, 0.0794, 0.01136, 0.02281, 0.01161, 0.05906, 0.21588, 0.01219, 0.02439, 0.0125, 0.0131, 0.01331, 0.01332, 0.25361, 0.01388, 0.02784, 0.01398, 0.05606, 0.02842, 0.01424, 0.01437, 0.01437, 0.07228, 0.0145, 0.01452]","[]","[]",58,0
3.5,41,"[0.01982, 0.01456, 0.09639, 0.09078, 0.01084, 0.01669, 0.12026, 0.01164, 0.11794, 0.00695, 0.01405, 0.00705, 0.07862, 0.01438, 0.0072, 0.00736, 0.00755, 0.01513, 0.00788, 0.00854, 0.00858, 0.05169, 0.07278, 0.07492, 0.00953, 0.00969, 0.00993, 0.03985, 0.0405, 0.15552, 0.02112, 0.0531, 0.01066, 0.04329, 0.01101, 0.02249, 0.03435, 0.01179, 0.01179, 0.01189, 0.01189, 0.01196, 0.01204, 0.01209, 0.05052, 0.01266, 0.07631, 0.02547, 0.03872, 0.01302, 0.01309, 0.01319, 0.02647, 0.11936, 0.0133, 0.01337, 0.01343, 0.01363, 0.01372, 0.01398, 0.15442]","[]","[]",61,0
3.5,42,"[0.00646, 0.0049, 0.01478, 0.08099, 0.00571, 0.03597, 0.01201, 0.00614, 0.00627, 0.02511, 0.00637, 0.00662, 0.01378, 0.00738, 0.02216, 0.07709, 0.00794, 0.00807, 0.10536, 0.00856, 0.02659, 0.01845, 0.01882, 0.02893, 0.01014, 0.01031, 0.04181, 0.02166, 0.01127, 0.02267, 0.0116, 0.01305, 0.0263, 0.01321, 0.01331, 0.05467, 0.01387, 0.01426, 0.04307, 0.01463, 0.01465, 0.01472, 0.01483, 0.01489, 0.01492, 0.01522, 0.01523, 0.01531, 0.01536, 0.03115, 0.11094, 0.01598, 0.06518, 0.01679, 0.01701, 0.01719, 0.01755, 0.17667, 0.03573, 0.03646, 0.27636, 0.05579]","[]","[]",62,0
3.5,43,"[0.00331, 0.06619, 0.00456, 0.00456, 0.00472, 0.00512, 0.00599, 0.00632, 0.00633, 0.00664, 0.01341, 0.00684, 0.04873, 0.0145, 0.14444, 0.00778, 0.00817, 0.01651, 0.11699, 0.00838, 0.10285, 0.00861, 0.00899, 0.01839, 0.01919, 0.01944, 0.00983, 0.12878, 0.01033, 0.01037, 0.07262, 0.02079, 0.0313, 0.02121, 0.0756, 0.02203, 0.01113, 0.01137, 0.01146, 0.01149, 0.06949, 0.01212, 0.01229, 0.04921, 0.01244, 0.02491, 0.02521, 0.01328, 0.05368, 0.0406, 0.06806, 0.01414, 0.2555, 0.01432, 0.01444]","[]","[]",55,0
3.5,44,"[0.00206, 0.0592, 0.00288, 0.05164, 0.02988, 0.0092, 0.00508, 0.00536, 0.00602, 0.00603, 0.00655, 0.00709, 0.00728, 0.01464, 0.14079, 0.0973, 0.02272, 0.01684, 0.01723, 0.05386, 0.01827, 0.00922, 0.00926, 0.01903, 0.00964, 0.22065, 0.08044, 0.02048, 0.01028, 0.01064, 0.21712, 0.05442, 0.01118, 0.10518, 0.01203, 0.02472, 0.01261, 0.01268, 0.03843, 0.01282, 0.02605, 0.01325, 0.01332, 0.01375, 0.05502, 0.01377, 0.23835, 0.0281, 0.21228, 0.01419, 0.07239, 0.05893, 0.05896, 0.01489, 0.06005, 0.04517, 0.01507, 0.03052, 0.09176, 0.04613]","[]","[]",60,0
3.5,45,"[0.00658, 0.00299, 0.00614, 0.00676, 0.00415, 0.02881, 0.00547, 0.00566, 0.0063, 0.00639, 0.00649, 0.00696, 0.04218, 0.00707, 0.09439, 0.00737, 0.01584, 0.00812, 0.00831, 0.00841, 0.00851, 0.00888, 0.00894, 0.03684, 0.04626, 0.14979, 0.00999, 0.0101, 0.01012, 0.01023, 0.02054, 0.0414, 0.01068, 0.04386, 0.09878, 0.01101, 0.01123, 0.01143, 0.01149, 0.0115, 0.01151, 0.01154, 0.01183, 0.01191, 0.04768, 0.12077, 0.03638, 0.01217, 0.02449, 0.01226, 0.02481]","[]","[]",51,0
3.5,46,"[0.00295, 0.00176, 0.00211, 0.00336, 0.00338, 0.00395, 0.00485, 0.00496, 0.02521, 0.09824, 0.01035, 0.07452, 0.04026, 0.01324, 0.03635, 0.00729, 0.00745, 0.00824, 0.01654, 0.00832, 0.00867, 0.02622, 0.04383, 0.02718, 0.02799, 0.00947, 0.00973, 0.00973, 0.00984, 0.03108, 0.03136, 0.11535, 0.01094, 0.01103, 0.19943, 0.01109, 0.01129, 0.03402, 0.22412, 0.036, 0.01233, 0.01237, 0.03712, 0.02529, 0.01265, 0.01269, 0.14092, 0.05207, 0.01359, 0.01372, 0.01375, 0.04181, 0.02797, 0.01418, 0.0144, 0.01454, 0.07364, 0.1788, 0.01495, 0.01506, 0.07545, 0.01526, 0.01529, 0.01532, 0.01539]","[]","[]",65,0
3.5,47,"[0.00096, 0.00242, 0.05295, 0.00396, 0.00923, 0.00929, 0.01015, 0.00515, 0.00529, 0.00529, 0.00539, 0.00541, 0.00563, 0.03568, 0.01299, 0.02147, 0.00764, 0.01547, 0.00787, 0.008, 0.00866, 0.01852, 0.09343, 0.03843, 0.12845, 0.03013, 0.0101, 0.06143, 0.01025, 0.02055, 0.01046, 0.1088, 0.01159, 0.02329, 0.03507, 0.01187, 0.012, 0.01262, 0.03817, 0.01275, 0.03846, 0.01294, 0.01295, 0.01305, 0.02613, 0.02641, 0.01334, 0.08146, 0.01362, 0.02746, 0.01373, 0.06952, 0.01393, 0.01425, 0.01437, 0.04321, 0.0585, 0.02961, 0.04539, 0.09113, 0.2292, 0.01529, 0.07704, 0.01544, 0.01554, 0.06344, 0.01593, 0.03187, 0.0319, 0.27224, 0.06414, 0.01613, 0.01644, 0.01647, 0.01657, 0.01679, 0.10087, 0.11987, 0.01723, 0.05171, 0.01724]","[]","[]",81,0
3.5,48,"[0.00993, 0.0022, 0.00777, 0.00328, 0.00352, 0.00439, 0.00469, 0.00523, 0.00553, 0.006, 0.00617, 0.00634, 0.00667, 0.02019, 0.00678, 0.0214, 0.00719, 0.00764, 0.00782, 0.0317, 0.00821, 0.01685, 0.07612, 0.00849, 0.00899, 0.0096, 0.03947, 0.05084, 0.01032, 0.02169, 0.01106, 0.0113, 0.01155, 0.10459, 0.01175, 0.01189, 0.01213, 0.01249, 0.01252, 0.01267, 0.06368, 0.06391, 0.01286, 0.02599, 0.0527, 0.04073, 0.01366, 0.02739, 0.01374, 0.01376, 0.13845, 0.01389, 0.08354, 0.02786, 0.01404, 0.02819, 0.01419, 0.02861, 0.0287, 0.01438, 0.05794, 0.04413, 0.04417, 0.0148, 0.0148, 0.01486, 0.04532, 0.03025, 0.22973, 0.01532, 0.03087]","[]","[]",71,0
3.5,49,"[0.00578, 0.01101, 0.00487, 0.07976, 0.005, 0.02794, 0.006, 0.00617, 0.00629, 0.00656, 0.0066, 0.0068, 0.00722, 0.00729, 0.08057, 0.00745, 0.04664, 0.06262, 0.03316, 0.00833, 0.00848, 0.01709, 0.0087, 0.01741, 0.1587, 0.0267, 0.00912, 0.0188, 0.00954, 0.01944, 0.04909, 0.01019, 0.01047, 0.02144, 0.01089, 0.01101, 0.01123, 0.03422, 0.02296, 0.01172, 0.09375, 0.01174, 0.01179, 0.01203, 0.02446, 0.08732, 0.0126, 0.24705, 0.01304, 0.01305, 0.02644, 0.01343, 0.04061, 0.02752, 0.01379, 0.1389, 0.23223, 0.01454, 0.01459, 0.01476, 0.01496, 0.01504, 0.06102, 0.01537, 0.01553, 0.06289]","[]","[]",66,0
3.5,50,"[0.00297, 0.00724, 0.00408, 0.00895, 0.00915, 0.03235, 0.00486, 0.01041, 0.00525, 0.00528, 0.01107, 0.00562, 0.00598, 0.10652, 0.06287, 0.0071, 0.00711, 0.00768, 0.00792, 0.00794, 0.01624, 0.00816, 0.00824, 0.00859, 0.00932, 0.01868, 0.01889, 0.01891, 0.00949, 0.00964, 0.03924, 0.06246, 0.01081, 0.011, 0.01127, 0.01133, 0.02328, 0.01172, 0.01221, 0.02465, 0.05009, 0.07604, 0.07692, 0.0513, 0.02593, 0.03931, 0.13311, 0.01334, 0.01334, 0.01346, 0.04044, 0.05564, 0.01392, 0.01395, 0.01418, 0.01422, 0.21326, 0.01426, 0.01432, 0.01441, 0.01456, 0.0148, 0.01483, 0.01484, 0.0447, 0.05987, 0.01504, 0.13547, 0.10683, 0.01543, 0.07777, 0.01567, 0.03154]","[]","[]",73,0
3.5,51,"[0.0034, 0.00171, 0.0044, 0.00265, 0.00918, 0.00467, 0.03106, 0.01098, 0.01123, 0.01215, 0.03436, 0.02796, 0.01453, 0.01555, 0.008, 0.11227, 0.01758, 0.00883, 0.00892, 0.0377, 0.01888, 0.14624, 0.00975, 0.00989, 0.14993, 0.01003, 0.01012, 0.01016, 0.0982, 0.011, 0.03499, 0.01201, 0.0977, 0.01232, 0.04982, 0.08745, 0.07681, 0.0129, 0.13035, 0.01342, 0.04048, 0.027, 0.0274, 0.02769, 0.09726, 0.01413, 0.01431, 0.01431, 0.04339, 0.01466, 0.13571, 0.01513, 0.13648, 0.01519, 0.0152, 0.03098]","[]","[]",56,0
3.5,52,"[0.02086, 0.00154, 0.00533, 0.00663, 0.0027, 0.00386, 0.00489, 0.02019, 0.01709, 0.00649, 0.04163, 0.00723, 0.16289, 0.01531, 0.16048, 0.04104, 0.15767, 0.00843, 0.00845, 0.01761, 0.00897, 0.1174, 0.00915, 0.00945, 0.02848, 0.14604, 0.00982, 0.00994, 0.01993, 0.08071, 0.01034, 0.05179, 0.01037, 0.02098, 0.08454, 0.01059, 0.03179, 0.04397, 0.02241, 0.01123, 0.01142, 0.14881, 0.04651, 0.01175, 0.01182, 0.14827, 0.08968, 0.02563, 0.06478, 0.02608, 0.01311, 0.01312, 0.01313, 0.01319, 0.01322, 0.02659, 0.01333, 0.15202, 0.01404, 0.01416, 0.01422, 0.02848, 0.04283, 0.01429, 0.10031]","[]","[]",65,0
3.5,53,"[0.00516, 0.0032, 0.00401, 0.00603, 0.00632, 0.00655, 0.00699, 0.04223, 0.00729, 0.00743, 0.0075, 0.03843, 0.02317, 0.00775, 0.04052, 0.02467, 0.00829, 0.10307, 0.1296, 0.01791, 0.05578, 0.00975, 0.06929, 0.01003, 0.01021, 0.0215, 0.2366, 0.01088, 0.01142, 0.0231, 0.03469, 0.03534, 0.03583, 0.25112, 0.16752, 0.24216, 0.13358, 0.01257, 0.01282, 0.12825, 0.01287, 0.05325, 0.01354, 0.02718, 0.01393, 0.02849, 0.04296, 0.01443, 0.0146, 0.01467, 0.20713, 0.01485, 0.01488, 0.03007, 0.01522, 0.01522, 0.01534, 0.01534, 0.03121]","[]","[]",59,0
3.5,54,"[0.00133, 0.00412, 0.00212, 0.00276, 0.01811, 0.00321, 0.00427, 0.0271, 0.00456, 0.00484, 0.09277, 0.00523, 0.11657, 0.11018, 0.00603, 0.02489, 0.13972, 0.0355, 0.00713, 0.01584, 0.08939, 0.00816, 0.06784, 0.06927, 0.01834, 0.00953, 0.02882, 0.03932, 0.00995, 0.00999, 0.01012, 0.01027, 0.04131, 0.03142, 0.02188, 0.01111, 0.04447, 0.01149, 0.01185, 0.02384, 0.0359, 0.01216, 0.01228, 0.02458, 0.01243, 0.18643, 0.0125, 0.01269, 0.01288, 0.01317, 0.02646, 0.01332, 0.02683, 0.01355, 0.01389, 0.08331, 0.01391, 0.01413, 0.04244, 0.02839, 0.02842, 0.01434, 0.01446, 0.18854, 0.02914]","[]","[]",65,0
3.5,55,"[0.00097, 0.00147, 0.01632, 0.00481, 0.00265, 0.00365, 0.03807, 0.00501, 0.01275, 0.00672, 0.02724, 0.00723, 0.00753, 0.00778, 0.01605, 0.03278, 0.06558, 0.01641, 0.00824, 0.01717, 0.00868, 0.03569, 0.00936, 0.0194, 0.00977, 0.02952, 0.00997, 0.03078, 0.14431, 0.0104, 0.05285, 0.01075, 0.01121, 0.01127, 0.01132, 0.01135, 0.0798, 0.05723, 0.04664]","[]","[]",39,0
3.5,56,"[0.00278, 0.003, 0.00911, 0.00312, 0.00387, 0.00394, 0.00405, 0.02126, 0.00447, 0.00897, 0.01804, 0.00452, 0.00467, 0.09659, 0.00524, 0.01575, 0.01101, 0.00598, 0.01248, 0.00632, 0.00653, 0.07904, 0.02236, 0.14314, 0.02358, 0.06391, 0.00814, 0.00817, 0.00826, 0.00826, 0.025, 0.00836, 0.06172, 0.0177, 0.00936, 0.00944, 0.01057, 0.10714, 0.02146, 0.02173, 0.19205, 0.01136, 0.08068, 0.01153, 0.01174, 0.01183, 0.02389, 0.01214, 0.01215, 0.17263, 0.02474, 0.01269, 0.18107, 0.17176, 0.02647, 0.01335, 0.01366, 0.02751, 0.01394, 0.04187, 0.25132, 0.16772, 0.014, 0.04282, 0.01466, 0.03012, 0.01516, 0.07864]","[]","[]",68,0
3.5,57,"[0.00136, 0.0016, 0.00244, 0.00261, 0.02537, 0.02308, 0.00791, 0.00822, 0.00435, 0.00437, 0.02539, 0.01027, 0.00531, 0.00548, 0.00575, 0.01245, 0.00629, 0.00675, 0.00676, 0.00717, 0.00718, 0.02169, 0.01483, 0.01545, 0.01576, 0.01579, 0.00791, 0.00815, 0.11008, 0.12006, 0.00861, 0.01794, 0.00942, 0.03844, 0.00968, 0.06795, 0.0293, 0.00984, 0.01989, 0.01029, 0.01073, 0.01075, 0.18365, 0.04431, 0.01143, 0.0115, 0.04697, 0.01188, 0.01196, 0.0243, 0.01231, 0.01263, 0.01267, 0.03849, 0.01286, 0.0389, 0.06499, 0.04008]","[]","[]",58,0
3.5,58,"[0.00703, 0.05297, 0.00313, 0.00343, 0.01782, 0.00375, 0.0089, 0.00553, 0.01121, 0.00609, 0.00658, 0.00677, 0.02783, 0.0144, 0.02248, 0.1682, 0.00775, 0.16144, 0.00812, 0.00824, 0.00825, 0.00839, 0.00842, 0.17858, 0.00851, 0.01712, 0.01773, 0.05319, 0.01809, 0.00923, 0.01851, 0.01865, 0.01879, 0.00944, 0.01891, 0.00957, 0.02945, 0.00998, 0.01005, 0.05369, 0.02173, 0.03279, 0.08748, 0.01095, 0.01113, 0.01165, 0.07191, 0.20466, 0.09658, 0.13446, 0.01237, 0.01249, 0.05162, 0.05164, 0.01313, 0.01341, 0.01364, 0.0137, 0.01401, 0.04257, 0.01429, 0.02863, 0.01434, 0.01439, 0.01449]","[]","[]",65,0
3.5,59,"[0.00162, 0.00218, 0.01577, 0.00301, 0.00445, 0.0046, 0.00466, 0.01103, 0.00569, 0.00594, 0.00623, 0.00671, 0.00676, 0.0069, 0.01479, 0.00746, 0.00768, 0.00795, 0.02399, 0.05852, 0.00867, 0.00876, 0.00888, 0.00931, 0.00945, 0.00962, 0.08784, 0.00978, 0.01017, 0.01059, 0.01092, 0.04526, 0.0227, 0.03407, 0.02288, 0.03452, 0.01151, 0.01167, 0.01171, 0.03571, 0.26198, 0.02405, 0.02459, 0.01263, 0.06361, 0.02609, 0.02618, 0.26883, 0.0135, 0.01369, 0.01392, 0.01403, 0.01425, 0.15826, 0.21707, 0.01478, 0.01504, 0.04517, 0.01519]","[]","[]",59,0
3.5,60,"[0.00832, 0.00901, 0.04741, 0.0024, 0.00755, 0.00294, 0.00684, 0.02783, 0.02161, 0.01223, 0.02734, 0.00621, 0.01867, 0.04697, 0.00708, 0.03243, 0.01623, 0.00812, 0.01639, 0.01659, 0.03395, 0.00859, 0.00862, 0.19469, 0.13766, 0.0094, 0.00954, 0.19422, 0.09813, 0.11921, 0.01009, 0.07095, 0.01056, 0.13813, 0.01073, 0.01073, 0.1425, 0.01097, 0.01114, 0.21711, 0.0233, 0.0117, 0.01176, 0.01195, 0.01239, 0.01242, 0.04994, 0.10057, 0.0127, 0.01288, 0.0132, 0.14694, 0.01347, 0.01351, 0.02719, 0.01381, 0.0139, 0.01393, 0.02848, 0.01428, 0.02981, 0.04522]","[]","[]",62,0
3.5,61,"[0.00731, 0.01332, 0.00252, 0.00355, 0.02704, 0.00517, 0.01672, 0.0251, 0.0201, 0.00697, 0.00715, 0.02875, 0.00733, 0.00754, 0.00756, 0.0081, 0.00814, 0.00833, 0.00835, 0.00851, 0.00891, 0.00894, 0.00992, 0.00994, 0.01028, 0.01106, 0.01114, 0.08928, 0.02276, 0.01174, 0.01177, 0.03635, 0.01233, 0.01248, 0.02507, 0.03876, 0.06515, 0.02614, 0.01321, 0.01338]","[]","[]",40,0
3.5,62,"[0.00046, 0.00202, 0.02674, 0.01269, 0.09093, 0.007, 0.00726, 0.02233, 0.00745, 0.01508, 0.00772, 0.03877, 0.02331, 0.14693, 0.00819, 0.0082, 0.00836, 0.03399, 0.00881, 0.00911, 0.00915, 0.03953, 0.00989, 0.01, 0.19034, 0.03179, 0.0106, 0.01083, 0.06823, 0.01147, 0.01161, 0.13618, 0.01256, 0.01265, 0.01272, 0.24307, 0.01319, 0.01324, 0.01324, 0.01333, 0.01338, 0.01343, 0.02692, 0.05428, 0.04081, 0.06814, 0.0138, 0.05627, 0.01409, 0.04262, 0.04289, 0.0574, 0.04364, 0.01477, 0.02963, 0.10413, 0.09041, 0.01524, 0.01524, 0.01532, 0.04617, 0.04631, 0.11183, 0.01618, 0.01623, 0.01632, 0.01635, 0.03274, 0.01637, 0.01646, 0.01647]","[]","[]",71,0
3.5,63,"[0.00172, 0.00208, 0.05456, 0.00344, 0.0104, 0.03531, 0.00429, 0.00939, 0.00503, 0.01058, 0.00581, 0.01233, 0.00634, 0.00682, 0.00759, 0.01566, 0.00823, 0.00862, 0.00892, 0.00895, 0.00948, 0.0483, 0.00971, 0.00974, 0.00979, 0.00988, 0.01015, 0.01032, 0.02071, 0.01074, 0.03245, 0.04478, 0.03409, 0.04637, 0.02331, 0.01172, 0.22308, 0.01187, 0.08593, 0.0123, 0.01265, 0.17928, 0.01282, 0.03891, 0.16959, 0.24916, 0.02713, 0.01363, 0.06831, 0.01366, 0.01375, 0.06941, 0.11327, 0.04312, 0.01442, 0.02913, 0.01462, 0.01465, 0.01488, 0.01515, 0.07688, 0.01548, 0.04672, 0.01562, 0.23468, 0.0157, 0.01571, 0.03145, 0.11082, 0.06414, 0.03209, 0.01606, 0.0808, 0.01618, 0.04867]","[]","[]",75,0
3.5,64,"[0.00141, 0.00167, 0.0031, 0.00342, 0.00378, 0.0237, 0.01844, 0.02476, 0.00645, 0.01438, 0.01496, 0.01544, 0.00787, 0.00793, 0.02398, 0.00804, 0.0327, 0.03366, 0.00855, 0.05181, 0.01728, 0.01793, 0.08969, 0.00936, 0.11463, 0.00973, 0.00996, 0.01009, 0.07133, 0.01044, 0.01048, 0.03173, 0.01064, 0.22531, 0.01076, 0.011, 0.06627, 0.01123, 0.01129, 0.01175, 0.02428, 0.14607, 0.01222, 0.17372, 0.01247, 0.01263, 0.01288, 0.19583, 0.1831, 0.0525, 0.02644, 0.01326, 0.04003, 0.068, 0.19167]","[]","[]",55,0
3.5,65,"[0.00406, 0.00177, 0.0037, 0.02271, 0.00846, 0.00461, 0.03697, 0.00472, 0.01529, 0.00518, 0.01558, 0.0268, 0.01115, 0.0056, 0.01696, 0.01145, 0.00573, 0.0187, 0.01347, 0.01365, 0.02856, 0.01433, 0.10651, 0.01691, 0.00851, 0.0086, 0.04329, 0.128, 0.07339, 0.09351, 0.05664, 0.00944, 0.0098, 0.01008, 0.02037, 0.01023, 0.06324, 0.02112, 0.03217, 0.11929, 0.03344, 0.01148, 0.01151, 0.16114, 0.01162, 0.12987, 0.04726, 0.01222, 0.01225, 0.03677, 0.01236, 0.01239]","[]","[]",52,0
3.5,66,"[0.00231, 0.00259, 0.00287, 0.00367, 0.0042, 0.00462, 0.00971, 0.0146, 0.00524, 0.00553, 0.02341, 0.00594, 0.00658, 0.00664, 0.09946, 0.07019, 0.07906, 0.04765, 0.00801, 0.0161, 0.09984, 0.02546, 0.01813, 0.00925, 0.15835, 0.01879, 0.00961, 0.12571, 0.2041, 0.18473, 0.00989, 0.00995, 0.02, 0.08498, 0.01091, 0.02184, 0.01104, 0.01119, 0.01152, 0.02332, 0.02426, 0.01213, 0.02476, 0.01258, 0.08831, 0.01285, 0.01333, 0.04074, 0.01362, 0.06819, 0.01383, 0.07042, 0.0142, 0.01447, 0.14762, 0.01488, 0.04522, 0.01532, 0.01534, 0.04694, 0.01586, 0.01595, 0.35169, 0.01602, 0.01604, 0.01639, 0.01659, 0.05015, 0.01676, 0.01682, 0.01684, 0.03379, 0.25435, 0.03396, 0.05107, 0.24011, 0.0172, 0.06912, 0.25968, 0.34689, 0.01747, 0.03495, 0.01765, 0.01798]","[]","[]",84,0
3.5,67,"[0.02439, 0.0349, 0.0044, 0.00454, 0.00462, 0.00949, 0.01495, 0.0064, 0.01289, 0.01354, 0.07203, 0.02971, 0.08198, 0.01568, 0.00791, 0.01644, 0.0421, 0.00853, 0.00884, 0.06257, 0.03734, 0.0675, 0.00993, 0.01006, 0.01043, 0.01048, 0.02096, 0.01065, 0.15001, 0.03223, 0.15258, 0.01103, 0.02208, 0.01117, 0.0112, 0.12329, 0.02272, 0.0346, 0.02323, 0.03499, 0.02359, 0.01204, 0.01256, 0.0127, 0.01271, 0.01283, 0.01286, 0.0129, 0.02616]","[]","[]",49,0
3.5,68,"[0.0008, 0.00229, 0.0036, 0.00387, 0.00495, 0.05174, 0.00567, 0.0061, 0.00725, 0.00769, 0.01543, 0.1406, 0.00851, 0.01742, 0.08354, 0.00952, 0.11426, 0.07728, 0.12685, 0.05943, 0.00993, 0.06986, 0.19264, 0.03054, 0.01029, 0.02076, 0.0215, 0.22997, 0.01099, 0.0111, 0.04442, 0.02302, 0.02348, 0.15374, 0.02371, 0.01202, 0.03631, 0.0124, 0.02487, 0.02521, 0.03851, 0.02673, 0.13441, 0.04113, 0.01389, 0.02877, 0.01482, 0.01501, 0.01513, 0.01527, 0.01549, 0.21696, 0.01563, 0.01567, 0.01592, 0.04812, 0.24176, 0.01612, 0.03244, 0.0489, 0.01644, 0.01653, 0.01655, 0.05001, 0.01673, 0.03352]","[]","[]",66,0
3.5,69,"[0.0021, 0.00509, 0.03396, 0.00646, 0.01355, 0.0251, 0.00535, 0.00564, 0.00625, 0.00627, 0.11352, 0.02652, 0.00693, 0.13871, 0.0076, 0.00771, 0.01575, 0.00792, 0.00796, 0.00819, 0.01666, 0.00835, 0.00838, 0.00838, 0.00853, 0.13721, 0.06105, 0.08747, 0.0093, 0.00938, 0.15145, 0.00957, 0.01934, 0.08271, 0.01044, 0.03146, 0.01051, 0.05358, 0.0109, 0.01092, 0.01113, 0.13377, 0.01125, 0.0341, 0.01137, 0.06822, 0.0114, 0.02322, 0.01171, 0.02352, 0.01192, 0.01206, 0.01216, 0.06103, 0.01232, 0.01232, 0.01244, 0.06373, 0.05149, 0.03871, 0.03883, 0.1052, 0.05311]","[]","[]",63,0
3.5,70,"[0.00046, 0.00164, 0.0158, 0.00211, 0.00426, 0.00463, 0.0029, 0.00339, 0.00836, 0.01698, 0.00485, 0.00977, 0.00986, 0.0471, 0.01193, 0.00614, 0.00653, 0.11791, 0.07287, 0.01466, 0.01509, 0.02301, 0.00782, 0.12542, 0.00786, 0.00793, 0.03221, 0.05829, 0.00838, 0.00864, 0.01746, 0.01746, 0.01773, 0.00905, 0.00915, 0.00919, 0.00961, 0.00986, 0.00988, 0.00998, 0.00999, 0.05021, 0.01014, 0.01068, 0.01137, 0.01145, 0.01162, 0.03495, 0.22765, 0.02592, 0.01325, 0.07997, 0.01334, 0.02677, 0.01345, 0.02743, 0.01387, 0.02783, 0.02847, 0.01442, 0.14484, 0.02928, 0.07483, 0.01509, 0.03082, 0.2483, 0.09357, 0.01567, 0.01696, 0.05111, 0.03446, 0.03447, 0.24361, 0.05221]","[]","[]",74,0
3.5,71,"[0.00137, 0.01109, 0.00412, 0.00901, 0.00912, 0.00458, 0.00487, 0.00491, 0.00525, 0.07394, 0.07419, 0.00591, 0.00604, 0.00606, 0.02472, 0.01297, 0.00672, 0.0075, 0.04011, 0.00815, 0.02537, 0.00895, 0.01834, 0.00919, 0.0096, 0.06948, 0.01005, 0.01011, 0.01016, 0.05341, 0.05484, 0.1767, 0.21014, 0.0112, 0.01125, 0.01131, 0.0348, 0.02381, 0.01198, 0.012, 0.012, 0.02479, 0.01251, 0.02524, 0.01291, 0.013, 0.03901, 0.09189, 0.06646, 0.01385, 0.01386, 0.01412, 0.08506, 0.01434, 0.01444, 0.24766, 0.04418, 0.17709, 0.0601]","[]","[]",59,0
3.5,72,"[0.00194, 0.00215, 0.0122, 0.02288, 0.00385, 0.00505, 0.00524, 0.0263, 0.00561, 0.00569, 0.0239, 0.00662, 0.02155, 0.02179, 0.00742, 0.01674, 0.05871, 0.03508, 0.00885, 0.00887, 0.00888, 0.00904, 0.00951, 0.0097, 0.01942, 0.00972, 0.02944, 0.00995, 0.07959, 0.02032, 0.01029, 0.03161, 0.01066, 0.07465, 0.01075, 0.10835, 0.02173, 0.07649, 0.01093, 0.0114, 0.01163, 0.22122, 0.0118, 0.20075, 0.01181, 0.01209, 0.07275, 0.01248, 0.01255, 0.01258, 0.10174, 0.01295, 0.01297, 0.01312, 0.07938]","[]","[]",55,0
3.5,73,"[0.0194, 0.04075, 0.00861, 0.00457, 0.02961, 0.01542, 0.00579, 0.00621, 0.00671, 0.00681, 0.04465, 0.01517, 0.05437, 0.01575, 0.02415, 0.00819, 0.00821, 0.01694, 0.00865, 0.02727, 0.01924, 0.05145, 0.01035, 0.01042, 0.01079, 0.01092, 0.01109, 0.0113, 0.01165, 0.01168, 0.1052, 0.04717, 0.04741, 0.02377, 0.03581, 0.01222, 0.01222, 0.01225, 0.08578, 0.07381, 0.01237, 0.01249, 0.21311, 0.02632, 0.02635, 0.01326, 0.01341, 0.02694, 0.01358, 0.01364, 0.02733, 0.06877, 0.01381, 0.05598, 0.01401, 0.02809, 0.01428, 0.08659, 0.01447]","[]","[]",59,0
3.5,74,"[0.00484, 0.0026, 0.00275, 0.00316, 0.0037, 0.01607, 0.00419, 0.01271, 0.00459, 0.03691, 0.03357, 0.00549, 0.00588, 0.06044, 0.00647, 0.021, 0.13506, 0.0081, 0.15905, 0.00859, 0.0087, 0.17031, 0.03648, 0.13889, 0.00993, 0.01986, 0.07011, 0.13384, 0.01031, 0.01046, 0.02141, 0.01081, 0.05512, 0.01128, 0.01138, 0.03455, 0.03584, 0.04789, 0.03736, 0.02523, 0.03864, 0.02577, 0.14276, 0.06544, 0.01312, 0.01313, 0.01339, 0.01353, 0.04208, 0.02856, 0.01456, 0.01499, 0.01509, 0.18117, 0.01514, 0.01515, 0.07611, 0.01523, 0.0153, 0.01565, 0.01579, 0.07914, 0.01585, 0.04773]","[]","[]",64,0
3.5,75,"[0.00076, 0.0018, 0.05376, 0.00387, 0.00432, 0.0046, 0.00462, 0.00527, 0.00542, 0.01153, 0.01217, 0.00663, 0.00687, 0.02063, 0.01507, 0.00771, 0.00775, 0.00775, 0.02465, 0.01682, 0.0516, 0.0172, 0.0268, 0.09126, 0.01834, 0.05979, 0.01994, 0.10105, 0.02081, 0.13549, 0.03167, 0.01063, 0.05422, 0.04477, 0.03399, 0.01134, 0.06865, 0.01161, 0.01162, 0.01167, 0.01182, 0.01187, 0.02406, 0.02438, 0.01242, 0.0249, 0.01273, 0.01308, 0.01346, 0.01357, 0.08166, 0.02748, 0.01393, 0.21568, 0.01444, 0.01463, 0.05853, 0.02929, 0.01466, 0.01488, 0.015, 0.01531, 0.09231, 0.01552, 0.04657, 0.2649, 0.07808, 0.01589, 0.03179, 0.01615, 0.0325, 0.01627, 0.06512, 0.01662, 0.01696, 0.01713, 0.01715, 0.12123, 0.03472, 0.01751, 0.01754, 0.0176, 0.08806]","[]","[]",83,0
3.5,76,"[0.00488, 0.00277, 0.00292, 0.05523, 0.00719, 0.00839, 0.00448, 0.01366, 0.00468, 0.00507, 0.0058, 0.01185, 0.03614, 0.01226, 0.00629, 0.02537, 0.01383, 0.007, 0.01456, 0.0078, 0.00795, 0.00831, 0.06757, 0.04269, 0.00878, 0.02685, 0.0091, 0.01833, 0.00933, 0.00936, 0.00947, 0.00962, 0.01941, 0.01002, 0.1443, 0.01041, 0.02101, 0.01065, 0.20281, 0.0217, 0.01087, 0.0667, 0.01129, 0.0454, 0.11502, 0.02359, 0.01183, 0.01205, 0.09875, 0.13623, 0.01246, 0.01252, 0.01254, 0.01267]","[]","[]",54,0
3.5,77,"[0.00112, 0.06197, 0.00396, 0.00444, 0.05734, 0.02551, 0.00643, 0.00706, 0.00716, 0.00724, 0.01465, 0.05505, 0.00814, 0.05796, 0.05854, 0.00861, 0.08775, 0.00926, 0.15106, 0.00999, 0.01018, 0.0114, 0.2202, 0.01198, 0.02403, 0.0122, 0.02476, 0.01239, 0.0126, 0.0126, 0.08987, 0.01287, 0.01344, 0.01351, 0.01432, 0.01441, 0.26124, 0.05815, 0.02931, 0.01474, 0.01482, 0.01507, 0.01515, 0.16736, 0.03065, 0.01539, 0.0154, 0.0155, 0.18666, 0.03173, 0.01627, 0.01649, 0.01675, 0.11891, 0.0349]","[]","[]",55,0
3.5,78,"[0.00274, 0.0078, 0.00486, 0.00486, 0.01072, 0.03303, 0.00598, 0.02529, 0.01936, 0.02828, 0.00716, 0.00765, 0.0543, 0.00803, 0.00819, 0.01735, 0.04378, 0.00879, 0.00893, 0.0181, 0.00943, 0.00959, 0.17322, 0.01014, 0.14752, 0.02112, 0.02119, 0.0109, 0.05483, 0.01106, 0.02297, 0.01169, 0.0117, 0.07021, 0.01182, 0.02427, 0.02457, 0.03708, 0.02478, 0.01259, 0.13974, 0.01289, 0.24754, 0.01305, 0.01307, 0.05305, 0.02669, 0.04056, 0.02731, 0.01374, 0.04295, 0.01444, 0.02936, 0.01482, 0.01501, 0.04582, 0.29075, 0.03076, 0.03116, 0.0156, 0.01562, 0.09388, 0.07827, 0.06353, 0.09575, 0.01606, 0.01617, 0.01624, 0.01634]","[]","[]",69,0
3.5,79,"[0.01513, 0.06744, 0.0058, 0.00639, 0.00641, 0.00733, 0.0077, 0.00831, 0.00841, 0.03547, 0.00917, 0.01888, 0.00958, 0.02892, 0.00982, 0.00984, 0.01986, 0.02021, 0.01021, 0.02093, 0.01058, 0.02152, 0.01091, 0.07665, 0.04392, 0.20935, 0.02207, 0.01104, 0.02253, 0.03382, 0.24729, 0.01184, 0.01191, 0.01239, 0.0124, 0.01284, 0.02585, 0.01301, 0.0264, 0.01329, 0.01341, 0.02683, 0.01346, 0.10823, 0.01357, 0.1528, 0.01444, 0.10171, 0.01485, 0.01489, 0.01519, 0.01545, 0.03092, 0.01566, 0.06334, 0.01601, 0.09753, 0.06521, 0.04938, 0.05001, 0.0167, 0.13569, 0.03399, 0.22141, 0.10259]","[]","[]",65,0
3.5,80,"[0.00131, 0.00226, 0.00235, 0.00917, 0.01584, 0.00354, 0.01173, 0.00399, 0.04559, 0.009, 0.01425, 0.07153, 0.0109, 0.00555, 0.00599, 0.00631, 0.02581, 0.01943, 0.00695, 0.00748, 0.10518, 0.03096, 0.03885, 0.02404, 0.00831, 0.0085, 0.00867, 0.00921, 0.04693, 0.00995, 0.04023, 0.05042, 0.01009, 0.01018, 0.02039, 0.02246, 0.04615, 0.01174, 0.01174, 0.01178, 0.01181, 0.08341, 0.01196, 0.02456, 0.17271, 0.01249, 0.02509]","[]","[]",47,0
3.5,81,"[0.00545, 0.00283, 0.00212, 0.00349, 0.0035, 0.01164, 0.00411, 0.01427, 0.01484, 0.00519, 0.00548, 0.03369, 0.00564, 0.00628, 0.00636, 0.00717, 0.00735, 0.01472, 0.02988, 0.0075, 0.00778, 0.00786, 0.00794, 0.00796, 0.00838, 0.00849, 0.0085, 0.00889, 0.00903, 0.00934, 0.01957, 0.00991, 0.01986, 0.03043, 0.04105, 0.19748, 0.05206, 0.0628, 0.12598, 0.01053, 0.01053, 0.01054, 0.11805, 0.01081, 0.01097, 0.01136, 0.01178, 0.09451, 0.01202, 0.01241, 0.26213, 0.04996, 0.02516, 0.01264, 0.01292, 0.02604]","[]","[]",56,0
3.5,82,"[0.0012, 0.03081, 0.00995, 0.00427, 0.00593, 0.00318, 0.01326, 0.01347, 0.00723, 0.00425, 0.00937, 0.00474, 0.00475, 0.00566, 0.06245, 0.0057, 0.01735, 0.00582, 0.00602, 0.04189, 0.00755, 0.00834, 0.11706, 0.03439, 0.0086, 0.00884, 0.0089, 0.01781, 0.01803, 0.04544, 0.00928, 0.02957, 0.00996, 0.20319, 0.05533, 0.01114, 0.01116, 0.01141, 0.01224, 0.01227, 0.06232, 0.01262, 0.01265, 0.01275, 0.01283, 0.0391, 0.23564, 0.01313, 0.03954]","[]","[]",49,0
3.5,83,"[0.00209, 0.06264, 0.02308, 0.07241, 0.01238, 0.0063, 0.01894, 0.00642, 0.00644, 0.00659, 0.00661, 0.01327, 0.00665, 0.00665, 0.00731, 0.1073, 0.05713, 0.16123, 0.11316, 0.01758, 0.0089, 0.00913, 0.00915, 0.07437, 0.00942, 0.00943, 0.00973, 0.03047, 0.0108, 0.07722, 0.0114, 0.20615, 0.13044, 0.03605, 0.04932, 0.05004, 0.01252, 0.02511, 0.01264, 0.01272, 0.20471, 0.01309, 0.06683, 0.02674, 0.19142, 0.0411, 0.01371, 0.01376, 0.0276, 0.08307, 0.2371, 0.01427, 0.01494, 0.01496, 0.15163, 0.03041, 0.01533, 0.03174, 0.01596, 0.01599, 0.04801, 0.03245, 0.03256]","[]","[]",63,0
3.5,84,"[0.00142, 0.0018, 0.00262, 0.01028, 0.02058, 0.03442, 0.09477, 0.08795, 0.0045, 0.00461, 0.00484, 0.01003, 0.00509, 0.01059, 0.0106, 0.01095, 0.0221, 0.0612, 0.119, 0.0065, 0.01993, 0.00684, 0.04597, 0.16442, 0.00799, 0.00816, 0.02527, 0.02538, 0.00849, 0.05312, 0.02678, 0.01785, 0.00917, 0.01905, 0.02914, 0.03925, 0.02084, 0.01073, 0.01078, 0.0108, 0.01082, 0.01089, 0.03314, 0.01123, 0.01151, 0.05776, 0.0116, 0.02356, 0.01191, 0.18265, 0.0122, 0.01226, 0.01267]","[]","[]",53,0
3.5,85,"[0.02004, 0.02483, 0.0022, 0.02229, 0.00313, 0.0075, 0.00387, 0.00428, 0.00455, 0.05753, 0.01693, 0.00607, 0.00617, 0.00619, 0.09378, 0.05782, 0.00647, 0.01296, 0.01345, 0.00712, 0.02149, 0.04683, 0.08619, 0.0159, 0.00814, 0.1717, 0.03289, 0.00856, 0.00872, 0.02687, 0.00905, 0.00908, 0.02027, 0.02034, 0.01027, 0.21613, 0.06841, 0.03445, 0.01165, 0.01178, 0.14147, 0.01182]","[]","[]",42,0
3.5,86,"[0.00208, 0.01834, 0.00276, 0.00602, 0.00311, 0.00312, 0.01023, 0.01702, 0.04533, 0.00936, 0.00479, 0.00505, 0.00582, 0.01266, 0.01461, 0.00752, 0.00804, 0.00824, 0.01707, 0.05295, 0.02686, 0.00902, 0.00905, 0.00919, 0.01871, 0.00937, 0.01937, 0.00969, 0.00991, 0.01044, 0.01079, 0.18439, 0.05463, 0.01114, 0.01121, 0.01135, 0.06881, 0.01177, 0.02357, 0.02375, 0.01201, 0.08473, 0.02426, 0.01218, 0.05352, 0.01341, 0.01354, 0.01388, 0.02834, 0.02882, 0.01444, 0.01451, 0.01473, 0.01489, 0.03001, 0.09022, 0.01511, 0.0615, 0.01539, 0.21677, 0.01559, 0.03123, 0.03129, 0.03135, 0.01575]","[]","[]",65,0
3.5,87,"[0.00271, 0.004, 0.01624, 0.0173, 0.00466, 0.00502, 0.01167, 0.00639, 0.00654, 0.07266, 0.00686, 0.00783, 0.01578, 0.008, 0.08652, 0.00902, 0.00906, 0.00912, 0.00921, 0.00971, 0.01052, 0.01063, 0.03343, 0.01128, 0.01144, 0.06963, 0.07265, 0.08639, 0.01238, 0.07621, 0.01303, 0.02651, 0.0398, 0.04041, 0.02817, 0.02867, 0.01441, 0.04345, 0.20431, 0.01484, 0.20802, 0.01497, 0.01499, 0.01501, 0.01511, 0.0307, 0.01541, 0.01554, 0.01603, 0.06432, 0.01615, 0.03257, 0.13035, 0.01654, 0.23224, 0.01698, 0.1359, 0.03443, 0.0174]","[]","[]",59,0
3.5,88,"[0.00173, 0.00327, 0.00331, 0.00364, 0.00425, 0.00433, 0.00972, 0.01539, 0.02141, 0.00562, 0.02295, 0.00603, 0.0139, 0.02943, 0.00755, 0.00795, 0.03214, 0.00816, 0.02455, 0.0246, 0.0342, 0.00893, 0.00991, 0.01035, 0.01036, 0.01066, 0.02236, 0.01122, 0.01131, 0.01174, 0.02351, 0.01179, 0.01189, 0.07286, 0.03704, 0.01248, 0.01285, 0.03878, 0.01334, 0.01343, 0.14888, 0.01373, 0.01394, 0.01419, 0.01477, 0.01503, 0.03013, 0.04584, 0.04586, 0.03183, 0.01603, 0.01629, 0.0165, 0.03344, 0.01689, 0.01702, 0.01718, 0.01756, 0.01768, 0.03572, 0.07201, 0.05426, 0.01812, 0.01815, 0.01825, 0.01828, 0.05508, 0.01844, 0.01849, 0.01852, 0.01858, 0.13071, 0.07505, 0.01887]","[]","[]",74,0
3.5,89,"[0.0012, 0.00773, 0.00434, 0.00448, 0.00498, 0.00503, 0.00517, 0.0052, 0.09103, 0.01107, 0.02947, 0.00667, 0.00692, 0.00719, 0.01495, 0.00784, 0.00796, 0.00807, 0.02429, 0.00862, 0.01756, 0.0353, 0.00897, 0.00916, 0.00934, 0.01882, 0.14226, 0.08591, 0.0192, 0.02884, 0.00964, 0.04996, 0.02008, 0.01018, 0.04082, 0.03086, 0.01043, 0.01051, 0.09519, 0.0426, 0.01138, 0.01146, 0.01168, 0.01179, 0.01197, 0.01209, 0.01213, 0.01241, 0.01265, 0.02538, 0.0128, 0.02598, 0.01327, 0.01337, 0.01418, 0.04288, 0.04366, 0.01465, 0.0147, 0.02953, 0.01487, 0.0149, 0.10482, 0.03006, 0.01551, 0.01568, 0.01578, 0.01594, 0.03225, 0.01642, 0.01652, 0.03308]","[]","[]",72,0
3.5,90,"[0.00169, 0.00091, 0.00189, 0.00101, 0.01905, 0.00286, 0.01173, 0.00497, 0.02818, 0.01316, 0.02816, 0.00706, 0.01438, 0.00724, 0.03687, 0.0077, 0.01542, 0.00785, 0.01655, 0.00832, 0.00837, 0.01715, 0.01793, 0.0092, 0.06941, 0.01, 0.01052, 0.01068, 0.0107, 0.01071, 0.03263, 0.21358, 0.05807, 0.01176, 0.01181, 0.01272, 0.17948, 0.05146, 0.01289, 0.01291, 0.27253, 0.01324, 0.01343, 0.02801, 0.07099, 0.08564, 0.01428, 0.01463, 0.20617, 0.01475, 0.01489, 0.03003, 0.01508, 0.01511, 0.03042, 0.01527, 0.04646, 0.01549, 0.09378, 0.01563, 0.01593, 0.01607, 0.01609, 0.0322, 0.01618]","[]","[]",65,0
3.5,91,"[0.00286, 0.00345, 0.02897, 0.01727, 0.00486, 0.01049, 0.0053, 0.01134, 0.01809, 0.00626, 0.01274, 0.0263, 0.01459, 0.0688, 0.0077, 0.0079, 0.008, 0.00808, 0.00846, 0.00848, 0.00849, 0.00901, 0.0469, 0.02848, 0.00962, 0.01947, 0.05033, 0.01036, 0.06444, 0.02252, 0.02253, 0.01142, 0.01174, 0.01183, 0.04806, 0.0121, 0.01228, 0.01261, 0.01273, 0.19342, 0.03876, 0.01292, 0.02595, 0.01303, 0.01322, 0.01351, 0.01373, 0.01387, 0.01399, 0.014, 0.01406, 0.04246, 0.18532, 0.13133, 0.01496, 0.01499, 0.01508, 0.01508, 0.01532, 0.01533]","[]","[]",60,0
3.5,92,"[0.0016, 0.00215, 0.04557, 0.00607, 0.01429, 0.00358, 0.00382, 0.00769, 0.00456, 0.02924, 0.01135, 0.00569, 0.0117, 0.00585, 0.02347, 0.00671, 0.00672, 0.00694, 0.01391, 0.0078, 0.13363, 0.01591, 0.02918, 0.03927, 0.00983, 0.02991, 0.05044, 0.0101, 0.01021, 0.02045, 0.21547, 0.01036, 0.01037, 0.0209, 0.01058, 0.02194, 0.24132, 0.05573, 0.01115, 0.01116, 0.01123, 0.01125, 0.06768, 0.02303, 0.2346, 0.02383, 0.01198, 0.01204, 0.01231, 0.01266, 0.01281, 0.05189, 0.01308, 0.01315, 0.10922, 0.01366, 0.08219, 0.08266, 0.0141, 0.01425, 0.0143, 0.08738, 0.14599, 0.10227]","[]","[]",64,0
3.5,93,"[0.00276, 0.00728, 0.00382, 0.00772, 0.00437, 0.02397, 0.03304, 0.03367, 0.03763, 0.01293, 0.00754, 0.00758, 0.00769, 0.00784, 0.00862, 0.01773, 0.00892, 0.02716, 0.00915, 0.00928, 0.00929, 0.0093, 0.00937, 0.0285, 0.05735, 0.14514, 0.01006, 0.02041, 0.01028, 0.01028, 0.02107, 0.03176, 0.18103, 0.01076, 0.04326, 0.01105, 0.01138, 0.01144, 0.03434, 0.09542, 0.02394, 0.01199, 0.01205, 0.01207, 0.01222, 0.01225, 0.12262, 0.12415, 0.0126, 0.03793, 0.02577, 0.03912, 0.18417, 0.01339, 0.02679, 0.01361, 0.01365, 0.02739, 0.01381, 0.01407]","[]","[]",60,0
3.5,94,"[0.00116, 0.00483, 0.00346, 0.00792, 0.00826, 0.01816, 0.00479, 0.00968, 0.00503, 0.00636, 0.00648, 0.00703, 0.00714, 0.00741, 0.045, 0.00825, 0.00829, 0.0084, 0.00857, 0.04367, 0.01784, 0.00903, 0.0638, 0.00918, 0.00957, 0.00968, 0.03948, 0.00992, 0.01985, 0.18636, 0.02084, 0.14634, 0.01055, 0.11964, 0.01107, 0.05578, 0.04493, 0.01124, 0.01129, 0.03426, 0.01159, 0.04891, 0.01247, 0.24093, 0.01298, 0.01323, 0.02696, 0.01369, 0.02739, 0.05653, 0.08621, 0.05823, 0.01475, 0.02953, 0.0149, 0.06041, 0.01546, 0.09282, 0.01558, 0.29665, 0.01561, 0.1103, 0.03221, 0.01624, 0.03285, 0.0329, 0.01645, 0.01661, 0.01669, 0.23442, 0.0168, 0.0169, 0.01695, 0.03402, 0.03412, 0.03469, 0.14235, 0.01786]","[]","[]",78,0
3.5,95,"[0.00044, 0.02768, 0.02347, 0.00289, 0.03734, 0.02492, 0.00898, 0.00452, 0.02265, 0.00479, 0.01092, 0.01118, 0.00566, 0.01153, 0.00591, 0.00618, 0.00639, 0.14122, 0.03425, 0.00695, 0.01413, 0.14548, 0.15627, 0.00745, 0.00769, 0.02325, 0.01594, 0.00801, 0.00824, 0.02541, 0.0085, 0.01742, 0.00885, 0.00908, 0.00936, 0.00937, 0.09474, 0.00958, 0.01035, 0.02096, 0.03391, 0.04543, 0.08157, 0.01183, 0.0119, 0.10966, 0.06143, 0.0248, 0.01247, 0.02503]","[]","[]",50,0
3.5,96,"[0.00834, 0.02555, 0.00361, 0.01151, 0.00419, 0.00423, 0.0103, 0.00658, 0.00665, 0.00682, 0.02129, 0.00711, 0.00733, 0.02982, 0.00772, 0.02377, 0.0081, 0.00816, 0.00817, 0.04281, 0.0086, 0.00883, 0.06226, 0.14136, 0.04735, 0.00952, 0.01954, 0.13044, 0.02022, 0.01013, 0.08139, 0.10633, 0.01064, 0.07693, 0.04434, 0.01141, 0.06854, 0.01149, 0.01153, 0.01158, 0.02372, 0.01205, 0.03636, 0.01213, 0.01222, 0.25726, 0.15965, 0.06227]","[]","[]",48,0
3.5,97,"[0.0006, 0.00359, 0.01413, 0.02381, 0.00545, 0.01168, 0.0066, 0.03364, 0.09868, 0.00737, 0.00744, 0.05246, 0.0154, 0.14859, 0.01655, 0.0083, 0.01674, 0.00844, 0.09435, 0.01819, 0.0091, 0.0093, 0.01062, 0.0222, 0.20808, 0.02319, 0.01165, 0.01177, 0.01206, 0.02565, 0.01287, 0.05206, 0.05214, 0.01322, 0.0265, 0.01355, 0.19196, 0.26121, 0.04154, 0.05563, 0.01397, 0.06995, 0.01402, 0.05609, 0.02807, 0.02836, 0.04289, 0.01438, 0.01439, 0.01439, 0.01447, 0.01448, 0.01456, 0.04372, 0.01461, 0.04422, 0.0148, 0.1647, 0.07488, 0.03049, 0.06116, 0.01555, 0.01566, 0.18917, 0.01592, 0.01599]","[]","[]",66,0
3.5,98,"[0.00119, 0.01205, 0.00907, 0.00249, 0.00604, 0.00657, 0.00366, 0.01234, 0.01007, 0.06599, 0.01034, 0.00547, 0.11839, 0.02325, 0.04327, 0.0067, 0.00679, 0.0074, 0.01502, 0.00786, 0.0733, 0.00817, 0.00828, 0.16041, 0.0085, 0.02558, 0.01727, 0.00905, 0.0095, 0.05707, 0.03839, 0.02891, 0.00997, 0.03098, 0.12606, 0.01055, 0.01059, 0.01084, 0.01085, 0.01132, 0.01146, 0.0118, 0.0122, 0.0122, 0.06109, 0.01235, 0.21051, 0.02521, 0.02539, 0.28094, 0.02586, 0.01344, 0.01363, 0.01369, 0.27702, 0.15248, 0.01406, 0.05655, 0.01419, 0.0142, 0.01425, 0.01427, 0.02897, 0.01493, 0.01519]","[]","[]",65,0
3.5,99,"[0.0219, 0.01149, 0.04567, 0.00461, 0.0158, 0.00547, 0.00549, 0.00663, 0.03436, 0.00695, 0.00749, 0.14298, 0.00763, 0.0077, 0.00772, 0.13255, 0.02593, 0.01752, 0.01795, 0.0091, 0.04601, 0.08133, 0.02037, 0.02058, 0.01051, 0.01058, 0.20242, 0.02168, 0.01107, 0.07772, 0.04522, 0.0115, 0.03496, 0.01167, 0.01168, 0.02352, 0.01185, 0.01203, 0.01228, 0.13636, 0.04976, 0.02512, 0.01256, 0.01259, 0.0127, 0.01287, 0.03915, 0.01321, 0.01331, 0.18725, 0.0271, 0.0136, 0.01387, 0.18195, 0.0283, 0.02867, 0.02885, 0.01474, 0.02983, 0.04475, 0.01502, 0.01521, 0.04615]","[]","[]",63,0

