3.5,0,"[0.00459, 0.00096, 0.00185, 0.00216, 0.00441, 0.00495, 0.01516, 0.00533, 0.00539, 0.00549, 0.01101, 0.0056, 0.00606, 0.03658, 0.00646, 0.00657, 0.00666, 0.0072, 0.05144, 0.00747, 0.0549, 0.00804, 0.02414, 0.16803, 0.11831, 0.14503, 0.01755, 0.00951, 0.00957, 0.00959, 0.02892, 0.01023, 0.01025, 0.01026, 0.04118, 0.01033, 0.01059, 0.0106, 0.07925, 0.01132, 0.01157, 0.01176, 0.0473, 0.01192, 0.01193, 0.03639, 0.0122, 0.01237, 0.01253, 0.02531, 0.03802, 0.02602, 0.01303, 0.01355, 0.23103, 0.01364, 0.01368, 0.0964, 0.01384, 0.19729, 0.01425, 0.01444, 0.01446, 0.01474, 0.08876, 0.01495]","[]","[]",66,0
3.5,1,"[0.03399, 0.00223, 0.00249, 0.00452, 0.00458, 0.01616, 0.00585, 0.01767, 0.00616, 0.0324, 0.0261, 0.00682, 0.00712, 0.01526, 0.00799, 0.00803, 0.00825, 0.00876, 0.03043, 0.01024, 0.0103, 0.09583, 0.01067, 0.04276, 0.04333, 0.01103, 0.01132, 0.01151, 0.02316, 0.10464, 0.01174, 0.01179, 0.01211, 0.01214, 0.02541, 0.02561, 0.02581, 0.02581, 0.09045, 0.18107, 0.01309, 0.01313, 0.01315, 0.01321, 0.10692, 0.02692, 0.10775, 0.01355, 0.01358, 0.01363, 0.01363, 0.01375, 0.01396, 0.12747, 0.01418, 0.01434, 0.01502, 0.10719, 0.13968, 0.01553, 0.01556, 0.03125, 0.01564, 0.01575, 0.01585, 0.03199, 0.03208, 0.01625, 0.01625, 0.03271, 0.01639, 0.01646, 0.01648]","[]","[]",73,0
3.5,2,"[0.00225, 0.00271, 0.00294, 0.00338, 0.00726, 0.03431, 0.00393, 0.05574, 0.00965, 0.00494, 0.01099, 0.11046, 0.0061, 0.00703, 0.05001, 0.01506, 0.00777, 0.13623, 0.0082, 0.02527, 0.05911, 0.03568, 0.01855, 0.13074, 0.06568, 0.00964, 0.00983, 0.02955, 0.00986, 0.01992, 0.01012, 0.01055, 0.01069, 0.0428, 0.0108, 0.04359, 0.01099, 0.01101, 0.01112, 0.01142, 0.02312, 0.02341, 0.15372, 0.12211, 0.04973, 0.01258, 0.01258, 0.01261, 0.07645, 0.01302, 0.01351, 0.01441, 0.24665, 0.05904, 0.04463, 0.01512, 0.03031, 0.06073, 0.01564, 0.03129]","[]","[]",60,0
3.5,3,"[0.0042, 0.00412, 0.01437, 0.02467, 0.00359, 0.00483, 0.01574, 0.00527, 0.00527, 0.0056, 0.00564, 0.00583, 0.02425, 0.01939, 0.09164, 0.00669, 0.00685, 0.00738, 0.02403, 0.01605, 0.01726, 0.07815, 0.0087, 0.01808, 0.0091, 0.13461, 0.00962, 0.00972, 0.00986, 0.01024, 0.10507, 0.05269, 0.01066, 0.01083, 0.01086, 0.02195, 0.01127, 0.01139, 0.02307, 0.09417, 0.01226, 0.0124, 0.01257, 0.01258, 0.0129, 0.01293, 0.013, 0.05452, 0.01364, 0.01372, 0.01381, 0.15248, 0.0139, 0.01391, 0.04236, 0.02857, 0.04355, 0.06088, 0.01535, 0.01555, 0.03112, 0.01569, 0.01572, 0.01575, 0.0317, 0.01589, 0.06369, 0.04791, 0.0481, 0.0161, 0.27753, 0.03273, 0.01642, 0.0496]","[]","[]",74,0
3.5,4,"[0.01822, 0.00248, 0.00502, 0.00328, 0.07028, 0.0318, 0.00355, 0.00809, 0.00409, 0.0301, 0.00528, 0.00548, 0.05188, 0.006, 0.00606, 0.00686, 0.10734, 0.07721, 0.00797, 0.008, 0.13296, 0.01704, 0.07939, 0.01869, 0.04727, 0.00954, 0.00982, 0.06974, 0.03024, 0.1226, 0.01022, 0.05149, 0.01054, 0.01064, 0.05619, 0.0113, 0.01136, 0.02285, 0.05753, 0.01171, 0.05867, 0.01179, 0.01183, 0.22496, 0.02395, 0.02433, 0.26077, 0.01261, 0.25247, 0.02525, 0.0257, 0.01292, 0.01296, 0.01322, 0.02691, 0.0136, 0.0954, 0.08278]","[]","[]",58,0
3.5,5,"[0.00915, 0.01124, 0.00376, 0.00391, 0.02765, 0.00491, 0.00522, 0.01144, 0.05888, 0.01206, 0.00609, 0.00612, 0.01272, 0.00638, 0.01329, 0.00707, 0.01456, 0.02338, 0.03145, 0.02386, 0.01624, 0.02603, 0.00875, 0.00944, 0.03903, 0.17683, 0.02948, 0.20907, 0.01027, 0.01148, 0.0577, 0.01157, 0.01162, 0.01164, 0.01196, 0.06067, 0.02465, 0.01239, 0.0126, 0.0381, 0.01273, 0.01308, 0.02633, 0.03957, 0.02688, 0.01358, 0.01415, 0.04355, 0.17451, 0.07275, 0.04478, 0.07507, 0.01528]","[]","[]",53,0
3.5,6,"[0.00127, 0.00164, 0.01598, 0.00306, 0.00373, 0.00392, 0.07615, 0.00854, 0.03192, 0.00481, 0.01037, 0.00541, 0.00619, 0.02482, 0.00652, 0.00677, 0.03008, 0.01644, 0.00827, 0.00837, 0.0428, 0.0257, 0.00867, 0.16531, 0.00876, 0.00883, 0.00894, 0.00907, 0.01901, 0.01909, 0.01968, 0.00991, 0.01989, 0.0606, 0.03041, 0.01044, 0.01088, 0.02181, 0.01115, 0.02327, 0.01174, 0.01212, 0.01214, 0.0122, 0.02469, 0.02481, 0.01254, 0.01268, 0.25375, 0.01294, 0.01306, 0.01344, 0.01351, 0.0274]","[]","[]",54,0
3.5,7,"[0.00094, 0.00173, 0.02742, 0.00283, 0.00679, 0.01133, 0.0596, 0.0063, 0.00638, 0.01289, 0.00671, 0.0344, 0.00696, 0.01408, 0.00749, 0.00774, 0.00809, 0.00828, 0.01671, 0.00853, 0.11287, 0.01748, 0.0088, 0.11644, 0.16124, 0.01842, 0.0559, 0.09491, 0.20589, 0.11808, 0.00996, 0.01005, 0.0101, 0.01013, 0.02028, 0.01024, 0.04115, 0.03122, 0.0105, 0.01068, 0.01096, 0.04393, 0.01107, 0.01135, 0.01148, 0.01149, 0.13918, 0.01195, 0.024, 0.06229, 0.01247, 0.01251, 0.01275, 0.05152, 0.07772, 0.01331, 0.01388, 0.02779, 0.01392, 0.01434]","[]","[]",60,0
3.5,8,"[0.0013, 0.00891, 0.00314, 0.00358, 0.03644, 0.01142, 0.00646, 0.0401, 0.00703, 0.00759, 0.00779, 0.00779, 0.00827, 0.0256, 0.06144, 0.01836, 0.01844, 0.00927, 0.00936, 0.04696, 0.00955, 0.00962, 0.01959, 0.00986, 0.00993, 0.01026, 0.01072, 0.02165, 0.15205, 0.01092, 0.02229, 0.07019, 0.10658, 0.0121, 0.0633, 0.0255, 0.01287, 0.01297, 0.01318, 0.02639, 0.01347, 0.01349, 0.01349, 0.01383, 0.0278, 0.07131, 0.02886, 0.01443, 0.24685, 0.01459, 0.01496, 0.01511, 0.01513, 0.03049, 0.03057, 0.03085, 0.01554, 0.0312, 0.12678, 0.01586, 0.2257, 0.01624, 0.03251, 0.01632, 0.01635]","[]","[]",65,0
3.5,9,"[0.03554, 0.03462, 0.00383, 0.00388, 0.00405, 0.00407, 0.00453, 0.00456, 0.00994, 0.00527, 0.00538, 0.00541, 0.01131, 0.00583, 0.00621, 0.02491, 0.13236, 0.00702, 0.00704, 0.03698, 0.00763, 0.00797, 0.02648, 0.00884, 0.00885, 0.05495, 0.02955, 0.01982, 0.01009, 0.04089, 0.01029, 0.11406, 0.01103, 0.01136, 0.0345, 0.01166, 0.03501, 0.02359, 0.16545, 0.0121, 0.03629, 0.03632, 0.01213, 0.24671, 0.08652]","[]","[]",45,0
3.5,10,"[0.01269, 0.01213, 0.00308, 0.05883, 0.00725, 0.04407, 0.0195, 0.00496, 0.00528, 0.01104, 0.04834, 0.02851, 0.09989, 0.02189, 0.126, 0.01508, 0.00767, 0.00768, 0.08468, 0.00771, 0.04626, 0.00772, 0.02319, 0.02329, 0.00828, 0.0172, 0.00887, 0.01789, 0.009, 0.00924, 0.00925, 0.0094, 0.02025, 0.01014, 0.01042, 0.01075, 0.03251, 0.01094, 0.0113, 0.01132, 0.01192, 0.03647, 0.0245, 0.02462, 0.02464, 0.01255, 0.01262, 0.05122, 0.01281, 0.06432]","[]","[]",50,0
3.5,11,"[0.01385, 0.01311, 0.00398, 0.00409, 0.00468, 0.08407, 0.02074, 0.09221, 0.00719, 0.0074, 0.08158, 0.054, 0.02759, 0.03733, 0.00949, 0.0095, 0.00951, 0.00971, 0.00974, 0.00994, 0.01007, 0.02025, 0.06268, 0.04385, 0.01168, 0.17563, 0.01238, 0.2477, 0.03779, 0.25246, 0.01307, 0.01314, 0.01334, 0.01336, 0.0268, 0.01341, 0.04029, 0.01372, 0.02754, 0.01397, 0.12714, 0.01417, 0.01418, 0.01429, 0.01432, 0.01433, 0.05885, 0.01473, 0.22158, 0.05957]","[]","[]",50,0
3.5,12,"[0.00168, 0.02554, 0.00327, 0.00361, 0.00373, 0.02363, 0.02223, 0.00942, 0.00475, 0.00521, 0.01248, 0.00668, 0.00699, 0.00718, 0.02943, 0.06236, 0.00829, 0.00857, 0.00891, 0.06357, 0.01886, 0.00951, 0.0096, 0.02886, 0.02958, 0.01011, 0.03034, 0.14196, 0.01015, 0.02063, 0.01033, 0.01039, 0.01085, 0.01109, 0.01128, 0.01133, 0.09113, 0.03417, 0.21975, 0.01191, 0.01193, 0.05988, 0.01203, 0.01258, 0.15208, 0.02574, 0.02629, 0.01337, 0.02692, 0.01355, 0.08157, 0.05477, 0.0139, 0.01394, 0.02796, 0.1263, 0.02826, 0.01446, 0.05902]","[]","[]",59,0
3.5,13,"[0.0046, 0.0022, 0.00237, 0.01024, 0.00354, 0.00755, 0.00762, 0.00421, 0.00451, 0.00945, 0.04958, 0.00521, 0.06931, 0.00562, 0.02269, 0.00609, 0.01988, 0.01997, 0.00703, 0.00738, 0.00774, 0.07415, 0.00835, 0.0084, 0.05936, 0.00874, 0.00875, 0.00883, 0.00889, 0.06558, 0.00948, 0.00958, 0.01953, 0.00998, 0.0103, 0.01044, 0.01052, 0.05319, 0.01135, 0.03413, 0.02314, 0.16859, 0.02417, 0.01209]","[]","[]",44,0
3.5,14,"[0.00651, 0.00798, 0.00883, 0.00538, 0.00604, 0.00604, 0.01294, 0.01345, 0.00751, 0.00803, 0.04928, 0.00859, 0.0089, 0.01816, 0.00913, 0.00915, 0.00929, 0.01877, 0.00951, 0.00977, 0.00981, 0.03063, 0.15414, 0.05648, 0.02331, 0.09855, 0.01238, 0.01239, 0.0126, 0.08848, 0.03844, 0.01293, 0.01302, 0.01309, 0.09354, 0.02748, 0.0138, 0.01427, 0.01432, 0.20107, 0.01475, 0.01499, 0.03011, 0.21182, 0.01523, 0.03059, 0.01537, 0.07752, 0.01563, 0.01575, 0.01617, 0.01621, 0.13125, 0.03318, 0.01662, 0.01672, 0.11734, 0.08402, 0.03363, 0.01692, 0.03476, 0.01748, 0.01754, 0.01761, 0.01775, 0.18044, 0.01822, 0.34918, 0.01852, 0.01865, 0.01882, 0.3228, 0.01902, 0.15237, 0.01924, 0.01948, 0.17776, 0.02026]","[]","[]",78,0
3.5,15,"[0.00124, 0.00149, 0.00693, 0.05748, 0.00449, 0.0055, 0.01312, 0.01335, 0.00744, 0.00789, 0.11103, 0.008, 0.01692, 0.0516, 0.00901, 0.02776, 0.00945, 0.09777, 0.00996, 0.07994, 0.01014, 0.02035, 0.01037, 0.06408, 0.04328, 0.05492, 0.01105, 0.05581, 0.02277, 0.01151, 0.01165, 0.01186, 0.01189, 0.03683, 0.01244, 0.04983, 0.03809, 0.02549, 0.01281, 0.01299, 0.06521, 0.07879, 0.01319, 0.01325, 0.07984, 0.02664, 0.01381, 0.01393, 0.07109, 0.05837, 0.01467, 0.01485, 0.02995, 0.04511, 0.04596, 0.01538, 0.0309, 0.03092, 0.01547, 0.01547, 0.04659, 0.01576, 0.07995, 0.01605, 0.04823]","[]","[]",65,0
3.5,16,"[0.00534, 0.00331, 0.00404, 0.04692, 0.00491, 0.08093, 0.00611, 0.01847, 0.03251, 0.00693, 0.00721, 0.02932, 0.00734, 0.00762, 0.02347, 0.00811, 0.00826, 0.15409, 0.0086, 0.00872, 0.00882, 0.1065, 0.10951, 0.00967, 0.0097, 0.01951, 0.20592, 0.00992, 0.00994, 0.01013, 0.04053, 0.04241, 0.01065, 0.01066, 0.02143, 0.02226, 0.04525, 0.11316, 0.14967, 0.04736, 0.01188, 0.04804, 0.02416, 0.02439, 0.07563, 0.16613, 0.01278, 0.01279, 0.01338, 0.02698, 0.02717, 0.02749, 0.01433, 0.2052, 0.02932, 0.02942, 0.0884]","[]","[]",57,0
3.5,17,"[0.00127, 0.0089, 0.00491, 0.00307, 0.00924, 0.00399, 0.0174, 0.00968, 0.03048, 0.00539, 0.01623, 0.00541, 0.01677, 0.00585, 0.01785, 0.00634, 0.00652, 0.00684, 0.00704, 0.02207, 0.00745, 0.00789, 0.00792, 0.03226, 0.01652, 0.06808, 0.06963, 0.0087, 0.14829, 0.03593, 0.00904, 0.00919, 0.11806, 0.04932, 0.06962, 0.0618, 0.01032, 0.01036, 0.02105, 0.05464, 0.01102, 0.01102, 0.05559, 0.02253, 0.01128, 0.12601, 0.19477, 0.02333, 0.02338, 0.03545, 0.02386, 0.01222, 0.0747, 0.01274]","[]","[]",54,0
3.5,18,"[0.00331, 0.00331, 0.00666, 0.0034, 0.00341, 0.02466, 0.00457, 0.06626, 0.00593, 0.04783, 0.00631, 0.03909, 0.00685, 0.01554, 0.0262, 0.01753, 0.01828, 0.01829, 0.00923, 0.00957, 0.00976, 0.00988, 0.01993, 0.04067, 0.01024, 0.03082, 0.01049, 0.01057, 0.06473, 0.03319, 0.03321, 0.06741, 0.02287, 0.01149, 0.05816, 0.01164, 0.01207, 0.06112, 0.03684, 0.02464, 0.04944, 0.01241, 0.04989, 0.03804, 0.01274, 0.01277, 0.21954, 0.01301, 0.01317, 0.03966, 0.07988, 0.01335, 0.28195, 0.01355, 0.01357, 0.01359, 0.01362, 0.01362, 0.02724, 0.05639, 0.01428, 0.04406, 0.02955, 0.01497, 0.05994, 0.13556, 0.01511, 0.01518, 0.0153]","[]","[]",69,0
3.5,19,"[0.00989, 0.03016, 0.00184, 0.00188, 0.00245, 0.01862, 0.00367, 0.03943, 0.04643, 0.00492, 0.07428, 0.0278, 0.00572, 0.00632, 0.00671, 0.02109, 0.00735, 0.00807, 0.04125, 0.00835, 0.0084, 0.00885, 0.00901, 0.01833, 0.00931, 0.00958, 0.087, 0.088, 0.0196, 0.01002, 0.07112, 0.04064, 0.01054, 0.17147, 0.01084, 0.20771, 0.09863, 0.01108, 0.13659, 0.01145, 0.01163, 0.23278, 0.01176, 0.01191, 0.01213, 0.01213, 0.01234, 0.01246, 0.01257, 0.02527, 0.01272, 0.01283, 0.05224, 0.02663, 0.0134, 0.05469, 0.01386, 0.04209, 0.3011, 0.10063, 0.01456, 0.01518, 0.01529, 0.0615, 0.13913, 0.01555, 0.09334, 0.04671, 0.08171]","[]","[]",69,0
3.5,20,"[0.00295, 0.00299, 0.01901, 0.01909, 0.02909, 0.01872, 0.00525, 0.04791, 0.00564, 0.00571, 0.00573, 0.00579, 0.00601, 0.00653, 0.02639, 0.11399, 0.0135, 0.01351, 0.00685, 0.00686, 0.01514, 0.01514, 0.00764, 0.06908, 0.03444, 0.00932, 0.13189, 0.01908, 0.00961, 0.0696, 0.09054, 0.03022, 0.04049, 0.01041, 0.01047, 0.03174, 0.01067, 0.01072, 0.01091, 0.0111, 0.02222, 0.01115, 0.01125, 0.02258, 0.01144, 0.02354, 0.0713, 0.08348, 0.01212, 0.01218, 0.01224, 0.11083, 0.01241, 0.0878, 0.01265, 0.1027, 0.01308, 0.01311, 0.06558, 0.06632, 0.01331, 0.01333, 0.02674, 0.01345, 0.01353, 0.04161, 0.0279]","[]","[]",67,0
3.5,21,"[0.00029, 0.00183, 0.00132, 0.00777, 0.00837, 0.00445, 0.00456, 0.0051, 0.01054, 0.01602, 0.02801, 0.01755, 0.02416, 0.00607, 0.06809, 0.08709, 0.00698, 0.0532, 0.00767, 0.00781, 0.01568, 0.00811, 0.08202, 0.0087, 0.00914, 0.02744, 0.00918, 0.01882, 0.01892, 0.00952, 0.0287, 0.01938, 0.01989, 0.01009, 0.02028, 0.12224, 0.04184, 0.05262, 0.04304, 0.01087, 0.01129, 0.01142, 0.03437]","[]","[]",43,0
3.5,22,"[0.01241, 0.00369, 0.02158, 0.00528, 0.02818, 0.04618, 0.01437, 0.07259, 0.00742, 0.00757, 0.00761, 0.07737, 0.02322, 0.05519, 0.02492, 0.00851, 0.00885, 0.00948, 0.01897, 0.00949, 0.00978, 0.20757, 0.01033, 0.02105, 0.02134, 0.09916, 0.03347, 0.07829, 0.01121, 0.01129, 0.20378, 0.05732, 0.01148, 0.01164, 0.01221, 0.03768, 0.0126, 0.01287, 0.06454, 0.01311, 0.02656, 0.01365, 0.04097, 0.01374, 0.014, 0.01423, 0.01445, 0.02892, 0.01449, 0.01466, 0.235, 0.04515, 0.01514, 0.04573]","[]","[]",54,0
3.5,23,"[0.00017, 0.00276, 0.02195, 0.00224, 0.03599, 0.00265, 0.00288, 0.00321, 0.00438, 0.01837, 0.0191, 0.00493, 0.00533, 0.00748, 0.00766, 0.00818, 0.00844, 0.11839, 0.01698, 0.0085, 0.00856, 0.00868, 0.0095, 0.00967, 0.0097, 0.00985, 0.00986, 0.06968, 0.08006, 0.04049, 0.01012, 0.01013, 0.04138, 0.01098, 0.03468, 0.01174, 0.01182, 0.01195, 0.04885, 0.03681, 0.01238, 0.06225, 0.02534, 0.02555, 0.01309, 0.01323, 0.01333, 0.01339, 0.02685, 0.01345, 0.10842, 0.01355, 0.01367, 0.01377, 0.08349, 0.02827, 0.02839, 0.04379, 0.01479, 0.03049, 0.1245, 0.01559, 0.06288, 0.07871, 0.01596, 0.01602, 0.01606, 0.01612, 0.03226, 0.01637, 0.01663, 0.01664, 0.08323]","[]","[]",73,0
3.5,24,"[0.0081, 0.0028, 0.01064, 0.00407, 0.01228, 0.00679, 0.00688, 0.01421, 0.07909, 0.00811, 0.00819, 0.00819, 0.0085, 0.00857, 0.00866, 0.01745, 0.01751, 0.00931, 0.01017, 0.02087, 0.08502, 0.01069, 0.03258, 0.01102, 0.01128, 0.01135, 0.01136, 0.04584, 0.01172, 0.01182, 0.01194, 0.03587, 0.01227, 0.07478, 0.01247, 0.10064, 0.1817, 0.01308, 0.22253, 0.02659, 0.0266, 0.01333, 0.05373, 0.01344, 0.08139, 0.02717, 0.0138, 0.0702, 0.19825, 0.0428, 0.0143, 0.01431, 0.02891, 0.24608, 0.01458, 0.05833, 0.01464, 0.04453, 0.08921, 0.08964, 0.06248, 0.03126, 0.01579, 0.01585, 0.01595]","[]","[]",65,0
3.5,25,"[0.00482, 0.0083, 0.01805, 0.0181, 0.00521, 0.00536, 0.00547, 0.01146, 0.00583, 0.00592, 0.00662, 0.0071, 0.06496, 0.00766, 0.00766, 0.00801, 0.01642, 0.05777, 0.00848, 0.03432, 0.01735, 0.02652, 0.00899, 0.00912, 0.02817, 0.00943, 0.02856, 0.07918, 0.00996, 0.02015, 0.01013, 0.03041, 0.02028, 0.01046, 0.0106, 0.03238, 0.01087, 0.07642, 0.09946, 0.01117, 0.0112, 0.01175, 0.02384, 0.10755, 0.02405, 0.10953, 0.17129, 0.03794, 0.10256, 0.06483, 0.02631, 0.02631, 0.04043, 0.01393, 0.01401, 0.01403, 0.01404, 0.02834, 0.01428, 0.0144, 0.01445, 0.01454, 0.04368, 0.01482, 0.015, 0.01502, 0.01521, 0.06108, 0.04586]","[]","[]",69,0
3.5,26,"[0.09968, 0.0909, 0.01021, 0.00531, 0.0107, 0.01086, 0.00603, 0.00606, 0.00647, 0.0131, 0.00655, 0.09349, 0.00682, 0.02123, 0.00717, 0.00718, 0.01533, 0.01544, 0.10124, 0.09387, 0.008, 0.00812, 0.01642, 0.03465, 0.12834, 0.00935, 0.00939, 0.00939, 0.02949, 0.00984, 0.0099, 0.01015, 0.01015, 0.02131, 0.03375, 0.01126, 0.01152, 0.03473, 0.0116, 0.02324, 0.05841, 0.02352, 0.07092, 0.02368, 0.02393, 0.01198, 0.01199, 0.01231, 0.01235, 0.01263, 0.01268, 0.05072, 0.01296, 0.12987, 0.02627, 0.02674, 0.02721, 0.01381, 0.2212, 0.02795, 0.01413, 0.02858, 0.0286, 0.17538, 0.01464, 0.0147, 0.01471, 0.0447]","[]","[]",68,0
3.5,27,"[0.00823, 0.01482, 0.00679, 0.01702, 0.00435, 0.01569, 0.00548, 0.00563, 0.01768, 0.01257, 0.00649, 0.03368, 0.03742, 0.04603, 0.00773, 0.0163, 0.02459, 0.01658, 0.00832, 0.00846, 0.14404, 0.06876, 0.00864, 0.01801, 0.00973, 0.00994, 0.01016, 0.01057, 0.06353, 0.01077, 0.01107, 0.01122, 0.02267, 0.01146, 0.01147, 0.01172, 0.01195, 0.036, 0.02401, 0.0125, 0.02503, 0.01262, 0.01264, 0.01279, 0.02585, 0.01297, 0.01309, 0.13162]","[]","[]",48,0
3.5,28,"[0.00206, 0.0227, 0.0047, 0.00491, 0.02083, 0.00553, 0.00578, 0.03035, 0.01224, 0.00641, 0.0069, 0.05703, 0.01468, 0.00781, 0.03133, 0.00825, 0.00897, 0.00963, 0.01928, 0.1392, 0.0302, 0.01018, 0.01047, 0.01073, 0.01078, 0.02157, 0.03252, 0.02203, 0.0111, 0.0111, 0.01118, 0.02289, 0.09494, 0.01208, 0.01214, 0.01224, 0.02472, 0.2368, 0.0128, 0.09034, 0.02592, 0.01303, 0.01321, 0.01332, 0.05335, 0.04001, 0.02687, 0.01344, 0.01354, 0.02718, 0.09527, 0.12321, 0.01374, 0.04274, 0.01442, 0.01478, 0.01479, 0.01493, 0.01496, 0.03021, 0.01517]","[]","[]",61,0
3.5,29,"[0.0023, 0.00171, 0.0081, 0.03813, 0.00545, 0.00549, 0.00596, 0.00601, 0.01957, 0.02017, 0.04201, 0.01423, 0.00736, 0.01482, 0.08965, 0.00806, 0.02441, 0.00857, 0.02616, 0.00926, 0.00937, 0.06565, 0.08489, 0.00953, 0.00972, 0.00983, 0.0099, 0.01024, 0.02132, 0.01067, 0.01077, 0.01096, 0.03309, 0.01132, 0.01147, 0.01169, 0.01186, 0.03656, 0.01232, 0.01237, 0.01255, 0.01261, 0.05148, 0.01291, 0.13162, 0.13187, 0.01335, 0.14864, 0.01361, 0.02728, 0.01398, 0.01412, 0.01421, 0.04291, 0.02887, 0.01455, 0.01461, 0.02982, 0.015, 0.04501, 0.09186]","[]","[]",61,0
3.5,30,"[0.00416, 0.03307, 0.00215, 0.00793, 0.00976, 0.01059, 0.01074, 0.01133, 0.03531, 0.01252, 0.00661, 0.01396, 0.00711, 0.02299, 0.02344, 0.00867, 0.00868, 0.01764, 0.01821, 0.00916, 0.00918, 0.08565, 0.02976, 0.03976, 0.00995, 0.00996, 0.07258, 0.01043, 0.01044, 0.02184, 0.02207, 0.01107, 0.2274, 0.01141, 0.01184, 0.22682, 0.01197, 0.08405, 0.01252, 0.01264, 0.07675, 0.01283, 0.01285, 0.01309, 0.03948, 0.01316, 0.05297]","[]","[]",47,0
3.5,31,"[0.00181, 0.00986, 0.00496, 0.00518, 0.00584, 0.00598, 0.00647, 0.03368, 0.03688, 0.00782, 0.04118, 0.01672, 0.00845, 0.00849, 0.00858, 0.01744, 0.01785, 0.00899, 0.00922, 0.01984, 0.03173, 0.02129, 0.15313, 0.077, 0.01107, 0.01111, 0.01132, 0.02296, 0.04673, 0.01177, 0.09449, 0.02429, 0.01221, 0.03686, 0.01233, 0.01247, 0.03756, 0.01256, 0.01272, 0.02563, 0.01335, 0.08049, 0.01348, 0.01352, 0.04209, 0.01412, 0.02851, 0.0143, 0.20146, 0.01443, 0.0146, 0.01478, 0.01491, 0.01541, 0.03085, 0.01544, 0.06246, 0.07896, 0.01593, 0.01599, 0.01607, 0.01614, 0.11338, 0.03251]","[]","[]",64,0
3.5,32,"[0.019, 0.00161, 0.0017, 0.00537, 0.00556, 0.0034, 0.00509, 0.01601, 0.00563, 0.00568, 0.00591, 0.00593, 0.01416, 0.02862, 0.02372, 0.00825, 0.01769, 0.00935, 0.0187, 0.00949, 0.00965, 0.00972, 0.08863, 0.04944, 0.08913, 0.00999, 0.01006, 0.01047, 0.0105, 0.08695, 0.0109, 0.19078, 0.0348, 0.01163, 0.01168, 0.02419, 0.03662, 0.01247, 0.10157, 0.01291, 0.01325, 0.0409, 0.01382, 0.01412, 0.0143, 0.01443, 0.01453, 0.01524, 0.01525, 0.01572, 0.01587, 0.01607, 0.04933, 0.01647, 0.01648, 0.03304, 0.01689, 0.06849, 0.01752, 0.01784]","[]","[]",60,0
3.5,33,"[0.00253, 0.00321, 0.00344, 0.00381, 0.0042, 0.00445, 0.00913, 0.02366, 0.00674, 0.00692, 0.02102, 0.00707, 0.00707, 0.00715, 0.00743, 0.03919, 0.03319, 0.01734, 0.00884, 0.00948, 0.00966, 0.03959, 0.03045, 0.19694, 0.01037, 0.03229, 0.02158, 0.01098, 0.01108, 0.04566, 0.01153, 0.08231, 0.10689, 0.02375, 0.07245, 0.10874, 0.04842, 0.01248, 0.24568, 0.10344, 0.05221, 0.01312, 0.03938, 0.02667, 0.01373, 0.01387, 0.01391, 0.02801, 0.02835, 0.01422, 0.02875, 0.01438, 0.10133, 0.0145, 0.04412]","[]","[]",55,0
3.5,34,"[0.00559, 0.00547, 0.0078, 0.05716, 0.00432, 0.00947, 0.00974, 0.00552, 0.01141, 0.00586, 0.00613, 0.00659, 0.00661, 0.0071, 0.00732, 0.00748, 0.01502, 0.07568, 0.00759, 0.14084, 0.09473, 0.00851, 0.00861, 0.00879, 0.08901, 0.0089, 0.00894, 0.00895, 0.18969, 0.00908, 0.05733, 0.00966, 0.01941, 0.01955, 0.01048, 0.13791, 0.0213, 0.14169, 0.0111, 0.13367, 0.02262, 0.01192, 0.01205, 0.04832, 0.03657, 0.01226, 0.02516, 0.01266, 0.02557, 0.0525, 0.04008, 0.01336, 0.18807, 0.05412, 0.0276, 0.04183, 0.01407, 0.01408, 0.01412, 0.01419, 0.0143, 0.01436, 0.04315, 0.0868, 0.08754, 0.01467, 0.0147, 0.0147, 0.01484, 0.01522, 0.03048, 0.06162, 0.03099, 0.01557, 0.01559, 0.03127, 0.01565, 0.01572, 0.01583, 0.0318, 0.07992, 0.01607]","[]","[]",82,0
3.5,35,"[0.00239, 0.00425, 0.00285, 0.00375, 0.06765, 0.01229, 0.03757, 0.00418, 0.00445, 0.00459, 0.0403, 0.00532, 0.06591, 0.02228, 0.02286, 0.11344, 0.07561, 0.01747, 0.01873, 0.00959, 0.00984, 0.02046, 0.04159, 0.03229, 0.01122, 0.02274, 0.01149, 0.02333, 0.0476, 0.04805, 0.01239, 0.02497, 0.0126, 0.01282, 0.01286, 0.05153, 0.01294, 0.01313, 0.11851, 0.09222, 0.01333, 0.0404, 0.01369, 0.01433, 0.01441, 0.01444, 0.01451, 0.01467, 0.04411, 0.01476, 0.04431, 0.01486, 0.01497, 0.01508, 0.01509, 0.01512, 0.01531, 0.01551, 0.03149, 0.04726, 0.01593, 0.08071, 0.12926, 0.04885, 0.01658, 0.0502, 0.01685, 0.01692, 0.01698, 0.01706, 0.12073, 0.03451, 0.03472, 0.01737, 0.0175, 0.01769, 0.01783, 0.03582, 0.03592, 0.01806, 0.03614, 0.03639, 0.01836, 0.01845, 0.35677, 0.0188]","[]","[]",86,0
3.5,36,"[0.00094, 0.00113, 0.0252, 0.00361, 0.00366, 0.00431, 0.00435, 0.02864, 0.07772, 0.00522, 0.10106, 0.00535, 0.00549, 0.01228, 0.04808, 0.00687, 0.00745, 0.00752, 0.02303, 0.00769, 0.12188, 0.01627, 0.00848, 0.00864, 0.00888, 0.02754, 0.03696, 0.17713, 0.00963, 0.00972, 0.02002, 0.03035, 0.01014, 0.01019, 0.03095, 0.13497, 0.01041, 0.01053, 0.01133, 0.02267, 0.06838, 0.01152, 0.04659, 0.03556, 0.05936]","[]","[]",45,0
3.5,37,"[0.00441, 0.00265, 0.05082, 0.00959, 0.00499, 0.01103, 0.00594, 0.00628, 0.01267, 0.03174, 0.01292, 0.00651, 0.02001, 0.01385, 0.00696, 0.007, 0.07255, 0.03064, 0.0615, 0.00779, 0.0079, 0.03341, 0.06837, 0.04403, 0.00889, 0.01787, 0.00903, 0.08139, 0.02748, 0.0286, 0.135, 0.00986, 0.00991, 0.02022, 0.02083, 0.02101, 0.01058, 0.02141, 0.04291, 0.0326, 0.02204, 0.02209, 0.01119, 0.03458, 0.01182, 0.01211, 0.01227, 0.03699, 0.01256, 0.01272, 0.02619, 0.0395, 0.01318, 0.0133, 0.02682, 0.01366, 0.01382, 0.01391, 0.01395, 0.01412, 0.01429]","[]","[]",61,0
3.5,38,"[0.00113, 0.00299, 0.03668, 0.00775, 0.08106, 0.01829, 0.0048, 0.00487, 0.00531, 0.081, 0.04237, 0.00661, 0.06029, 0.06066, 0.01371, 0.00766, 0.00835, 0.05113, 0.00859, 0.03541, 0.00905, 0.00991, 0.01, 0.03999, 0.20135, 0.10566, 0.05292, 0.01062, 0.16996, 0.02162, 0.01108, 0.01113, 0.06763, 0.04726, 0.07305, 0.01243, 0.01243, 0.01253, 0.01276, 0.03972, 0.01332, 0.28143, 0.02745, 0.02751, 0.02785, 0.26696, 0.0283, 0.01425, 0.01439, 0.08738, 0.0442, 0.13275, 0.17745, 0.11882, 0.01498, 0.03015, 0.07584]","[]","[]",57,0
3.5,39,"[0.00154, 0.00149, 0.00233, 0.00585, 0.00681, 0.00382, 0.00436, 0.00458, 0.00948, 0.02398, 0.00493, 0.03151, 0.00575, 0.03465, 0.006, 0.03769, 0.06318, 0.02843, 0.01477, 0.06931, 0.01621, 0.01624, 0.00819, 0.00879, 0.00881, 0.0089, 0.12613, 0.1544, 0.08192, 0.00913, 0.0092, 0.04613, 0.00937, 0.00954, 0.00983, 0.08892, 0.04157, 0.01049, 0.01078, 0.02398, 0.01208, 0.08501, 0.01231, 0.02491, 0.0125, 0.01272, 0.02594, 0.01337, 0.01343, 0.01349, 0.05445, 0.04124, 0.01392, 0.09843, 0.02833, 0.01441, 0.01443, 0.01445, 0.01446, 0.13028, 0.287, 0.01513, 0.04566, 0.01579, 0.11103, 0.01586, 0.01622, 0.01633, 0.01641, 0.13293, 0.08338, 0.01705, 0.01722, 0.06908, 0.05188, 0.01731]","[]","[]",76,0
3.5,40,"[0.00262, 0.0086, 0.0068, 0.01402, 0.00496, 0.04044, 0.01066, 0.01106, 0.03393, 0.02843, 0.01741, 0.01249, 0.04133, 0.00703, 0.02276, 0.01577, 0.09666, 0.01759, 0.00885, 0.00899, 0.00919, 0.06592, 0.00957, 0.02942, 0.02943, 0.01047, 0.05383, 0.02195, 0.01109, 0.02314, 0.03482, 0.01183, 0.01198, 0.02428, 0.02445, 0.01241, 0.02497, 0.01273, 0.02547, 0.02581, 0.02586, 0.02587, 0.02612, 0.02613, 0.01327, 0.02668, 0.01365, 0.01371, 0.01371, 0.08364, 0.01422, 0.01432, 0.01445, 0.0145, 0.30496, 0.24731]","[]","[]",56,0
3.5,41,"[0.00134, 0.0177, 0.008, 0.00592, 0.02821, 0.00806, 0.01662, 0.00912, 0.00516, 0.09293, 0.00731, 0.00748, 0.00749, 0.00768, 0.02306, 0.03081, 0.01556, 0.0079, 0.05788, 0.00834, 0.00858, 0.00904, 0.03709, 0.0095, 0.02857, 0.08587, 0.08593, 0.00961, 0.01025, 0.0103, 0.03121, 0.01078, 0.02179, 0.21711, 0.02287, 0.01159, 0.01168, 0.01175, 0.02499, 0.01267, 0.01274, 0.01294, 0.0131, 0.01312, 0.0264, 0.0134, 0.01346, 0.02714, 0.0277, 0.01391, 0.02793, 0.08504, 0.02883, 0.01445, 0.0439, 0.01465, 0.01466, 0.01493, 0.01565, 0.01597, 0.01604, 0.01612, 0.03233, 0.01623, 0.11446, 0.22905, 0.03282, 0.01642, 0.03293, 0.03299]","[]","[]",70,0
3.5,42,"[0.00339, 0.00189, 0.00195, 0.00213, 0.00233, 0.00495, 0.00818, 0.01645, 0.00374, 0.00934, 0.0056, 0.09977, 0.00613, 0.00614, 0.00615, 0.00625, 0.01379, 0.00713, 0.05402, 0.00785, 0.01609, 0.00847, 0.00866, 0.00871, 0.04391, 0.14994, 0.02974, 0.02122, 0.01074, 0.01078, 0.01078, 0.01107, 0.01109, 0.01112, 0.01118, 0.01164, 0.01188, 0.01223, 0.01253, 0.01258, 0.01279, 0.03921, 0.01315, 0.02657, 0.01331, 0.01333, 0.01334, 0.01352, 0.0279, 0.01412, 0.02859, 0.01436, 0.01436, 0.10099, 0.01447, 0.01458, 0.0147, 0.01477, 0.01497, 0.01506, 0.01529, 0.01533, 0.0462, 0.01541, 0.10956, 0.12576, 0.22225, 0.03196, 0.01608, 0.01637, 0.08286, 0.01663, 0.01668, 0.01675, 0.01692]","[]","[]",75,0
3.5,43,"[0.00046, 0.01579, 0.00555, 0.00285, 0.00321, 0.00371, 0.00768, 0.00398, 0.02513, 0.0042, 0.0044, 0.06708, 0.00489, 0.00492, 0.0994, 0.00587, 0.12784, 0.0064, 0.02159, 0.00764, 0.00774, 0.00791, 0.04757, 0.00794, 0.01676, 0.00841, 0.00858, 0.12432, 0.0183, 0.01929, 0.00984, 0.09055, 0.01009, 0.05077, 0.02063, 0.01054, 0.03175, 0.01063, 0.01075, 0.01082, 0.01138, 0.01162, 0.01172, 0.0119, 0.01201, 0.0122, 0.0122, 0.13986, 0.0257, 0.01285, 0.01288, 0.013, 0.10401, 0.01301, 0.03911, 0.02643, 0.0133, 0.13499, 0.04061, 0.01354]","[]","[]",60,0
3.5,44,"[0.0016, 0.00554, 0.00314, 0.00347, 0.04982, 0.02514, 0.02636, 0.0811, 0.00484, 0.02079, 0.00532, 0.01612, 0.00548, 0.0275, 0.12165, 0.08871, 0.01926, 0.00656, 0.01999, 0.00667, 0.00667, 0.00683, 0.00801, 0.00808, 0.00817, 0.00827, 0.00843, 0.00846, 0.11882, 0.11541, 0.00893, 0.00893, 0.00929, 0.00939, 0.01934, 0.01003, 0.01014, 0.01018, 0.02039, 0.01034, 0.01043, 0.01053, 0.10581, 0.02181, 0.01097, 0.01156, 0.01187, 0.01202, 0.01238, 0.01279, 0.01309, 0.0263, 0.0397, 0.04046, 0.06764, 0.04114, 0.0687, 0.01381, 0.02787, 0.01407, 0.14096, 0.19082, 0.07354, 0.01473, 0.0446, 0.03001, 0.01552, 0.01573, 0.01578, 0.0475, 0.03173, 0.01606, 0.08073, 0.2597, 0.03275, 0.03279, 0.03293]","[]","[]",77,0
3.5,45,"[0.00396, 0.00416, 0.01229, 0.00449, 0.00944, 0.0524, 0.00586, 0.01234, 0.00647, 0.00654, 0.00735, 0.0074, 0.00756, 0.03114, 0.00786, 0.00796, 0.02394, 0.00805, 0.01611, 0.0081, 0.01879, 0.01889, 0.01914, 0.04797, 0.00965, 0.04829, 0.00987, 0.08188, 0.02073, 0.04174, 0.01059, 0.01065, 0.01066, 0.02147, 0.01078, 0.01097, 0.01103, 0.02233, 0.01121, 0.19144, 0.02309, 0.07087, 0.03603, 0.06294, 0.01267, 0.08947, 0.02568, 0.01287, 0.12888, 0.01319, 0.11958, 0.02658, 0.0133, 0.01336, 0.01365, 0.23233, 0.04107, 0.01372, 0.01382, 0.19362, 0.01393, 0.19554, 0.01406, 0.01409, 0.01414]","[]","[]",65,0
3.5,46,"[0.00292, 0.00535, 0.00563, 0.01271, 0.0137, 0.053, 0.00786, 0.13524, 0.00832, 0.05827, 0.14208, 0.05943, 0.00895, 0.00901, 0.00909, 0.06576, 0.01113, 0.01201, 0.01228, 0.01273, 0.01304, 0.18572, 0.01355, 0.04097, 0.04131, 0.01397, 0.04269, 0.02903, 0.01464, 0.01466, 0.30151, 0.01541, 0.01574, 0.03158, 0.01579, 0.03214, 0.04829, 0.01694, 0.01702, 0.11986, 0.01721, 0.08683, 0.01748, 0.01771, 0.01772, 0.01795, 0.03622, 0.03626, 0.01826, 0.01863, 0.01871, 0.03802, 0.01915, 0.01985, 0.03981, 0.04083, 0.04169, 0.02101, 0.21069, 0.02138, 0.10741, 0.02168, 0.04341, 0.0218, 0.02197, 0.02205, 0.0222, 0.04564, 0.02315]","[]","[]",69,0
3.5,47,"[0.00066, 0.05602, 0.01578, 0.00396, 0.01107, 0.02959, 0.00629, 0.03172, 0.05867, 0.01446, 0.1466, 0.00743, 0.00769, 0.00776, 0.01573, 0.04815, 0.04893, 0.0172, 0.18486, 0.08848, 0.00885, 0.00935, 0.00935, 0.1139, 0.05726, 0.00998, 0.03204, 0.01079, 0.01096, 0.05502, 0.02218, 0.10088, 0.01123, 0.01126, 0.01147, 0.01147, 0.01157, 0.03477, 0.10827, 0.01213, 0.18391, 0.025]","[]","[]",42,0
3.5,48,"[0.00118, 0.00159, 0.00149, 0.00786, 0.00261, 0.00273, 0.00339, 0.00887, 0.01362, 0.00457, 0.00554, 0.04775, 0.00611, 0.03702, 0.00632, 0.00641, 0.13632, 0.06559, 0.00731, 0.00747, 0.00747, 0.0225, 0.04733, 0.00796, 0.11797, 0.00852, 0.03593, 0.00901, 0.09016, 0.04751, 0.02859, 0.01915, 0.00968, 0.05903, 0.04075, 0.02038, 0.04079, 0.02053, 0.01036, 0.01043, 0.01048, 0.01061, 0.03231, 0.0111, 0.03372, 0.0454, 0.01156, 0.23356, 0.01198, 0.1823, 0.01221, 0.01222, 0.01244, 0.1887, 0.01267, 0.01268]","[]","[]",56,0
3.5,49,"[0.00468, 0.0034, 0.00522, 0.01105, 0.01174, 0.10133, 0.01789, 0.05259, 0.05345, 0.007, 0.00719, 0.01476, 0.00752, 0.0379, 0.02383, 0.00845, 0.00845, 0.00853, 0.00893, 0.01835, 0.00933, 0.03777, 0.02908, 0.01001, 0.01013, 0.01035, 0.01038, 0.01045, 0.03155, 0.05367, 0.01093, 0.02244, 0.01134, 0.01139, 0.02333, 0.01168, 0.08224, 0.0118, 0.07114, 0.01235, 0.21149, 0.0125, 0.01255, 0.01267, 0.01305, 0.0131, 0.01313, 0.05266, 0.17261, 0.01334, 0.04023, 0.0137, 0.06933, 0.06944]","[]","[]",54,0
3.5,50,"[0.00146, 0.0062, 0.04432, 0.01082, 0.004, 0.00401, 0.0043, 0.02159, 0.0059, 0.00604, 0.00667, 0.00727, 0.01476, 0.01528, 0.024, 0.01636, 0.00831, 0.17697, 0.05225, 0.00902, 0.12644, 0.00908, 0.17105, 0.02004, 0.01006, 0.01009, 0.01042, 0.0105, 0.01059, 0.0106, 0.01078, 0.10783, 0.01103, 0.02221, 0.01119, 0.02238, 0.01146, 0.01156, 0.01165, 0.01177, 0.17005, 0.01223, 0.03679, 0.14827, 0.01249, 0.05086, 0.01304, 0.05299, 0.01356, 0.01358, 0.1643, 0.0138, 0.0138, 0.01433, 0.01443, 0.01449, 0.04363, 0.02931, 0.25038, 0.19504, 0.01534, 0.01581, 0.01581, 0.03182, 0.01593, 0.048, 0.01638, 0.06595]","[]","[]",68,0
3.5,51,"[0.0009, 0.00513, 0.0039, 0.02555, 0.00427, 0.01794, 0.09507, 0.00529, 0.01611, 0.04959, 0.00619, 0.00658, 0.00665, 0.00674, 0.02079, 0.00703, 0.00717, 0.008, 0.00809, 0.00884, 0.00892, 0.009, 0.00999, 0.07233, 0.03107, 0.0104, 0.01044, 0.01062, 0.04338, 0.0109, 0.06609, 0.0114, 0.01157, 0.01163, 0.03511, 0.01196, 0.0376, 0.21653, 0.01313, 0.01326, 0.01356, 0.01364, 0.01372, 0.20678, 0.02771, 0.04209, 0.08545, 0.01489, 0.01495, 0.01528, 0.0154, 0.0154, 0.03097, 0.0156, 0.29823, 0.01604, 0.01611, 0.08156, 0.01662, 0.01706]","[]","[]",60,0
3.5,52,"[0.02125, 0.00713, 0.06886, 0.00416, 0.02702, 0.0323, 0.00567, 0.12174, 0.00673, 0.00733, 0.00787, 0.01627, 0.02442, 0.11572, 0.12179, 0.04544, 0.0274, 0.00926, 0.00944, 0.00949, 0.0106, 0.01109, 0.0222, 0.04464, 0.02247, 0.023, 0.05778, 0.02321, 0.01192, 0.01194, 0.04781, 0.02393, 0.01198, 0.12036, 0.01225, 0.04938, 0.16095, 0.0374, 0.01257, 0.03834, 0.01299, 0.01303, 0.02711, 0.01363, 0.01395, 0.06998, 0.14045, 0.01412, 0.01465, 0.04442, 0.01497, 0.01514, 0.03031, 0.06077, 0.09179, 0.07753]","[]","[]",56,0
3.5,53,"[0.00091, 0.01539, 0.00348, 0.00369, 0.01439, 0.01111, 0.0056, 0.00594, 0.00612, 0.00634, 0.09177, 0.00678, 0.02908, 0.03656, 0.00743, 0.00749, 0.00783, 0.07124, 0.0081, 0.01686, 0.00868, 0.01743, 0.00893, 0.00903, 0.00922, 0.01916, 0.04967, 0.04015, 0.17083, 0.01019, 0.01078, 0.04346, 0.09904, 0.01116, 0.02288, 0.01145, 0.10351, 0.06989, 0.05899, 0.0359, 0.01198, 0.03607, 0.01213, 0.01222, 0.11094, 0.02471, 0.0126, 0.07604, 0.01288, 0.01298, 0.01301, 0.11816, 0.01317, 0.01353, 0.01368, 0.01374, 0.02786, 0.042, 0.01409, 0.09866, 0.01491, 0.11982, 0.03006, 0.01589, 0.01612, 0.01665, 0.01666, 0.08385, 0.01684, 0.01693, 0.01704, 0.06903, 0.3285, 0.01742, 0.01775]","[]","[]",75,0
3.5,54,"[0.00131, 0.00332, 0.03065, 0.04272, 0.08668, 0.00512, 0.0161, 0.01174, 0.00593, 0.02389, 0.00614, 0.05856, 0.10069, 0.01509, 0.00768, 0.06212, 0.0715, 0.00807, 0.00845, 0.01709, 0.00875, 0.02637, 0.00891, 0.02683, 0.02732, 0.00912, 0.02869, 0.00977, 0.0204, 0.0715, 0.01023, 0.01074, 0.0218, 0.01143, 0.01169, 0.01169, 0.02341, 0.07176, 0.012, 0.07245, 0.01288, 0.01292, 0.01301, 0.01304, 0.01314, 0.01367, 0.01397, 0.11352, 0.10043, 0.01437, 0.01442, 0.02887, 0.01446, 0.01477, 0.01486, 0.01496, 0.03007, 0.03012, 0.0155, 0.01558, 0.03152, 0.0158, 0.09496, 0.14263, 0.01595, 0.03213, 0.04862, 0.01642, 0.06574, 0.03299, 0.06601, 0.03321]","[]","[]",72,0
3.5,55,"[0.00099, 0.00167, 0.00275, 0.00828, 0.07726, 0.09469, 0.00927, 0.00962, 0.00987, 0.00506, 0.00537, 0.01118, 0.01208, 0.00606, 0.0763, 0.0894, 0.01406, 0.00719, 0.00749, 0.00811, 0.04071, 0.0164, 0.02496, 0.1083, 0.12159, 0.05326, 0.00894, 0.01931, 0.00971, 0.00972, 0.01956, 0.00984, 0.02976, 0.0104, 0.02098, 0.01068, 0.04295, 0.02179, 0.01097, 0.01106, 0.02224, 0.04457, 0.01115, 0.02269, 0.0116, 0.03547, 0.01192, 0.01212, 0.01216, 0.02436, 0.07421, 0.01266, 0.12743, 0.02551, 0.01282, 0.02598, 0.013, 0.02689, 0.04046, 0.06746, 0.0135, 0.0272, 0.22364, 0.01442, 0.01448, 0.01468, 0.01497, 0.04561, 0.07634, 0.0153, 0.01541, 0.03086, 0.01559, 0.01579]","[]","[]",74,0
3.5,56,"[0.00103, 0.01392, 0.00295, 0.00784, 0.01532, 0.00547, 0.00557, 0.0475, 0.00604, 0.02134, 0.01449, 0.01479, 0.00761, 0.00775, 0.00788, 0.00817, 0.00823, 0.00834, 0.00838, 0.00839, 0.02528, 0.01701, 0.17271, 0.02613, 0.00872, 0.00876, 0.00909, 0.01845, 0.04639, 0.00966, 0.0098, 0.00981, 0.01026, 0.14797, 0.02173, 0.01095, 0.0658, 0.01108, 0.02237, 0.11376, 0.1059, 0.02354, 0.01195, 0.02439, 0.01237, 0.04977, 0.01256, 0.01279, 0.02567, 0.19364, 0.05189, 0.01303, 0.01328, 0.02691, 0.0136, 0.01361, 0.27351, 0.01375, 0.01395, 0.05609, 0.01421, 0.01454, 0.18942, 0.22486, 0.01506, 0.01533, 0.09206, 0.01557, 0.01561, 0.04684, 0.01563]","[]","[]",71,0
3.5,57,"[0.0012, 0.00234, 0.01174, 0.00956, 0.00251, 0.02286, 0.01261, 0.04912, 0.00588, 0.02999, 0.01385, 0.00748, 0.00755, 0.0076, 0.00779, 0.00794, 0.00814, 0.05878, 0.00862, 0.03555, 0.01782, 0.00906, 0.0093, 0.00947, 0.02908, 0.00976, 0.0103, 0.01084, 0.21874, 0.07969, 0.22949, 0.01165, 0.01176, 0.01182, 0.06012, 0.0361, 0.0122, 0.13516, 0.25876, 0.07506, 0.12584, 0.01329, 0.0136, 0.0272, 0.05489, 0.02757, 0.22202, 0.0694, 0.20946]","[]","[]",49,0
3.5,58,"[0.00287, 0.00386, 0.00473, 0.0428, 0.00479, 0.00479, 0.01472, 0.0057, 0.00627, 0.00641, 0.03993, 0.00666, 0.01344, 0.00674, 0.0283, 0.01532, 0.03938, 0.06397, 0.00819, 0.00821, 0.10768, 0.00845, 0.00849, 0.00858, 0.00859, 0.01769, 0.01834, 0.01877, 0.02831, 0.00944, 0.00998, 0.01008, 0.01028, 0.01029, 0.0104, 0.01061, 0.21787, 0.01103, 0.01103, 0.01111, 0.0346, 0.02313, 0.16349, 0.16484, 0.02391, 0.09979, 0.01263, 0.01264, 0.0253, 0.01265, 0.21525, 0.02533, 0.03859, 0.01302, 0.01306, 0.04078, 0.0137, 0.15194, 0.06971, 0.01396, 0.1397, 0.02849, 0.01431, 0.01485, 0.05966, 0.21172, 0.01518, 0.01538, 0.03115, 0.06336, 0.12683, 0.14324, 0.0162]","[]","[]",73,0
3.5,59,"[0.00059, 0.00626, 0.00524, 0.01432, 0.00306, 0.00384, 0.00429, 0.02613, 0.00445, 0.00457, 0.00525, 0.00538, 0.00551, 0.00573, 0.01749, 0.00607, 0.01384, 0.00702, 0.01512, 0.15841, 0.01616, 0.08963, 0.00815, 0.00851, 0.0775, 0.02586, 0.00863, 0.01745, 0.02693, 0.01822, 0.18748, 0.0196, 0.02983, 0.07112, 0.15536, 0.02073, 0.10616, 0.10628, 0.06402, 0.01154, 0.01169, 0.01183, 0.01189, 0.01205, 0.04822, 0.02414, 0.0242, 0.01218, 0.01218, 0.01227, 0.02454, 0.01228, 0.01253, 0.0126, 0.02539, 0.01278, 0.01284, 0.01304, 0.01316, 0.01316, 0.01322, 0.02689, 0.01345, 0.0406, 0.04061, 0.01364, 0.06836, 0.06868, 0.01374, 0.19578]","[]","[]",70,0
3.5,60,"[0.00179, 0.00331, 0.01468, 0.01001, 0.01042, 0.0054, 0.02366, 0.00663, 0.00665, 0.0068, 0.007, 0.00704, 0.0213, 0.02942, 0.05906, 0.00778, 0.00786, 0.02387, 0.00853, 0.11096, 0.02571, 0.00858, 0.01718, 0.00859, 0.00883, 0.07237, 0.00937, 0.07503, 0.00985, 0.00989, 0.1399, 0.02063, 0.01068, 0.02145, 0.0326, 0.03306, 0.01104, 0.06655, 0.01111, 0.04455, 0.01137, 0.01176, 0.10783, 0.04801, 0.01204, 0.01213, 0.01218, 0.01238, 0.24764, 0.01256, 0.07705, 0.01284, 0.01295, 0.01298, 0.02596, 0.02633, 0.01349, 0.01358]","[]","[]",58,0
3.5,61,"[0.00089, 0.0023, 0.01131, 0.00435, 0.00451, 0.01001, 0.09531, 0.0055, 0.00578, 0.00589, 0.01772, 0.00608, 0.00642, 0.00647, 0.00685, 0.00691, 0.00692, 0.03849, 0.00792, 0.01588, 0.02472, 0.01657, 0.0333, 0.15881, 0.00856, 0.0355, 0.00902, 0.00905, 0.04585, 0.0551, 0.00929, 0.00931, 0.00937, 0.00939, 0.09132, 0.01044, 0.01046, 0.07394, 0.05477, 0.01097, 0.01107, 0.06674, 0.01129, 0.01144, 0.01168, 0.08242, 0.17675, 0.01213, 0.01257, 0.02516, 0.03857, 0.07839, 0.07985, 0.01335, 0.04006, 0.02711, 0.01356, 0.02713, 0.02739, 0.01434, 0.01446, 0.01474, 0.01488, 0.05962, 0.01509, 0.01514, 0.23208]","[]","[]",67,0
3.5,62,"[0.00179, 0.00371, 0.00204, 0.00574, 0.00665, 0.00369, 0.00379, 0.00404, 0.00435, 0.00467, 0.01928, 0.00487, 0.00489, 0.02571, 0.00548, 0.04396, 0.00591, 0.02441, 0.01891, 0.01318, 0.00671, 0.00674, 0.0137, 0.02121, 0.01474, 0.00769, 0.04862, 0.01741, 0.05446, 0.0091, 0.02746, 0.07328, 0.00924, 0.0191, 0.03883, 0.13687, 0.01995, 0.03166, 0.07409, 0.01064, 0.03211, 0.01071, 0.02147, 0.01094, 0.01105, 0.01129, 0.0115, 0.01151, 0.01197, 0.07316, 0.0122, 0.03681, 0.14924, 0.0125, 0.01267, 0.05191, 0.01304, 0.02609]","[]","[]",58,0
3.5,63,"[0.00237, 0.0031, 0.00745, 0.01257, 0.01827, 0.00504, 0.00536, 0.00545, 0.07398, 0.01299, 0.01461, 0.01468, 0.03021, 0.0076, 0.00763, 0.02414, 0.00836, 0.00859, 0.00925, 0.07597, 0.01943, 0.19838, 0.01035, 0.03107, 0.01045, 0.02098, 0.01055, 0.01109, 0.01118, 0.03567, 0.02379, 0.09655, 0.0122, 0.04903, 0.01227, 0.01236, 0.01247, 0.17487, 0.01252, 0.02509, 0.02609, 0.01343, 0.01353, 0.01378, 0.05553, 0.01412, 0.05681, 0.01424, 0.01435, 0.01437, 0.11533, 0.01455, 0.20623, 0.01484, 0.0149, 0.0149, 0.05976, 0.01494, 0.01501, 0.01514, 0.0153, 0.04604, 0.01544, 0.0156, 0.01567, 0.06271, 0.03145, 0.01575, 0.04824]","[]","[]",69,0
3.5,64,"[0.00061, 0.00284, 0.00296, 0.01324, 0.00491, 0.00631, 0.02566, 0.02674, 0.00704, 0.00777, 0.00791, 0.00816, 0.02501, 0.00856, 0.00882, 0.02669, 0.00892, 0.0179, 0.04486, 0.00898, 0.01857, 0.04711, 0.02839, 0.0483, 0.00976, 0.0986, 0.0099, 0.0917, 0.0104, 0.01044, 0.02135, 0.03341, 0.01131, 0.03414, 0.01157, 0.01157, 0.11682, 0.04743, 0.03562, 0.01193, 0.02423, 0.02459, 0.01238, 0.01242, 0.01243, 0.01246, 0.01251, 0.25031, 0.01265, 0.01288, 0.01314, 0.01317, 0.01318, 0.02641, 0.06622, 0.01334, 0.06678, 0.13426]","[]","[]",58,0
3.5,65,"[0.00119, 0.02496, 0.00206, 0.0031, 0.00332, 0.05455, 0.00481, 0.02188, 0.01198, 0.01255, 0.01307, 0.01315, 0.00661, 0.02094, 0.07158, 0.02169, 0.00778, 0.04773, 0.00819, 0.01651, 0.1672, 0.05077, 0.00858, 0.00871, 0.00873, 0.01756, 0.01812, 0.00908, 0.00919, 0.00921, 0.02766, 0.00922, 0.0189, 0.02866, 0.00996, 0.01, 0.02011, 0.01026, 0.02078, 0.15912, 0.01069, 0.03282, 0.02195, 0.0111, 0.21331, 0.05682, 0.17061, 0.01139, 0.01141, 0.01167, 0.0118, 0.01198, 0.01243, 0.0125, 0.25195]","[]","[]",55,0
3.5,66,"[0.00223, 0.00539, 0.00333, 0.00672, 0.06194, 0.01616, 0.04131, 0.0046, 0.00506, 0.01064, 0.05144, 0.01215, 0.05507, 0.00682, 0.01373, 0.02161, 0.05885, 0.0148, 0.00811, 0.11627, 0.00849, 0.02643, 0.00899, 0.063, 0.00903, 0.08308, 0.00969, 0.00987, 0.04007, 0.04021, 0.01016, 0.03063, 0.0104, 0.03145, 0.01053, 0.01098, 0.01112, 0.0116, 0.01166, 0.01183, 0.01222, 0.01229, 0.01247, 0.01251, 0.01258, 0.03814, 0.01286, 0.01296, 0.1037, 0.03912, 0.01308, 0.01317, 0.02639, 0.09281, 0.01346, 0.01369, 0.01374, 0.04235, 0.0142, 0.04282, 0.01431, 0.05754, 0.02892, 0.01461, 0.0297, 0.01506, 0.01518, 0.09124, 0.09201, 0.03109, 0.01566, 0.04705, 0.01589, 0.01604, 0.01608, 0.01618, 0.03247, 0.01634, 0.0327, 0.01642, 0.01647]","[]","[]",81,0
3.5,67,"[0.00546, 0.00313, 0.00315, 0.00316, 0.00344, 0.02113, 0.00465, 0.00573, 0.00673, 0.00677, 0.02156, 0.0072, 0.01495, 0.03055, 0.06921, 0.00775, 0.0079, 0.00801, 0.0089, 0.128, 0.00938, 0.02933, 0.05978, 0.02021, 0.09156, 0.02035, 0.07162, 0.01026, 0.01045, 0.0106, 0.05302, 0.01066, 0.18275, 0.02169, 0.0657, 0.09921, 0.01132, 0.02294, 0.01154, 0.01179, 0.02363, 0.01186, 0.06017, 0.02471, 0.01248, 0.0126, 0.01299, 0.01301, 0.11781, 0.01332, 0.05333, 0.01349, 0.01358, 0.0136, 0.0137, 0.05516, 0.01389, 0.01403, 0.09923, 0.01436, 0.02908, 0.01476, 0.1035, 0.07443, 0.01489, 0.01494, 0.04523, 0.01524, 0.01526, 0.01538, 0.01552, 0.03115, 0.03129, 0.29955, 0.01588, 0.01605]","[]","[]",76,0
3.5,68,"[0.01094, 0.0062, 0.01281, 0.0097, 0.00465, 0.00474, 0.00517, 0.00521, 0.0056, 0.04914, 0.00638, 0.00659, 0.00661, 0.00673, 0.13666, 0.00684, 0.00695, 0.01434, 0.00782, 0.12193, 0.07048, 0.01817, 0.00921, 0.03711, 0.02848, 0.01039, 0.01045, 0.01072, 0.04503, 0.05716, 0.03456, 0.0117, 0.04824, 0.16915, 0.07341, 0.01223, 0.0123, 0.01241, 0.11205, 0.01248, 0.01251, 0.05011, 0.01267, 0.01304, 0.01321, 0.01323, 0.12319]","[]","[]",47,0
3.5,69,"[0.01383, 0.00419, 0.00226, 0.00305, 0.01045, 0.00357, 0.00723, 0.00395, 0.00402, 0.01437, 0.00487, 0.0049, 0.01533, 0.03254, 0.01168, 0.04308, 0.0062, 0.00667, 0.00711, 0.00716, 0.00778, 0.02562, 0.03669, 0.00918, 0.01937, 0.0887, 0.01023, 0.2235, 0.01104, 0.0111, 0.02243, 0.03383, 0.01137, 0.01138, 0.01141, 0.01146, 0.0238, 0.01238, 0.01242, 0.05008, 0.02523, 0.01263, 0.01297, 0.013, 0.03919, 0.01335, 0.02682, 0.0135, 0.23254]","[]","[]",49,0
3.5,70,"[0.00783, 0.0013, 0.00391, 0.01666, 0.00456, 0.02578, 0.0052, 0.00549, 0.00603, 0.01812, 0.01221, 0.00657, 0.01417, 0.06423, 0.00725, 0.00731, 0.00732, 0.00738, 0.11241, 0.0153, 0.03886, 0.00796, 0.01614, 0.01662, 0.0084, 0.00847, 0.0085, 0.05284, 0.00902, 0.00925, 0.00928, 0.00934, 0.00936, 0.00952, 0.04831, 0.00992, 0.01007, 0.07079, 0.01015, 0.01021, 0.01059, 0.01066, 0.04324, 0.06592, 0.02259, 0.01152, 0.03477, 0.02327, 0.01164, 0.01165, 0.01168, 0.01168, 0.01176, 0.01187, 0.04751, 0.01199, 0.02402, 0.01208, 0.01216, 0.0748, 0.01249, 0.0125, 0.02505, 0.01269, 0.24215, 0.02552, 0.01285, 0.01304, 0.05318, 0.09374]","[]","[]",70,0
3.5,71,"[0.00142, 0.00275, 0.00329, 0.00666, 0.00422, 0.00463, 0.00495, 0.01004, 0.03775, 0.00541, 0.0222, 0.03061, 0.00629, 0.01463, 0.00733, 0.00746, 0.03758, 0.01504, 0.02315, 0.00799, 0.03277, 0.00855, 0.00871, 0.0088, 0.01818, 0.00913, 0.00919, 0.00936, 0.00969, 0.01942, 0.03953, 0.0099, 0.00998, 0.01101, 0.01106, 0.01136, 0.01138, 0.02286, 0.01151, 0.05776, 0.02311, 0.01174, 0.01177, 0.03532, 0.01178, 0.0238, 0.01212, 0.01219, 0.01253, 0.17714, 0.17882, 0.02628, 0.01318, 0.01319, 0.10695, 0.01342, 0.01344, 0.06914, 0.01386, 0.01391, 0.04218, 0.07034]","[]","[]",62,0
3.5,72,"[0.01231, 0.00178, 0.00213, 0.01072, 0.03171, 0.01124, 0.08675, 0.0263, 0.05655, 0.00707, 0.01446, 0.00768, 0.00784, 0.06622, 0.00828, 0.00829, 0.00863, 0.00911, 0.03691, 0.04828, 0.00982, 0.00999, 0.01037, 0.01091, 0.05535, 0.02283, 0.01147, 0.01173, 0.0118, 0.01208, 0.0121, 0.0492, 0.01257, 0.10086, 0.01274, 0.01291, 0.01296, 0.07839, 0.0393, 0.01313, 0.01317, 0.01332, 0.01353, 0.01357, 0.01375, 0.01408, 0.26892, 0.01421, 0.11389, 0.05707, 0.08575, 0.01442, 0.01459, 0.08822, 0.21223, 0.03041, 0.01527, 0.01538, 0.07734, 0.01551, 0.04689, 0.01565, 0.04838, 0.01615, 0.04846, 0.01616, 0.0162, 0.08213, 0.01648, 0.01652, 0.01656, 0.03335, 0.20211, 0.01687, 0.01694]","[]","[]",75,0
3.5,73,"[0.00411, 0.00223, 0.00729, 0.00298, 0.00374, 0.00457, 0.09213, 0.00528, 0.0649, 0.01103, 0.00553, 0.00556, 0.0173, 0.08122, 0.12791, 0.02594, 0.0392, 0.03964, 0.00666, 0.00679, 0.01405, 0.00723, 0.00727, 0.03762, 0.00766, 0.09997, 0.00771, 0.01552, 0.00824, 0.0264, 0.12428, 0.09453, 0.02852, 0.02963, 0.00992, 0.03311, 0.05548, 0.01112, 0.01112, 0.0112, 0.01132, 0.01137, 0.01152, 0.0347, 0.02353, 0.01184, 0.01199, 0.01216, 0.01259, 0.02565, 0.0257, 0.01287, 0.01297, 0.01298, 0.01316, 0.05556, 0.18297, 0.02815, 0.07136, 0.01477, 0.14831, 0.02976, 0.01506, 0.03167, 0.03173, 0.01588, 0.01591, 0.01593, 0.016, 0.01625, 0.01642, 0.2637, 0.01675, 0.01692, 0.0171]","[]","[]",75,0
3.5,74,"[0.00145, 0.00321, 0.00462, 0.00926, 0.05345, 0.01079, 0.02235, 0.0068, 0.00717, 0.00721, 0.00725, 0.03636, 0.01458, 0.00756, 0.00784, 0.00786, 0.00803, 0.02414, 0.0163, 0.00816, 0.02562, 0.0173, 0.18591, 0.16151, 0.06363, 0.03673, 0.00937, 0.00956, 0.0288, 0.00962, 0.00965, 0.03903, 0.00978, 0.02049, 0.03088, 0.01055, 0.01062, 0.01113, 0.02261, 0.01171, 0.01173, 0.02351, 0.02354, 0.02389, 0.01196, 0.012, 0.01214, 0.01231, 0.01233, 0.03712, 0.01252, 0.0252, 0.01276, 0.09318, 0.01357, 0.01358, 0.19281, 0.06984, 0.16891, 0.01409, 0.01417, 0.0143, 0.043, 0.01494, 0.01507, 0.0452, 0.15085, 0.03074]","[]","[]",68,0
3.5,75,"[0.00849, 0.00216, 0.00528, 0.01548, 0.00348, 0.0035, 0.00363, 0.0076, 0.00383, 0.00405, 0.00427, 0.00438, 0.05259, 0.02485, 0.01314, 0.00678, 0.04167, 0.0141, 0.00785, 0.00801, 0.12397, 0.00863, 0.04337, 0.02657, 0.00915, 0.0185, 0.01868, 0.01874, 0.05665, 0.04763, 0.03893, 0.00994, 0.00997, 0.00999, 0.03031, 0.01017, 0.01026, 0.0105, 0.02102, 0.01074, 0.01089, 0.04374, 0.02206, 0.01112, 0.03352, 0.01151, 0.0348, 0.02328, 0.01164, 0.08157, 0.08282, 0.01209, 0.02478, 0.01257, 0.01258, 0.01275, 0.24259, 0.01293, 0.02592, 0.03892]","[]","[]",60,0
3.5,76,"[0.00192, 0.00397, 0.02131, 0.00263, 0.01544, 0.00392, 0.00416, 0.00419, 0.00456, 0.01424, 0.00484, 0.00983, 0.00578, 0.02953, 0.00594, 0.00688, 0.00726, 0.00783, 0.00819, 0.0165, 0.04313, 0.00867, 0.00883, 0.01811, 0.00931, 0.00939, 0.00949, 0.01907, 0.1388, 0.01995, 0.08434, 0.01059, 0.03196, 0.03198, 0.03275, 0.08933, 0.01134, 0.03422, 0.14904, 0.03452, 0.01168, 0.13155, 0.01222, 0.07423, 0.02493, 0.01249, 0.01254, 0.01261, 0.10137, 0.02568, 0.01285, 0.25922, 0.02605, 0.01307, 0.0262, 0.22357, 0.18625, 0.01332, 0.01359, 0.01381, 0.01384, 0.0279, 0.01401, 0.01403, 0.02872, 0.01439, 0.02889]","[]","[]",67,0
3.5,77,"[0.00514, 0.05652, 0.00432, 0.00866, 0.00479, 0.00547, 0.0055, 0.01173, 0.00738, 0.00745, 0.00767, 0.04631, 0.00815, 0.11644, 0.01763, 0.00924, 0.03856, 0.00987, 0.00991, 0.02001, 0.01003, 0.10271, 0.08276, 0.05289, 0.03238, 0.02163, 0.01082, 0.03249, 0.01083, 0.01089, 0.0662, 0.01105, 0.04542, 0.03419, 0.01154, 0.01169, 0.07354, 0.0613, 0.07445, 0.01245, 0.02506, 0.01269, 0.06397, 0.01284, 0.01285, 0.02642, 0.02661, 0.06712, 0.01354, 0.0139, 0.01417, 0.04276, 0.01427, 0.02858, 0.0143, 0.04307, 0.02896, 0.01453, 0.07483, 0.03001, 0.03033, 0.0152]","[]","[]",62,0
3.5,78,"[0.00844, 0.032, 0.00184, 0.01758, 0.0036, 0.00367, 0.03769, 0.00456, 0.04772, 0.07544, 0.00554, 0.00556, 0.02882, 0.00637, 0.01969, 0.00682, 0.00683, 0.00717, 0.00725, 0.00738, 0.04162, 0.00856, 0.01783, 0.01786, 0.00955, 0.0862, 0.08651, 0.00976, 0.01007, 0.07082, 0.01019, 0.16979, 0.04248, 0.01071, 0.01081, 0.01089, 0.2086, 0.01098, 0.10016, 0.01119, 0.13596, 0.01142, 0.23331, 0.01205, 0.01265, 0.01267, 0.01288, 0.05248, 0.01315, 0.01336, 0.01336, 0.0268, 0.01341, 0.01345, 0.01357, 0.05475, 0.01371, 0.02745, 0.04158, 0.29929, 0.0998, 0.01484, 0.0152, 0.06097, 0.14057, 0.09388, 0.01575, 0.07993, 0.03214, 0.04836, 0.01646]","[]","[]",71,0
3.5,79,"[0.00052, 0.01503, 0.00788, 0.05535, 0.00401, 0.00424, 0.01309, 0.00449, 0.00953, 0.01091, 0.11274, 0.00639, 0.01452, 0.00738, 0.00803, 0.13964, 0.0085, 0.00906, 0.12862, 0.01859, 0.00942, 0.00949, 0.06783, 0.01961, 0.0099, 0.04075, 0.01019, 0.07154, 0.13534, 0.01056, 0.01089, 0.01097, 0.04485, 0.11289, 0.0115, 0.08091, 0.01197, 0.04853, 0.0124, 0.01261, 0.02526, 0.01292, 0.05169, 0.01294, 0.01296, 0.01299, 0.02602, 0.01306, 0.01338, 0.04075, 0.01375, 0.0138, 0.01422, 0.07156, 0.01438, 0.01453, 0.25063, 0.01491, 0.05964, 0.01503]","[]","[]",60,0
3.5,80,"[0.00085, 0.00127, 0.00135, 0.00137, 0.00376, 0.00305, 0.00379, 0.06942, 0.00416, 0.00427, 0.03881, 0.00456, 0.00508, 0.01039, 0.0425, 0.04891, 0.00558, 0.00581, 0.0059, 0.05868, 0.0068, 0.02092, 0.00733, 0.00737, 0.10631, 0.01609, 0.03315, 0.01692, 0.00858, 0.00876, 0.00879, 0.02745, 0.00942, 0.01886, 0.01892, 0.00954, 0.00969, 0.00994, 0.01006, 0.0101, 0.01058, 0.03292, 0.09933, 0.02213, 0.02262, 0.07977, 0.0115, 0.01155, 0.01158, 0.04723, 0.04736, 0.02371, 0.02372, 0.01204, 0.03725, 0.01244, 0.03736, 0.02559, 0.01333, 0.02692, 0.05443, 0.01366, 0.04137, 0.01389, 0.02831, 0.04273, 0.02902, 0.01471, 0.01473, 0.01477, 0.11969, 0.01502, 0.01527, 0.01532, 0.01539, 0.04628, 0.1094, 0.01576, 0.01602, 0.04811, 0.01638, 0.05024, 0.01699, 0.0171, 0.01717, 0.01742, 0.01749, 0.10528, 0.10536, 0.03523, 0.01774, 0.01778]","[]","[]",92,0
3.5,81,"[0.00221, 0.00329, 0.00364, 0.00375, 0.00526, 0.00548, 0.01112, 0.0058, 0.03639, 0.01432, 0.01496, 0.00777, 0.01564, 0.03218, 0.00852, 0.05168, 0.05196, 0.05347, 0.00911, 0.00932, 0.00989, 0.07924, 0.04954, 0.00999, 0.04997, 0.0101, 0.01024, 0.02069, 0.04188, 0.0546, 0.01115, 0.13388, 0.024, 0.01204, 0.02562, 0.02564, 0.01315, 0.01342, 0.11117, 0.04189, 0.19607, 0.01412, 0.01433, 0.07214, 0.17447, 0.04375, 0.0731, 0.0149, 0.01504, 0.01513, 0.01518, 0.03045, 0.01523, 0.326, 0.01565, 0.03133, 0.01573, 0.04732, 0.03162]","[]","[]",59,0
3.5,82,"[0.00184, 0.00102, 0.00347, 0.00259, 0.00386, 0.00394, 0.00448, 0.01544, 0.0053, 0.00542, 0.07845, 0.04643, 0.0063, 0.0264, 0.04065, 0.0142, 0.00821, 0.0083, 0.04245, 0.03481, 0.00893, 0.07189, 0.00921, 0.00968, 0.00978, 0.00986, 0.01049, 0.01055, 0.0109, 0.01095, 0.01131, 0.01134, 0.01173, 0.01176, 0.01199, 0.01204, 0.02512, 0.02576, 0.10523, 0.06648, 0.01332, 0.01356, 0.06986, 0.08387, 0.11242, 0.01419, 0.04318, 0.27357, 0.01444, 0.01449, 0.07318, 0.20497, 0.09013, 0.06038, 0.09108, 0.0306, 0.01534, 0.04652, 0.06254, 0.01569, 0.01575, 0.03159, 0.0158, 0.01583, 0.01586, 0.01589, 0.01611, 0.04901, 0.01643, 0.01664, 0.04999, 0.01671, 0.05016, 0.06769, 0.03422]","[]","[]",75,0
3.5,83,"[0.01351, 0.01991, 0.00664, 0.00673, 0.01123, 0.01214, 0.00444, 0.08727, 0.04046, 0.01298, 0.01303, 0.06257, 0.0656, 0.0147, 0.00744, 0.00747, 0.01554, 0.00786, 0.00816, 0.03268, 0.01693, 0.00849, 0.0356, 0.00901, 0.01817, 0.00922, 0.00953, 0.0191, 0.00995, 0.02033, 0.03121, 0.01043, 0.01053, 0.03181, 0.01077, 0.01126, 0.01145, 0.01152, 0.02339, 0.01184, 0.2255, 0.012, 0.07408, 0.03738, 0.01265, 0.01328, 0.01337, 0.01339, 0.01375, 0.04172, 0.04188, 0.09802, 0.05665, 0.02838, 0.01421, 0.01443, 0.02891, 0.08823, 0.01473, 0.20788, 0.01519, 0.13726, 0.13767, 0.01546, 0.03136]","[]","[]",65,0
3.5,84,"[0.00379, 0.00319, 0.00331, 0.00418, 0.00423, 0.00452, 0.01816, 0.00464, 0.00471, 0.00477, 0.00584, 0.01192, 0.00602, 0.00609, 0.08851, 0.06495, 0.01333, 0.00674, 0.02797, 0.02198, 0.01505, 0.01645, 0.01662, 0.00839, 0.00854, 0.00887, 0.00907, 0.01821, 0.0092, 0.00928, 0.19829, 0.00968, 0.01995, 0.17998, 0.02015, 0.01059, 0.0547, 0.01099, 0.01116, 0.01147, 0.15002, 0.02312, 0.03584, 0.03633, 0.07282, 0.01224, 0.01243, 0.03735, 0.02548, 0.01298, 0.01304, 0.01308, 0.16104, 0.01362, 0.1922, 0.02774, 0.12542, 0.05718, 0.01434, 0.01459, 0.02963, 0.02996, 0.01507, 0.03027, 0.25754, 0.01545, 0.04688, 0.03145, 0.06328]","[]","[]",69,0
3.5,85,"[0.00245, 0.00687, 0.00501, 0.00609, 0.01446, 0.00747, 0.00749, 0.00856, 0.00873, 0.02675, 0.00925, 0.00946, 0.0095, 0.11481, 0.07764, 0.00981, 0.07469, 0.01141, 0.01191, 0.01201, 0.01223, 0.03775, 0.0758, 0.11993, 0.01356, 0.13611, 0.02733, 0.01369, 0.01398, 0.03122, 0.03225, 0.29608, 0.01652, 0.01658, 0.34976, 0.01668, 0.01668, 0.18759, 0.17091, 0.01715, 0.03442, 0.01746, 0.01761, 0.03526, 0.01785, 0.01814, 0.01815, 0.01827, 0.25613, 0.01843, 0.05551, 0.03763, 0.0763, 0.05755, 0.03869, 0.05817, 0.01941, 0.01943, 0.0195, 0.05857, 0.01973, 0.11932]","[]","[]",62,0
3.5,86,"[0.00275, 0.0056, 0.0198, 0.01522, 0.01815, 0.04333, 0.03838, 0.00663, 0.00687, 0.1201, 0.01691, 0.0089, 0.01853, 0.13218, 0.01917, 0.00961, 0.00965, 0.00966, 0.00999, 0.01019, 0.01028, 0.01052, 0.18309, 0.22441, 0.02261, 0.01143, 0.01167, 0.06117, 0.01316, 0.01369, 0.01383, 0.09876, 0.01454, 0.10184, 0.10366, 0.03005, 0.03029, 0.01543, 0.09319, 0.03264, 0.0164, 0.01718, 0.05166, 0.01737, 0.01746, 0.12286, 0.05306, 0.17977, 0.03607, 0.25275, 0.01828, 0.05501, 0.01841, 0.01851, 0.01852, 0.01923, 0.03864, 0.17591, 0.01993, 0.01999, 0.02015, 0.06059, 0.02047, 0.02068, 0.14571, 0.04292, 0.08638, 0.02163, 0.02165, 0.02176, 0.04363, 0.02229, 0.02236, 0.02239, 0.02253, 0.02256]","[]","[]",76,0
3.5,87,"[0.00202, 0.00654, 0.00455, 0.00504, 0.00508, 0.07359, 0.00636, 0.00651, 0.04571, 0.01352, 0.01452, 0.00762, 0.00789, 0.06427, 0.0081, 0.00855, 0.01786, 0.00902, 0.03628, 0.01884, 0.00996, 0.02034, 0.06213, 0.01052, 0.14741, 0.01069, 0.01092, 0.18592, 0.01124, 0.03438, 0.0115, 0.1158, 0.01163, 0.01184, 0.04745, 0.10971, 0.0613, 0.01232, 0.16147, 0.01251, 0.02507, 0.01256, 0.01264, 0.0254, 0.268, 0.03896, 0.05198, 0.05202, 0.05274, 0.02653, 0.01342, 0.01368, 0.01378, 0.04184, 0.01417, 0.2555, 0.01442]","[]","[]",57,0
3.5,88,"[0.0031, 0.01162, 0.02717, 0.00492, 0.02027, 0.00546, 0.02113, 0.04385, 0.00761, 0.06747, 0.00874, 0.10714, 0.00898, 0.04602, 0.15865, 0.02837, 0.00949, 0.01902, 0.00952, 0.00957, 0.00965, 0.01009, 0.01015, 0.13308, 0.06348, 0.06358, 0.01068, 0.03337, 0.01135, 0.0117, 0.01175, 0.01232, 0.25938, 0.04993, 0.01271, 0.02544, 0.01296, 0.01304, 0.01309, 0.01315, 0.01333, 0.01392, 0.01402, 0.01405, 0.09891, 0.01431, 0.0144, 0.01454, 0.24904, 0.01471, 0.26862, 0.01544, 0.01554, 0.03121, 0.01561, 0.04684, 0.01578, 0.06362, 0.22461, 0.01609]","[]","[]",60,0
3.5,89,"[0.00017, 0.00291, 0.00213, 0.02205, 0.03591, 0.00261, 0.00303, 0.00337, 0.00439, 0.01846, 0.01893, 0.00488, 0.00525, 0.00737, 0.00767, 0.00802, 0.0168, 0.00846, 0.11855, 0.00847, 0.00865, 0.00873, 0.00963, 0.00974, 0.00984, 0.00985, 0.00987, 0.06956, 0.00996, 0.07989, 0.00999, 0.04038, 0.04123, 0.01104, 0.03484, 0.01184, 0.01193, 0.01197, 0.04873, 0.01229, 0.03686, 0.06242, 0.0255, 0.02564, 0.01306, 0.01337, 0.01338, 0.02687, 0.01346, 0.01348, 0.10829, 0.01356, 0.01357, 0.01394, 0.08365, 0.02832, 0.02856, 0.04366, 0.01467, 0.03067, 0.12433, 0.01574, 0.07876, 0.06303, 0.01589, 0.01596, 0.01605, 0.01618, 0.03243, 0.01636, 0.01647, 0.01658, 0.08324]","[]","[]",73,0
3.5,90,"[0.00248, 0.00452, 0.00255, 0.00269, 0.00857, 0.00301, 0.00352, 0.00468, 0.00511, 0.00534, 0.00536, 0.00557, 0.07382, 0.02841, 0.00585, 0.00587, 0.12711, 0.00643, 0.01297, 0.01329, 0.10112, 0.06319, 0.00759, 0.01541, 0.00774, 0.00785, 0.07083, 0.15145, 0.00806, 0.04154, 0.00845, 0.01725, 0.0174, 0.03593, 0.01842, 0.00926, 0.00927, 0.03794, 0.0095, 0.14336, 0.01001, 0.02046, 0.01075, 0.01087, 0.01137, 0.01161, 0.01172, 0.0118, 0.11908, 0.01195, 0.01203, 0.1232, 0.01271, 0.01276, 0.03829, 0.19209, 0.01309]","[]","[]",57,0
3.5,91,"[0.00185, 0.00221, 0.00317, 0.00528, 0.00544, 0.00665, 0.01355, 0.00681, 0.01375, 0.00721, 0.02183, 0.0224, 0.00754, 0.00786, 0.00807, 0.025, 0.00848, 0.03412, 0.02643, 0.00883, 0.05393, 0.04566, 0.09133, 0.18972, 0.07653, 0.00994, 0.05015, 0.01017, 0.01064, 0.01073, 0.16248, 0.09806, 0.01107, 0.01146, 0.01149, 0.0115, 0.0474, 0.16942, 0.01228, 0.1598, 0.01245, 0.02507, 0.03834, 0.01284, 0.26033, 0.01302, 0.01362, 0.04096, 0.01382, 0.04145, 0.01422, 0.01433, 0.21654, 0.02915, 0.01461, 0.01467, 0.08818, 0.02958, 0.02962, 0.01489, 0.01506, 0.01523, 0.04681, 0.0156, 0.01578, 0.01583, 0.01595, 0.01603, 0.0966, 0.01618, 0.01654, 0.01685, 0.01692, 0.10264, 0.01715, 0.25986, 0.03491, 0.03509, 0.01797, 0.07193]","[]","[]",80,0
3.5,92,"[0.00305, 0.06055, 0.00372, 0.00787, 0.02833, 0.02696, 0.01452, 0.0055, 0.00599, 0.00606, 0.00625, 0.00637, 0.00641, 0.00657, 0.00699, 0.01451, 0.00736, 0.12712, 0.10591, 0.05375, 0.0078, 0.00786, 0.01576, 0.00828, 0.00861, 0.06593, 0.00948, 0.01951, 0.00984, 0.01017, 0.01041, 0.01053, 0.02183, 0.02282, 0.01169, 0.02345, 0.01186, 0.24254, 0.08607, 0.01235, 0.01246, 0.02501, 0.01298, 0.01302, 0.13106, 0.01311, 0.09307, 0.03996, 0.01353, 0.0406, 0.0136, 0.04087, 0.01373, 0.01381, 0.01392, 0.01393, 0.01408, 0.01433, 0.0287, 0.04322, 0.01461, 0.01473, 0.05978, 0.04501, 0.01517]","[]","[]",65,0
3.5,93,"[0.00053, 0.00117, 0.0048, 0.05911, 0.05512, 0.0044, 0.02079, 0.06063, 0.01136, 0.00658, 0.00703, 0.05625, 0.00706, 0.00711, 0.00735, 0.00759, 0.00795, 0.01673, 0.00847, 0.00853, 0.05998, 0.01828, 0.00936, 0.10491, 0.02862, 0.04831, 0.00996, 0.02004, 0.03053]","[]","[]",29,0
3.5,94,"[0.00101, 0.00545, 0.03488, 0.00468, 0.00482, 0.00563, 0.00585, 0.00624, 0.10722, 0.01544, 0.03161, 0.00833, 0.11947, 0.00912, 0.00913, 0.01898, 0.00975, 0.03, 0.01047, 0.01049, 0.01055, 0.0109, 0.01094, 0.01109, 0.02237, 0.01121, 0.03364, 0.01127, 0.01144, 0.01156, 0.07059, 0.01178, 0.01184, 0.11977, 0.01199, 0.01214, 0.02475, 0.06221, 0.06277, 0.03901, 0.01321, 0.01334, 0.04076, 0.01366, 0.15053, 0.12447, 0.01387, 0.0139, 0.01391, 0.01391, 0.05602, 0.05629, 0.01453, 0.02953, 0.01508, 0.09059, 0.01543, 0.0155, 0.01553, 0.0782, 0.03157, 0.0954, 0.0159, 0.03236, 0.01626, 0.0163, 0.04897, 0.01638, 0.06553, 0.0166, 0.01661, 0.01698, 0.28868, 0.034]","[]","[]",74,0
3.5,95,"[0.00106, 0.00549, 0.00297, 0.00386, 0.03527, 0.0118, 0.00394, 0.00434, 0.03657, 0.00458, 0.07923, 0.00562, 0.0179, 0.01802, 0.00619, 0.01319, 0.0066, 0.00726, 0.0073, 0.00736, 0.00792, 0.11211, 0.00811, 0.07501, 0.00838, 0.00908, 0.00914, 0.01834, 0.00953, 0.00993, 0.02047, 0.01027, 0.09265, 0.01121, 0.01123, 0.01153, 0.0116, 0.01165, 0.04677, 0.01188, 0.03622, 0.01233, 0.01256, 0.01266, 0.02549, 0.01298, 0.01315, 0.01332, 0.02761, 0.01381, 0.01395, 0.04208, 0.01414, 0.01428, 0.01433, 0.02888, 0.01458, 0.01473, 0.01489, 0.13526, 0.01518, 0.01527, 0.06127, 0.06183, 0.10882, 0.07819, 0.03143, 0.04839, 0.01618, 0.01644, 0.03334, 0.01692, 0.01694, 0.01706, 0.06835, 0.01727, 0.0175, 0.01761, 0.03538, 0.01771, 0.01787, 0.0179, 0.01797, 0.03598, 0.01807, 0.1449]","[]","[]",86,0
3.5,96,"[0.00164, 0.00703, 0.04925, 0.00774, 0.01611, 0.00425, 0.00891, 0.00913, 0.00991, 0.05401, 0.01201, 0.00632, 0.11026, 0.03499, 0.01524, 0.06862, 0.00777, 0.00788, 0.00798, 0.00805, 0.03226, 0.00827, 0.01665, 0.05835, 0.00837, 0.00862, 0.17387, 0.06015, 0.01007, 0.0101, 0.01039, 0.04286, 0.01097, 0.02252, 0.02274, 0.0114, 0.14831, 0.0117, 0.01175, 0.01181, 0.0119, 0.01197, 0.04794, 0.1344, 0.01231, 0.01245, 0.08728, 0.01255, 0.2146, 0.01266, 0.0127, 0.03839, 0.0129, 0.02582, 0.01299, 0.01309, 0.18453, 0.02655, 0.0137, 0.02756, 0.01406]","[]","[]",61,0
3.5,97,"[0.00214, 0.00831, 0.00174, 0.00174, 0.05645, 0.00321, 0.00364, 0.00389, 0.00566, 0.00573, 0.0058, 0.01167, 0.01263, 0.00732, 0.00818, 0.01645, 0.05011, 0.00855, 0.10277, 0.13772, 0.03537, 0.00905, 0.01833, 0.04648, 0.00955, 0.01967, 0.01974, 0.01004, 0.02049, 0.01069, 0.04281, 0.01074, 0.01092, 0.01105, 0.01133, 0.02306, 0.02373, 0.01201, 0.01221, 0.02463, 0.01249, 0.01262, 0.07635, 0.01282, 0.0519, 0.0132, 0.06763]","[]","[]",47,0
3.5,98,"[0.00257, 0.0028, 0.00316, 0.00957, 0.00515, 0.07773, 0.00604, 0.01218, 0.0063, 0.06829, 0.00735, 0.00742, 0.13544, 0.00865, 0.07824, 0.00879, 0.00885, 0.17857, 0.02718, 0.01822, 0.00951, 0.03967, 0.12947, 0.01009, 0.02167, 0.0225, 0.04503, 0.06833, 0.01162, 0.01162, 0.01173, 0.13031, 0.08731, 0.06246, 0.06278, 0.08942, 0.18457, 0.02713, 0.1226, 0.01377, 0.23519, 0.01391, 0.01431, 0.02898, 0.11866, 0.03044, 0.06103, 0.0153, 0.03092, 0.01556, 0.0157, 0.01572, 0.01589, 0.01594, 0.01607, 0.0161, 0.08209, 0.03384, 0.01694, 0.01702, 0.03417, 0.01742, 0.01757, 0.07053, 0.01764, 0.24714, 0.03534, 0.03547]","[]","[]",68,0
3.5,99,"[0.00195, 0.00214, 0.00898, 0.00467, 0.01487, 0.0074, 0.0038, 0.00442, 0.00528, 0.0054, 0.02713, 0.00546, 0.00578, 0.01235, 0.00623, 0.00679, 0.01423, 0.01432, 0.00732, 0.00757, 0.00769, 0.00785, 0.07157, 0.1678, 0.0085, 0.06034, 0.17804, 0.00896, 0.05456, 0.01842, 0.0093, 0.00938, 0.10344, 0.01885, 0.00979, 0.02947, 0.0994, 0.14979, 0.01013, 0.01025, 0.03162, 0.03259, 0.01127, 0.01147, 0.01153, 0.01158, 0.01169, 0.01183, 0.02385, 0.12027, 0.01219, 0.01241, 0.01267, 0.01271, 0.02549, 0.01282, 0.05156, 0.01306, 0.01334, 0.05364, 0.01344, 0.13437, 0.02703, 0.04063, 0.12259, 0.01371, 0.06879, 0.0138, 0.29101, 0.22265, 0.05621, 0.01429, 0.02869, 0.0144, 0.04341, 0.01457, 0.20524, 0.01469, 0.01472, 0.05888]","[]","[]",80,0

