3.5,0,"[0.00165, 0.01883, 0.0038, 0.01635, 0.00394, 0.00443, 0.0045, 0.0052, 0.00521, 0.00534, 0.05804, 0.07444, 0.03533, 0.06075, 0.00772, 0.0079, 0.00828, 0.13463, 0.00845, 0.00874, 0.04655, 0.00958, 0.01922, 0.00973, 0.00989, 0.01997, 0.05034, 0.01017, 0.01022, 0.02052, 0.01034, 0.04343, 0.24012, 0.06558, 0.01093, 0.01098, 0.01102, 0.05528, 0.01113, 0.05708, 0.01149, 0.02313, 0.01168, 0.02355, 0.01275, 0.02554, 0.01287, 0.01287, 0.01311, 0.01314, 0.01321, 0.01334, 0.01381, 0.04179]","[]","[]",54,0
3.5,1,"[0.00036, 0.00039, 0.03656, 0.02809, 0.00374, 0.00404, 0.00431, 0.0768, 0.03778, 0.00548, 0.00657, 0.0066, 0.00687, 0.01487, 0.00758, 0.00768, 0.05521, 0.008, 0.00818, 0.00863, 0.03559, 0.02713, 0.02818, 0.0572, 0.18296, 0.00979, 0.04904, 0.00992, 0.01005, 0.02029, 0.01116, 0.01125, 0.11824, 0.09618, 0.01267, 0.01284, 0.01356, 0.01399, 0.21016, 0.01402, 0.01442, 0.01446, 0.0145, 0.01458, 0.02984, 0.01526, 0.01549, 0.01574, 0.01574, 0.01579, 0.01589, 0.01591, 0.01594, 0.01636, 0.01686, 0.01715, 0.01752, 0.07035, 0.14116, 0.0714, 0.07153, 0.01792, 0.01812, 0.01843, 0.27704]","[]","[]",65,0
3.5,2,"[0.0018, 0.03236, 0.04258, 0.01625, 0.00438, 0.03085, 0.00587, 0.0059, 0.012, 0.01814, 0.01265, 0.00643, 0.00654, 0.0286, 0.13749, 0.00873, 0.00887, 0.00888, 0.01798, 0.00916, 0.00925, 0.00926, 0.03716, 0.00935, 0.00971, 0.00994, 0.01018, 0.01019, 0.01022, 0.05366, 0.01095, 0.01118, 0.07837, 0.04536, 0.01137, 0.0351, 0.01193, 0.0241, 0.2313, 0.01234, 0.02524, 0.01269, 0.0128, 0.02565, 0.01315, 0.02735, 0.19521, 0.01395, 0.04192, 0.01398, 0.01423, 0.04329, 0.01452, 0.01467, 0.02947, 0.01513, 0.04542, 0.03068, 0.04689]","[]","[]",59,0
3.5,3,"[0.00166, 0.02575, 0.00342, 0.02464, 0.00729, 0.00377, 0.00381, 0.00454, 0.00531, 0.01801, 0.12842, 0.00685, 0.02133, 0.12886, 0.00732, 0.02347, 0.00879, 0.06163, 0.08808, 0.02693, 0.00907, 0.01814, 0.00958, 0.03941, 0.03062, 0.01031, 0.19908, 0.23767, 0.01106, 0.0225, 0.01139, 0.02298, 0.02328, 0.07158, 0.10743, 0.16769, 0.01204, 0.13502, 0.06146, 0.01234, 0.0883, 0.11575, 0.03872, 0.19502, 0.07814, 0.10439, 0.01322, 0.01336, 0.01362, 0.01369, 0.15123, 0.30252, 0.01378, 0.13846, 0.16808, 0.02834, 0.01419, 0.02917, 0.0146, 0.02947]","[]","[]",60,0
3.5,4,"[0.00057, 0.00871, 0.00295, 0.00321, 0.00356, 0.06028, 0.03822, 0.00822, 0.00429, 0.00485, 0.04129, 0.00555, 0.02616, 0.0068, 0.01373, 0.0625, 0.01432, 0.01446, 0.00773, 0.04653, 0.04867, 0.00818, 0.00833, 0.13952, 0.00962, 0.09861, 0.06914, 0.09908, 0.01001, 0.02027, 0.02035, 0.01032, 0.01032, 0.13424, 0.01033, 0.01058, 0.02135, 0.011, 0.02207, 0.03317, 0.10027, 0.01115, 0.24606, 0.0112, 0.0114, 0.03476, 0.01162, 0.04685, 0.01184, 0.12032, 0.01204, 0.12064, 0.02416, 0.02417, 0.01213, 0.01225, 0.11071, 0.01231, 0.01241, 0.01243, 0.01254, 0.01263, 0.01291, 0.01309, 0.0131, 0.01311, 0.01311, 0.01321, 0.01358, 0.04078]","[]","[]",70,0
3.5,5,"[0.00186, 0.00577, 0.00793, 0.00409, 0.00834, 0.05283, 0.00486, 0.05603, 0.10397, 0.00617, 0.01941, 0.13423, 0.00766, 0.04619, 0.00809, 0.00835, 0.03389, 0.00884, 0.00891, 0.05402, 0.00947, 0.00953, 0.18909, 0.01004, 0.15319, 0.02071, 0.01055, 0.0546, 0.011, 0.01116, 0.02333, 0.01185, 0.08309, 0.0119, 0.06025, 0.01212, 0.01218, 0.11072, 0.03706, 0.17668, 0.01278, 0.05144, 0.01291, 0.0391, 0.0397, 0.06714, 0.02704, 0.01368, 0.08262, 0.02757, 0.02773, 0.02787, 0.02788, 0.02794, 0.02795, 0.02807]","[]","[]",56,0
3.5,6,"[0.02042, 0.04184, 0.00222, 0.00627, 0.01294, 0.00359, 0.0774, 0.00447, 0.0047, 0.00957, 0.00507, 0.01054, 0.00539, 0.01137, 0.01247, 0.01405, 0.00713, 0.00743, 0.00821, 0.00829, 0.00829, 0.00829, 0.01682, 0.00851, 0.0856, 0.04308, 0.09921, 0.00946, 0.08656, 0.00964, 0.06745, 0.01939, 0.01957, 0.0098, 0.00985, 0.01029, 0.22737, 0.0207, 0.01035, 0.15533, 0.01047, 0.01048, 0.01063, 0.20268, 0.0323, 0.01105, 0.0114, 0.01143, 0.02344, 0.01192, 0.01203, 0.03625, 0.0122, 0.1358, 0.01247, 0.01276, 0.07719, 0.18017, 0.01322, 0.06633]","[]","[]",60,0
3.5,7,"[0.00512, 0.00102, 0.0022, 0.00236, 0.00241, 0.00248, 0.00271, 0.02268, 0.00354, 0.00839, 0.03707, 0.01436, 0.00615, 0.00621, 0.05979, 0.01456, 0.02985, 0.02271, 0.00759, 0.09175, 0.04767, 0.00815, 0.00825, 0.00845, 0.00851, 0.00871, 0.00914, 0.02769, 0.01877, 0.00985, 0.01988, 0.02056, 0.01119, 0.01124, 0.04574, 0.06869, 0.01158, 0.01168, 0.17701, 0.02374, 0.012, 0.01211, 0.14558, 0.13514, 0.01237, 0.04978, 0.0253, 0.01294, 0.02662, 0.01332, 0.01345, 0.02768, 0.25294, 0.07098, 0.0142, 0.0143, 0.01445, 0.0146, 0.26303, 0.10343, 0.01482, 0.01487, 0.11896, 0.04498, 0.02999, 0.01501, 0.28617, 0.03026, 0.01525, 0.06122, 0.29099, 0.01542, 0.01544, 0.01549, 0.04651, 0.01553, 0.0311, 0.01576]","[]","[]",78,0
3.5,8,"[0.01945, 0.00702, 0.00936, 0.03618, 0.0156, 0.07796, 0.01135, 0.05909, 0.00661, 0.06375, 0.00736, 0.00795, 0.00844, 0.02547, 0.00876, 0.03575, 0.01796, 0.00939, 0.00949, 0.03858, 0.0097, 0.00973, 0.01002, 0.09207, 0.01035, 0.04208, 0.01074, 0.01079, 0.21006, 0.01112, 0.06733, 0.08992, 0.01127, 0.18139, 0.01252, 0.01275, 0.01275, 0.02551, 0.13054, 0.02625, 0.15765, 0.01317, 0.01325, 0.29153, 0.01334, 0.01337, 0.01358, 0.01365, 0.12359, 0.04176, 0.01394, 0.01398, 0.04197]","[]","[]",53,0
3.5,9,"[0.00146, 0.01267, 0.00331, 0.00383, 0.00388, 0.0516, 0.09809, 0.00531, 0.01075, 0.06529, 0.01206, 0.00666, 0.00666, 0.02126, 0.0071, 0.00735, 0.01559, 0.01602, 0.00806, 0.04073, 0.00824, 0.02474, 0.00842, 0.00844, 0.00851, 0.00856, 0.15616, 0.01004, 0.01013, 0.0206, 0.03176, 0.01065, 0.0108, 0.01088, 0.20897, 0.06791, 0.17137, 0.01156, 0.01158, 0.16241, 0.01175, 0.01179, 0.01181, 0.03682, 0.07533, 0.03832, 0.013, 0.01301, 0.02631, 0.01318, 0.03964, 0.01322, 0.02652, 0.07984, 0.01334, 0.01342, 0.02686, 0.01354, 0.01355, 0.02711, 0.01372, 0.02779, 0.12515, 0.02791, 0.10341, 0.27237]","[]","[]",66,0
3.5,10,"[0.0026, 0.01228, 0.00358, 0.02248, 0.08347, 0.00423, 0.00438, 0.04977, 0.00504, 0.01019, 0.00521, 0.01142, 0.01153, 0.01839, 0.01301, 0.01954, 0.00661, 0.00666, 0.00667, 0.00671, 0.07443, 0.01498, 0.01498, 0.00768, 0.08546, 0.00792, 0.00806, 0.03352, 0.00851, 0.10265, 0.0087, 0.00874, 0.00879, 0.00899, 0.00905, 0.01838, 0.0382, 0.10628, 0.11661, 0.0198, 0.01013, 0.01087, 0.07857, 0.04492, 0.01124, 0.1602, 0.02326]","[]","[]",47,0
3.5,11,"[0.00281, 0.02096, 0.00434, 0.01376, 0.00557, 0.07254, 0.08526, 0.0062, 0.00639, 0.01289, 0.00672, 0.04876, 0.09149, 0.00808, 0.01626, 0.00813, 0.00847, 0.00856, 0.08581, 0.00923, 0.00928, 0.00933, 0.00946, 0.00976, 0.01006, 0.03024, 0.04076, 0.02043, 0.02045, 0.03079, 0.01057, 0.01085, 0.01099, 0.14579, 0.01141, 0.01141, 0.08228, 0.09439, 0.15657, 0.01218, 0.03663, 0.01222, 0.01257, 0.03786, 0.01299, 0.06585, 0.02639, 0.01328, 0.2527, 0.01339, 0.01349, 0.21649, 0.01363, 0.0275, 0.01381, 0.26272, 0.1522, 0.01391]","[]","[]",58,0
3.5,12,"[0.00239, 0.00434, 0.00935, 0.00517, 0.00567, 0.00571, 0.00645, 0.0324, 0.04676, 0.06571, 0.00766, 0.00793, 0.01608, 0.04081, 0.01662, 0.0168, 0.0086, 0.00865, 0.00917, 0.00945, 0.01002, 0.16066, 0.01012, 0.06125, 0.04087, 0.01049, 0.01068, 0.0107, 0.11782, 0.03282, 0.01122, 0.12639, 0.09224, 0.02316, 0.04675, 0.02342, 0.01203, 0.01205, 0.0363, 0.01241, 0.02495, 0.01268, 0.07619, 0.02553, 0.02576, 0.01298, 0.01305, 0.01323, 0.01329, 0.11985, 0.02766, 0.01406, 0.22543]","[]","[]",53,0
3.5,13,"[0.00178, 0.00191, 0.00252, 0.00879, 0.01797, 0.00307, 0.01088, 0.00428, 0.04899, 0.05319, 0.00527, 0.00533, 0.00575, 0.00583, 0.00614, 0.01237, 0.00625, 0.01265, 0.01291, 0.013, 0.00695, 0.02134, 0.0368, 0.00755, 0.01513, 0.03826, 0.00779, 0.05189, 0.00866, 0.00866, 0.02619, 0.00888, 0.00896, 0.02702, 0.0793, 0.00993, 0.03086, 0.0927, 0.01053, 0.01083, 0.02169, 0.01089, 0.06593, 0.01119, 0.25244, 0.0704, 0.01179, 0.01187, 0.19307, 0.02428, 0.18257]","[]","[]",51,0
3.5,14,"[0.0068, 0.00128, 0.00159, 0.00265, 0.04718, 0.00331, 0.02317, 0.00759, 0.00389, 0.02017, 0.01645, 0.00442, 0.00477, 0.01443, 0.00586, 0.03309, 0.04646, 0.0067, 0.00693, 0.00697, 0.00701, 0.01411, 0.16085, 0.08806, 0.00884, 0.01841, 0.01861, 0.00966, 0.05857, 0.00976, 0.0797, 0.05031, 0.01012, 0.01071, 0.01092, 0.01111, 0.03337, 0.04468, 0.01137, 0.01141]","[]","[]",40,0
3.5,15,"[0.00109, 0.00229, 0.00231, 0.00379, 0.03117, 0.06987, 0.00478, 0.06308, 0.01513, 0.00512, 0.01109, 0.01128, 0.01162, 0.00599, 0.08283, 0.00686, 0.00689, 0.04146, 0.00692, 0.00757, 0.00792, 0.00796, 0.04053, 0.00841, 0.00859, 0.00887, 0.07165, 0.08976, 0.00898, 0.02696, 0.06527, 0.0393, 0.08104, 0.0317, 0.01058, 0.03199, 0.10687, 0.10814, 0.01092, 0.01126, 0.034, 0.01135, 0.01149, 0.13933, 0.10579, 0.02367, 0.03633, 0.01213, 0.0607, 0.03653, 0.11383, 0.01268, 0.01277, 0.2081, 0.01308, 0.145, 0.06629, 0.16037, 0.02714, 0.09499, 0.02719, 0.02774, 0.05551, 0.06956, 0.01395, 0.18136, 0.06983, 0.01398, 0.01404, 0.01425, 0.04292, 0.14312, 0.01439, 0.05772]","[]","[]",74,0
3.5,16,"[0.00465, 0.00647, 0.0185, 0.00289, 0.00643, 0.01754, 0.0039, 0.00393, 0.00411, 0.05609, 0.03961, 0.00478, 0.05669, 0.00518, 0.00536, 0.00545, 0.00559, 0.00593, 0.00635, 0.0067, 0.04981, 0.03625, 0.00774, 0.00792, 0.17902, 0.00835, 0.02589, 0.0444, 0.082, 0.01847, 0.02809, 0.00939, 0.00974, 0.00993, 0.14088, 0.16215, 0.11444, 0.10485, 0.14225, 0.01104, 0.01122, 0.11554, 0.09342, 0.01195, 0.01197, 0.03606, 0.01205]","[]","[]",47,0
3.5,17,"[0.00533, 0.02588, 0.00286, 0.00317, 0.02341, 0.00417, 0.04331, 0.00481, 0.01497, 0.03201, 0.01647, 0.08992, 0.0059, 0.00597, 0.00615, 0.00623, 0.01253, 0.06396, 0.02178, 0.00738, 0.11921, 0.00746, 0.01594, 0.00841, 0.04232, 0.01707, 0.0171, 0.00856, 0.00886, 0.07096, 0.07315, 0.1241, 0.0972, 0.11866, 0.00997, 0.07976, 0.0606, 0.02039, 0.02046, 0.04158, 0.032, 0.02177, 0.02198, 0.01131, 0.01159, 0.01217, 0.10962, 0.0123, 0.03727, 0.01243, 0.08844, 0.03869, 0.13072, 0.01324, 0.11949, 0.01329, 0.01332, 0.04002, 0.02742, 0.30328, 0.0139, 0.01409, 0.04236]","[]","[]",63,0
3.5,18,"[0.00752, 0.0216, 0.07675, 0.00433, 0.05461, 0.0139, 0.0047, 0.09321, 0.01564, 0.01581, 0.01076, 0.00582, 0.0061, 0.0124, 0.00622, 0.02053, 0.00688, 0.01418, 0.00768, 0.03284, 0.09171, 0.06682, 0.04194, 0.01684, 0.00857, 0.04346, 0.00901, 0.06508, 0.02821, 0.00949, 0.0095, 0.00986, 0.01023, 0.01032, 0.02082, 0.01063, 0.02143, 0.0441, 0.03356, 0.01138, 0.03425, 0.01169, 0.012, 0.12013, 0.01211, 0.08659, 0.04953, 0.02489, 0.0255, 0.01303, 0.01329]","[]","[]",51,0
3.5,19,"[0.0003, 0.0032, 0.00489, 0.03404, 0.0043, 0.07014, 0.01409, 0.00477, 0.04644, 0.00519, 0.06874, 0.00599, 0.04715, 0.05659, 0.02968, 0.07494, 0.01515, 0.00777, 0.01747, 0.07125, 0.00923, 0.01907, 0.06886, 0.05163, 0.01035, 0.01042, 0.16914, 0.14231, 0.0657, 0.01113, 0.03361, 0.04486, 0.01124, 0.03402, 0.0573, 0.03581, 0.01196, 0.01199, 0.03675, 0.03676, 0.01226, 0.03765, 0.1256, 0.05043, 0.03802, 0.07649, 0.03829, 0.07682, 0.01281, 0.02567, 0.01297, 0.02621, 0.01318, 0.0132, 0.06713, 0.04028, 0.02688, 0.01368, 0.01384, 0.04154, 0.05563, 0.05596]","[]","[]",62,0
3.5,20,"[0.0049, 0.03297, 0.0065, 0.00424, 0.00455, 0.00494, 0.01027, 0.00521, 0.00558, 0.01196, 0.00608, 0.07591, 0.00663, 0.02799, 0.15732, 0.00743, 0.00768, 0.00777, 0.0234, 0.00866, 0.00894, 0.00908, 0.00936, 0.00943, 0.00944, 0.06689, 0.02898, 0.11744, 0.01962, 0.0102, 0.02076, 0.02079, 0.05361, 0.01092, 0.01098, 0.04398, 0.02309, 0.0234, 0.01202, 0.02454, 0.01253, 0.18823, 0.03813, 0.01272, 0.01278, 0.02561, 0.01283, 0.01327, 0.01335, 0.01389, 0.02817, 0.0141, 0.01416, 0.02842, 0.0573, 0.01442, 0.01478, 0.01487, 0.01505, 0.01509, 0.0152, 0.01523, 0.0153, 0.01542, 0.01576, 0.01582, 0.03182, 0.01604, 0.01615, 0.16235, 0.01637, 0.01641, 0.01686, 0.01688, 0.03409, 0.05179, 0.06937, 0.12206]","[]","[]",78,0
3.5,21,"[0.00308, 0.0207, 0.00377, 0.00877, 0.01757, 0.00915, 0.02754, 0.00496, 0.05951, 0.06795, 0.00658, 0.0132, 0.0136, 0.00743, 0.09945, 0.00842, 0.01685, 0.05222, 0.00881, 0.1712, 0.03748, 0.00937, 0.02827, 0.01941, 0.01086, 0.01124, 0.03398, 0.02287, 0.01198, 0.012, 0.08407, 0.18052, 0.01211, 0.22021, 0.01224, 0.01233, 0.01245, 0.03752, 0.01256, 0.01323, 0.02657, 0.04027, 0.0271, 0.02723, 0.01364, 0.01373, 0.11017, 0.01383, 0.02797, 0.27043, 0.01426, 0.01461, 0.01485, 0.11968, 0.01509, 0.13602, 0.06065, 0.01535, 0.07684, 0.07705, 0.01546]","[]","[]",61,0
3.5,22,"[0.04398, 0.00293, 0.00454, 0.0048, 0.00969, 0.04021, 0.00592, 0.00611, 0.01269, 0.01359, 0.00715, 0.00721, 0.00737, 0.04444, 0.08253, 0.01513, 0.01552, 0.0233, 0.14142, 0.00797, 0.01678, 0.0336, 0.09359, 0.00858, 0.00897, 0.0544, 0.00915, 0.01872, 0.0379, 0.14434, 0.00969, 0.01036, 0.042, 0.01083, 0.19793, 0.01201, 0.01224, 0.13893, 0.02531, 0.05129, 0.01298, 0.01313, 0.01323, 0.01324, 0.04035, 0.02694, 0.01349, 0.01358, 0.01384, 0.01408, 0.0142, 0.01443, 0.01449, 0.0146, 0.04391, 0.01481, 0.22273, 0.28498, 0.07649, 0.01533, 0.03102, 0.0622, 0.01575, 0.03236, 0.01633, 0.01656, 0.01666, 0.01684, 0.01694, 0.01697, 0.01703]","[]","[]",71,0
3.5,23,"[0.00093, 0.00175, 0.00253, 0.02417, 0.00547, 0.00345, 0.00376, 0.00389, 0.00869, 0.00476, 0.00967, 0.01074, 0.01092, 0.00566, 0.00636, 0.00638, 0.00659, 0.01336, 0.01342, 0.00681, 0.00743, 0.0149, 0.12456, 0.01604, 0.00814, 0.03479, 0.00912, 0.00918, 0.11548, 0.00998, 0.0104, 0.01043, 0.01053, 0.01061, 0.03188, 0.01065, 0.04278, 0.02227, 0.01118, 0.08027, 0.05756, 0.01157, 0.01158, 0.01171, 0.15293, 0.03545, 0.02414, 0.01209, 0.01214, 0.01216, 0.01235, 0.02485, 0.01255, 0.01258, 0.0127, 0.16679, 0.01287, 0.04024, 0.01351, 0.01353, 0.01355, 0.01378, 0.16691, 0.0144]","[]","[]",64,0
3.5,24,"[0.00172, 0.00916, 0.00456, 0.08998, 0.02107, 0.04502, 0.0057, 0.00581, 0.00586, 0.012, 0.01202, 0.00621, 0.00662, 0.10148, 0.00683, 0.00692, 0.0808, 0.0149, 0.03884, 0.04003, 0.01642, 0.00928, 0.00945, 0.00948, 0.00953, 0.01919, 0.00966, 0.03917, 0.00988, 0.0101, 0.01024, 0.01061, 0.20291, 0.0329, 0.0224, 0.01122, 0.01125, 0.01151, 0.01158, 0.0117, 0.08194, 0.01201, 0.01218, 0.01219, 0.01255, 0.01259, 0.01281, 0.01345, 0.13588, 0.01392, 0.01398, 0.01411, 0.01414, 0.01415, 0.0283, 0.02834, 0.01418, 0.05678, 0.0145, 0.01454, 0.02987, 0.01524, 0.01528, 0.01534, 0.10806, 0.01607, 0.24471, 0.01638, 0.03325, 0.01675, 0.01697]","[]","[]",71,0
3.5,25,"[0.00098, 0.00238, 0.00285, 0.00635, 0.00882, 0.00447, 0.00472, 0.00976, 0.01052, 0.04854, 0.10909, 0.01837, 0.00638, 0.00643, 0.0066, 0.00684, 0.007, 0.00719, 0.0144, 0.05139, 0.08256, 0.00762, 0.02387, 0.0163, 0.01706, 0.00857, 0.00859, 0.00911, 0.00931, 0.00935, 0.0188, 0.03821, 0.00998, 0.01062, 0.04275, 0.03223, 0.01118, 0.03377, 0.21475, 0.02282, 0.01141, 0.01144, 0.02298, 0.03564, 0.02387, 0.01198, 0.012, 0.10811, 0.01201, 0.01211, 0.01212, 0.01215, 0.01219, 0.0122, 0.01221, 0.01238, 0.0372, 0.14955, 0.02512, 0.0132, 0.09269, 0.11935, 0.04]","[]","[]",63,0
3.5,26,"[0.05152, 0.00656, 0.00356, 0.0087, 0.00443, 0.00452, 0.01022, 0.01072, 0.00572, 0.00575, 0.04028, 0.006, 0.00619, 0.00687, 0.01469, 0.13316, 0.00747, 0.00805, 0.0911, 0.02489, 0.0504, 0.00845, 0.01699, 0.00858, 0.00859, 0.10145, 0.00963, 0.14691, 0.03951, 0.00995, 0.00995, 0.01029, 0.06295, 0.04203, 0.01075, 0.02166, 0.01087, 0.01095, 0.01108, 0.02237, 0.01119, 0.01122, 0.20354, 0.03411, 0.04576, 0.13088, 0.01231, 0.01235, 0.0129, 0.03888, 0.0133, 0.01345, 0.01416, 0.2145, 0.05806, 0.0299, 0.05992, 0.03003, 0.01517, 0.0152, 0.01522, 0.03049, 0.06127, 0.29145, 0.01561, 0.01571, 0.01574, 0.09628, 0.08024, 0.01627, 0.03273, 0.0328, 0.05024, 0.08424]","[]","[]",74,0
3.5,27,"[0.00128, 0.00079, 0.00492, 0.04564, 0.00463, 0.00464, 0.00475, 0.02461, 0.02008, 0.00521, 0.02126, 0.00546, 0.00599, 0.03695, 0.00665, 0.00667, 0.01366, 0.00713, 0.01439, 0.00744, 0.05439, 0.14496, 0.00809, 0.00815, 0.02454, 0.00825, 0.12445, 0.00835, 0.00849, 0.00864, 0.02681, 0.05588, 0.00939, 0.02043, 0.01027, 0.0103, 0.15485, 0.01036, 0.08333, 0.05449, 0.02222, 0.0113, 0.01132]","[]","[]",43,0
3.5,28,"[0.00152, 0.00367, 0.0039, 0.07709, 0.00616, 0.037, 0.00693, 0.01397, 0.03027, 0.03829, 0.008, 0.01671, 0.00879, 0.00953, 0.00989, 0.17874, 0.08268, 0.01035, 0.1253, 0.02126, 0.01114, 0.01165, 0.01169, 0.02412, 0.02533, 0.01326, 0.01357, 0.19218, 0.01404, 0.01406, 0.01437, 0.10214, 0.01625, 0.01636, 0.01699, 0.01718, 0.03447, 0.01743, 0.03488, 0.01756, 0.01759, 0.03527, 0.21344, 0.18043, 0.34486, 0.0182, 0.0364, 0.01833, 0.0368, 0.01876, 0.11364, 0.01923, 0.01971, 0.15806, 0.01987, 0.02012, 0.02017, 0.02027, 0.02039, 0.02051, 0.02056, 0.02072, 0.02088]","[]","[]",63,0
3.5,29,"[0.00341, 0.00303, 0.00609, 0.01279, 0.00384, 0.00409, 0.06711, 0.02603, 0.01579, 0.04749, 0.05346, 0.00538, 0.01111, 0.06053, 0.06581, 0.05948, 0.08865, 0.00729, 0.02208, 0.01492, 0.00773, 0.00779, 0.05467, 0.00804, 0.12974, 0.00822, 0.00827, 0.02482, 0.02497, 0.01722, 0.00862, 0.05384, 0.00905, 0.01833, 0.03757, 0.00944, 0.00948, 0.00958, 0.01948, 0.00979, 0.00984, 0.09878, 0.22914, 0.01044, 0.10471, 0.01048, 0.02157, 0.1206, 0.01107, 0.01107, 0.01114, 0.02235, 0.03445, 0.01149, 0.01171, 0.01192, 0.04783, 0.01198, 0.0959, 0.01208, 0.09758, 0.02503]","[]","[]",62,0
3.5,30,"[0.00185, 0.00491, 0.00625, 0.0035, 0.03241, 0.00381, 0.00829, 0.10694, 0.03138, 0.00531, 0.00558, 0.00558, 0.00587, 0.00591, 0.01202, 0.00635, 0.06261, 0.00703, 0.01413, 0.02828, 0.01426, 0.01556, 0.00787, 0.09564, 0.04926, 0.00826, 0.07829, 0.02611, 0.00906, 0.01823, 0.01824, 0.21312, 0.13896, 0.18952, 0.03054, 0.01053, 0.01074, 0.02169, 0.011, 0.01102, 0.05655, 0.02269, 0.02302, 0.02341, 0.01199, 0.01219, 0.0124, 0.12496, 0.01253, 0.01271, 0.01285, 0.0132, 0.01344, 0.12403, 0.02766, 0.0139, 0.01401, 0.01407, 0.08512, 0.0143, 0.2598, 0.16011, 0.04384, 0.1779, 0.07558]","[]","[]",65,0
3.5,31,"[0.00153, 0.00362, 0.01356, 0.00455, 0.02952, 0.00502, 0.03171, 0.0059, 0.07402, 0.00648, 0.00689, 0.00759, 0.09434, 0.03946, 0.05547, 0.07256, 0.00894, 0.06264, 0.03588, 0.00917, 0.00925, 0.00938, 0.1546, 0.00969, 0.0102, 0.01024, 0.01025, 0.01109, 0.04513, 0.01152, 0.01162, 0.02404, 0.0618, 0.02486, 0.01253, 0.01268, 0.01274, 0.01303, 0.13046, 0.01318, 0.05352, 0.01346, 0.01351, 0.01356, 0.02721, 0.01372, 0.06864, 0.02747, 0.01376, 0.04175, 0.01433, 0.04385, 0.0147, 0.01476, 0.2421, 0.01515, 0.01526]","[]","[]",57,0
3.5,32,"[0.0203, 0.00289, 0.02846, 0.01432, 0.01124, 0.00466, 0.00523, 0.04943, 0.03408, 0.04641, 0.00589, 0.00591, 0.00591, 0.00598, 0.02477, 0.00665, 0.00685, 0.00789, 0.00835, 0.10296, 0.01722, 0.02615, 0.02625, 0.01785, 0.00914, 0.01846, 0.00947, 0.00947, 0.00976, 0.01022, 0.04104, 0.0104, 0.12752, 0.01073, 0.03326, 0.01111, 0.01113, 0.01142, 0.01171, 0.03516, 0.08245, 0.02397, 0.01213, 0.01255, 0.10083, 0.01263, 0.01266, 0.19353, 0.013, 0.02652, 0.02677, 0.02724, 0.01374, 0.01384, 0.02783, 0.02812, 0.08443, 0.15613, 0.14291, 0.01431, 0.25813, 0.0289, 0.01452, 0.11828, 0.05967, 0.04484, 0.06013, 0.27168, 0.03046, 0.09151, 0.01527, 0.01536, 0.01552, 0.03145]","[]","[]",74,0
3.5,33,"[0.00882, 0.00194, 0.0434, 0.00279, 0.00291, 0.00328, 0.00675, 0.00766, 0.00385, 0.04237, 0.00406, 0.0331, 0.015, 0.00509, 0.00536, 0.0055, 0.01119, 0.01129, 0.00587, 0.01764, 0.0065, 0.00674, 0.00689, 0.13278, 0.01521, 0.00765, 0.03132, 0.01568, 0.00811, 0.12475, 0.00867, 0.00924, 0.02883, 0.0193, 0.02022, 0.01025, 0.01039, 0.01092, 0.01094, 0.01124, 0.02257, 0.07909, 0.04546, 0.01141, 0.01182, 0.02393, 0.01228, 0.01228, 0.01238, 0.03737, 0.01262, 0.01269, 0.0129, 0.01305, 0.01342, 0.01371, 0.01377, 0.01384, 0.2112, 0.04239, 0.01438, 0.01443, 0.01448, 0.01454, 0.04398, 0.01478, 0.01478, 0.0148, 0.2285, 0.01536, 0.03146, 0.28322, 0.03147, 0.01586, 0.04766]","[]","[]",75,0
3.5,34,"[0.04104, 0.00233, 0.00303, 0.0034, 0.02637, 0.00404, 0.02071, 0.00441, 0.0148, 0.00609, 0.03317, 0.00674, 0.02118, 0.00723, 0.00727, 0.00729, 0.01463, 0.00751, 0.06025, 0.0076, 0.09308, 0.0079, 0.00812, 0.02533, 0.00845, 0.00863, 0.00871, 0.01759, 0.01762, 0.17215, 0.00937, 0.0094, 0.02822, 0.02938, 0.02997, 0.0101, 0.01037, 0.01038, 0.01044, 0.115, 0.06323, 0.01062, 0.04259, 0.01093, 0.04379, 0.02214, 0.08879, 0.01116, 0.02252]","[]","[]",49,0
3.5,35,"[0.00141, 0.00277, 0.00452, 0.00459, 0.00963, 0.01033, 0.02741, 0.01124, 0.01889, 0.013, 0.00703, 0.00718, 0.02212, 0.10405, 0.01538, 0.00804, 0.03346, 0.00866, 0.07138, 0.00895, 0.00935, 0.18167, 0.0097, 0.0292, 0.02953, 0.18337, 0.03073, 0.1963, 0.0936, 0.12486, 0.02081, 0.01044, 0.01053, 0.07644, 0.01152, 0.01164, 0.01182, 0.01216, 0.13627, 0.01245, 0.01252, 0.27636, 0.01257, 0.01276, 0.01277, 0.03848, 0.1413, 0.02575, 0.28463, 0.01295, 0.09254, 0.01329, 0.06848, 0.014, 0.05865, 0.01478, 0.04539]","[]","[]",57,0
3.5,36,"[0.00255, 0.03496, 0.00607, 0.00304, 0.03852, 0.004, 0.00426, 0.00451, 0.00505, 0.05562, 0.00518, 0.01088, 0.12193, 0.0062, 0.05104, 0.00683, 0.07657, 0.00714, 0.10098, 0.00785, 0.00792, 0.00798, 0.00808, 0.06664, 0.01795, 0.02783, 0.02973, 0.01017, 0.01031, 0.02083, 0.01055, 0.04237, 0.0108, 0.01089, 0.04437, 0.01132, 0.02306, 0.01165, 0.01169, 0.02347, 0.09404, 0.02379, 0.04827, 0.01238, 0.0373, 0.0503, 0.01276, 0.28614, 0.01307, 0.0131, 0.15722]","[]","[]",51,0
3.5,37,"[0.00258, 0.01524, 0.00431, 0.01392, 0.00465, 0.04289, 0.00497, 0.06839, 0.00631, 0.05715, 0.00678, 0.01411, 0.02905, 0.00727, 0.02912, 0.04496, 0.00813, 0.01647, 0.00824, 0.0083, 0.00835, 0.04281, 0.00859, 0.03506, 0.00877, 0.08018, 0.00893, 0.1103, 0.0094, 0.00946, 0.05909, 0.02958, 0.00988, 0.01006, 0.01015, 0.01026, 0.19464, 0.01093, 0.01095, 0.01097, 0.01101, 0.01115, 0.03458, 0.22115, 0.02385, 0.01205, 0.01206]","[]","[]",47,0
3.5,38,"[0.00026, 0.00183, 0.00807, 0.0027, 0.01517, 0.00326, 0.00679, 0.03774, 0.00702, 0.00376, 0.00431, 0.09623, 0.0559, 0.00533, 0.06555, 0.00551, 0.00588, 0.01784, 0.0063, 0.00667, 0.00726, 0.03052, 0.00763, 0.02292, 0.01531, 0.03165, 0.01623, 0.02438, 0.00891, 0.00922, 0.00928, 0.01859, 0.0095, 0.01007, 0.01008, 0.02045, 0.04096, 0.0105, 0.07377, 0.01106, 0.01129, 0.01137, 0.01141, 0.03514, 0.01181, 0.02363, 0.01198, 0.06021, 0.01226, 0.01235, 0.02482, 0.1252, 0.06274]","[]","[]",53,0
3.5,39,"[0.00683, 0.01466, 0.00382, 0.00837, 0.00446, 0.00464, 0.03722, 0.03824, 0.00544, 0.00626, 0.05293, 0.04042, 0.00721, 0.00733, 0.00753, 0.00778, 0.02356, 0.0081, 0.01635, 0.03274, 0.01648, 0.00852, 0.00866, 0.0089, 0.0179, 0.00901, 0.02733, 0.00928, 0.00947, 0.03808, 0.01958, 0.01964, 0.01984, 0.01025, 0.06189, 0.02084, 0.01086, 0.09831, 0.02217, 0.0673, 0.01125, 0.01132, 0.2068, 0.17416, 0.11631, 0.03548, 0.03591, 0.01206, 0.01222, 0.14965, 0.03764, 0.01261, 0.15726, 0.01327, 0.09406, 0.25632, 0.06785, 0.01358, 0.08187, 0.01374]","[]","[]",60,0
3.5,40,"[0.0011, 0.00254, 0.0029, 0.00879, 0.00476, 0.02509, 0.08188, 0.00557, 0.00577, 0.00594, 0.00627, 0.01284, 0.00674, 0.03415, 0.00714, 0.00728, 0.00786, 0.04021, 0.02438, 0.00813, 0.00823, 0.02494, 0.00879, 0.00918, 0.06452, 0.20405, 0.20603, 0.03921, 0.01991, 0.01997, 0.01016, 0.0102, 0.04181, 0.01055, 0.12782, 0.01077, 0.02337, 0.0117, 0.0353, 0.02423, 0.04869, 0.01232, 0.01251, 0.02525, 0.01333, 0.11997, 0.02689, 0.01383, 0.01384, 0.01385, 0.04206, 0.01408, 0.02846]","[]","[]",53,0
3.5,41,"[0.00204, 0.00258, 0.05297, 0.00288, 0.00292, 0.00323, 0.004, 0.00413, 0.00491, 0.00501, 0.00553, 0.00666, 0.01404, 0.00703, 0.00733, 0.02244, 0.00794, 0.05223, 0.00876, 0.00886, 0.01787, 0.00894, 0.00897, 0.00903, 0.04676, 0.11591, 0.00977, 0.08064, 0.04092, 0.0206, 0.01032, 0.01072, 0.01095, 0.0558, 0.04793, 0.01201, 0.23813, 0.13899, 0.02546, 0.1276, 0.0128, 0.08968, 0.16694, 0.03903, 0.06538, 0.01324, 0.18558, 0.02718, 0.02748, 0.0414, 0.08284, 0.01385, 0.02776, 0.01397, 0.02805, 0.26745, 0.11392, 0.01436, 0.02887, 0.01448, 0.0147]","[]","[]",61,0
3.5,42,"[0.00527, 0.00138, 0.0461, 0.00308, 0.02137, 0.00479, 0.00512, 0.04171, 0.00537, 0.01177, 0.01802, 0.00616, 0.00655, 0.01966, 0.02244, 0.0084, 0.00878, 0.00901, 0.01848, 0.00937, 0.00949, 0.00967, 0.06806, 0.00973, 0.08953, 0.03014, 0.01011, 0.01014, 0.02092, 0.05301, 0.0107, 0.205, 0.02188, 0.01129, 0.01135, 0.0115, 0.20816, 0.13974, 0.12918, 0.02379, 0.02442, 0.02463, 0.01241, 0.01271, 0.10182, 0.01274, 0.14079, 0.01291, 0.0517, 0.01295, 0.01301, 0.03952]","[]","[]",52,0
3.5,43,"[0.00164, 0.00244, 0.054, 0.00387, 0.01242, 0.02554, 0.00464, 0.03074, 0.00532, 0.06307, 0.03026, 0.01339, 0.10991, 0.0069, 0.01429, 0.01532, 0.09582, 0.0899, 0.00845, 0.00868, 0.00906, 0.02728, 0.04605, 0.01848, 0.05643, 0.10425, 0.00958, 0.21102, 0.03063, 0.05155, 0.02064, 0.02097, 0.01065, 0.02157, 0.04337, 0.01094]","[]","[]",36,0
3.5,44,"[0.00126, 0.00282, 0.06749, 0.00475, 0.03779, 0.00547, 0.00568, 0.00612, 0.00668, 0.00668, 0.05392, 0.00697, 0.06294, 0.00701, 0.0071, 0.00717, 0.02194, 0.02223, 0.0151, 0.11362, 0.00826, 0.13488, 0.00875, 0.00894, 0.00903, 0.00913, 0.00943, 0.02875, 0.00959, 0.09663, 0.09825, 0.03011, 0.0101, 0.01025, 0.01028, 0.02077, 0.01079, 0.01108, 0.01109, 0.04456, 0.01117, 0.02261, 0.02302, 0.01165, 0.01197, 0.01198, 0.01201, 0.02442, 0.01232, 0.01263, 0.0127, 0.11465, 0.01311]","[]","[]",53,0
3.5,45,"[0.00564, 0.00204, 0.00971, 0.00428, 0.00434, 0.00569, 0.03459, 0.04107, 0.0075, 0.01511, 0.01542, 0.02337, 0.18455, 0.00977, 0.01004, 0.18357, 0.01059, 0.02128, 0.13835, 0.01072, 0.01086, 0.01118, 0.02268, 0.02289, 0.01155, 0.0116, 0.01167, 0.01202, 0.01231, 0.01255, 0.01257, 0.01277, 0.06417, 0.01296, 0.01304, 0.01327, 0.01343, 0.01368, 0.01387, 0.01388, 0.01409, 0.01419, 0.01427, 0.02855, 0.21939, 0.01471, 0.04425, 0.01483, 0.11927, 0.04482, 0.02997, 0.01516, 0.04647, 0.17268, 0.06297, 0.03206, 0.20908, 0.01616, 0.01634, 0.06544, 0.03293, 0.03295, 0.03332, 0.06916, 0.03509, 0.01758, 0.01758, 0.01765, 0.07116, 0.01782, 0.01787]","[]","[]",71,0
3.5,46,"[0.0016, 0.0163, 0.00303, 0.01405, 0.00512, 0.01665, 0.00577, 0.01179, 0.00594, 0.00626, 0.00634, 0.00654, 0.05968, 0.08645, 0.14485, 0.06316, 0.08794, 0.00808, 0.0082, 0.02468, 0.00827, 0.09784, 0.08149, 0.00915, 0.01833, 0.00918, 0.0099, 0.01028, 0.1961, 0.02084, 0.22972, 0.01055, 0.08495, 0.032, 0.01115, 0.07807, 0.01134, 0.01159, 0.04698, 0.01195, 0.04789, 0.13234, 0.01204, 0.01222, 0.01232, 0.03707, 0.08699, 0.174, 0.01255, 0.0129, 0.03876, 0.12995, 0.01303, 0.1052, 0.01331, 0.01356, 0.02749, 0.01394, 0.01401, 0.02837, 0.01422, 0.02852, 0.07173, 0.01452]","[]","[]",64,0
3.5,47,"[0.00174, 0.00261, 0.00314, 0.00319, 0.00329, 0.00427, 0.04352, 0.00457, 0.06908, 0.00472, 0.00516, 0.0053, 0.00567, 0.00607, 0.00612, 0.0259, 0.02654, 0.03441, 0.00745, 0.01533, 0.01609, 0.02448, 0.14817, 0.00858, 0.00887, 0.06329, 0.00909, 0.00914, 0.01861, 0.00955, 0.00992, 0.00997, 0.03007, 0.15173, 0.03076, 0.0105, 0.01059, 0.02132, 0.02187, 0.01105, 0.02269, 0.0114, 0.0115, 0.01169, 0.01186, 0.05997, 0.04833, 0.01214, 0.01231, 0.0124, 0.01253, 0.01271]","[]","[]",52,0
3.5,48,"[0.00298, 0.04705, 0.01682, 0.00357, 0.01839, 0.01984, 0.00799, 0.00426, 0.00426, 0.00473, 0.00967, 0.00533, 0.0056, 0.03975, 0.00665, 0.02004, 0.02774, 0.00701, 0.0073, 0.02338, 0.00782, 0.06383, 0.00828, 0.10899, 0.01742, 0.07271, 0.00925, 0.00933, 0.00937, 0.09456, 0.11437, 0.00964, 0.0098, 0.03023, 0.13539, 0.03132, 0.01061, 0.01077, 0.08632, 0.09754, 0.01107, 0.02226, 0.03616, 0.06155, 0.12426, 0.03743, 0.01263, 0.02528, 0.01286, 0.01304, 0.02625, 0.01314, 0.01316, 0.01319, 0.15994, 0.01367, 0.04112, 0.01394, 0.01403, 0.01427, 0.01429]","[]","[]",61,0
3.5,49,"[0.00271, 0.00246, 0.00252, 0.00332, 0.00692, 0.02565, 0.03386, 0.00474, 0.01235, 0.06575, 0.03988, 0.00691, 0.04999, 0.00737, 0.00771, 0.12606, 0.07951, 0.00796, 0.01617, 0.00834, 0.01669, 0.13821, 0.0091, 0.07372, 0.02801, 0.00967, 0.11758, 0.00994, 0.00999, 0.02045, 0.01052, 0.03185, 0.01084, 0.02224, 0.01115, 0.01181, 0.02384, 0.012, 0.06046, 0.01216, 0.0244, 0.03669, 0.01233, 0.02494, 0.08729, 0.01248, 0.07661, 0.01282, 0.07718, 0.01293, 0.05208, 0.0131, 0.03934, 0.0132, 0.17272, 0.01339, 0.06739, 0.01354, 0.01357, 0.01358, 0.11001, 0.01413, 0.01432, 0.11492, 0.02902, 0.14526, 0.02918, 0.04386, 0.32369, 0.18333, 0.01537, 0.01537, 0.07748, 0.0465, 0.1423]","[]","[]",75,0
3.5,50,"[0.00258, 0.0027, 0.00665, 0.00375, 0.00815, 0.00856, 0.01287, 0.00438, 0.00487, 0.00492, 0.00523, 0.00525, 0.06885, 0.0231, 0.00577, 0.00583, 0.01797, 0.01207, 0.03701, 0.00619, 0.07626, 0.014, 0.00732, 0.00757, 0.06403, 0.04876, 0.07276, 0.02739, 0.07336, 0.01835, 0.00919, 0.02779, 0.01909, 0.00995, 0.15018, 0.01002, 0.0101, 0.01033, 0.06267, 0.02142, 0.01088, 0.01106, 0.01116, 0.10176, 0.01132, 0.06809, 0.01155, 0.01173, 0.21173, 0.01188, 0.22667, 0.01198, 0.01212, 0.01228, 0.02477, 0.03824, 0.01276, 0.15474, 0.01365, 0.02792, 0.01425, 0.02877, 0.02934, 0.27996, 0.01499, 0.01516, 0.07622, 0.291, 0.01533, 0.04601, 0.01535, 0.01564, 0.03144, 0.01587, 0.03178, 0.03194, 0.09746, 0.19494, 0.04885, 0.04944, 0.2987]","[]","[]",81,0
3.5,51,"[0.0041, 0.00412, 0.00435, 0.00461, 0.0373, 0.04764, 0.00509, 0.02231, 0.00579, 0.04193, 0.01199, 0.00601, 0.00649, 0.00693, 0.04181, 0.00728, 0.00734, 0.00767, 0.00879, 0.01764, 0.03635, 0.02776, 0.00936, 0.05637, 0.20673, 0.01918, 0.00972, 0.0296, 0.00999, 0.02998, 0.04064, 0.01031, 0.01057, 0.01082, 0.02203, 0.01124, 0.01131, 0.05658, 0.01141, 0.03482, 0.04691]","[]","[]",41,0
3.5,52,"[0.05452, 0.00363, 0.00393, 0.02035, 0.0044, 0.01396, 0.01901, 0.00527, 0.00538, 0.00557, 0.00561, 0.00565, 0.00582, 0.01211, 0.00614, 0.01375, 0.00776, 0.08637, 0.00827, 0.00859, 0.00899, 0.01823, 0.17535, 0.00978, 0.01964, 0.02001, 0.0104, 0.01042, 0.01057, 0.04383, 0.02192, 0.02263, 0.02302, 0.12685, 0.01188, 0.0481, 0.01207, 0.01227, 0.01231, 0.01238, 0.07432, 0.025, 0.01256, 0.01266, 0.01278, 0.01286, 0.02575, 0.17184, 0.01324, 0.24704, 0.01381, 0.042, 0.21608, 0.01448, 0.01454, 0.01465, 0.01505, 0.01507, 0.01516, 0.16799, 0.01545, 0.01556, 0.0156, 0.01568, 0.01574, 0.01588, 0.03204, 0.01651, 0.23175, 0.24874, 0.0334]","[]","[]",71,0
3.5,53,"[0.00801, 0.02013, 0.00685, 0.00701, 0.00429, 0.00902, 0.0053, 0.00569, 0.01142, 0.00574, 0.01187, 0.00604, 0.00674, 0.09102, 0.02977, 0.00769, 0.03187, 0.00802, 0.01721, 0.01736, 0.01774, 0.06259, 0.01797, 0.00908, 0.00909, 0.00939, 0.18132, 0.0098, 0.00981, 0.00989, 0.01018, 0.02077, 0.0105, 0.04472, 0.01132, 0.01134, 0.02279, 0.0116, 0.04685, 0.01204, 0.03663, 0.22024, 0.01231, 0.1616, 0.0253, 0.03823, 0.01316, 0.01322, 0.04066, 0.05441, 0.01368, 0.01372, 0.01379, 0.01387, 0.04302, 0.05736, 0.0146, 0.07347, 0.01475, 0.01509, 0.0151, 0.01538, 0.0154, 0.01549, 0.06214, 0.01555, 0.0158]","[]","[]",67,0
3.5,54,"[0.00323, 0.02007, 0.05222, 0.00459, 0.00565, 0.11361, 0.00603, 0.05795, 0.01305, 0.01308, 0.00732, 0.03821, 0.01533, 0.03178, 0.00826, 0.00828, 0.00828, 0.00836, 0.00851, 0.05997, 0.01729, 0.00892, 0.00919, 0.00932, 0.00935, 0.01003, 0.02169, 0.08767, 0.01105, 0.0334, 0.01157, 0.01167, 0.01196, 0.01207, 0.01212, 0.1336, 0.04872, 0.0504, 0.01261, 0.0127, 0.05169, 0.24827, 0.01308, 0.15718, 0.03973, 0.01333, 0.01335, 0.0135]","[]","[]",48,0
3.5,55,"[0.01232, 0.00757, 0.00239, 0.00785, 0.01125, 0.00397, 0.00922, 0.06686, 0.00557, 0.00559, 0.00608, 0.13794, 0.03209, 0.00668, 0.00771, 0.00771, 0.09761, 0.0085, 0.05982, 0.0172, 0.02739, 0.00956, 0.00963, 0.00969, 0.0102, 0.01041, 0.01046, 0.01068, 0.03206, 0.01082, 0.02167, 0.01088, 0.01091, 0.02208, 0.02241, 0.01123, 0.01142, 0.02305, 0.01156, 0.0116, 0.01165, 0.02353, 0.02397, 0.012, 0.01206, 0.0122, 0.01221, 0.0123, 0.01248, 0.19101, 0.03968, 0.01345, 0.01353, 0.0139, 0.02796, 0.01402, 0.01407, 0.05638, 0.02826, 0.04245, 0.01456, 0.05826, 0.14705, 0.01521, 0.01535, 0.03097, 0.03147, 0.01598, 0.03203, 0.01617, 0.04898, 0.01634, 0.03275]","[]","[]",73,0
3.5,56,"[0.00799, 0.00225, 0.00647, 0.03988, 0.014, 0.00431, 0.00488, 0.0049, 0.0151, 0.09787, 0.00538, 0.0325, 0.00665, 0.0339, 0.01398, 0.00701, 0.03535, 0.00716, 0.04432, 0.00825, 0.01691, 0.01696, 0.04304, 0.00873, 0.01749, 0.08782, 0.00899, 0.0371, 0.13196, 0.00945, 0.00972, 0.19091, 0.05049, 0.01061, 0.0107, 0.0109, 0.01115, 0.11148, 0.04513, 0.02273, 0.02325, 0.02334, 0.01192, 0.01214, 0.01223, 0.02495, 0.07595, 0.01275, 0.01302, 0.01305, 0.01329, 0.01362, 0.01364, 0.08337, 0.0696, 0.01392]","[]","[]",56,0
3.5,57,"[0.00161, 0.00137, 0.01482, 0.00496, 0.00314, 0.01958, 0.02345, 0.00454, 0.00926, 0.08337, 0.03341, 0.00576, 0.00613, 0.00636, 0.02005, 0.00683, 0.00683, 0.00729, 0.04619, 0.00883, 0.01777, 0.00891, 0.00893, 0.05488, 0.00966, 0.11938, 0.0203, 0.198, 0.02109, 0.07521, 0.0108, 0.01094, 0.02205, 0.01117, 0.01118, 0.04514, 0.09129, 0.01191, 0.03584, 0.01203, 0.0247, 0.01238, 0.02502, 0.06264, 0.02546, 0.03847]","[]","[]",46,0
3.5,58,"[0.00126, 0.01698, 0.00154, 0.00343, 0.00225, 0.00265, 0.01526, 0.0037, 0.02673, 0.01423, 0.03809, 0.00477, 0.00534, 0.03205, 0.00564, 0.01709, 0.07477, 0.00578, 0.00622, 0.00624, 0.00632, 0.03429, 0.00708, 0.00792, 0.00802, 0.02426, 0.01655, 0.13433, 0.00845, 0.02555, 0.0187, 0.00938, 0.11324, 0.0095, 0.11064, 0.03039, 0.0508, 0.13298, 0.01024, 0.03077, 0.01029, 0.04162, 0.01043, 0.10469, 0.04211, 0.01098, 0.01099, 0.11043, 0.01118, 0.04471, 0.01129, 0.0114, 0.01152, 0.02411, 0.17039, 0.01222, 0.01249, 0.01251, 0.01266, 0.01269, 0.01271, 0.02543, 0.0129, 0.11619, 0.01326, 0.01359, 0.01384, 0.01397, 0.01408, 0.08491, 0.22681]","[]","[]",71,0
3.5,59,"[0.00492, 0.01133, 0.00369, 0.00379, 0.00398, 0.00437, 0.07916, 0.00582, 0.1134, 0.00602, 0.00623, 0.07039, 0.00658, 0.00668, 0.00761, 0.0079, 0.01695, 0.00853, 0.05271, 0.00897, 0.00971, 0.00973, 0.14934, 0.01017, 0.01037, 0.01038, 0.05259, 0.01108, 0.01123, 0.01159, 0.08154, 0.01188, 0.01218, 0.01236, 0.01237, 0.0125, 0.01282, 0.01285, 0.02576, 0.0134, 0.01354, 0.05478, 0.01397, 0.02829, 0.01421, 0.0146, 0.16129, 0.0147, 0.01472, 0.04428, 0.02967, 0.01485, 0.01495, 0.10585, 0.01557, 0.23457, 0.06289, 0.01585, 0.01585, 0.01598, 0.04821, 0.01628, 0.29422, 0.03273, 0.01643, 0.13204, 0.01663, 0.18614, 0.01706, 0.01727, 0.01746, 0.0175, 0.03501, 0.01753, 0.01757, 0.03518, 0.01767, 0.03535, 0.0177, 0.23024, 0.08904, 0.12688, 0.01818, 0.27337, 0.01834, 0.01837, 0.01866, 0.07498, 0.01887, 0.05681, 0.03796]","[]","[]",91,0
3.5,60,"[0.00899, 0.00384, 0.01199, 0.06612, 0.00453, 0.03949, 0.01018, 0.00514, 0.00522, 0.00523, 0.07124, 0.01134, 0.01143, 0.01798, 0.00638, 0.00661, 0.00661, 0.03337, 0.00679, 0.00687, 0.08963, 0.01471, 0.04568, 0.02351, 0.00788, 0.00845, 0.00874, 0.00883, 0.00898, 0.07194, 0.09638, 0.00968, 0.00977, 0.07864, 0.06914, 0.0101, 0.01035, 0.0107, 0.10705, 0.01074, 0.01105, 0.01107, 0.02226, 0.03435, 0.11504, 0.13837, 0.04638, 0.05884, 0.03545, 0.10702, 0.01232, 0.08659, 0.06216, 0.11309, 0.01262, 0.01285, 0.15443, 0.01301, 0.01307, 0.21358, 0.04052, 0.06852, 0.01385, 0.0139, 0.15397, 0.04214, 0.04223, 0.05637, 0.0287, 0.01437, 0.14547, 0.07287, 0.19023, 0.01469, 0.01495, 0.01506, 0.04548]","[]","[]",77,0
3.5,61,"[0.00225, 0.0184, 0.00285, 0.00347, 0.01314, 0.00325, 0.00335, 0.00383, 0.00399, 0.02798, 0.01206, 0.00408, 0.03615, 0.01524, 0.03155, 0.0053, 0.07254, 0.00575, 0.00577, 0.00617, 0.00621, 0.00626, 0.00649, 0.03568, 0.00782, 0.01577, 0.13252, 0.0084, 0.00849, 0.0261, 0.00884, 0.02679, 0.00916, 0.00918, 0.00929, 0.11506, 0.02959, 0.10962, 0.13272, 0.10272, 0.02069, 0.01037, 0.01045, 0.05268, 0.04263, 0.03205, 0.04318, 0.10821, 0.04344, 0.01089, 0.01113, 0.01191, 0.01204, 0.01206, 0.02439, 0.01221, 0.17252, 0.01234, 0.01247, 0.11407, 0.01283, 0.01298, 0.01328, 0.0136, 0.02768, 0.01385, 0.08412, 0.2247, 0.01444, 0.01445, 0.10162, 0.04367, 0.14562, 0.10292]","[]","[]",74,0
3.5,62,"[0.01871, 0.00257, 0.037, 0.00318, 0.02631, 0.00409, 0.00861, 0.00936, 0.00487, 0.00511, 0.00513, 0.00517, 0.00585, 0.00594, 0.00604, 0.00635, 0.05731, 0.00703, 0.02176, 0.00753, 0.00771, 0.01549, 0.00837, 0.01814, 0.06447, 0.00934, 0.06897, 0.01024, 0.06549, 0.13319, 0.01112, 0.01126, 0.01156, 0.04673, 0.012, 0.03605, 0.01229, 0.11147, 0.04974, 0.01256, 0.01271, 0.0129, 0.01293, 0.03899, 0.01366, 0.04178, 0.01405, 0.0564, 0.01418, 0.0142, 0.01421, 0.11505, 0.05803, 0.01461, 0.01465, 0.01465, 0.01498, 0.01519, 0.04563, 0.03049, 0.03067, 0.15432, 0.01547, 0.01558, 0.12522, 0.01571, 0.03174]","[]","[]",67,0
3.5,63,"[0.00238, 0.01518, 0.00276, 0.0034, 0.04106, 0.02311, 0.00821, 0.00449, 0.00452, 0.06682, 0.01506, 0.00569, 0.00617, 0.00625, 0.0072, 0.02198, 0.00735, 0.00742, 0.00754, 0.00767, 0.04881, 0.01655, 0.15724, 0.04224, 0.08505, 0.16349, 0.08692, 0.00873, 0.00887, 0.04546, 0.00939, 0.00952, 0.01064, 0.01076, 0.02157, 0.0542, 0.03254, 0.01085, 0.03261, 0.04389, 0.02224, 0.02239, 0.01133, 0.01136, 0.02287, 0.01145, 0.01146, 0.02326, 0.03505, 0.01173, 0.01176, 0.01195, 0.02407, 0.01226, 0.01238, 0.02499, 0.01262, 0.06324, 0.03846, 0.02685, 0.02767, 0.07111]","[]","[]",62,0
3.5,64,"[0.00083, 0.00434, 0.00243, 0.00295, 0.00378, 0.00405, 0.00424, 0.05529, 0.00527, 0.00565, 0.00599, 0.01301, 0.00657, 0.08143, 0.02746, 0.00703, 0.01534, 0.17249, 0.01649, 0.00887, 0.01861, 0.00941, 0.00976, 0.02012, 0.01028, 0.01035, 0.01057, 0.01071, 0.02183, 0.01111, 0.13377, 0.01135, 0.02269, 0.01141, 0.01153, 0.01154, 0.01168, 0.01169, 0.17764, 0.01193, 0.04833, 0.0242, 0.03684, 0.01228, 0.01229, 0.08655, 0.01247, 0.01248, 0.05051, 0.01271, 0.01276, 0.01319, 0.01324, 0.01368, 0.01382, 0.01402, 0.05661, 0.0142, 0.0142, 0.02927, 0.01478, 0.074, 0.01483, 0.0151, 0.04534, 0.01525, 0.04616, 0.01548, 0.03125, 0.01577, 0.01583, 0.04772, 0.01598, 0.01628, 0.01628, 0.03291, 0.04997]","[]","[]",77,0
3.5,65,"[0.00342, 0.00272, 0.02513, 0.00873, 0.00483, 0.0052, 0.03144, 0.00539, 0.04337, 0.01677, 0.06869, 0.00582, 0.00597, 0.00634, 0.00652, 0.00698, 0.00726, 0.05836, 0.02329, 0.00784, 0.00827, 0.00844, 0.00847, 0.03414, 0.06038, 0.00908, 0.10922, 0.00912, 0.01865, 0.00946, 0.00965, 0.03965, 0.01005, 0.08119, 0.01052, 0.0107, 0.01088, 0.01118, 0.01129, 0.07916, 0.0456, 0.01145, 0.09221, 0.01166, 0.01206, 0.0495, 0.0252, 0.03896, 0.05468, 0.01372, 0.11016, 0.01398, 0.12649, 0.02814, 0.02842, 0.01425, 0.01427, 0.01434, 0.01436, 0.01453, 0.02907, 0.02927, 0.02938, 0.0588, 0.14922, 0.01498, 0.03004]","[]","[]",67,0
3.5,66,"[0.00474, 0.03399, 0.00285, 0.00616, 0.03298, 0.004, 0.00806, 0.01444, 0.00509, 0.0105, 0.05786, 0.00536, 0.05403, 0.04962, 0.07542, 0.00592, 0.01285, 0.04615, 0.02641, 0.00669, 0.00688, 0.007, 0.00709, 0.00717, 0.0072, 0.03074, 0.10114, 0.02406, 0.04831, 0.12963, 0.06546, 0.02544, 0.0086, 0.00868, 0.04384, 0.15709, 0.02073, 0.0211, 0.01073, 0.02331, 0.05838, 0.01168, 0.01171]","[]","[]",43,0
3.5,67,"[0.0025, 0.02596, 0.00468, 0.10798, 0.06166, 0.00539, 0.01144, 0.0116, 0.00588, 0.01274, 0.01952, 0.00722, 0.01445, 0.01501, 0.00783, 0.0165, 0.07594, 0.01719, 0.19453, 0.04836, 0.01001, 0.01003, 0.06254, 0.02088, 0.01077, 0.15731, 0.1024, 0.03432, 0.2379, 0.11536, 0.02571, 0.01298, 0.0131, 0.0826, 0.01391, 0.13956, 0.01399, 0.04218, 0.21204, 0.02849, 0.01425, 0.13052, 0.0147, 0.05923, 0.01486, 0.02983, 0.015, 0.16547]","[]","[]",48,0
3.5,68,"[0.00132, 0.02108, 0.00473, 0.00497, 0.09806, 0.02602, 0.07906, 0.00594, 0.00596, 0.00613, 0.00637, 0.00644, 0.00645, 0.00656, 0.02018, 0.04109, 0.00696, 0.02154, 0.01493, 0.0151, 0.02289, 0.04313, 0.0261, 0.02696, 0.00923, 0.01846, 0.00967, 0.00981, 0.1234, 0.01094, 0.01117, 0.01163, 0.01168, 0.03538, 0.04775, 0.012, 0.12023, 0.04873, 0.01219, 0.02446, 0.01234, 0.0124, 0.0256, 0.03908, 0.01309, 0.01312, 0.23831, 0.0133, 0.25911, 0.01374, 0.01377, 0.01378, 0.01382, 0.02792, 0.01398, 0.04216, 0.01406, 0.05651, 0.02842, 0.08766, 0.01499, 0.01501, 0.18069, 0.18223, 0.01539, 0.03101]","[]","[]",66,0
3.5,69,"[0.00066, 0.01072, 0.00688, 0.06314, 0.00365, 0.00406, 0.00454, 0.0046, 0.00463, 0.00467, 0.00981, 0.01032, 0.0056, 0.00568, 0.11384, 0.00604, 0.09364, 0.02697, 0.06194, 0.02843, 0.07262, 0.00795, 0.00825, 0.00832, 0.02597, 0.01753, 0.09696, 0.02674, 0.00909, 0.02764, 0.03726, 0.00942, 0.00967, 0.01937, 0.0195, 0.00975, 0.01965, 0.01008, 0.0101, 0.19263, 0.01032, 0.03179, 0.05395, 0.01102, 0.01127, 0.01143]","[]","[]",46,0
3.5,70,"[0.01457, 0.00123, 0.01861, 0.00338, 0.00369, 0.00378, 0.0041, 0.00422, 0.00426, 0.00433, 0.00531, 0.03199, 0.00561, 0.00574, 0.01839, 0.0127, 0.00662, 0.00679, 0.0138, 0.01449, 0.01463, 0.01478, 0.0089, 0.00917, 0.0093, 0.11245, 0.00945, 0.0096, 0.00968, 0.10765, 0.08818, 0.05902, 0.00991, 0.03037, 0.01063, 0.01073, 0.01077, 0.04345, 0.08866, 0.01121, 0.21584, 0.02279, 0.01152, 0.03455, 0.0118, 0.01194, 0.03692, 0.10469, 0.01314, 0.01328, 0.01333, 0.04019, 0.0404, 0.2028, 0.02711, 0.01385, 0.01397, 0.11228, 0.04266, 0.25666, 0.07173, 0.01447, 0.01453, 0.10192, 0.02916, 0.17576, 0.0147, 0.01504]","[]","[]",68,0
3.5,71,"[0.00288, 0.00415, 0.09049, 0.00494, 0.00601, 0.10969, 0.01325, 0.00667, 0.00684, 0.02851, 0.00743, 0.00772, 0.01784, 0.10131, 0.02777, 0.03775, 0.00988, 0.02968, 0.01153, 0.05791, 0.0239, 0.01201, 0.18024, 0.13724, 0.01274, 0.01283, 0.02572, 0.07981, 0.02672, 0.02694, 0.01356, 0.01384, 0.01397, 0.01408, 0.01425, 0.01434, 0.0146, 0.0747, 0.01501, 0.01503, 0.16694, 0.03038, 0.22867, 0.03051, 0.03075, 0.28047, 0.11011, 0.20545, 0.01596, 0.03346, 0.01679, 0.01683, 0.03428, 0.03436, 0.12148, 0.05232, 0.05243, 0.03511, 0.01756, 0.0177, 0.03556, 0.01814, 0.01815, 0.01822, 0.03659, 0.01843, 0.01845, 0.0369, 0.0185, 0.01877, 0.05633, 0.15036, 0.1141, 0.01902]","[]","[]",74,0
3.5,72,"[0.00086, 0.02216, 0.00239, 0.01069, 0.00427, 0.01956, 0.01015, 0.01067, 0.00538, 0.01115, 0.00601, 0.01369, 0.00692, 0.00735, 0.00758, 0.05359, 0.02306, 0.0079, 0.00811, 0.00832, 0.00838, 0.08544, 0.04419, 0.01805, 0.00916, 0.0092, 0.00928, 0.03728, 0.00944, 0.0097, 0.00973, 0.18771, 0.11967, 0.01057, 0.13744, 0.04239, 0.1272, 0.01069, 0.0107, 0.01079, 0.06604, 0.02256, 0.01135, 0.08112, 0.0118, 0.01183, 0.03571, 0.02393, 0.01219, 0.03705, 0.23922, 0.01261, 0.05045, 0.05254, 0.01325, 0.01343, 0.01359, 0.0137, 0.05482, 0.04181, 0.01403, 0.18548, 0.0864, 0.01471, 0.0148, 0.1196]","[]","[]",66,0
3.5,73,"[0.01479, 0.00385, 0.00288, 0.00291, 0.02557, 0.00378, 0.00386, 0.00868, 0.00911, 0.00526, 0.05262, 0.00564, 0.02843, 0.0461, 0.01186, 0.02993, 0.00613, 0.0126, 0.00641, 0.01937, 0.01303, 0.08183, 0.0209, 0.0071, 0.05222, 0.03035, 0.00847, 0.11011, 0.04352, 0.00917, 0.01848, 0.02777, 0.00932, 0.03758, 0.00965, 0.00975, 0.00983, 0.03017, 0.01006, 0.0106, 0.04243, 0.03291, 0.01105, 0.11085, 0.01114, 0.11173, 0.03394, 0.02267, 0.0114, 0.01144, 0.01147, 0.01151, 0.01186, 0.01194, 0.01204, 0.01205, 0.06023]","[]","[]",57,0
3.5,74,"[0.01567, 0.00989, 0.00329, 0.00429, 0.00493, 0.01488, 0.01028, 0.03784, 0.01157, 0.04236, 0.06278, 0.07537, 0.10137, 0.00654, 0.00684, 0.04386, 0.00775, 0.04009, 0.01661, 0.00834, 0.08391, 0.0252, 0.00856, 0.0088, 0.00891, 0.01796, 0.00917, 0.00925, 0.02811, 0.00946, 0.019, 0.00964, 0.00966, 0.00982, 0.00997, 0.01058, 0.06394, 0.17163, 0.01073, 0.01077, 0.08784, 0.04529, 0.01134, 0.01179, 0.07351, 0.03678, 0.10101, 0.01263, 0.01275, 0.02556, 0.01291, 0.1697, 0.02612, 0.06861, 0.16573, 0.09708, 0.02809, 0.11403, 0.01431, 0.0436, 0.04373, 0.01472, 0.01484, 0.02978, 0.14923, 0.01493, 0.01498]","[]","[]",67,0
3.5,75,"[0.0013, 0.03402, 0.00329, 0.03174, 0.0102, 0.01582, 0.07517, 0.0062, 0.01247, 0.00638, 0.00645, 0.00672, 0.02054, 0.03164, 0.00862, 0.00884, 0.01768, 0.00946, 0.0198, 0.14398, 0.02078, 0.0104, 0.01045, 0.01047, 0.02137, 0.13908, 0.03233, 0.01107, 0.01112, 0.01118, 0.01156, 0.12747, 0.01165, 0.04806, 0.04813, 0.01211, 0.08543, 0.01222, 0.01232, 0.01234, 0.01239, 0.0744, 0.01249, 0.04997, 0.01273]","[]","[]",45,0
3.5,76,"[0.0005, 0.01166, 0.0041, 0.00232, 0.01055, 0.00274, 0.00417, 0.00461, 0.00924, 0.0052, 0.00551, 0.00552, 0.05363, 0.00598, 0.03281, 0.00712, 0.06885, 0.01572, 0.00824, 0.01659, 0.09159, 0.02523, 0.00853, 0.00855, 0.01826, 0.16788, 0.04825, 0.00969, 0.03148, 0.01052, 0.01057, 0.01081, 0.07901, 0.04558, 0.01141, 0.04634, 0.01203, 0.0241, 0.01216, 0.01243, 0.01291, 0.01325, 0.01341, 0.25746, 0.02799, 0.056, 0.04255, 0.01424, 0.12866, 0.0143, 0.01434, 0.04322, 0.02882, 0.07315]","[]","[]",54,0
3.5,77,"[0.00442, 0.00298, 0.07339, 0.00387, 0.00963, 0.00504, 0.01125, 0.0687, 0.1044, 0.00586, 0.00619, 0.04509, 0.01464, 0.00733, 0.00735, 0.00745, 0.03955, 0.04773, 0.0084, 0.00892, 0.00909, 0.01839, 0.09213, 0.10271, 0.03749, 0.01893, 0.03807, 0.02934, 0.01, 0.04054, 0.02047, 0.01025, 0.02051, 0.01034, 0.04189, 0.05241, 0.03153, 0.02146, 0.01102, 0.0111, 0.01126, 0.01134, 0.01135, 0.01142, 0.09141, 0.01157, 0.04733, 0.02437, 0.14968, 0.02495, 0.24457, 0.0518, 0.01334, 0.01349, 0.05473]","[]","[]",55,0
3.5,78,"[0.00229, 0.01318, 0.03722, 0.03772, 0.00374, 0.03773, 0.03959, 0.01089, 0.00554, 0.0062, 0.01895, 0.01293, 0.01995, 0.13176, 0.01543, 0.01571, 0.01633, 0.17997, 0.0084, 0.12125, 0.0087, 0.03488, 0.00882, 0.07086, 0.00901, 0.00903, 0.1729, 0.00961, 0.00962, 0.01982, 0.01007, 0.03057, 0.01021, 0.01025, 0.13331, 0.07298, 0.03138, 0.01053, 0.01055, 0.01077, 0.04401, 0.01104, 0.06839, 0.02303, 0.20781, 0.07011, 0.02369, 0.01187, 0.09129, 0.0131, 0.01323]","[]","[]",51,0
3.5,79,"[0.00116, 0.01232, 0.0043, 0.00431, 0.00464, 0.06655, 0.0056, 0.00592, 0.00595, 0.00623, 0.05759, 0.00724, 0.06202, 0.01573, 0.01624, 0.00812, 0.04107, 0.00843, 0.00866, 0.07131, 0.01938, 0.00979, 0.01005, 0.0102, 0.03106, 0.04165, 0.09517, 0.02142, 0.01087, 0.03271, 0.01099, 0.02219, 0.01119, 0.01127, 0.02261, 0.04566, 0.13953, 0.02328, 0.01205, 0.02476, 0.01267, 0.01278, 0.01288, 0.01304, 0.02622, 0.02697, 0.01361, 0.01361, 0.01362, 0.02768, 0.01387, 0.02781, 0.02843, 0.01441, 0.01462, 0.01473, 0.05895]","[]","[]",57,0
3.5,80,"[0.00191, 0.02233, 0.00397, 0.00486, 0.00507, 0.00557, 0.01741, 0.00595, 0.0359, 0.01247, 0.00637, 0.04033, 0.01392, 0.01475, 0.01496, 0.00775, 0.1198, 0.00806, 0.00844, 0.00845, 0.01759, 0.10603, 0.16461, 0.01928, 0.03003, 0.19041, 0.02013, 0.03027, 0.02054, 0.03083, 0.01032, 0.01034, 0.02079, 0.01053, 0.01094, 0.01141, 0.01143, 0.03471, 0.02354, 0.22656, 0.01205, 0.0727, 0.0496, 0.01267, 0.01273, 0.02564, 0.02589, 0.01303, 0.01303, 0.15718, 0.02637, 0.01329, 0.01338, 0.1209, 0.08084, 0.02699, 0.01373, 0.09699, 0.01394, 0.05577, 0.01399, 0.11197, 0.01408, 0.01416, 0.08528, 0.11442]","[]","[]",66,0
3.5,81,"[0.00121, 0.03771, 0.00276, 0.00339, 0.02168, 0.02296, 0.08434, 0.01164, 0.02331, 0.00429, 0.00473, 0.00961, 0.00481, 0.05137, 0.00515, 0.00523, 0.00558, 0.01683, 0.0118, 0.00598, 0.00598, 0.01806, 0.06984, 0.06013, 0.00683, 0.0074, 0.00761, 0.00763, 0.05501, 0.00797, 0.00821, 0.06668, 0.00858, 0.16857, 0.00895, 0.00908, 0.01821, 0.00949, 0.00954, 0.00961, 0.08739, 0.00996, 0.02992, 0.06197, 0.01048, 0.01078, 0.0108, 0.0108, 0.01086, 0.01105, 0.09975, 0.17883, 0.01123, 0.11366, 0.02307, 0.01171, 0.15315, 0.01182, 0.0119, 0.01204]","[]","[]",60,0
3.5,82,"[0.00161, 0.0048, 0.03136, 0.00543, 0.00551, 0.10928, 0.06589, 0.01244, 0.00628, 0.0064, 0.0065, 0.01325, 0.00691, 0.00714, 0.05779, 0.05093, 0.01537, 0.01545, 0.15312, 0.02439, 0.00826, 0.01663, 0.00843, 0.07613, 0.00846, 0.00848, 0.00881, 0.00885, 0.00885, 0.02747, 0.20306, 0.00934, 0.07585, 0.17461, 0.00988, 0.14473, 0.01038, 0.02081, 0.04386, 0.01167, 0.01175, 0.02361, 0.11848, 0.02399, 0.02418, 0.02438, 0.11186, 0.0373, 0.01267, 0.16599, 0.01281, 0.06405, 0.01285, 0.05183, 0.03894, 0.01309, 0.01324, 0.02668, 0.01363, 0.01367]","[]","[]",60,0
3.5,83,"[0.00054, 0.00103, 0.00141, 0.00166, 0.00492, 0.0083, 0.0029, 0.00336, 0.03955, 0.00374, 0.01458, 0.00649, 0.04078, 0.00696, 0.06294, 0.0779, 0.00731, 0.01498, 0.03757, 0.04585, 0.02487, 0.01727, 0.05187, 0.01743, 0.02654, 0.00896, 0.00912, 0.00917, 0.00926, 0.00937, 0.02811, 0.22192, 0.01036, 0.01038, 0.16655, 0.01044, 0.08392, 0.01074, 0.0538, 0.01088, 0.01126, 0.0569, 0.03479, 0.05822, 0.01204, 0.18901, 0.0127, 0.01285, 0.10282, 0.0264, 0.01323, 0.04024, 0.02762, 0.01394, 0.01411, 0.04242, 0.02829, 0.05692, 0.01423]","[]","[]",59,0
3.5,84,"[0.00101, 0.00127, 0.00863, 0.05893, 0.00495, 0.01043, 0.01769, 0.00598, 0.11381, 0.0122, 0.01845, 0.03077, 0.0126, 0.00659, 0.02078, 0.0072, 0.03602, 0.00748, 0.01511, 0.00765, 0.00769, 0.00776, 0.0079, 0.04865, 0.02532, 0.02571, 0.03542, 0.0089, 0.00904, 0.11138, 0.03742, 0.00979, 0.01985, 0.01017, 0.05091, 0.02098, 0.01056, 0.01102, 0.01124, 0.01128, 0.0113, 0.11753, 0.0118, 0.01181, 0.012, 0.07228, 0.01211, 0.01212, 0.01217, 0.01223, 0.01254, 0.02511, 0.01269, 0.24566, 0.01302, 0.01315, 0.03979, 0.05405, 0.01354, 0.01363, 0.08219, 0.14024, 0.25265, 0.04215, 0.0141, 0.05665, 0.17039, 0.0144, 0.01442, 0.01469, 0.01494, 0.01497, 0.03031, 0.01529, 0.03066]","[]","[]",75,0
3.5,85,"[0.00105, 0.00273, 0.00576, 0.0173, 0.00438, 0.0049, 0.02482, 0.00533, 0.05513, 0.00552, 0.00586, 0.12262, 0.00646, 0.00666, 0.01337, 0.03384, 0.00746, 0.09447, 0.04029, 0.04851, 0.00817, 0.12164, 0.00891, 0.00917, 0.01843, 0.07449, 0.12533, 0.01009, 0.02045, 0.01027, 0.05355, 0.01073, 0.03262, 0.04408, 0.04424, 0.01152, 0.01173, 0.01222, 0.01229, 0.03696, 0.01233, 0.01267, 0.24099, 0.0127, 0.02594, 0.01303, 0.02648, 0.01325, 0.01325, 0.01328, 0.02713, 0.08167, 0.17708, 0.01395, 0.09813, 0.01407, 0.01423, 0.01449]","[]","[]",58,0
3.5,86,"[0.00396, 0.00203, 0.00772, 0.003, 0.01235, 0.00329, 0.00426, 0.00467, 0.07612, 0.00559, 0.01773, 0.00616, 0.02526, 0.00632, 0.00642, 0.13578, 0.00739, 0.00765, 0.01601, 0.02406, 0.00805, 0.01625, 0.02601, 0.06148, 0.0088, 0.16095, 0.02767, 0.01921, 0.17539, 0.00995, 0.01018, 0.01035, 0.01047, 0.05291, 0.0426, 0.06495, 0.01099, 0.01107, 0.01122, 0.03394, 0.12447, 0.02268, 0.03446, 0.01157, 0.01166, 0.0118, 0.05909]","[]","[]",47,0
3.5,87,"[0.00475, 0.00731, 0.00924, 0.0598, 0.02324, 0.00428, 0.00431, 0.00433, 0.04456, 0.00459, 0.00492, 0.01557, 0.00554, 0.05552, 0.00664, 0.06864, 0.01374, 0.04216, 0.02165, 0.02964, 0.06693, 0.03061, 0.00766, 0.00794, 0.10438, 0.00806, 0.12958, 0.01701, 0.00855, 0.08644, 0.01742, 0.00881, 0.01769, 0.00907, 0.00918, 0.07483, 0.02862, 0.00954, 0.09751, 0.00999, 0.03005, 0.01009, 0.01011, 0.01018, 0.0206, 0.10545, 0.02129, 0.01065, 0.23546, 0.07585, 0.01096, 0.01107, 0.01134, 0.01145, 0.01155, 0.02328, 0.01179, 0.0119, 0.01228, 0.09856, 0.08784, 0.01285, 0.14214, 0.02586, 0.01301, 0.01305, 0.01319, 0.01328, 0.01333, 0.01346, 0.01354]","[]","[]",71,0
3.5,88,"[0.00098, 0.00165, 0.00186, 0.02645, 0.00435, 0.02211, 0.0047, 0.00485, 0.06123, 0.00546, 0.01249, 0.00651, 0.01331, 0.00669, 0.03494, 0.02296, 0.00768, 0.02331, 0.03236, 0.00842, 0.00851, 0.01716, 0.00861, 0.00873, 0.00877, 0.009, 0.00914, 0.00924, 0.00963, 0.1541, 0.00963, 0.00977, 0.00979, 0.00987, 0.0594, 0.01991, 0.01003, 0.03045, 0.12323, 0.01034, 0.01038, 0.03147, 0.01075, 0.01076, 0.01078, 0.03277, 0.01126, 0.01159, 0.01167, 0.05842, 0.0242, 0.01226, 0.03679, 0.01247, 0.01256, 0.0127, 0.01274, 0.02548, 0.02578]","[]","[]",59,0
3.5,89,"[0.00514, 0.00364, 0.00231, 0.00243, 0.00487, 0.00781, 0.00993, 0.0094, 0.05933, 0.01692, 0.12649, 0.00576, 0.01209, 0.04843, 0.01881, 0.05325, 0.0816, 0.00689, 0.00705, 0.00715, 0.09404, 0.00786, 0.03173, 0.01619, 0.01623, 0.06156, 0.01769, 0.20528, 0.00948, 0.0297, 0.05971, 0.01004, 0.01012, 0.01037, 0.06305, 0.02107, 0.03162, 0.04273, 0.09775, 0.01119, 0.01137, 0.01162, 0.03493]","[]","[]",43,0
3.5,90,"[0.06549, 0.0043, 0.00998, 0.05616, 0.08982, 0.0061, 0.00622, 0.03163, 0.00693, 0.00723, 0.00821, 0.01667, 0.06892, 0.06157, 0.18928, 0.01, 0.01035, 0.01067, 0.04353, 0.03351, 0.0112, 0.0113, 0.01151, 0.01159, 0.01185, 0.08341, 0.01202, 0.01214, 0.01217, 0.01247, 0.01255, 0.1283, 0.01285, 0.06457, 0.02634, 0.07907, 0.01343, 0.05403, 0.01352, 0.01355, 0.05473, 0.01387, 0.01452, 0.01457, 0.0296, 0.01484, 0.01521, 0.01533, 0.23042, 0.01542, 0.01543, 0.01568, 0.01581, 0.01596, 0.0321, 0.01612, 0.04885, 0.01653, 0.06637, 0.03391, 0.03456, 0.01749, 0.01775, 0.01825, 0.05513, 0.01839, 0.03683, 0.05547, 0.03742, 0.03823, 0.0388, 0.0195, 0.01956]","[]","[]",73,0
3.5,91,"[0.00126, 0.00415, 0.0042, 0.0126, 0.00474, 0.00481, 0.0319, 0.06017, 0.00548, 0.00557, 0.0131, 0.00658, 0.00739, 0.0076, 0.00773, 0.11883, 0.00806, 0.0991, 0.00861, 0.00879, 0.01777, 0.0736, 0.00928, 0.00936, 0.0094, 0.01905, 0.0191, 0.05736, 0.01948, 0.0786, 0.01981, 0.03019, 0.18182, 0.08141, 0.01058, 0.01065, 0.01071, 0.01093, 0.04444, 0.06791, 0.0114, 0.01153, 0.01165, 0.0238, 0.2268, 0.06029, 0.02475, 0.01251, 0.01252, 0.02511, 0.01259, 0.01276, 0.02563, 0.01292, 0.01293, 0.0131, 0.25379, 0.0134, 0.02737, 0.0274, 0.26304, 0.02814, 0.12802, 0.01426, 0.02875, 0.04351, 0.17492, 0.0146, 0.01472, 0.015, 0.01503, 0.01518, 0.09165, 0.01552, 0.01556, 0.0157, 0.28437]","[]","[]",77,0
3.5,92,"[0.00569, 0.00058, 0.00197, 0.00833, 0.00224, 0.00255, 0.00272, 0.01124, 0.01517, 0.02088, 0.00459, 0.0046, 0.00938, 0.01637, 0.00569, 0.07436, 0.00624, 0.01249, 0.00629, 0.00694, 0.00731, 0.01545, 0.00789, 0.01678, 0.06053, 0.00871, 0.01798, 0.02697, 0.00918, 0.02845, 0.02984, 0.01, 0.01038, 0.01044, 0.01058, 0.17178, 0.01122, 0.21724, 0.03475, 0.01192, 0.01197, 0.01219, 0.0492, 0.01243, 0.04982, 0.0374, 0.02552, 0.03877, 0.01305, 0.01313, 0.01318, 0.02685, 0.02716, 0.04108, 0.01384, 0.01388, 0.0139, 0.0142, 0.01434, 0.01466, 0.0148, 0.03029]","[]","[]",62,0
3.5,93,"[0.01419, 0.04879, 0.00328, 0.04383, 0.00541, 0.00603, 0.00608, 0.04485, 0.00641, 0.12637, 0.0069, 0.01385, 0.00716, 0.02885, 0.00733, 0.00763, 0.02315, 0.00806, 0.00822, 0.00842, 0.1283, 0.01824, 0.03662, 0.00938, 0.00947, 0.02944, 0.00984, 0.02001, 0.01006, 0.01013, 0.02038, 0.01042, 0.01073, 0.01081, 0.0222, 0.01125, 0.02282, 0.01148, 0.08236, 0.01187, 0.0119, 0.03626, 0.02428, 0.01215, 0.01222, 0.01239, 0.01273, 0.02602, 0.01312, 0.01335, 0.01347, 0.01364, 0.01371, 0.07017, 0.01435, 0.01439, 0.01443, 0.01445, 0.01457, 0.21883, 0.0146, 0.04383, 0.01476, 0.01482, 0.0149, 0.01501, 0.04542, 0.03031, 0.01553, 0.01565, 0.01575, 0.17335, 0.01596, 0.28737, 0.24034, 0.01607, 0.01647, 0.11534, 0.16971, 0.01709, 0.01709, 0.01711, 0.18964]","[]","[]",83,0
3.5,94,"[0.0065, 0.00679, 0.00759, 0.00549, 0.00287, 0.04243, 0.00626, 0.01765, 0.00498, 0.00526, 0.00543, 0.03384, 0.0057, 0.06874, 0.00607, 0.0063, 0.00632, 0.00642, 0.06842, 0.01409, 0.01593, 0.02401, 0.00823, 0.00876, 0.16917, 0.00891, 0.0093, 0.00942, 0.1827, 0.00967, 0.0097, 0.00993, 0.06448, 0.01076, 0.01118, 0.1124, 0.01158, 0.01169, 0.01182, 0.03548, 0.05918, 0.01189, 0.0358, 0.03655, 0.0122, 0.06184, 0.0495, 0.03743, 0.02508, 0.03799, 0.0892, 0.01276, 0.01298, 0.01312, 0.17336, 0.01348, 0.01361, 0.09536, 0.04098, 0.05474, 0.01371, 0.01377, 0.02757, 0.04141, 0.18132, 0.01398, 0.11281, 0.01414, 0.02835, 0.05695]","[]","[]",70,0
3.5,95,"[0.00183, 0.01273, 0.03885, 0.05742, 0.0461, 0.00634, 0.0064, 0.03951, 0.00725, 0.0149, 0.03041, 0.00772, 0.04676, 0.06367, 0.00813, 0.00846, 0.00859, 0.02611, 0.01782, 0.00904, 0.01936, 0.07759, 0.00978, 0.01976, 0.0201, 0.01018, 0.0206, 0.0103, 0.01042, 0.0105, 0.0106, 0.01061, 0.0214, 0.02144, 0.01082, 0.01083, 0.02177, 0.01091, 0.13198, 0.03329, 0.01112, 0.02235, 0.01129, 0.01136, 0.01137, 0.01139, 0.01145, 0.01184, 0.02394, 0.03631, 0.03651, 0.01229, 0.13864, 0.02534, 0.01327, 0.01339, 0.10729, 0.01356, 0.01363, 0.04089, 0.16367, 0.01366, 0.20528, 0.01378, 0.01381, 0.04165, 0.02812, 0.269, 0.02873, 0.01437, 0.08626, 0.01443]","[]","[]",72,0
3.5,96,"[0.00499, 0.00833, 0.00293, 0.00751, 0.03666, 0.01268, 0.09411, 0.00476, 0.00489, 0.04588, 0.02112, 0.01085, 0.05128, 0.10987, 0.0816, 0.00586, 0.00592, 0.00596, 0.00624, 0.0562, 0.03161, 0.0143, 0.01465, 0.00751, 0.0154, 0.00782, 0.07939, 0.04868, 0.00826, 0.0167, 0.01698, 0.08772, 0.0091, 0.00933, 0.00956, 0.05921, 0.06162, 0.03109, 0.0107, 0.01074, 0.01076, 0.19406, 0.01104, 0.01137, 0.12782, 0.01208, 0.01209, 0.0125, 0.01331, 0.01334, 0.01337, 0.01341, 0.29836, 0.01371, 0.02762, 0.05575, 0.02789, 0.12811, 0.01434, 0.04397]","[]","[]",60,0
3.5,97,"[0.00786, 0.00321, 0.0033, 0.05737, 0.057, 0.00892, 0.00461, 0.05196, 0.05244, 0.01063, 0.01073, 0.00547, 0.0227, 0.0057, 0.0232, 0.03023, 0.03091, 0.00674, 0.00699, 0.0493, 0.01436, 0.00725, 0.06553, 0.04505, 0.02405, 0.00894, 0.06539, 0.14333, 0.00974, 0.01987, 0.03018, 0.0203, 0.02036, 0.02045, 0.01027, 0.23192, 0.01074, 0.01091, 0.01096, 0.04398]","[]","[]",40,0
3.5,98,"[0.00205, 0.00283, 0.00356, 0.01554, 0.01328, 0.0091, 0.01077, 0.00558, 0.00566, 0.00625, 0.08212, 0.01424, 0.00728, 0.01469, 0.14079, 0.00772, 0.00792, 0.00843, 0.009, 0.02728, 0.01821, 0.00943, 0.01907, 0.00954, 0.00955, 0.02915, 0.01961, 0.02059, 0.13467, 0.01084, 0.01097, 0.02242, 0.01154, 0.04619, 0.04938, 0.0127, 0.01274, 0.01294, 0.0393, 0.01331, 0.21307, 0.24192, 0.04064, 0.01369, 0.02739, 0.02742, 0.09701, 0.15406, 0.01425, 0.2012, 0.02923, 0.01483, 0.01484, 0.01494, 0.06039, 0.01518, 0.01552, 0.06258, 0.0159, 0.0959, 0.03203, 0.01612, 0.01617, 0.0655, 0.08203, 0.03329, 0.08364, 0.01673, 0.01679, 0.0168]","[]","[]",70,0
3.5,99,"[0.00567, 0.01254, 0.00266, 0.00279, 0.00344, 0.00899, 0.00487, 0.00489, 0.13257, 0.02416, 0.1194, 0.00635, 0.05737, 0.00639, 0.01288, 0.02857, 0.01451, 0.00726, 0.01465, 0.00736, 0.00739, 0.04556, 0.00771, 0.0078, 0.03126, 0.01565, 0.03921, 0.0795, 0.00801, 0.00805, 0.0161, 0.03413, 0.02591, 0.07933, 0.05407, 0.00905, 0.0182, 0.1314, 0.00975, 0.02031, 0.18466, 0.0103, 0.09345, 0.01079, 0.01109, 0.01163, 0.01192, 0.04789, 0.02424, 0.26673, 0.01234, 0.04939, 0.01245, 0.12693, 0.01336, 0.01337, 0.01356, 0.09551, 0.01365, 0.16677, 0.01437]","[]","[]",61,0

