3.5,0,"[0.01377, 0.00298, 0.00318, 0.00758, 0.00395, 0.00437, 0.00437, 0.00456, 0.00485, 0.00503, 0.00513, 0.02832, 0.01774, 0.0364, 0.00635, 0.03457, 0.00731, 0.02967, 0.01542, 0.00779, 0.01717, 0.04586, 0.00927, 0.00946, 0.01983, 0.01034, 0.06221, 0.01041, 0.0529, 0.01058, 0.03174, 0.0107, 0.03298, 0.03349, 0.02242, 0.02249, 0.03401, 0.1022, 0.08107]","[]","[]",39,0
3.5,1,"[0.00102, 0.00113, 0.00149, 0.00318, 0.00443, 0.0047, 0.00499, 0.00533, 0.00567, 0.11426, 0.00696, 0.04903, 0.0074, 0.00741, 0.008, 0.15337, 0.01639, 0.02558, 0.01711, 0.03471, 0.00903, 0.01848, 0.00931, 0.00938, 0.0094, 0.01884, 0.00959, 0.01003, 0.04018, 0.01008, 0.01025, 0.0103, 0.01031, 0.02064, 0.0622, 0.01049, 0.04275, 0.01095, 0.02194, 0.01101, 0.09938, 0.02247, 0.0225, 0.01167, 0.01192, 0.01216, 0.01222, 0.02455, 0.04954, 0.08871, 0.01289, 0.01293, 0.01307, 0.06576, 0.05294, 0.02654, 0.06637, 0.03999, 0.09363, 0.0134, 0.01357, 0.17714, 0.01365, 0.02753, 0.01384, 0.01389, 0.01393, 0.01406, 0.01414, 0.01441, 0.02906, 0.01479, 0.015, 0.03009]","[]","[]",74,0
3.5,2,"[0.00906, 0.01657, 0.00421, 0.00229, 0.00506, 0.02708, 0.01098, 0.01127, 0.04569, 0.02187, 0.00531, 0.01069, 0.00619, 0.02488, 0.00642, 0.01362, 0.02083, 0.00727, 0.00731, 0.01486, 0.06117, 0.01605, 0.00834, 0.01679, 0.00856, 0.02631, 0.00934, 0.00941, 0.01936, 0.01961, 0.02013, 0.01035, 0.01039, 0.01045, 0.01055, 0.0211, 0.02121, 0.01083, 0.0659, 0.01126, 0.03431, 0.08018, 0.0116, 0.0697, 0.03531, 0.01185]","[]","[]",46,0
3.5,3,"[0.00403, 0.01428, 0.00393, 0.00414, 0.00454, 0.07085, 0.02066, 0.01098, 0.01126, 0.13039, 0.01191, 0.0061, 0.0507, 0.01906, 0.03273, 0.02036, 0.04121, 0.00731, 0.01465, 0.01494, 0.0082, 0.01675, 0.00882, 0.02664, 0.00888, 0.16973, 0.00917, 0.0092, 0.03693, 0.00957, 0.0096, 0.00963, 0.00964, 0.01935, 0.01958, 0.00983, 0.00984, 0.00987, 0.01976, 0.01031, 0.06224, 0.04224, 0.02214, 0.04461, 0.12299, 0.01119]","[]","[]",46,0
3.5,4,"[0.0184, 0.0058, 0.02442, 0.00496, 0.00586, 0.00589, 0.00597, 0.01255, 0.14098, 0.00696, 0.00754, 0.00755, 0.00848, 0.00852, 0.00853, 0.00876, 0.0182, 0.00941, 0.02895, 0.04164, 0.02099, 0.07476, 0.02199, 0.02221, 0.01141, 0.01167, 0.01189, 0.1019, 0.03927, 0.01316, 0.02647, 0.01383, 0.02771, 0.0281, 0.02864, 0.04298, 0.01441, 0.01495, 0.01579, 0.01581, 0.23365, 0.01675, 0.05093, 0.05305]","[]","[]",44,0
3.5,5,"[0.00154, 0.00161, 0.00254, 0.01916, 0.04713, 0.02062, 0.01079, 0.05958, 0.00551, 0.02226, 0.02963, 0.00615, 0.00636, 0.09634, 0.04184, 0.02119, 0.00721, 0.02969, 0.02278, 0.00777, 0.03185, 0.00806, 0.00846, 0.02644, 0.05372, 0.1994, 0.1737, 0.01907, 0.08032, 0.01023, 0.04115, 0.01033, 0.01036, 0.04176, 0.01105, 0.04434, 0.02267, 0.01135, 0.01148, 0.09277, 0.01162, 0.12819, 0.01174, 0.01176, 0.01182, 0.04751]","[]","[]",46,0
3.5,6,"[0.00106, 0.00134, 0.00201, 0.00239, 0.00406, 0.0256, 0.00529, 0.02734, 0.03433, 0.09269, 0.11121, 0.0199, 0.03461, 0.01392, 0.09058, 0.00766, 0.02403, 0.01824, 0.00921, 0.05697, 0.01025, 0.02088, 0.01083, 0.03282, 0.01109, 0.01127, 0.0113, 0.01137, 0.01154, 0.09394, 0.01237, 0.01246, 0.01271, 0.14594, 0.01327, 0.01366, 0.0137, 0.05482, 0.01393, 0.01415, 0.12776, 0.02846, 0.01428, 0.10005, 0.02898, 0.0146, 0.01494, 0.06016, 0.0923, 0.01556, 0.01564, 0.09422, 0.01572, 0.01573, 0.14289, 0.01589, 0.01639, 0.0164, 0.01642, 0.0331, 0.1331, 0.01673, 0.05093, 0.01725, 0.01735, 0.03492, 0.03495, 0.05247, 0.0176, 0.0177, 0.16156, 0.01812, 0.01816, 0.40436, 0.01856]","[]","[]",75,0
3.5,7,"[0.00291, 0.02787, 0.00379, 0.00448, 0.00483, 0.02748, 0.00645, 0.00676, 0.02097, 0.0159, 0.00837, 0.0085, 0.08066, 0.00897, 0.00912, 0.00916, 0.00967, 0.00976, 0.00982, 0.02028, 0.01019, 0.01021, 0.0103, 0.02077, 0.2083, 0.02141, 0.01076, 0.01087, 0.04366, 0.03316, 0.01127, 0.2176, 0.05773, 0.03532, 0.04763, 0.07397, 0.19913, 0.04984, 0.02509, 0.0126, 0.08991, 0.01308, 0.01368, 0.01369, 0.09834, 0.01426, 0.01461, 0.01462, 0.04427, 0.22252, 0.01493, 0.16477, 0.07533, 0.01513, 0.01524, 0.0154, 0.13908, 0.1394, 0.15581, 0.03145, 0.01581, 0.35732, 0.03251, 0.01642, 0.01659, 0.01669, 0.01672, 0.05076, 0.01705, 0.1025, 0.01709, 0.29204, 0.01719, 0.01723, 0.1391, 0.01756]","[]","[]",76,0
3.5,8,"[0.00873, 0.05698, 0.01117, 0.01049, 0.00561, 0.01147, 0.00635, 0.04701, 0.01399, 0.00773, 0.00807, 0.00898, 0.01823, 0.00915, 0.00917, 0.00932, 0.00942, 0.03925, 0.19895, 0.04981, 0.01035, 0.02088, 0.01057, 0.02157, 0.01104, 0.01157, 0.01168, 0.15358, 0.04762, 0.01196, 0.06013, 0.01212, 0.07321, 0.05036, 0.01263, 0.02534, 0.01271, 0.01276, 0.03916, 0.11783, 0.04008, 0.01344, 0.01355, 0.02724, 0.05509, 0.04181, 0.05607, 0.01403, 0.02818, 0.0141, 0.01445, 0.10163, 0.02907, 0.04441, 0.01497, 0.01507, 0.03066, 0.25206, 0.01603, 0.04813, 0.01617, 0.01621, 0.01653, 0.08474, 0.01696, 0.10239, 0.0512]","[]","[]",67,0
3.5,9,"[0.00315, 0.00291, 0.03758, 0.00501, 0.031, 0.0732, 0.00588, 0.0059, 0.0059, 0.06386, 0.01311, 0.09155, 0.01643, 0.06673, 0.00835, 0.00864, 0.05302, 0.00888, 0.00914, 0.00933, 0.02869, 0.00977, 0.0594, 0.03111, 0.0221, 0.02213, 0.02227, 0.02238, 0.0112, 0.06843, 0.01174, 0.02382, 0.07161, 0.01205, 0.02442, 0.02497, 0.01252, 0.0628, 0.01267, 0.03985, 0.0401, 0.01344, 0.01382, 0.02767, 0.01399, 0.0143, 0.08999, 0.01502, 0.01506, 0.01528, 0.06121, 0.06129, 0.01556, 0.0312, 0.01573, 0.06371, 0.01594, 0.01642]","[]","[]",58,0
3.5,10,"[0.00133, 0.00326, 0.0068, 0.0079, 0.00424, 0.08151, 0.01081, 0.03933, 0.00567, 0.01208, 0.00606, 0.00731, 0.01471, 0.00773, 0.00821, 0.02496, 0.00834, 0.01716, 0.00897, 0.00902, 0.00923, 0.00952, 0.01954, 0.01004, 0.01035, 0.07251, 0.02111, 0.1056, 0.21516, 0.03237, 0.01123, 0.14608, 0.01137, 0.012, 0.23139, 0.0122, 0.01231, 0.01244, 0.01246, 0.01258, 0.01261, 0.01262, 0.21915, 0.05165, 0.01292, 0.05191, 0.013, 0.01302, 0.01321, 0.04069, 0.02744, 0.01377, 0.11183, 0.15393, 0.05714, 0.01449, 0.01449, 0.01479, 0.01483, 0.01487, 0.02974, 0.01518, 0.09145, 0.12201, 0.0155, 0.0156, 0.01568, 0.15729, 0.01579, 0.11057, 0.01581, 0.01584, 0.0159, 0.06375, 0.12792, 0.09619, 0.0164, 0.04997]","[]","[]",78,0
3.5,11,"[0.00987, 0.00428, 0.00459, 0.00494, 0.00523, 0.00526, 0.0958, 0.00591, 0.01196, 0.00604, 0.01267, 0.0066, 0.01364, 0.00689, 0.01535, 0.03876, 0.00818, 0.00828, 0.05848, 0.00852, 0.03412, 0.00858, 0.01776, 0.00977, 0.03021, 0.01023, 0.01036, 0.03125, 0.01094, 0.01109, 0.12407, 0.0226, 0.09064, 0.03427, 0.1832, 0.21803, 0.02334, 0.02335, 0.01177, 0.01205, 0.02449, 0.01264, 0.01277, 0.01311, 0.06559, 0.0268, 0.01342, 0.01364, 0.01382, 0.17979, 0.0277, 0.04164, 0.27892, 0.08482, 0.01423, 0.01423, 0.01451, 0.02943, 0.01487, 0.02975, 0.02981]","[]","[]",61,0
3.5,12,"[0.00204, 0.00463, 0.00537, 0.0034, 0.02126, 0.01253, 0.02976, 0.00546, 0.00561, 0.00571, 0.00623, 0.03185, 0.00638, 0.01298, 0.1062, 0.00665, 0.02052, 0.01429, 0.00725, 0.00757, 0.06146, 0.08031, 0.00813, 0.00814, 0.02507, 0.10998, 0.06837, 0.00859, 0.00864, 0.00875, 0.17455, 0.0095, 0.03035, 0.20368, 0.17358, 0.01039, 0.01053, 0.02123, 0.01063, 0.01074, 0.0108, 0.02163, 0.07632, 0.03369, 0.01126, 0.01138, 0.0231, 0.03552, 0.02434, 0.01232, 0.01233, 0.02519, 0.01263, 0.05154, 0.03925, 0.01332, 0.04009, 0.01365]","[]","[]",58,0
3.5,13,"[0.01871, 0.00231, 0.00241, 0.00371, 0.00405, 0.01222, 0.00471, 0.02203, 0.00552, 0.00571, 0.00604, 0.00608, 0.00645, 0.00648, 0.01446, 0.00793, 0.00822, 0.01741, 0.00872, 0.00886, 0.01835, 0.05591, 0.00955, 0.00997, 0.09131, 0.01037, 0.09477, 0.02113, 0.04333, 0.10337, 0.02333, 0.03504, 0.01175, 0.09443, 0.01197, 0.01248, 0.13836, 0.01292, 0.01306, 0.02647, 0.01337, 0.02731, 0.02836, 0.17208, 0.04333, 0.01449, 0.0145, 0.01456, 0.01459, 0.01464, 0.01467, 0.01471, 0.10321]","[]","[]",53,0
3.5,14,"[0.00066, 0.00184, 0.00316, 0.02465, 0.00386, 0.05259, 0.00418, 0.00433, 0.00934, 0.00481, 0.00525, 0.01059, 0.02245, 0.00613, 0.12692, 0.03367, 0.00674, 0.03471, 0.02803, 0.05699, 0.00748, 0.02249, 0.06327, 0.03971, 0.06649, 0.01681, 0.00841, 0.02537, 0.01695, 0.04346, 0.009, 0.07493, 0.02112, 0.01059, 0.01089, 0.01126, 0.02256, 0.17568, 0.03608, 0.01208, 0.14581, 0.01259, 0.06431, 0.01297, 0.02598, 0.05226, 0.13142, 0.01318, 0.09247, 0.02729, 0.15074, 0.0828, 0.04157, 0.02771, 0.04162, 0.02785, 0.01407, 0.05646, 0.02828]","[]","[]",59,0
3.5,15,"[0.00241, 0.00431, 0.00472, 0.09372, 0.01017, 0.01053, 0.00596, 0.02035, 0.00679, 0.00734, 0.00793, 0.00814, 0.00823, 0.00847, 0.00875, 0.00875, 0.00892, 0.08148, 0.04667, 0.05819, 0.02938, 0.02938, 0.01024, 0.01044, 0.03361, 0.03385, 0.01133, 0.05824, 0.23325, 0.02363, 0.0478, 0.08376, 0.07212, 0.03696, 0.02515, 0.01259, 0.02529, 0.01286, 0.01312, 0.01332, 0.09435, 0.12425, 0.01381, 0.01389, 0.0141, 0.01416, 0.02894, 0.04353, 0.01456, 0.04377, 0.19008, 0.07349, 0.04443, 0.02968, 0.01489, 0.0302, 0.01512, 0.04545, 0.04601, 0.01544, 0.01554, 0.01554, 0.06314, 0.01595, 0.0675, 0.01693, 0.01713]","[]","[]",67,0
3.5,16,"[0.00491, 0.00167, 0.00331, 0.00679, 0.06843, 0.00436, 0.04509, 0.00517, 0.0275, 0.01138, 0.04395, 0.01332, 0.00684, 0.05229, 0.00754, 0.00768, 0.0077, 0.00801, 0.05979, 0.02633, 0.00878, 0.01796, 0.03697, 0.01877, 0.0097, 0.04893, 0.00982, 0.18678, 0.02051, 0.0103, 0.01061, 0.01075, 0.01083, 0.01099, 0.01099, 0.0336, 0.01148, 0.02316, 0.01186, 0.01207, 0.01228, 0.01248, 0.01268, 0.03814, 0.01274, 0.16583, 0.20455, 0.01313, 0.04053, 0.02715, 0.02741, 0.04127, 0.01389, 0.04219]","[]","[]",54,0
3.5,17,"[0.00175, 0.01105, 0.00224, 0.00292, 0.00877, 0.00772, 0.01997, 0.07707, 0.07721, 0.00485, 0.01487, 0.04736, 0.00545, 0.00549, 0.00576, 0.0059, 0.00593, 0.0062, 0.01242, 0.00633, 0.01904, 0.0064, 0.00648, 0.02737, 0.00714, 0.08211, 0.00747, 0.03019, 0.00769, 0.00793, 0.01609, 0.00811, 0.00827, 0.01673, 0.05862, 0.00842, 0.01753, 0.00882, 0.00902, 0.02782, 0.01873, 0.01878, 0.00942, 0.02841, 0.00952, 0.01931, 0.0398, 0.14176, 0.01034, 0.01036, 0.021, 0.01089, 0.02183, 0.01139, 0.01171, 0.03534, 0.04879, 0.01223, 0.02456, 0.0124, 0.27648, 0.01278, 0.02607]","[]","[]",63,0
3.5,18,"[0.00081, 0.00371, 0.02448, 0.03691, 0.00463, 0.00481, 0.02109, 0.00533, 0.00575, 0.01767, 0.00733, 0.12316, 0.00772, 0.00782, 0.00817, 0.15738, 0.00832, 0.00833, 0.02508, 0.01678, 0.05879, 0.00883, 0.00886, 0.00906, 0.02725, 0.00917, 0.04735, 0.00973, 0.05882, 0.01, 0.03108, 0.01038, 0.01101, 0.02209, 0.02227, 0.01113, 0.0357, 0.01195, 0.02406, 0.02412, 0.14599, 0.01246, 0.01247, 0.01269, 0.05122, 0.02585, 0.01301, 0.15756, 0.02643, 0.08053, 0.01349, 0.0137, 0.01372, 0.01376, 0.06887, 0.09855, 0.04312, 0.05804, 0.04362, 0.0582, 0.08761, 0.02953]","[]","[]",62,0
3.5,19,"[0.0017, 0.00269, 0.06419, 0.00389, 0.00958, 0.00964, 0.00496, 0.01042, 0.00547, 0.02787, 0.00565, 0.02266, 0.00582, 0.00594, 0.02608, 0.01351, 0.03412, 0.00689, 0.00732, 0.05488, 0.00819, 0.02548, 0.00881, 0.0271, 0.18674, 0.01014, 0.01058, 0.01133, 0.01178, 0.0118, 0.02388, 0.0365, 0.1586, 0.02441, 0.06119, 0.01232, 0.03713, 0.01275, 0.06407, 0.02566, 0.02612, 0.01332, 0.12043, 0.01362, 0.01368, 0.0139, 0.01399, 0.01423, 0.04401, 0.01483, 0.05977, 0.01499, 0.03048, 0.01538, 0.04656, 0.01561, 0.01562]","[]","[]",57,0
3.5,20,"[0.01795, 0.0381, 0.00223, 0.00278, 0.0035, 0.00766, 0.00872, 0.01152, 0.00587, 0.01336, 0.02153, 0.00763, 0.00787, 0.03992, 0.00809, 0.00832, 0.02497, 0.00843, 0.07756, 0.01727, 0.00894, 0.00925, 0.00975, 0.04957, 0.00992, 0.01007, 0.0514, 0.01036, 0.01045, 0.0108, 0.01103, 0.01105, 0.01155, 0.04808, 0.01216, 0.01219, 0.01243, 0.13726, 0.01259, 0.01269, 0.03819, 0.01286, 0.01329, 0.16023, 0.01353, 0.01356, 0.05435, 0.01375, 0.01383, 0.02801, 0.01412, 0.02839, 0.0142, 0.01428, 0.01437, 0.02911, 0.02959, 0.01502, 0.01508, 0.01513, 0.03027, 0.33383, 0.16719, 0.03059, 0.04602, 0.01536, 0.01541, 0.01569, 0.01572, 0.01575, 0.22059, 0.01583]","[]","[]",72,0
3.5,21,"[0.01423, 0.00398, 0.03904, 0.03473, 0.00518, 0.00529, 0.01178, 0.01235, 0.01319, 0.08675, 0.01379, 0.02318, 0.00807, 0.02459, 0.03375, 0.00859, 0.01727, 0.00895, 0.00911, 0.01848, 0.00925, 0.10218, 0.03852, 0.0101, 0.01018, 0.01019, 0.01031, 0.03098, 0.08368, 0.05275, 0.02153, 0.21767, 0.02193, 0.01126, 0.03438, 0.05796, 0.09448, 0.02394, 0.02404, 0.01203, 0.01204, 0.01209, 0.01218, 0.0122, 0.01248, 0.01287, 0.02595, 0.01315, 0.01325, 0.02657, 0.02657, 0.01338, 0.13475, 0.01364, 0.02788, 0.05679, 0.04301, 0.01447, 0.01453, 0.01462, 0.01468, 0.02955, 0.2527, 0.01492, 0.01515, 0.01544, 0.04693, 0.01566, 0.1108, 0.01586, 0.01586, 0.01586, 0.07957, 0.06444]","[]","[]",74,0
3.5,22,"[0.00122, 0.00166, 0.00189, 0.00363, 0.00416, 0.02572, 0.0092, 0.09295, 0.00473, 0.00986, 0.011, 0.01482, 0.12409, 0.00853, 0.0345, 0.00888, 0.00964, 0.00987, 0.00991, 0.00995, 0.05031, 0.01012, 0.01057, 0.01091, 0.09879, 0.01099, 0.01121, 0.01193, 0.1564, 0.01218, 0.02438, 0.23263, 0.01244, 0.01263, 0.01359, 0.02806, 0.01405, 0.0143, 0.01466, 0.01468, 0.01478, 0.10372, 0.08896, 0.10504, 0.15303, 0.06167, 0.0157, 0.01601, 0.04874, 0.01645, 0.01652, 0.03319, 0.03468, 0.01737, 0.07024, 0.05278, 0.07068, 0.03651, 0.01831, 0.01834, 0.05563, 0.01862, 0.01906, 0.09734, 0.05902, 0.05924, 0.05944, 0.01991, 0.04014, 0.02009, 0.10068, 0.02027, 0.02037, 0.02044, 0.02073, 0.1038, 0.1251]","[]","[]",77,0
3.5,23,"[0.00282, 0.00126, 0.00129, 0.00489, 0.00441, 0.02299, 0.02035, 0.03787, 0.00386, 0.04112, 0.00865, 0.00461, 0.00979, 0.01005, 0.00549, 0.00592, 0.00627, 0.00703, 0.05722, 0.07487, 0.00907, 0.02743, 0.01856, 0.08681, 0.19311, 0.00969, 0.00984, 0.01968, 0.00988, 0.01011, 0.03046, 0.01016, 0.15238, 0.15362, 0.01071, 0.01075, 0.01081, 0.02196, 0.02216, 0.11136, 0.01137, 0.02301, 0.01181, 0.01185, 0.01202, 0.01217, 0.14623, 0.02454, 0.09816]","[]","[]",49,0
3.5,24,"[0.00182, 0.00379, 0.00388, 0.00389, 0.02909, 0.02534, 0.00427, 0.00858, 0.00912, 0.00483, 0.01971, 0.00503, 0.01064, 0.0611, 0.0289, 0.0058, 0.00598, 0.00637, 0.02044, 0.00747, 0.00747, 0.00805, 0.0163, 0.02485, 0.00831, 0.00867, 0.00885, 0.03559, 0.03566, 0.00897, 0.01797, 0.01832, 0.06779, 0.00992, 0.0496, 0.01026, 0.04142, 0.07411, 0.01071, 0.02169, 0.01102, 0.01124, 0.01129, 0.02295, 0.01166, 0.09393, 0.03538, 0.14353, 0.08465, 0.01212, 0.02469, 0.02486, 0.02496, 0.01257, 0.01258, 0.05099, 0.01276, 0.03889, 0.25114, 0.01332, 0.01337, 0.01341, 0.0404, 0.02704, 0.01354, 0.06788, 0.0138, 0.01384]","[]","[]",68,0
3.5,25,"[0.01148, 0.00226, 0.00361, 0.00388, 0.02751, 0.00925, 0.00928, 0.00469, 0.00496, 0.00514, 0.03273, 0.00564, 0.00637, 0.04629, 0.00683, 0.01378, 0.10193, 0.00738, 0.03798, 0.00792, 0.00797, 0.00876, 0.00878, 0.00889, 0.00904, 0.00905, 0.00933, 0.00935, 0.01876, 0.04903, 0.02946, 0.04985, 0.02005, 0.09298, 0.0105, 0.02193, 0.20991, 0.01127, 0.18041, 0.02256, 0.01129, 0.0115, 0.04801, 0.01206, 0.2415, 0.01251, 0.05135, 0.05142, 0.02576, 0.01311, 0.22671, 0.0268, 0.01352, 0.01359, 0.02741, 0.01378, 0.04187]","[]","[]",57,0
3.5,26,"[0.00752, 0.00174, 0.00176, 0.00386, 0.03858, 0.00695, 0.05867, 0.00833, 0.00603, 0.01273, 0.00692, 0.00726, 0.0082, 0.00839, 0.09295, 0.01745, 0.00877, 0.00885, 0.00885, 0.00915, 0.03675, 0.00938, 0.06089, 0.02031, 0.01019, 0.02154, 0.02179, 0.0111, 0.0111, 0.01114, 0.01121, 0.05663, 0.01142, 0.02335, 0.04676, 0.01173, 0.01207, 0.1346, 0.01232, 0.03736, 0.14974, 0.03748, 0.01251, 0.01271, 0.11529, 0.01286, 0.06502, 0.03912, 0.02639, 0.01327, 0.0403, 0.01357, 0.02723, 0.01366, 0.02791, 0.02794, 0.02823, 0.02841]","[]","[]",58,0
3.5,27,"[0.00177, 0.00241, 0.00267, 0.00298, 0.00912, 0.02581, 0.00758, 0.00491, 0.02966, 0.00524, 0.00525, 0.01613, 0.00577, 0.00592, 0.02432, 0.00678, 0.00709, 0.06016, 0.09123, 0.00784, 0.0079, 0.00817, 0.03406, 0.05179, 0.00883, 0.02657, 0.0816, 0.00929, 0.00937, 0.02838, 0.08819, 0.01031, 0.02064, 0.01044, 0.02089, 0.03239, 0.01088, 0.08759, 0.0228, 0.0115, 0.03503, 0.01199, 0.01218, 0.01247, 0.01251, 0.02548, 0.01274, 0.0128, 0.01303, 0.0264, 0.25185, 0.0137, 0.01374, 0.02748, 0.09762, 0.01399, 0.07098, 0.0433]","[]","[]",58,0
3.5,28,"[0.00229, 0.00209, 0.00276, 0.02621, 0.02224, 0.0271, 0.00557, 0.00566, 0.00615, 0.03176, 0.00644, 0.01306, 0.00704, 0.00749, 0.0077, 0.02625, 0.00881, 0.00898, 0.18282, 0.00962, 0.00993, 0.0502, 0.01005, 0.01008, 0.01014, 0.0108, 0.01092, 0.01111, 0.01123, 0.03393, 0.01158, 0.03528, 0.01195, 0.01207, 0.01214, 0.03643, 0.01288, 0.01289, 0.01354, 0.01378, 0.01408, 0.01421, 0.27165, 0.0147, 0.01475, 0.01524, 0.01526, 0.01533, 0.04726, 0.03218, 0.01625, 0.04884, 0.03281, 0.03291, 0.01667, 0.01716, 0.12079, 0.01742, 0.01746, 0.01748, 0.1596]","[]","[]",61,0
3.5,29,"[0.00706, 0.00345, 0.01146, 0.01633, 0.02543, 0.00441, 0.00456, 0.00481, 0.09678, 0.01593, 0.00574, 0.01875, 0.00672, 0.00681, 0.00722, 0.01539, 0.01624, 0.00846, 0.05976, 0.0088, 0.00917, 0.03672, 0.00971, 0.00989, 0.00995, 0.01996, 0.04114, 0.01043, 0.01065, 0.01066, 0.09627, 0.01141, 0.01198, 0.036, 0.02426, 0.2446, 0.03724, 0.02518, 0.08819, 0.01261, 0.038, 0.03809, 0.0391, 0.01304, 0.01311, 0.04039, 0.0135, 0.01431, 0.18704, 0.08757, 0.01465, 0.13214, 0.17871, 0.04485, 0.03058, 0.06118, 0.01595, 0.07998, 0.27211, 0.01601]","[]","[]",60,0
3.5,30,"[0.00156, 0.00189, 0.00228, 0.00802, 0.00322, 0.00349, 0.0039, 0.00444, 0.0112, 0.00563, 0.00579, 0.01183, 0.00685, 0.02762, 0.00745, 0.0076, 0.03104, 0.00786, 0.00796, 0.03323, 0.11766, 0.01732, 0.0177, 0.09849, 0.00945, 0.0095, 0.0097, 0.00991, 0.01012, 0.22659, 0.021, 0.01089, 0.04438, 0.01124, 0.05645, 0.01135, 0.01169, 0.10655, 0.02393, 0.02399, 0.06051, 0.23051, 0.01231, 0.01258, 0.01277, 0.01289, 0.01304, 0.10568, 0.02778, 0.2791, 0.06982, 0.01406, 0.04218, 0.01411, 0.01425, 0.01429, 0.02956, 0.2367, 0.01496, 0.02993, 0.01516, 0.01517]","[]","[]",62,0
3.5,31,"[0.00176, 0.0024, 0.00499, 0.00329, 0.007, 0.00901, 0.0048, 0.02555, 0.01042, 0.00543, 0.01129, 0.00589, 0.00648, 0.00667, 0.00701, 0.03539, 0.02132, 0.0144, 0.02289, 0.01533, 0.00799, 0.00812, 0.00844, 0.00882, 0.02652, 0.00907, 0.02739, 0.04573, 0.01885, 0.00959, 0.04812, 0.01928, 0.00984, 0.10965, 0.01037, 0.01044, 0.06418, 0.02153, 0.02154, 0.04328, 0.01085, 0.01114, 0.03364, 0.01146, 0.02334, 0.02387, 0.12064, 0.0123, 0.01249, 0.01264, 0.01267, 0.01267, 0.02616, 0.03939, 0.02631, 0.0133, 0.05456, 0.01374, 0.0275, 0.01384, 0.01398, 0.01409, 0.01415, 0.11423, 0.07149, 0.01443, 0.01449, 0.0146, 0.01463, 0.01467, 0.01478, 0.01484, 0.01489, 0.01517, 0.18215]","[]","[]",75,0
3.5,32,"[0.01266, 0.00382, 0.00484, 0.00645, 0.07991, 0.01423, 0.04387, 0.14103, 0.1198, 0.04022, 0.00812, 0.04176, 0.0086, 0.00868, 0.07166, 0.00897, 0.00908, 0.00909, 0.01839, 0.01851, 0.00933, 0.02906, 0.00982, 0.00983, 0.00988, 0.00993, 0.07302, 0.05707, 0.0115, 0.07022, 0.01234, 0.01245, 0.0125, 0.11357, 0.013, 0.01308, 0.01333, 0.01337, 0.02677, 0.01345, 0.10837, 0.05437, 0.04078, 0.01375, 0.0276, 0.0139, 0.01394, 0.05642, 0.01418, 0.02896, 0.01448, 0.01458, 0.01477, 0.0887, 0.05918, 0.16872, 0.01535, 0.01546, 0.03105, 0.0156, 0.01583, 0.01587, 0.032, 0.0321, 0.04816, 0.01607, 0.14587, 0.01635]","[]","[]",68,0
3.5,33,"[0.01007, 0.01501, 0.04923, 0.01472, 0.00512, 0.0154, 0.00528, 0.00538, 0.01692, 0.00659, 0.02045, 0.00684, 0.00696, 0.00697, 0.15519, 0.03863, 0.0079, 0.00794, 0.0085, 0.01741, 0.00871, 0.0175, 0.00879, 0.16933, 0.01819, 0.00912, 0.0093, 0.01928, 0.00995, 0.00999, 0.01007, 0.05073, 0.01023, 0.01042, 0.05377, 0.01082, 0.04537, 0.01136, 0.03438, 0.03462, 0.01154, 0.01155, 0.16187, 0.01192, 0.19183, 0.01207, 0.01208, 0.02445, 0.03685]","[]","[]",49,0
3.5,34,"[0.00046, 0.00064, 0.00363, 0.00215, 0.00226, 0.00915, 0.00302, 0.03568, 0.01018, 0.01601, 0.0042, 0.00527, 0.00554, 0.03697, 0.03182, 0.00637, 0.00639, 0.04494, 0.01955, 0.02733, 0.00693, 0.00811, 0.01649, 0.01706, 0.06173, 0.00899, 0.0184, 0.00927, 0.02781, 0.00941, 0.00969, 0.01949, 0.0197, 0.01022, 0.01036, 0.08393, 0.01067, 0.05432, 0.04348, 0.011, 0.04406, 0.02233, 0.0114, 0.08218, 0.01196, 0.03648, 0.14659, 0.01258, 0.01259, 0.03784, 0.01275, 0.02602, 0.01342, 0.01349, 0.01372, 0.0987, 0.01427, 0.01442, 0.02887, 0.27508, 0.07354, 0.01472, 0.19233, 0.01481, 0.0594, 0.04568, 0.18456, 0.07913, 0.03271, 0.14744]","[]","[]",70,0
3.5,35,"[0.00576, 0.0424, 0.00798, 0.01252, 0.00433, 0.01317, 0.00932, 0.00487, 0.01046, 0.02575, 0.00701, 0.00722, 0.00744, 0.01602, 0.00804, 0.00811, 0.04118, 0.00904, 0.00912, 0.03666, 0.02785, 0.00943, 0.08117, 0.01026, 0.01027, 0.03107, 0.01061, 0.21218, 0.01062, 0.0322, 0.01094, 0.01126, 0.0113, 0.01132, 0.01171, 0.06105, 0.01229, 0.23424, 0.13789, 0.01259, 0.05054, 0.01276, 0.02553, 0.02588, 0.01309, 0.01316, 0.01326, 0.01335, 0.05394, 0.20867, 0.30678, 0.02811, 0.01409, 0.22666, 0.0427, 0.02847, 0.02866, 0.07301, 0.01479, 0.04609, 0.01554, 0.01566, 0.01616, 0.14816, 0.0167, 0.01671]","[]","[]",66,0
3.5,36,"[0.00265, 0.00757, 0.00387, 0.00406, 0.00438, 0.06677, 0.00454, 0.00485, 0.01005, 0.00511, 0.0105, 0.00527, 0.01656, 0.00593, 0.01935, 0.00683, 0.00701, 0.00713, 0.0072, 0.00736, 0.0075, 0.00763, 0.0939, 0.01584, 0.00806, 0.00829, 0.00836, 0.05427, 0.00985, 0.00985, 0.01989, 0.01016, 0.01017, 0.01099, 0.06686, 0.01121, 0.03364, 0.0114, 0.0121, 0.01211, 0.01226, 0.01246, 0.01247, 0.01271, 0.06387, 0.03854, 0.01287, 0.01288, 0.02594, 0.01303, 0.09347, 0.01337, 0.01344, 0.05391, 0.01358, 0.0136, 0.01361, 0.04086, 0.16834, 0.0708, 0.01416, 0.02925, 0.01463, 0.0147, 0.03007]","[]","[]",65,0
3.5,37,"[0.00213, 0.00151, 0.00961, 0.0024, 0.00798, 0.03632, 0.00561, 0.00325, 0.0144, 0.00423, 0.03197, 0.02652, 0.02721, 0.04595, 0.00665, 0.03385, 0.00681, 0.00686, 0.00687, 0.14304, 0.00715, 0.06325, 0.04192, 0.0087, 0.00878, 0.0707, 0.01818, 0.03013, 0.02051, 0.03147, 0.0106, 0.01061, 0.0107, 0.02176, 0.01091, 0.0113, 0.02293, 0.04595, 0.03455, 0.09217, 0.0235, 0.02365, 0.14305, 0.02474, 0.1899, 0.02544, 0.01286, 0.1171, 0.01359, 0.1502, 0.08269, 0.02813, 0.01415, 0.14477, 0.02972, 0.14971, 0.04523, 0.04534]","[]","[]",58,0
3.5,38,"[0.00334, 0.00427, 0.00423, 0.00469, 0.00981, 0.00505, 0.00574, 0.00585, 0.0182, 0.0315, 0.01275, 0.00657, 0.007, 0.08516, 0.00734, 0.01553, 0.00778, 0.03303, 0.01734, 0.13612, 0.00911, 0.04783, 0.00973, 0.02012, 0.02024, 0.01029, 0.01039, 0.03118, 0.01072, 0.03221, 0.12931, 0.0539, 0.01079, 0.11198, 0.02267, 0.05708, 0.01149, 0.03509, 0.01187, 0.05941, 0.02438, 0.16099, 0.03777, 0.03837, 0.01295, 0.02602, 0.02612, 0.01327, 0.02733, 0.27425, 0.01378, 0.01404, 0.01404, 0.04276, 0.0719, 0.01444, 0.01449, 0.02914, 0.01467]","[]","[]",59,0
3.5,39,"[0.00422, 0.00666, 0.00233, 0.02152, 0.00964, 0.00676, 0.00344, 0.00732, 0.004, 0.00448, 0.01631, 0.00573, 0.0115, 0.01309, 0.01338, 0.00796, 0.09763, 0.00816, 0.00825, 0.01721, 0.01741, 0.00894, 0.02778, 0.03924, 0.0197, 0.11512, 0.09514, 0.02155, 0.01091, 0.02187, 0.21144, 0.04465, 0.10442, 0.01192, 0.09787, 0.01227, 0.02473, 0.01242, 0.01245, 0.01247, 0.01294, 0.03916, 0.05285, 0.01351, 0.05424, 0.01362, 0.04156, 0.0139, 0.22235, 0.0709, 0.07135, 0.0143, 0.02889, 0.01446, 0.1308, 0.02927, 0.01506, 0.0154, 0.0156, 0.01565, 0.06264]","[]","[]",61,0
3.5,40,"[0.00256, 0.00341, 0.00766, 0.00403, 0.0046, 0.0202, 0.00557, 0.06158, 0.04846, 0.01469, 0.00759, 0.02412, 0.01623, 0.00819, 0.0084, 0.00851, 0.01719, 0.00894, 0.02843, 0.12395, 0.02924, 0.00989, 0.00998, 0.02, 0.06012, 0.05184, 0.10496, 0.05629, 0.01138, 0.0116, 0.01167, 0.01187, 0.01191, 0.04859, 0.01222, 0.01244, 0.02559, 0.01317, 0.03952, 0.0145, 0.02903, 0.01451, 0.01486, 0.14888, 0.08943, 0.01528, 0.01537, 0.09256, 0.04642, 0.01568, 0.01571, 0.09485, 0.01584, 0.0159, 0.01591, 0.01609, 0.03234, 0.131, 0.03279, 0.01651, 0.11574, 0.10014, 0.03348, 0.01676, 0.01684, 0.06775, 0.0171, 0.03432, 0.03433, 0.01726, 0.06923, 0.03472]","[]","[]",72,0
3.5,41,"[0.00634, 0.00697, 0.00481, 0.00247, 0.00641, 0.00326, 0.00331, 0.00333, 0.00388, 0.03616, 0.07764, 0.0206, 0.00438, 0.07214, 0.00477, 0.03107, 0.00699, 0.04979, 0.00722, 0.00741, 0.00749, 0.03172, 0.02508, 0.09214, 0.01679, 0.00882, 0.00895, 0.00956, 0.00958, 0.00986, 0.13896, 0.01014, 0.04106, 0.02066, 0.01037, 0.03122, 0.03125, 0.02097, 0.02132, 0.04274, 0.01084, 0.01086, 0.02194, 0.01102, 0.01105, 0.01139, 0.01159, 0.01196, 0.02405, 0.01213, 0.04907, 0.01232, 0.01277, 0.07662, 0.013, 0.02605, 0.01303, 0.28781, 0.02642, 0.03966, 0.01349, 0.01354, 0.01384, 0.01386, 0.05703, 0.01438, 0.01443, 0.02896, 0.02907, 0.01459, 0.04388]","[]","[]",71,0
3.5,42,"[0.00125, 0.00396, 0.00185, 0.00272, 0.02304, 0.03935, 0.00438, 0.00514, 0.01131, 0.05709, 0.00586, 0.00658, 0.07062, 0.00706, 0.07887, 0.00724, 0.00738, 0.06004, 0.00754, 0.0773, 0.00842, 0.12779, 0.17448, 0.00895, 0.08137, 0.00928, 0.05983, 0.01018, 0.04086, 0.01044, 0.0212, 0.01085, 0.01105, 0.02257, 0.01156, 0.02336, 0.03682, 0.02486, 0.19154, 0.01285, 0.06522, 0.01315, 0.04036, 0.01348, 0.01359]","[]","[]",45,0
3.5,43,"[0.00496, 0.0103, 0.02685, 0.01149, 0.01253, 0.00637, 0.0066, 0.00665, 0.01398, 0.00725, 0.03737, 0.0227, 0.02307, 0.00774, 0.00802, 0.09699, 0.00884, 0.00899, 0.00908, 0.13754, 0.00936, 0.00952, 0.00972, 0.00974, 0.00984, 0.0099, 0.02003, 0.0101, 0.0102, 0.01023, 0.02108, 0.01058, 0.01077, 0.01079, 0.03293, 0.01118, 0.05621, 0.0113, 0.01131, 0.01134, 0.0114, 0.05779, 0.05799, 0.04794, 0.14967, 0.0128, 0.02578, 0.01291, 0.01299, 0.01323, 0.13243, 0.01345, 0.01381, 0.01381, 0.05557, 0.18402, 0.01418, 0.07152, 0.07242, 0.01484, 0.29701, 0.01487, 0.04487, 0.01496, 0.03056, 0.01553, 0.01564, 0.03166, 0.01597, 0.01621, 0.04907, 0.01655, 0.01655, 0.03329, 0.01665, 0.01677, 0.01694]","[]","[]",77,0
3.5,44,"[0.00198, 0.00395, 0.00469, 0.01564, 0.0053, 0.00579, 0.0121, 0.01214, 0.00614, 0.01852, 0.0063, 0.0067, 0.00677, 0.03052, 0.00822, 0.0086, 0.05531, 0.00933, 0.00975, 0.01969, 0.06013, 0.19213, 0.0103, 0.01046, 0.02145, 0.05416, 0.01104, 0.01112, 0.04547, 0.01162, 0.02377, 0.07253, 0.10965, 0.01231, 0.01236, 0.01244, 0.01256, 0.01265, 0.01301, 0.01318, 0.06775, 0.27752, 0.01394, 0.05601, 0.02829, 0.01436, 0.02896, 0.01449, 0.02908, 0.05962, 0.01492, 0.01496, 0.0449, 0.01506, 0.1378, 0.03076, 0.03113, 0.0157]","[]","[]",58,0
3.5,45,"[0.00212, 0.006, 0.01049, 0.01149, 0.01823, 0.00504, 0.06053, 0.00517, 0.00531, 0.00549, 0.00605, 0.00635, 0.0066, 0.01325, 0.03397, 0.04874, 0.0074, 0.00749, 0.00777, 0.05667, 0.02568, 0.02887, 0.00963, 0.00973, 0.00976, 0.00978, 0.11902, 0.10428, 0.02097, 0.03184, 0.02132, 0.03321, 0.01163, 0.01226, 0.0737, 0.01253, 0.1005, 0.01269, 0.12785, 0.05127, 0.01296, 0.01309, 0.0136, 0.05537, 0.04162, 0.04212, 0.01417, 0.0143, 0.01439, 0.01443, 0.01453, 0.0146, 0.01462, 0.01469, 0.01472, 0.13254, 0.01477]","[]","[]",57,0
3.5,46,"[0.03139, 0.00438, 0.01175, 0.01539, 0.0083, 0.0129, 0.00902, 0.00928, 0.00511, 0.02676, 0.07086, 0.00594, 0.05418, 0.00637, 0.12999, 0.11556, 0.00767, 0.0077, 0.00776, 0.0546, 0.00827, 0.00842, 0.03536, 0.09277, 0.00957, 0.05859, 0.01977, 0.01044, 0.03277, 0.05568, 0.01123, 0.06786, 0.04602, 0.01161, 0.01165, 0.0117, 0.08254, 0.05992, 0.01211, 0.06084, 0.01292, 0.013, 0.07847, 0.06738, 0.05415, 0.02732, 0.01376, 0.01412, 0.01422, 0.01427, 0.01498, 0.01501, 0.03004, 0.01503, 0.01509, 0.01532, 0.0461, 0.04619, 0.01543, 0.01566, 0.03139, 0.0319]","[]","[]",62,0
3.5,47,"[0.01587, 0.03278, 0.00512, 0.00331, 0.01164, 0.00424, 0.00456, 0.01025, 0.00521, 0.00554, 0.04471, 0.08033, 0.00608, 0.01298, 0.00677, 0.00734, 0.02942, 0.0074, 0.01504, 0.00753, 0.00779, 0.01615, 0.00829, 0.00832, 0.09275, 0.0524, 0.00944, 0.00955, 0.05748, 0.00976, 0.00991, 0.22126, 0.01021, 0.01039, 0.07601, 0.01106, 0.0226, 0.01139, 0.01152, 0.01152, 0.01181, 0.05905, 0.03663, 0.23442, 0.01258, 0.01262, 0.03811]","[]","[]",47,0
3.5,48,"[0.00179, 0.0255, 0.00954, 0.00379, 0.00411, 0.00878, 0.00903, 0.0099, 0.00508, 0.02094, 0.02146, 0.00601, 0.05047, 0.01286, 0.00657, 0.02631, 0.00666, 0.01376, 0.00703, 0.02211, 0.00786, 0.10383, 0.00809, 0.04092, 0.00834, 0.00837, 0.09284, 0.01727, 0.02606, 0.00875, 0.00934, 0.00956, 0.01013, 0.01091, 0.01093, 0.08801, 0.01115, 0.09183, 0.01162, 0.2327, 0.01189, 0.01214, 0.12383, 0.04973, 0.01251, 0.01274, 0.02648, 0.01335, 0.01351, 0.04134, 0.02788, 0.06987, 0.01408, 0.02832, 0.02839, 0.24461, 0.01439, 0.0144, 0.02911, 0.01468, 0.02953, 0.01478, 0.04497, 0.12224, 0.0154, 0.01573, 0.03188, 0.01608, 0.25897, 0.01659, 0.11683, 0.06747]","[]","[]",72,0
3.5,49,"[0.00236, 0.03267, 0.00438, 0.02286, 0.01384, 0.01641, 0.00578, 0.01401, 0.01442, 0.00722, 0.01453, 0.00731, 0.01494, 0.00747, 0.0076, 0.0078, 0.00789, 0.00856, 0.00884, 0.0268, 0.0447, 0.00895, 0.07235, 0.00917, 0.03922, 0.01969, 0.01995, 0.02055, 0.02058, 0.01083, 0.02186, 0.01125, 0.04836, 0.08671, 0.02491, 0.02507, 0.15176, 0.05082, 0.15338, 0.01282, 0.0129, 0.01299, 0.01312, 0.01346, 0.0136, 0.09563, 0.0137, 0.02742, 0.04185, 0.01404, 0.01408, 0.04226, 0.12788, 0.02847, 0.0143, 0.07276, 0.04418, 0.01492, 0.01503, 0.01511, 0.06103, 0.19837, 0.01528, 0.06121, 0.01534, 0.01551, 0.01581, 0.01583, 0.04785, 0.09717, 0.01621, 0.0164, 0.16505, 0.01657, 0.04982, 0.01682, 0.32725, 0.01751, 0.0526]","[]","[]",79,0
3.5,50,"[0.00081, 0.00169, 0.00225, 0.01089, 0.00366, 0.02987, 0.01404, 0.01561, 0.00534, 0.00577, 0.00593, 0.02375, 0.0061, 0.06912, 0.02529, 0.00641, 0.0075, 0.00751, 0.00773, 0.01607, 0.0086, 0.03559, 0.10805, 0.11032, 0.08306, 0.00933, 0.00953, 0.01918, 0.04887, 0.00981, 0.02044, 0.01045, 0.03157, 0.04383, 0.01105, 0.07814, 0.0112, 0.02258, 0.01138, 0.02297, 0.01161, 0.01186, 0.03621, 0.02479, 0.02521, 0.01265, 0.10355, 0.09125, 0.02677, 0.04046, 0.06912, 0.02769, 0.02791, 0.07087, 0.01422, 0.0143, 0.01432, 0.01448, 0.0295]","[]","[]",59,0
3.5,51,"[0.00172, 0.00616, 0.00213, 0.0023, 0.00607, 0.00306, 0.03064, 0.01226, 0.00535, 0.00537, 0.00541, 0.02864, 0.08694, 0.00767, 0.00778, 0.00829, 0.00851, 0.01828, 0.18397, 0.00927, 0.00955, 0.00982, 0.00983, 0.00985, 0.01014, 0.03133, 0.0209, 0.01067, 0.02217, 0.1696, 0.01147, 0.02455, 0.01232, 0.02549, 0.01281, 0.01302, 0.01312, 0.01321, 0.0133, 0.0135, 0.04115, 0.01402, 0.05617, 0.01409, 0.02851, 0.01427, 0.01428, 0.31929, 0.01454, 0.08794, 0.0736, 0.02957, 0.28413, 0.01506, 0.01539, 0.01563, 0.06275, 0.01578, 0.01585, 0.01604, 0.1765, 0.0162, 0.04874, 0.14653]","[]","[]",64,0
3.5,52,"[0.00118, 0.00311, 0.02422, 0.00384, 0.00825, 0.01335, 0.09038, 0.00462, 0.00463, 0.00468, 0.0047, 0.01077, 0.02464, 0.00643, 0.00645, 0.12283, 0.00675, 0.01405, 0.01442, 0.01519, 0.00779, 0.00798, 0.00835, 0.00875, 0.04457, 0.08135, 0.01856, 0.00947, 0.00951, 0.00959, 0.00966, 0.01002, 0.02011, 0.04089, 0.01027, 0.07502, 0.02153, 0.14255, 0.02225, 0.02262, 0.02273, 0.04644, 0.02372, 0.01199, 0.02412, 0.01222, 0.02454, 0.06146, 0.01235, 0.01256, 0.01305, 0.0132, 0.01328, 0.01334, 0.04002, 0.01336, 0.02685, 0.05409, 0.21641, 0.01368, 0.02783, 0.01392, 0.02795, 0.02914]","[]","[]",64,0
3.5,53,"[0.02325, 0.01174, 0.00313, 0.00318, 0.06161, 0.01077, 0.00519, 0.00526, 0.0057, 0.00638, 0.01309, 0.05899, 0.00676, 0.00678, 0.00698, 0.02096, 0.01423, 0.00715, 0.00772, 0.00786, 0.00809, 0.00872, 0.00923, 0.00936, 0.00945, 0.01995, 0.01001, 0.01025, 0.01095, 0.02239, 0.01131, 0.01157, 0.01194, 0.07299, 0.06151, 0.01244, 0.05089, 0.0256, 0.01283, 0.01311, 0.01356, 0.01378, 0.02773, 0.09952, 0.01437, 0.20158, 0.17298, 0.01444, 0.01449, 0.07279, 0.0146, 0.01493, 0.015, 0.16747, 0.01536, 0.0154, 0.03081, 0.1699, 0.01547, 0.34963, 0.08007, 0.01611, 0.03238, 0.01624, 0.0983, 0.01639, 0.06587, 0.01664, 0.03335, 0.01675, 0.01682, 0.01683, 0.01693, 0.1363, 0.06912]","[]","[]",75,0
3.5,54,"[0.00194, 0.01477, 0.00265, 0.00341, 0.00358, 0.01105, 0.00458, 0.015, 0.01002, 0.01545, 0.01105, 0.00683, 0.07661, 0.01459, 0.00734, 0.02246, 0.01514, 0.13336, 0.03153, 0.00804, 0.00819, 0.03392, 0.00884, 0.00916, 0.00963, 0.0097, 0.01029, 0.17146, 0.01089, 0.0109, 0.01091, 0.0219, 0.02194, 0.07807, 0.01115, 0.01155, 0.01182, 0.09507, 0.02396, 0.01204, 0.02435, 0.01282, 0.01349, 0.0135, 0.02705, 0.0136, 0.2591, 0.01407, 0.01434, 0.29049, 0.01454, 0.02924, 0.10274, 0.01493, 0.0448, 0.03004, 0.01523, 0.20039, 0.01548, 0.0155, 0.01562, 0.01582, 0.01611, 0.01624, 0.32607, 0.01641, 0.14854]","[]","[]",67,0
3.5,55,"[0.00092, 0.00236, 0.00512, 0.00534, 0.00538, 0.03393, 0.01142, 0.00587, 0.07699, 0.0063, 0.00651, 0.01362, 0.00707, 0.05491, 0.00811, 0.00816, 0.00846, 0.05188, 0.00883, 0.00898, 0.00905, 0.00913, 0.10272, 0.00938, 0.02816, 0.01883, 0.03783, 0.00983, 0.02952, 0.06113, 0.02039, 0.01049, 0.10528, 0.06758, 0.01173, 0.08244, 0.03598, 0.012, 0.01214, 0.0123, 0.01268, 0.02638, 0.01327, 0.02665, 0.04009, 0.01364, 0.13709, 0.01387, 0.01391, 0.01397, 0.01408, 0.01417, 0.04311, 0.02881, 0.01455, 0.01479, 0.02979, 0.01492, 0.04489]","[]","[]",59,0
3.5,56,"[0.00078, 0.00101, 0.01729, 0.00239, 0.00872, 0.00413, 0.01571, 0.00533, 0.00534, 0.01166, 0.01757, 0.00586, 0.01186, 0.0476, 0.00643, 0.03428, 0.00692, 0.03496, 0.00701, 0.01426, 0.08477, 0.02326, 0.10091, 0.03264, 0.06742, 0.17237, 0.01729, 0.01824, 0.00918, 0.01848, 0.02841, 0.01896, 0.01973, 0.01035, 0.04255, 0.09997, 0.03409, 0.02289, 0.01182, 0.03678, 0.01228, 0.01253, 0.21379, 0.06382, 0.09118, 0.13036, 0.01316, 0.0404, 0.01368, 0.05497, 0.01377, 0.01379, 0.05525, 0.12558, 0.0142, 0.10031, 0.0574, 0.01463, 0.05867, 0.01471]","[]","[]",60,0
3.5,57,"[0.00675, 0.00215, 0.00325, 0.00379, 0.01254, 0.01087, 0.00633, 0.04448, 0.05894, 0.00663, 0.00697, 0.00736, 0.0149, 0.03861, 0.00789, 0.02415, 0.03254, 0.07588, 0.04226, 0.00856, 0.00859, 0.02666, 0.00889, 0.15335, 0.00947, 0.00948, 0.00948, 0.03801, 0.00955, 0.00956, 0.00957, 0.0098, 0.01015, 0.20985, 0.10511, 0.01054, 0.04359, 0.03292, 0.01123, 0.02257, 0.102, 0.0114, 0.057, 0.01141, 0.01175, 0.02357, 0.012]","[]","[]",47,0
3.5,58,"[0.00177, 0.02064, 0.00415, 0.00463, 0.0047, 0.10835, 0.00572, 0.0179, 0.01224, 0.00729, 0.00758, 0.01635, 0.01635, 0.00876, 0.0535, 0.00939, 0.01902, 0.00996, 0.01005, 0.01024, 0.08232, 0.01045, 0.15986, 0.02153, 0.05419, 0.01095, 0.02195, 0.07941, 0.02274, 0.01142, 0.09251, 0.01167, 0.10597, 0.01186, 0.01191, 0.03576, 0.01195, 0.01213, 0.10931, 0.01251, 0.01263, 0.01274, 0.1659, 0.11675, 0.22266]","[]","[]",45,0
3.5,59,"[0.00151, 0.00259, 0.00421, 0.013, 0.06296, 0.01054, 0.06069, 0.04088, 0.00695, 0.00763, 0.01536, 0.00768, 0.00827, 0.02501, 0.02892, 0.19895, 0.05478, 0.01137, 0.02297, 0.10347, 0.0834, 0.02432, 0.23286, 0.01227, 0.01252, 0.01253, 0.01254, 0.05041, 0.01263, 0.0127, 0.03822, 0.02598, 0.1307, 0.20937, 0.01361, 0.01362, 0.01374, 0.01381, 0.08366, 0.06981, 0.01437, 0.01449, 0.01463, 0.22173, 0.07492, 0.01506, 0.01508, 0.25715, 0.01513, 0.03061, 0.01546, 0.01551, 0.01554, 0.04673, 0.01559, 0.01594, 0.0319, 0.01602, 0.11303, 0.01627, 0.01634, 0.01669, 0.15096, 0.0336, 0.03387, 0.03396, 0.017, 0.06808, 0.05154, 0.01724, 0.01725, 0.08685, 0.03477]","[]","[]",73,0
3.5,60,"[0.0143, 0.00243, 0.02085, 0.02734, 0.01372, 0.00367, 0.00432, 0.01001, 0.00597, 0.00659, 0.00709, 0.00728, 0.0076, 0.00791, 0.13763, 0.01651, 0.06035, 0.00863, 0.009, 0.00901, 0.0181, 0.00939, 0.00942, 0.00949, 0.0104, 0.03177, 0.0107, 0.01112, 0.10239, 0.02413, 0.01226, 0.01236, 0.0126, 0.01274, 0.25613, 0.1025, 0.02601, 0.0131, 0.1186, 0.12205, 0.02715, 0.01371, 0.01375, 0.05626, 0.02823, 0.02831, 0.01436, 0.18811, 0.04368, 0.23452, 0.01491, 0.01524, 0.01531, 0.01533, 0.04661, 0.12506, 0.01585, 0.01595, 0.03211]","[]","[]",59,0
3.5,61,"[0.01593, 0.02125, 0.00496, 0.03503, 0.00524, 0.01203, 0.01857, 0.0285, 0.00722, 0.13448, 0.00798, 0.00808, 0.0257, 0.01733, 0.00904, 0.08536, 0.03044, 0.01056, 0.01087, 0.09995, 0.01115, 0.02245, 0.10266, 0.0575, 0.02323, 0.01171, 0.01176, 0.01218, 0.07337, 0.0491, 0.01233, 0.01242, 0.01249, 0.0375, 0.01257, 0.01298, 0.0131, 0.02692, 0.01355, 0.01364, 0.01371, 0.09601, 0.12432, 0.26364, 0.01411, 0.22676, 0.04278, 0.20141, 0.28807, 0.01441, 0.17343, 0.10138, 0.04378, 0.08762, 0.01461, 0.04386, 0.02955, 0.07402, 0.02964, 0.01482, 0.01484, 0.10475, 0.01503, 0.01531, 0.0154, 0.01545, 0.07734, 0.07845, 0.01599, 0.14416, 0.01615, 0.03241]","[]","[]",72,0
3.5,62,"[0.03983, 0.00454, 0.00371, 0.01865, 0.00397, 0.00413, 0.00413, 0.03123, 0.0213, 0.00534, 0.02188, 0.01682, 0.05399, 0.00605, 0.00608, 0.01221, 0.0063, 0.00704, 0.11324, 0.0073, 0.00751, 0.10904, 0.05914, 0.00895, 0.00909, 0.17726, 0.02853, 0.00952, 0.05841, 0.00983, 0.03979, 0.02041, 0.01127, 0.01163, 0.11714, 0.02346, 0.01173, 0.0352, 0.03522, 0.01189, 0.01199, 0.01223, 0.02455, 0.01231, 0.03765, 0.01256, 0.02533, 0.02548, 0.01321, 0.0661, 0.01348, 0.06762, 0.02716, 0.0415, 0.01395, 0.06999, 0.09871, 0.02834, 0.01424, 0.01448, 0.08811, 0.05911, 0.075, 0.01501, 0.01522, 0.10669, 0.04578, 0.0154]","[]","[]",68,0
3.5,63,"[0.00212, 0.00769, 0.00562, 0.01451, 0.01866, 0.00377, 0.00413, 0.00909, 0.01903, 0.00508, 0.00619, 0.01341, 0.01367, 0.02201, 0.00742, 0.00827, 0.0168, 0.10122, 0.00882, 0.00884, 0.00907, 0.00951, 0.0198, 0.15323, 0.01031, 0.02081, 0.01052, 0.01067, 0.05508, 0.01107, 0.03365, 0.1397, 0.01173, 0.02372, 0.04837, 0.15782, 0.12247, 0.01237, 0.0373, 0.01244, 0.02491, 0.01249, 0.02571, 0.01291, 0.06487, 0.0131, 0.01365, 0.0276, 0.01389, 0.28, 0.04241, 0.01415, 0.07099, 0.01422, 0.05699, 0.01434, 0.02875, 0.01468, 0.07397, 0.07546, 0.01517, 0.01525]","[]","[]",62,0
3.5,64,"[0.00117, 0.00253, 0.00781, 0.026, 0.02134, 0.00882, 0.00538, 0.01078, 0.02727, 0.00594, 0.01903, 0.05885, 0.01972, 0.00662, 0.00669, 0.00741, 0.00795, 0.0085, 0.08888, 0.00907, 0.08738, 0.02915, 0.05848, 0.00993, 0.03032, 0.01025, 0.03102, 0.12539, 0.01055, 0.01113, 0.01117, 0.04603, 0.07031, 0.01172, 0.01187, 0.01191, 0.0371, 0.02537, 0.01269, 0.02551, 0.06477, 0.01296, 0.01327]","[]","[]",43,0
3.5,65,"[0.00049, 0.00216, 0.00239, 0.00493, 0.00753, 0.00482, 0.0053, 0.02667, 0.01209, 0.01954, 0.00656, 0.03607, 0.01446, 0.00774, 0.00797, 0.00813, 0.04088, 0.01691, 0.00847, 0.01768, 0.00887, 0.06466, 0.01859, 0.00945, 0.00957, 0.01929, 0.00996, 0.12244, 0.0104, 0.07406, 0.06377, 0.01065, 0.07622, 0.0763, 0.1748, 0.19079, 0.21335, 0.0342, 0.01148, 0.03475, 0.01161, 0.01163, 0.02411, 0.01237, 0.01255, 0.01271, 0.10261, 0.01303, 0.0263, 0.01316, 0.09305, 0.01336, 0.02689, 0.0982, 0.01413, 0.05729, 0.08637, 0.02892, 0.08698, 0.13212]","[]","[]",60,0
3.5,66,"[0.01674, 0.04877, 0.0045, 0.00452, 0.00986, 0.00517, 0.01059, 0.00556, 0.00581, 0.00591, 0.02411, 0.06301, 0.01283, 0.0066, 0.00668, 0.00701, 0.01404, 0.00708, 0.00717, 0.02943, 0.01498, 0.10384, 0.00853, 0.1734, 0.00933, 0.19305, 0.0102, 0.01082, 0.09013, 0.01139, 0.01176, 0.09485, 0.01193, 0.07228, 0.07244, 0.01209, 0.01223, 0.0126, 0.01262, 0.038, 0.01298, 0.07857, 0.02636, 0.01322, 0.02667, 0.01345, 0.01359, 0.23111, 0.01386, 0.05576, 0.01407, 0.01417, 0.02835, 0.02894, 0.029, 0.04416, 0.02993, 0.01522, 0.01523, 0.01534, 0.01545, 0.0156, 0.01589, 0.01611, 0.01613, 0.09681, 0.0162, 0.03262, 0.11494, 0.01643, 0.01647, 0.01656, 0.04972, 0.01658]","[]","[]",74,0
3.5,67,"[0.018, 0.01977, 0.00318, 0.01108, 0.00377, 0.02852, 0.00415, 0.00421, 0.00875, 0.02241, 0.00451, 0.00459, 0.00925, 0.00926, 0.05625, 0.00518, 0.00558, 0.03554, 0.00594, 0.00647, 0.0067, 0.06075, 0.00688, 0.0071, 0.00725, 0.02952, 0.00776, 0.03887, 0.00815, 0.00826, 0.00841, 0.0592, 0.00856, 0.01715, 0.14908, 0.07896, 0.08408, 0.07694, 0.04844, 0.05876, 0.01027, 0.12355, 0.01032, 0.06228, 0.01052, 0.01068, 0.02188, 0.01099, 0.033, 0.04426, 0.01133, 0.02303, 0.03458, 0.01165, 0.08311, 0.01188, 0.0119]","[]","[]",57,0
3.5,68,"[0.00154, 0.0096, 0.00322, 0.01417, 0.00422, 0.00442, 0.06435, 0.00925, 0.00502, 0.00511, 0.00543, 0.02204, 0.00627, 0.04274, 0.14859, 0.00818, 0.0084, 0.00866, 0.00922, 0.00953, 0.04796, 0.00967, 0.15651, 0.01046, 0.01067, 0.05424, 0.05524, 0.01108, 0.01141, 0.09436, 0.01194, 0.01199, 0.01214, 0.01222, 0.01236, 0.01238, 0.03749, 0.12631, 0.01353, 0.04235, 0.02835, 0.01418, 0.01455, 0.02919, 0.07338, 0.28029, 0.01487, 0.01494, 0.01516, 0.07637, 0.13755, 0.04698]","[]","[]",52,0
3.5,69,"[0.00187, 0.01164, 0.00224, 0.00469, 0.01449, 0.03302, 0.01721, 0.00594, 0.08566, 0.02551, 0.00679, 0.13194, 0.00713, 0.00733, 0.16743, 0.00768, 0.01563, 0.04346, 0.0178, 0.01924, 0.10802, 0.00992, 0.00993, 0.01019, 0.0626, 0.16724, 0.03262, 0.08791, 0.02228, 0.12281, 0.02239, 0.01173, 0.01199, 0.012, 0.02414, 0.07278, 0.01219, 0.02443, 0.01225, 0.04944, 0.01236, 0.06262, 0.01273, 0.01299, 0.013, 0.013, 0.03971, 0.06626, 0.18622, 0.01342, 0.02696, 0.0279, 0.05597, 0.07009, 0.01419, 0.02866, 0.01439, 0.01439]","[]","[]",58,0
3.5,70,"[0.01053, 0.00359, 0.00947, 0.00485, 0.00533, 0.01175, 0.01202, 0.04262, 0.01957, 0.00673, 0.06054, 0.03884, 0.06278, 0.0085, 0.026, 0.01752, 0.00955, 0.05947, 0.00991, 0.00995, 0.12095, 0.02071, 0.01041, 0.01097, 0.01098, 0.0221, 0.03323, 0.01136, 0.14238, 0.01192, 0.01192, 0.01198, 0.01205, 0.01207, 0.02431, 0.01239, 0.01245, 0.06349, 0.08907, 0.244, 0.0257, 0.03864, 0.10343, 0.01299, 0.01312, 0.01314, 0.01336, 0.21515, 0.05419, 0.0682, 0.01383, 0.04205, 0.01419, 0.02839, 0.0143, 0.01451, 0.13071, 0.01469, 0.01487, 0.08973, 0.01518]","[]","[]",61,0
3.5,71,"[0.00135, 0.00464, 0.00757, 0.0185, 0.00381, 0.00416, 0.02251, 0.00524, 0.00558, 0.00596, 0.0835, 0.01397, 0.01434, 0.0074, 0.0082, 0.00894, 0.02705, 0.07238, 0.00935, 0.00948, 0.08543, 0.0095, 0.04828, 0.02955, 0.00986, 0.0199, 0.01991, 0.01004, 0.01012, 0.02029, 0.01091, 0.011, 0.01128, 0.03393, 0.08037, 0.02328, 0.03552, 0.01196, 0.01202, 0.03664, 0.02466, 0.01247, 0.01247, 0.01256, 0.01262, 0.01263, 0.03798, 0.0127, 0.08918, 0.01279, 0.05117, 0.10262, 0.01306, 0.01309, 0.0262, 0.01338, 0.02715]","[]","[]",57,0
3.5,72,"[0.00167, 0.0036, 0.01883, 0.00283, 0.00644, 0.00328, 0.04447, 0.00446, 0.0454, 0.0282, 0.00474, 0.00543, 0.00544, 0.07446, 0.00663, 0.0074, 0.00806, 0.00822, 0.00826, 0.00843, 0.0086, 0.00862, 0.00875, 0.00956, 0.00986, 0.00994, 0.03007, 0.02007, 0.06278, 0.0539, 0.1409, 0.01104, 0.01137, 0.0115, 0.0347, 0.01167, 0.02432, 0.02478, 0.01256, 0.01275, 0.06406, 0.01284, 0.01324, 0.01371, 0.02783, 0.01407, 0.01431, 0.10208, 0.01469, 0.01473, 0.01499, 0.01503, 0.03037, 0.01522, 0.0959, 0.06418, 0.10032, 0.05025, 0.20186, 0.01697, 0.01717, 0.01739, 0.01747, 0.01756, 0.12315, 0.12322, 0.01773, 0.01779, 0.01788, 0.01811, 0.01823, 0.2018, 0.01838, 0.03685, 0.03695, 0.07444, 0.01882, 0.01883, 0.01897, 0.01901, 0.03804, 0.01935]","[]","[]",82,0
3.5,73,"[0.00332, 0.01145, 0.00382, 0.0081, 0.00434, 0.00447, 0.00532, 0.02177, 0.03313, 0.00579, 0.01185, 0.00595, 0.01232, 0.0062, 0.10318, 0.00666, 0.02007, 0.00674, 0.00708, 0.13964, 0.02987, 0.05436, 0.07363, 0.00844, 0.01792, 0.0811, 0.03612, 0.0185, 0.00928, 0.00938, 0.00957, 0.00989, 0.00995, 0.06335, 0.01074, 0.01085, 0.0557, 0.01136, 0.1606, 0.04593, 0.01155, 0.08158, 0.01169, 0.01205, 0.01299, 0.02609, 0.06592, 0.01327, 0.01351, 0.06866, 0.01373, 0.01389, 0.01391, 0.01396, 0.02805, 0.01404, 0.01416, 0.02907, 0.01478, 0.015, 0.25581, 0.07565, 0.04557, 0.0156, 0.01567, 0.04792]","[]","[]",66,0
3.5,74,"[0.00024, 0.02134, 0.01194, 0.00471, 0.00547, 0.00548, 0.00572, 0.05773, 0.11718, 0.00592, 0.03719, 0.08577, 0.02057, 0.01391, 0.04373, 0.03962, 0.00796, 0.04029, 0.00819, 0.00844, 0.00862, 0.0087, 0.01767, 0.06187, 0.01851, 0.18251, 0.03926, 0.04082, 0.03175, 0.0325, 0.02175, 0.05463, 0.03281, 0.01099, 0.01111, 0.01139, 0.02297, 0.02356, 0.01185, 0.02378, 0.01203, 0.04943, 0.05123, 0.06459, 0.02595, 0.04, 0.01342, 0.01347]","[]","[]",48,0
3.5,75,"[0.00212, 0.01929, 0.00318, 0.00339, 0.00367, 0.0074, 0.00523, 0.0214, 0.00554, 0.02242, 0.01151, 0.0173, 0.00584, 0.0249, 0.00625, 0.01267, 0.00643, 0.02582, 0.00777, 0.01574, 0.00794, 0.00795, 0.00807, 0.02455, 0.06583, 0.00823, 0.00847, 0.02588, 0.00878, 0.00919, 0.10166, 0.15442, 0.0903, 0.01024, 0.01025, 0.10499, 0.01057, 0.03201, 0.02147, 0.01082, 0.01116, 0.01119, 0.01131, 0.01136, 0.01148, 0.01155, 0.01159, 0.01202, 0.01214, 0.02532, 0.03853, 0.0129, 0.21949, 0.03889, 0.06519, 0.01317, 0.01323]","[]","[]",57,0
3.5,76,"[0.01489, 0.03313, 0.00592, 0.00701, 0.0792, 0.04232, 0.02145, 0.0432, 0.00541, 0.00549, 0.00561, 0.12661, 0.12116, 0.03902, 0.01301, 0.00659, 0.00682, 0.01365, 0.02757, 0.00757, 0.01576, 0.00835, 0.02529, 0.00846, 0.00849, 0.00854, 0.01716, 0.00899, 0.01882, 0.05822, 0.01024, 0.01038, 0.04225, 0.05289, 0.01087, 0.01109, 0.01121, 0.06751, 0.0113, 0.01156, 0.0604, 0.01208, 0.03647, 0.08604, 0.01243, 0.07527, 0.01291, 0.03886, 0.01299, 0.013]","[]","[]",50,0
3.5,77,"[0.00122, 0.01719, 0.05361, 0.04714, 0.03841, 0.00504, 0.00514, 0.00616, 0.03137, 0.06576, 0.0075, 0.00756, 0.02299, 0.0077, 0.00792, 0.00806, 0.00842, 0.01814, 0.0186, 0.06004, 0.01013, 0.02053, 0.01034, 0.0112, 0.03373, 0.01165, 0.15225, 0.02356, 0.01192, 0.02404, 0.02419, 0.02545, 0.01275, 0.01297, 0.09185, 0.01325, 0.01352, 0.01355, 0.02736, 0.01383, 0.02768, 0.01436, 0.10052, 0.01442, 0.01444, 0.02901, 0.01498, 0.04497, 0.01501, 0.01504, 0.18136, 0.01536, 0.0154, 0.01556, 0.01563, 0.01585, 0.016, 0.01637, 0.01656, 0.08368, 0.01683, 0.01697, 0.01712, 0.01713, 0.01718, 0.03439, 0.01735, 0.01738, 0.01739, 0.01747, 0.07002, 0.01763, 0.01797, 0.01827, 0.03683]","[]","[]",75,0
3.5,78,"[0.00077, 0.03415, 0.01823, 0.00465, 0.02193, 0.06523, 0.00654, 0.00678, 0.00701, 0.00712, 0.08583, 0.02352, 0.00794, 0.01636, 0.00861, 0.02596, 0.01775, 0.00918, 0.05542, 0.00967, 0.00984, 0.18968, 0.01037, 0.14708, 0.04249, 0.02158, 0.05454, 0.02182, 0.0112, 0.01147, 0.0351, 0.01173, 0.02355, 0.03662, 0.01232, 0.01243, 0.01243, 0.01248, 0.0127, 0.01274, 0.01325, 0.01328, 0.01336, 0.01343, 0.18892, 0.21652, 0.01399, 0.01407, 0.01421, 0.01425, 0.02865, 0.02908, 0.17553, 0.07322, 0.01485, 0.02979]","[]","[]",56,0
3.5,79,"[0.00845, 0.00399, 0.00299, 0.01666, 0.00841, 0.0296, 0.00494, 0.00578, 0.01221, 0.01233, 0.00632, 0.00656, 0.04152, 0.00713, 0.00767, 0.03693, 0.00948, 0.0102, 0.01029, 0.02087, 0.01098, 0.02265, 0.01142, 0.01143, 0.03469, 0.0116, 0.02347, 0.04802, 0.01222, 0.0251, 0.01286, 0.01295, 0.09109, 0.01323, 0.0404, 0.04046, 0.13724, 0.04154, 0.01396, 0.01404, 0.04227, 0.01431, 0.17216, 0.01435, 0.07209, 0.02905, 0.01461, 0.01465, 0.04395, 0.01476, 0.01493, 0.11947, 0.03038, 0.01534, 0.01551, 0.01564, 0.01575, 0.12719, 0.16073, 0.08138, 0.01637, 0.0165, 0.03305, 0.05053]","[]","[]",64,0
3.5,80,"[0.01002, 0.0023, 0.03629, 0.00382, 0.00416, 0.01296, 0.01773, 0.00452, 0.04136, 0.00506, 0.00512, 0.01118, 0.00578, 0.01773, 0.0416, 0.05403, 0.04915, 0.03867, 0.033, 0.01995, 0.04666, 0.00716, 0.00782, 0.09788, 0.07447, 0.05825, 0.00832, 0.00848, 0.00883, 0.04469, 0.15257, 0.00926, 0.00941, 0.06846, 0.01021, 0.05236, 0.01066, 0.01094, 0.0329, 0.06659, 0.02222, 0.01123, 0.01163, 0.03537, 0.01184, 0.0238]","[]","[]",46,0
3.5,81,"[0.00255, 0.00997, 0.02097, 0.00221, 0.00223, 0.01413, 0.00397, 0.0137, 0.00458, 0.0507, 0.01066, 0.02202, 0.04454, 0.00565, 0.00566, 0.03415, 0.02372, 0.00608, 0.03758, 0.08362, 0.00646, 0.00657, 0.00787, 0.00788, 0.01595, 0.00798, 0.00809, 0.02437, 0.00818, 0.01723, 0.026, 0.00878, 0.0555, 0.00946, 0.11556, 0.05963, 0.0302, 0.01007, 0.02141, 0.06503, 0.0115, 0.01177, 0.01195, 0.02403, 0.02413, 0.07247, 0.02428, 0.0122, 0.01239, 0.01314, 0.0133, 0.04072, 0.01417, 0.01433, 0.15943, 0.04372, 0.02934, 0.01489, 0.01495, 0.01519, 0.01545, 0.01567]","[]","[]",62,0
3.5,82,"[0.00634, 0.00911, 0.00246, 0.00383, 0.00806, 0.00427, 0.01369, 0.01163, 0.0253, 0.04662, 0.02044, 0.03575, 0.00772, 0.07279, 0.00825, 0.01657, 0.0086, 0.03499, 0.05345, 0.00893, 0.00899, 0.0093, 0.00936, 0.00945, 0.06621, 0.00947, 0.08713, 0.0194, 0.01956, 0.00991, 0.02009, 0.01022, 0.02094, 0.11732, 0.0108, 0.01081, 0.02169, 0.21156, 0.01128, 0.012, 0.0484, 0.01255, 0.01265, 0.01274, 0.01275, 0.01284, 0.01308, 0.05434, 0.01361, 0.01377, 0.01382, 0.02798, 0.05604, 0.01409, 0.01411, 0.09898, 0.01423, 0.01427, 0.10026, 0.17268, 0.01445, 0.05877, 0.02961]","[]","[]",63,0
3.5,83,"[0.00165, 0.01164, 0.01116, 0.00427, 0.01525, 0.02671, 0.0054, 0.0139, 0.00716, 0.00722, 0.05219, 0.01493, 0.00766, 0.01602, 0.00828, 0.00879, 0.00896, 0.00918, 0.00919, 0.00971, 0.08796, 0.0396, 0.02022, 0.01014, 0.01033, 0.07349, 0.02121, 0.08733, 0.011, 0.01109, 0.04503, 0.06765, 0.04792, 0.14431, 0.09664, 0.11208, 0.05055, 0.01292, 0.03898, 0.02627, 0.01356, 0.0276, 0.06974, 0.11225, 0.01427, 0.01452, 0.01466, 0.1032, 0.0298, 0.01528, 0.04596, 0.04793, 0.01608, 0.01619]","[]","[]",54,0
3.5,84,"[0.00604, 0.00248, 0.00539, 0.01613, 0.01036, 0.00833, 0.00424, 0.00456, 0.01044, 0.00568, 0.0057, 0.04661, 0.00593, 0.00648, 0.00739, 0.01537, 0.00779, 0.0158, 0.00802, 0.01616, 0.00814, 0.04116, 0.05077, 0.00872, 0.06488, 0.00928, 0.00969, 0.01014, 0.01024, 0.01031, 0.02084, 0.0209, 0.07326, 0.01048, 0.01063, 0.01101, 0.01109, 0.02237, 0.04546, 0.05707, 0.01157, 0.01191, 0.01259, 0.01265, 0.05075, 0.01276, 0.03838, 0.10284, 0.01295, 0.01349, 0.02805, 0.02805, 0.17171, 0.0289, 0.01512, 0.01515, 0.0607, 0.03048, 0.01528, 0.01533, 0.01539, 0.01568, 0.18901, 0.01589, 0.01601, 0.01613, 0.0162, 0.06573, 0.14824, 0.05035]","[]","[]",70,0
3.5,85,"[0.00286, 0.01521, 0.00603, 0.00313, 0.00422, 0.00868, 0.00868, 0.03205, 0.00468, 0.00482, 0.00525, 0.00536, 0.04269, 0.01317, 0.00662, 0.02663, 0.01436, 0.00738, 0.00742, 0.02295, 0.00822, 0.00827, 0.00843, 0.0085, 0.00875, 0.00919, 0.04603, 0.01901, 0.00956, 0.01025, 0.01031, 0.02075, 0.05498, 0.01206, 0.01221, 0.02473, 0.10071, 0.06376, 0.01293, 0.01305, 0.01309, 0.03998, 0.13465, 0.02733, 0.06979, 0.01404, 0.05629, 0.01453, 0.02911, 0.01466, 0.04469, 0.01507, 0.04613, 0.01539, 0.18593, 0.01558, 0.01573, 0.01582, 0.01595, 0.03219, 0.12991, 0.01631, 0.0165, 0.16517, 0.11571, 0.01663, 0.01693, 0.01698, 0.18819, 0.03486, 0.01748, 0.01756, 0.07065, 0.21318, 0.01787, 0.07194, 0.14442, 0.23482, 0.01808]","[]","[]",79,0
3.5,86,"[0.01462, 0.00298, 0.00353, 0.00361, 0.0037, 0.00374, 0.00449, 0.00507, 0.00514, 0.0116, 0.04129, 0.01347, 0.008, 0.16185, 0.00836, 0.026, 0.02614, 0.00872, 0.00875, 0.03502, 0.03689, 0.17828, 0.01901, 0.00961, 0.01923, 0.00963, 0.03893, 0.00991, 0.00996, 0.01003, 0.01009, 0.01053, 0.0226, 0.01134, 0.01135, 0.03444, 0.07138, 0.07249, 0.02423, 0.01215, 0.01225, 0.01238, 0.02484, 0.01243, 0.01246, 0.01264, 0.0132, 0.0532, 0.01332, 0.0134, 0.01346, 0.027, 0.0136, 0.01363, 0.09605, 0.06873, 0.0138]","[]","[]",57,0
3.5,87,"[0.00416, 0.00222, 0.00225, 0.00725, 0.00506, 0.00771, 0.00775, 0.00389, 0.02665, 0.02835, 0.00572, 0.01146, 0.0058, 0.01195, 0.0122, 0.01359, 0.01375, 0.00694, 0.00771, 0.00843, 0.0436, 0.01758, 0.00902, 0.00906, 0.01815, 0.00946, 0.00957, 0.00973, 0.05838, 0.01986, 0.01011, 0.0316, 0.04236, 0.01069, 0.02194, 0.01098, 0.08823, 0.02245, 0.12465, 0.02296, 0.04688, 0.01175, 0.01176, 0.01177, 0.01218, 0.0123, 0.01238, 0.03745, 0.01261, 0.0128, 0.01323, 0.01327, 0.01332, 0.02721, 0.06897, 0.16615, 0.07135, 0.05723, 0.01434, 0.01435, 0.14419, 0.02957, 0.0148, 0.01483, 0.01486, 0.10541, 0.0152, 0.01542, 0.01543, 0.0155, 0.0311, 0.01574]","[]","[]",72,0
3.5,88,"[0.00564, 0.00346, 0.00371, 0.01275, 0.00937, 0.05845, 0.01003, 0.00504, 0.00609, 0.0247, 0.00622, 0.0066, 0.00674, 0.04888, 0.02796, 0.00707, 0.00721, 0.00739, 0.00766, 0.00772, 0.15037, 0.02379, 0.0924, 0.00865, 0.03515, 0.00884, 0.00914, 0.00918, 0.0092, 0.08416, 0.01911, 0.1556, 0.05835, 0.01001, 0.05172, 0.04272, 0.01081, 0.01089, 0.01092, 0.0111, 0.0115, 0.0231, 0.01165, 0.01204, 0.01224, 0.11284, 0.01266, 0.10253, 0.01302, 0.01319, 0.04008, 0.01338, 0.01338, 0.01343, 0.01345, 0.06805, 0.01372, 0.02766, 0.01392, 0.01412, 0.01416, 0.01432, 0.05812, 0.16367, 0.01512, 0.01514, 0.13632, 0.09137, 0.03092]","[]","[]",69,0
3.5,89,"[0.00556, 0.00279, 0.00383, 0.01029, 0.00517, 0.04679, 0.0057, 0.02489, 0.00631, 0.0068, 0.00745, 0.01511, 0.00783, 0.00801, 0.01628, 0.0082, 0.02488, 0.01723, 0.00868, 0.00898, 0.08247, 0.00936, 0.04689, 0.0098, 0.00992, 0.01008, 0.01024, 0.01037, 0.01046, 0.03146, 0.01061, 0.02125, 0.02204, 0.02214, 0.03325, 0.01118, 0.01123, 0.05854, 0.04685, 0.01174, 0.02362, 0.03556, 0.0238, 0.01281, 0.01281, 0.01282, 0.02578, 0.09096, 0.02627, 0.01343, 0.09439, 0.25677, 0.01355, 0.0271, 0.0543]","[]","[]",55,0
3.5,90,"[0.00194, 0.0043, 0.00811, 0.01192, 0.00434, 0.01348, 0.07414, 0.01007, 0.0262, 0.01129, 0.02296, 0.03034, 0.00658, 0.01367, 0.02917, 0.00814, 0.00855, 0.02623, 0.00879, 0.01761, 0.18089, 0.00913, 0.03673, 0.00958, 0.03864, 0.00967, 0.01942, 0.01037, 0.0105, 0.01063, 0.03398, 0.01155, 0.01176, 0.0118, 0.02369, 0.01202, 0.01214, 0.01227, 0.02538, 0.01286, 0.01287, 0.09076, 0.03917, 0.17064, 0.03981, 0.02655, 0.01331, 0.01344, 0.01345, 0.13849, 0.01408, 0.26748, 0.01439, 0.01463, 0.04498]","[]","[]",55,0
3.5,91,"[0.00276, 0.00389, 0.00863, 0.03489, 0.00463, 0.00526, 0.01581, 0.04381, 0.01804, 0.00616, 0.07811, 0.02165, 0.02924, 0.09746, 0.00759, 0.00771, 0.03209, 0.06438, 0.07342, 0.02679, 0.00925, 0.00942, 0.00954, 0.00961, 0.19382, 0.0097, 0.00972, 0.01003, 0.03049, 0.05136, 0.01029, 0.01036, 0.01038, 0.01049, 0.01064, 0.02181, 0.01095, 0.01099, 0.01103, 0.01123, 0.03393, 0.03415, 0.05749, 0.01166, 0.02356, 0.01196, 0.02393, 0.01206, 0.02432, 0.06145, 0.0126, 0.05105, 0.03865, 0.01292, 0.2205, 0.0397, 0.01354, 0.01366, 0.01396, 0.10105, 0.02898, 0.10149, 0.04361, 0.05831, 0.0584, 0.01471, 0.05906, 0.01501, 0.15693, 0.03151, 0.01577, 0.01579, 0.14293, 0.0809, 0.03237, 0.03274, 0.03285]","[]","[]",77,0
3.5,92,"[0.00572, 0.01321, 0.02047, 0.01668, 0.0057, 0.0069, 0.0069, 0.03738, 0.01515, 0.0339, 0.01759, 0.00927, 0.03788, 0.00975, 0.00985, 0.01978, 0.01984, 0.02264, 0.11483, 0.0118, 0.05184, 0.02647, 0.02755, 0.01379, 0.01386, 0.18051, 0.04234, 0.02907, 0.11675, 0.03064, 0.01548, 0.031, 0.01561, 0.01571, 0.03156, 0.01605, 0.01607, 0.01616, 0.01624, 0.04966, 0.01693, 0.01696, 0.34012, 0.01708, 0.08568, 0.15643, 0.01744]","[]","[]",47,0
3.5,93,"[0.00213, 0.00462, 0.00296, 0.00896, 0.00917, 0.02852, 0.0048, 0.00495, 0.06352, 0.00624, 0.00701, 0.00712, 0.0508, 0.02305, 0.04699, 0.00793, 0.01652, 0.05849, 0.00888, 0.00893, 0.00912, 0.17352, 0.00914, 0.00937, 0.02812, 0.00939, 0.00972, 0.00982, 0.17332, 0.01033, 0.03313, 0.01134, 0.02343, 0.03547, 0.04788, 0.02395, 0.01201, 0.04814, 0.01219, 0.01227, 0.06161, 0.01246, 0.01252, 0.01275, 0.0128, 0.06417]","[]","[]",46,0
3.5,94,"[0.00047, 0.00198, 0.01308, 0.00618, 0.04085, 0.01767, 0.00592, 0.01214, 0.00623, 0.00634, 0.00658, 0.02063, 0.01401, 0.00796, 0.0167, 0.00858, 0.00863, 0.00869, 0.00904, 0.0093, 0.03961, 0.00997, 0.01008, 0.02088, 0.08384, 0.04339, 0.03257, 0.02204, 0.01139, 0.02314, 0.05855, 0.01184, 0.05989, 0.01221, 0.01225, 0.01246, 0.03746, 0.02539, 0.08926, 0.01278, 0.01288, 0.15633, 0.0266, 0.16527, 0.01404, 0.02867, 0.0292, 0.01472, 0.05888, 0.01481, 0.1334, 0.19309, 0.01506, 0.0453, 0.01517, 0.01519, 0.01524, 0.15367, 0.10916, 0.01568, 0.01572, 0.03225, 0.01617, 0.01625, 0.06604, 0.0167, 0.01676, 0.01682, 0.03369, 0.01697, 0.034, 0.06908, 0.01741, 0.03497, 0.01759]","[]","[]",75,0
3.5,95,"[0.00124, 0.00202, 0.00207, 0.01589, 0.01453, 0.00462, 0.00483, 0.00576, 0.01974, 0.00663, 0.10187, 0.01682, 0.00857, 0.02684, 0.00961, 0.0105, 0.01071, 0.0108, 0.02199, 0.01125, 0.08607, 0.01303, 0.16149, 0.01369, 0.04247, 0.04301, 0.02948, 0.01476, 0.04509, 0.09223, 0.04803, 0.01684, 0.0171, 0.01754, 0.19308, 0.37333, 0.01869, 0.22985, 0.01959, 0.20064, 0.02013, 0.02017, 0.02035, 0.04153, 0.02083, 0.02097, 0.06319, 0.02123, 0.0213, 0.04272, 0.04323, 0.21917, 0.22137, 0.13478, 0.09034, 0.023, 0.02304, 0.1869]","[]","[]",58,0
3.5,96,"[0.00211, 0.00276, 0.04205, 0.00425, 0.01007, 0.04364, 0.01105, 0.0059, 0.01887, 0.02181, 0.01488, 0.07882, 0.02427, 0.01674, 0.00848, 0.00869, 0.01759, 0.00931, 0.00934, 0.01931, 0.00999, 0.01, 0.0101, 0.12193, 0.01079, 0.0547, 0.01106, 0.14425, 0.01138, 0.02278, 0.04585, 0.01195, 0.02453, 0.01232, 0.04966, 0.07485, 0.0252, 0.01268, 0.03846, 0.01297, 0.0663, 0.01334, 0.04039, 0.02745, 0.01396, 0.01401, 0.01406, 0.01413, 0.01436, 0.01448, 0.01451, 0.15979, 0.01461, 0.01462, 0.10451, 0.08984, 0.01505, 0.04524, 0.03028, 0.01536, 0.0309, 0.09374, 0.01578, 0.0158, 0.04748, 0.0954, 0.06367]","[]","[]",67,0
3.5,97,"[0.00224, 0.01128, 0.01979, 0.00395, 0.00471, 0.00536, 0.02198, 0.0564, 0.00674, 0.08696, 0.06534, 0.00741, 0.0078, 0.01625, 0.00817, 0.00862, 0.00884, 0.00886, 0.02863, 0.01917, 0.02935, 0.00978, 0.00984, 0.00984, 0.00984, 0.08192, 0.0103, 0.06356, 0.01067, 0.01128, 0.09251, 0.01253, 0.01282, 0.01301, 0.02629, 0.04059, 0.12216, 0.02772, 0.01402, 0.09823]","[]","[]",40,0
3.5,98,"[0.01931, 0.02175, 0.00664, 0.00692, 0.01232, 0.00846, 0.00486, 0.00495, 0.0054, 0.00542, 0.01675, 0.01691, 0.0235, 0.0059, 0.00596, 0.00608, 0.0064, 0.03342, 0.00688, 0.04174, 0.01517, 0.00824, 0.14349, 0.00869, 0.00871, 0.00919, 0.00955, 0.00964, 0.00973, 0.00976, 0.02964, 0.00994, 0.07087, 0.0216, 0.01082, 0.02242, 0.08136, 0.14314, 0.01225, 0.06179, 0.02525, 0.11402, 0.01272, 0.01275, 0.01285, 0.25083, 0.01322, 0.11919, 0.21277, 0.0134, 0.01366, 0.08515, 0.01424, 0.08546, 0.02871, 0.04346, 0.02904, 0.13156, 0.01466, 0.13204, 0.04441, 0.13353, 0.01485, 0.03055, 0.07642, 0.03063, 0.10762, 0.01545, 0.01555, 0.0156, 0.01567, 0.21944]","[]","[]",72,0
3.5,99,"[0.00076, 0.00773, 0.0298, 0.0028, 0.00615, 0.00351, 0.04717, 0.00605, 0.00611, 0.11755, 0.0568, 0.00703, 0.00726, 0.0148, 0.03782, 0.00775, 0.00814, 0.00844, 0.00869, 0.03572, 0.009, 0.00926, 0.00931, 0.1499, 0.00954, 0.00957, 0.01917, 0.0099, 0.14466, 0.03221, 0.01089, 0.02218, 0.0111, 0.15653, 0.0336, 0.01122, 0.01136, 0.01141, 0.03431, 0.0229, 0.01147, 0.02306, 0.01163, 0.04697, 0.01175, 0.02358, 0.02378, 0.04843, 0.01215, 0.01218, 0.07312, 0.07326, 0.01228, 0.01238, 0.03863]","[]","[]",55,0

