3.5,0,"[0.0024, 0.01029, 0.00378, 0.05457, 0.00438, 0.08237, 0.11461, 0.07928, 0.00769, 0.00793, 0.07635, 0.00902, 0.00915, 0.00989, 0.02999, 0.13014, 0.06127, 0.01024, 0.01126, 0.01168, 0.03506, 0.03507, 0.03513, 0.01177, 0.01183, 0.04752, 0.0119, 0.07206, 0.01204, 0.06156, 0.02484, 0.02495, 0.06301, 0.05041, 0.01261, 0.15215, 0.16757, 0.01292, 0.0648, 0.04005, 0.01349, 0.10875, 0.08168, 0.04103, 0.0137, 0.01386, 0.01391, 0.01401, 0.02808, 0.02845, 0.02872, 0.01436, 0.04326, 0.18817, 0.0146, 0.01499]","[]","[]",56,0
3.5,1,"[0.00181, 0.00366, 0.02378, 0.00421, 0.02686, 0.03485, 0.01007, 0.01168, 0.07042, 0.02072, 0.01497, 0.15853, 0.00773, 0.03976, 0.06671, 0.00898, 0.04497, 0.04522, 0.01917, 0.00962, 0.00968, 0.00975, 0.01962, 0.00999, 0.01044, 0.06418, 0.0109, 0.01103, 0.06709, 0.01128, 0.01158, 0.12776, 0.01185, 0.01222, 0.01223, 0.02484, 0.02496, 0.01249, 0.02506, 0.02543, 0.21933, 0.01302, 0.07887, 0.02682, 0.0135, 0.02718, 0.01361, 0.05494, 0.17974, 0.15292, 0.09735, 0.08387, 0.07068, 0.01423, 0.05741, 0.05828, 0.0877, 0.23541, 0.02952, 0.14869, 0.13398, 0.04482, 0.01507, 0.03067]","[]","[]",64,0
3.5,2,"[0.00335, 0.0108, 0.00982, 0.00563, 0.01131, 0.00618, 0.00626, 0.00706, 0.02134, 0.0855, 0.00774, 0.00782, 0.00827, 0.00837, 0.0084, 0.00872, 0.00882, 0.01825, 0.00937, 0.01, 0.0102, 0.01042, 0.0105, 0.0106, 0.12779, 0.01088, 0.01099, 0.02242, 0.01158, 0.01159, 0.05988, 0.0122, 0.01234, 0.01275, 0.0784, 0.02723, 0.04135, 0.01387, 0.01416, 0.01469, 0.0153, 0.0938, 0.01564, 0.09543, 0.1289, 0.01622, 0.01639, 0.03345, 0.03363, 0.01682, 0.06772, 0.01699, 0.03418, 0.12028, 0.13808, 0.01738, 0.01754, 0.05322, 0.01775, 0.01783, 0.01785, 0.01793, 0.01797, 0.01827, 0.01837, 0.01868, 0.05695, 0.09511, 0.36321, 0.0589, 0.01986, 0.06057]","[]","[]",72,0
3.5,3,"[0.00468, 0.00322, 0.00342, 0.0037, 0.00488, 0.00515, 0.00536, 0.01075, 0.01184, 0.00666, 0.00687, 0.02103, 0.00757, 0.00768, 0.00853, 0.03413, 0.05176, 0.01769, 0.00908, 0.00961, 0.01923, 0.00965, 0.01017, 0.04108, 0.01048, 0.01055, 0.03215, 0.01076, 0.02175, 0.02203, 0.0111, 0.04543, 0.0229, 0.01163, 0.01177, 0.01184, 0.01184, 0.03597, 0.04837, 0.02422, 0.02425, 0.01214, 0.10044, 0.02516, 0.01294, 0.02607, 0.01366, 0.01394, 0.02893, 0.01472, 0.10342, 0.17794, 0.05943, 0.05949, 0.02991, 0.01499, 0.01507, 0.03016, 0.0151]","[]","[]",59,0
3.5,4,"[0.01904, 0.00273, 0.02895, 0.00431, 0.02301, 0.005, 0.03745, 0.00566, 0.06812, 0.07489, 0.00647, 0.00656, 0.00728, 0.02931, 0.00784, 0.0086, 0.00865, 0.00898, 0.00909, 0.00933, 0.00944, 0.00949, 0.0095, 0.00964, 0.08645, 0.0112, 0.02245, 0.01125, 0.01139, 0.01159, 0.0117, 0.01175, 0.01183, 0.01199, 0.03607, 0.07463, 0.10136, 0.0387, 0.01311, 0.03932, 0.01322, 0.02645, 0.02665, 0.05361, 0.01341, 0.0135, 0.05412, 0.01377, 0.05594, 0.01404, 0.07071, 0.01421, 0.01423, 0.01438, 0.01445, 0.02929, 0.01468, 0.01474, 0.07454, 0.01502, 0.0152, 0.03045, 0.03066, 0.29336, 0.01549, 0.06234]","[]","[]",66,0
3.5,5,"[0.00043, 0.00635, 0.01325, 0.01022, 0.02669, 0.04674, 0.005, 0.00578, 0.0058, 0.0188, 0.00695, 0.00728, 0.05212, 0.05271, 0.00767, 0.00793, 0.07264, 0.00812, 0.00823, 0.0168, 0.00842, 0.01721, 0.00862, 0.00867, 0.00868, 0.00883, 0.04567, 0.0094, 0.05717, 0.01017, 0.03069, 0.0105, 0.03262, 0.04436, 0.13342, 0.01123, 0.18098, 0.136, 0.09088, 0.01136, 0.02341, 0.04732, 0.03585, 0.04917, 0.01264, 0.07621, 0.02569, 0.02585, 0.02656, 0.0134, 0.01367, 0.01374, 0.01384, 0.02781, 0.01391, 0.01397, 0.04196, 0.01407, 0.0143, 0.0289, 0.13156, 0.01475, 0.14766, 0.01518, 0.01528, 0.01541, 0.03143, 0.03146]","[]","[]",68,0
3.5,6,"[0.00158, 0.00158, 0.00644, 0.00163, 0.00263, 0.00277, 0.006, 0.02246, 0.00494, 0.01027, 0.0052, 0.02232, 0.01142, 0.00574, 0.0058, 0.0063, 0.00689, 0.01439, 0.00732, 0.04695, 0.01581, 0.00826, 0.00829, 0.03325, 0.04468, 0.01808, 0.00936, 0.00949, 0.01912, 0.00965, 0.11707, 0.01959, 0.03943, 0.01979, 0.01029, 0.02059, 0.01056, 0.1812, 0.01073, 0.02181, 0.07816, 0.01124, 0.0114, 0.01185, 0.25043, 0.01206, 0.15693, 0.01237, 0.01263, 0.02542, 0.0258, 0.01293, 0.0263, 0.01318, 0.01322, 0.19943, 0.0399, 0.04018]","[]","[]",58,0
3.5,7,"[0.00163, 0.02865, 0.03598, 0.01195, 0.00334, 0.00342, 0.00422, 0.05294, 0.01323, 0.01324, 0.02717, 0.06849, 0.00698, 0.00722, 0.01449, 0.05084, 0.00773, 0.00773, 0.00776, 0.00778, 0.01625, 0.00834, 0.02502, 0.0336, 0.07566, 0.09617, 0.00874, 0.02631, 0.00938, 0.00952, 0.01952, 0.00994, 0.01006, 0.01012, 0.01017, 0.01036, 0.01074, 0.01077, 0.03259, 0.01095, 0.01097, 0.12149, 0.04527, 0.09131, 0.02291, 0.05794, 0.01176, 0.01197, 0.01209, 0.01216, 0.01225, 0.06162, 0.04981, 0.01271, 0.07659, 0.01291, 0.05167, 0.013, 0.01307, 0.1252, 0.02794]","[]","[]",61,0
3.5,8,"[0.00152, 0.00289, 0.0032, 0.00458, 0.04651, 0.01035, 0.00547, 0.00597, 0.01218, 0.00622, 0.03196, 0.0071, 0.03692, 0.02219, 0.00785, 0.0079, 0.00804, 0.00816, 0.00829, 0.00887, 0.04451, 0.00901, 0.00913, 0.00949, 0.00961, 0.00969, 0.00977, 0.06135, 0.04141, 0.01043, 0.01058, 0.04351, 0.03438, 0.11012, 0.01231, 0.04929, 0.01282, 0.08057, 0.02695, 0.0405, 0.01354, 0.01368, 0.01417, 0.01422, 0.30497, 0.10225, 0.14613, 0.01511, 0.01523, 0.03051, 0.01529, 0.0153, 0.07657, 0.01534, 0.03106, 0.01577, 0.18969, 0.01599, 0.06452, 0.01617, 0.03244]","[]","[]",61,0
3.5,9,"[0.01054, 0.00598, 0.00207, 0.00225, 0.00477, 0.00333, 0.00874, 0.01423, 0.00603, 0.08698, 0.00699, 0.00706, 0.00719, 0.00721, 0.11702, 0.00737, 0.10015, 0.00772, 0.09276, 0.00805, 0.03399, 0.01701, 0.07663, 0.02578, 0.00863, 0.01736, 0.00872, 0.0097, 0.07771, 0.01018, 0.03064, 0.01061, 0.01084, 0.14115, 0.0552, 0.01118, 0.01126, 0.21402, 0.02311, 0.02362, 0.14404, 0.04804, 0.01224, 0.19682, 0.05074, 0.03848, 0.01295, 0.03899, 0.0261, 0.01312, 0.01312, 0.01316, 0.01325, 0.01356, 0.1778, 0.01368, 0.01374, 0.0561, 0.08481, 0.02832, 0.17062, 0.01436, 0.01478, 0.01483, 0.02967, 0.01501, 0.01503, 0.13576, 0.0154, 0.01554, 0.20335, 0.0157, 0.01603, 0.12848, 0.09666]","[]","[]",75,0
3.5,10,"[0.00281, 0.00315, 0.00403, 0.00423, 0.00465, 0.00958, 0.00576, 0.00581, 0.00592, 0.00608, 0.01924, 0.00748, 0.00817, 0.00843, 0.00883, 0.07127, 0.00893, 0.02718, 0.01816, 0.00934, 0.00996, 0.02026, 0.04074, 0.04078, 0.02071, 0.04198, 0.0106, 0.01061, 0.22472, 0.03213, 0.11783, 0.01103, 0.01109, 0.01117, 0.01133, 0.04545, 0.01137, 0.02288, 0.02289, 0.01161, 0.01163, 0.01171, 0.1412, 0.01202, 0.03699, 0.01239, 0.19926, 0.02511, 0.05037, 0.0126, 0.01339, 0.08156, 0.01383, 0.01401, 0.01428, 0.02882, 0.01474, 0.01477, 0.01507, 0.01521, 0.01521, 0.01526, 0.01555, 0.01555, 0.01556, 0.01559, 0.03192, 0.01616, 0.0809, 0.01626, 0.11396, 0.06543, 0.01645, 0.04975, 0.13524]","[]","[]",75,0
3.5,11,"[0.01078, 0.00168, 0.00195, 0.0051, 0.00266, 0.03662, 0.00388, 0.00977, 0.00491, 0.00502, 0.06682, 0.00582, 0.00627, 0.00666, 0.00678, 0.00689, 0.02888, 0.00722, 0.01523, 0.00771, 0.0079, 0.02441, 0.02501, 0.00848, 0.00852, 0.00912, 0.0275, 0.0191, 0.01936, 0.00983, 0.04003, 0.01011, 0.01031, 0.0219, 0.02198, 0.01104, 0.01118, 0.01121, 0.2165, 0.01141, 0.01149, 0.0345, 0.07092, 0.01221, 0.01221, 0.09852, 0.01256, 0.06347, 0.01295, 0.01324, 0.01392, 0.05637, 0.01416, 0.01461, 0.01467, 0.01508, 0.03048, 0.1071, 0.01535, 0.01542, 0.01553, 0.01558, 0.06315, 0.01606, 0.03242, 0.01622, 0.01635, 0.26565, 0.03346, 0.01677, 0.01695, 0.0171, 0.01712, 0.01712, 0.01724, 0.01726, 0.01753, 0.03574, 0.01792, 0.01794, 0.01803, 0.0183, 0.01836, 0.01838]","[]","[]",84,0
3.5,12,"[0.00481, 0.00266, 0.00347, 0.00379, 0.00453, 0.00471, 0.00503, 0.01707, 0.0072, 0.0151, 0.01535, 0.00794, 0.00831, 0.00875, 0.03505, 0.00886, 0.01792, 0.00902, 0.00922, 0.00937, 0.04842, 0.15651, 0.0593, 0.02068, 0.12706, 0.08716, 0.01118, 0.01123, 0.01125, 0.01129, 0.04546, 0.02436, 0.02469, 0.01238, 0.27097, 0.02586, 0.01297, 0.09184, 0.01315, 0.01327, 0.02663, 0.01335, 0.01351, 0.01356, 0.02761, 0.01401, 0.01405, 0.01426, 0.02866, 0.02914, 0.02928, 0.01465, 0.01473, 0.05977, 0.04495, 0.03114, 0.01562, 0.01577, 0.04745, 0.18092, 0.13162, 0.01653, 0.03344, 0.017, 0.03407, 0.11997, 0.0172, 0.03463, 0.01744, 0.01774, 0.19895, 0.01812, 0.10905, 0.05462, 0.03693]","[]","[]",75,0
3.5,13,"[0.00219, 0.00254, 0.02243, 0.00403, 0.00456, 0.01022, 0.02681, 0.00544, 0.08466, 0.07926, 0.00683, 0.00685, 0.00685, 0.11892, 0.02326, 0.00832, 0.03358, 0.00853, 0.0086, 0.03621, 0.02717, 0.0275, 0.00951, 0.0098, 0.11794, 0.02035, 0.1968, 0.01067, 0.01091, 0.01128, 0.06779, 0.02286, 0.04581, 0.10519, 0.09432, 0.02378, 0.1556, 0.01203, 0.03622, 0.0608, 0.02465, 0.06304, 0.02567, 0.16741, 0.01292, 0.01311, 0.15799, 0.01318, 0.01335, 0.01385, 0.22568, 0.12739, 0.17087, 0.01441, 0.0146, 0.05842, 0.0443, 0.01478, 0.02975, 0.19461, 0.03006, 0.07543, 0.03029, 0.09166, 0.01529, 0.01544, 0.01559, 0.04692, 0.01589, 0.06463, 0.01627, 0.03255]","[]","[]",72,0
3.5,14,"[0.00111, 0.0016, 0.0109, 0.01129, 0.05118, 0.01861, 0.00601, 0.09644, 0.01335, 0.06051, 0.04306, 0.02161, 0.03943, 0.00793, 0.00811, 0.0172, 0.00867, 0.00887, 0.02708, 0.12384, 0.00986, 0.04134, 0.02069, 0.01037, 0.02095, 0.03189, 0.0753, 0.14101, 0.02275, 0.02307, 0.0465, 0.01178, 0.01198, 0.02449, 0.05014, 0.11295, 0.21414]","[]","[]",37,0
3.5,15,"[0.03054, 0.00259, 0.02224, 0.00316, 0.00369, 0.00779, 0.00438, 0.00441, 0.00519, 0.00526, 0.01064, 0.02297, 0.00657, 0.00693, 0.08405, 0.00762, 0.0157, 0.00787, 0.01606, 0.01625, 0.00874, 0.02624, 0.06199, 0.00891, 0.00921, 0.00959, 0.00998, 0.02035, 0.01036, 0.01054, 0.16925, 0.03267, 0.01094, 0.01136, 0.02278, 0.01165, 0.02335, 0.01181, 0.17038, 0.01223, 0.01227, 0.01261, 0.02592, 0.013, 0.01317, 0.02641, 0.01321, 0.01337, 0.01381, 0.01386, 0.02841, 0.12853, 0.01449, 0.01453, 0.01458, 0.19017, 0.0147, 0.02941, 0.01474, 0.04491, 0.01528, 0.06161, 0.03139, 0.01578, 0.01584, 0.06353, 0.09598, 0.0162, 0.04934, 0.0335, 0.0337]","[]","[]",71,0
3.5,16,"[0.00226, 0.00252, 0.00253, 0.0083, 0.01639, 0.01247, 0.0046, 0.00491, 0.01528, 0.00565, 0.01149, 0.0062, 0.05712, 0.00683, 0.0141, 0.00712, 0.02922, 0.01497, 0.08142, 0.02461, 0.01659, 0.00831, 0.00934, 0.00972, 0.00974, 0.02949, 0.01005, 0.01017, 0.01057, 0.02119, 0.01072, 0.01092, 0.01099, 0.01107, 0.01112, 0.01131, 0.01158, 0.01175, 0.01196, 0.03693, 0.01235, 0.01237, 0.0128, 0.01281, 0.01335, 0.04006, 0.01345, 0.04088, 0.17778, 0.01414, 0.02873, 0.01443, 0.0724, 0.0145, 0.01457, 0.01471, 0.01482, 0.01485, 0.19621, 0.03143]","[]","[]",60,0
3.5,17,"[0.00157, 0.01553, 0.00321, 0.00347, 0.00445, 0.11081, 0.00624, 0.00638, 0.02283, 0.01791, 0.0724, 0.00946, 0.01976, 0.01001, 0.0303, 0.02028, 0.03118, 0.02099, 0.01053, 0.01079, 0.02172, 0.15016, 0.01199, 0.01296, 0.15926, 0.0133, 0.01391, 0.02945, 0.24016, 0.06037, 0.13648, 0.01522, 0.01532, 0.01558, 0.06257, 0.01566, 0.09421, 0.04923, 0.23151, 0.03343, 0.01682, 0.01687, 0.01722, 0.03458, 0.05267, 0.01778, 0.01785, 0.01797, 0.05443, 0.01822, 0.01833, 0.05576, 0.0189, 0.01898, 0.03862, 0.01934, 0.05808, 0.03874, 0.05909]","[]","[]",59,0
3.5,18,"[0.00637, 0.00182, 0.00298, 0.00328, 0.00406, 0.0085, 0.00478, 0.00615, 0.02526, 0.01295, 0.02057, 0.00732, 0.00749, 0.00804, 0.0082, 0.00827, 0.00867, 0.009, 0.00904, 0.00943, 0.06697, 0.00958, 0.02876, 0.03865, 0.10926, 0.02007, 0.01017, 0.02042, 0.01052, 0.02135, 0.08653, 0.01132, 0.02291, 0.01146, 0.08154, 0.01214, 0.03679, 0.05016, 0.01263, 0.02572, 0.01288, 0.01324, 0.05391, 0.01367, 0.01369, 0.01399, 0.01408, 0.02876, 0.0146, 0.01476, 0.01491, 0.01495, 0.19536, 0.06019, 0.09035, 0.01506, 0.03026, 0.06073, 0.1079, 0.01544]","[]","[]",60,0
3.5,19,"[0.00112, 0.00214, 0.02153, 0.01077, 0.00405, 0.00454, 0.01817, 0.01368, 0.01563, 0.02658, 0.00562, 0.00592, 0.01218, 0.01361, 0.01457, 0.01466, 0.00742, 0.00753, 0.01524, 0.12762, 0.008, 0.00814, 0.01652, 0.00827, 0.00865, 0.04352, 0.0178, 0.06241, 0.01843, 0.02857, 0.04863, 0.00977, 0.00999, 0.01001, 0.03066, 0.01028, 0.01055, 0.03247, 0.17383, 0.04445, 0.04528, 0.09184, 0.01149, 0.09308, 0.15287, 0.11776, 0.01192, 0.05994, 0.0889, 0.1578, 0.14812, 0.01347]","[]","[]",52,0
3.5,20,"[0.00183, 0.00095, 0.00098, 0.01353, 0.02963, 0.00422, 0.07752, 0.00505, 0.00636, 0.00776, 0.03213, 0.01815, 0.01815, 0.00936, 0.02095, 0.01074, 0.02312, 0.01178, 0.05084, 0.05147, 0.01298, 0.013, 0.05221, 0.02719, 0.01551, 0.18805, 0.04776, 0.01671, 0.0168, 0.03363, 0.01718, 0.01721, 0.07005, 0.01757, 0.08938, 0.03588, 0.25283, 0.01856, 0.05673, 0.01897, 0.01898, 0.01934, 0.01963, 0.05901, 0.06056, 0.02025, 0.02026, 0.06153, 0.02054, 0.0206, 0.02115, 0.08697, 0.06549, 0.02207, 0.0222, 0.02246, 0.02253, 0.0451, 0.09119, 0.02311, 0.02318, 0.0469]","[]","[]",62,0
3.5,21,"[0.00225, 0.00269, 0.00302, 0.03252, 0.0047, 0.00563, 0.00598, 0.00649, 0.00692, 0.03566, 0.00742, 0.00758, 0.00778, 0.02368, 0.00798, 0.00835, 0.00886, 0.01834, 0.00927, 0.05563, 0.00933, 0.04789, 0.04837, 0.00974, 0.00974, 0.04896, 0.01013, 0.01018, 0.0102, 0.01045, 0.06326, 0.03195, 0.01073, 0.04312, 0.02259, 0.0113, 0.01173, 0.01182, 0.01184, 0.04747, 0.0119, 0.03575, 0.07207, 0.01202, 0.01207, 0.01225, 0.19786, 0.02563, 0.15498, 0.01292, 0.01323, 0.01328, 0.0133, 0.04049, 0.02804, 0.01416, 0.02859, 0.05766, 0.01446, 0.01448, 0.01454, 0.01454, 0.01476, 0.01477, 0.13415, 0.04524, 0.01514, 0.01515]","[]","[]",68,0
3.5,22,"[0.00358, 0.0093, 0.00472, 0.00484, 0.00495, 0.02628, 0.0067, 0.02903, 0.03689, 0.00752, 0.03833, 0.02377, 0.10403, 0.00817, 0.01645, 0.00837, 0.00838, 0.00851, 0.00859, 0.02648, 0.04576, 0.01836, 0.00934, 0.00942, 0.01948, 0.03014, 0.02025, 0.0934, 0.01038, 0.011, 0.05683, 0.1162, 0.01163, 0.0117, 0.01175, 0.01196, 0.012, 0.01216, 0.0505, 0.01264, 0.01298, 0.01345, 0.1782, 0.01385, 0.02785, 0.01395, 0.01399, 0.01403, 0.02911, 0.01469, 0.0147, 0.01471, 0.02968, 0.02984, 0.28386, 0.09046, 0.03031, 0.01523, 0.01552, 0.01558, 0.01571, 0.01573, 0.01597, 0.01605, 0.01613, 0.01637, 0.0331]","[]","[]",67,0
3.5,23,"[0.00747, 0.00786, 0.00168, 0.0061, 0.02499, 0.00361, 0.00391, 0.03179, 0.07452, 0.00459, 0.00483, 0.0052, 0.01134, 0.01146, 0.00641, 0.00735, 0.00741, 0.04093, 0.00855, 0.00868, 0.00869, 0.03548, 0.01776, 0.00905, 0.04, 0.01059, 0.04242, 0.01075, 0.14148, 0.02278, 0.13186, 0.01218, 0.01223, 0.01231, 0.01244, 0.10012, 0.01256, 0.01265, 0.02539, 0.07664, 0.02593, 0.01306, 0.02614, 0.01327, 0.17472, 0.04052, 0.02725, 0.01369, 0.02759]","[]","[]",49,0
3.5,24,"[0.00159, 0.02045, 0.00321, 0.00873, 0.00472, 0.02991, 0.08172, 0.00521, 0.06364, 0.00532, 0.00548, 0.02859, 0.01173, 0.00591, 0.01205, 0.00669, 0.05467, 0.04397, 0.00751, 0.008, 0.00822, 0.00858, 0.03447, 0.00875, 0.00877, 0.05315, 0.00958, 0.03959, 0.07923, 0.0104, 0.02124, 0.01066, 0.01075, 0.06524, 0.0548, 0.03313, 0.01105, 0.01136, 0.01141, 0.01152, 0.02315, 0.08113, 0.03515, 0.04721, 0.07129, 0.25377, 0.01246, 0.01256, 0.02545, 0.05168, 0.14405, 0.05244, 0.04013, 0.01358, 0.01364, 0.01378, 0.02788, 0.01409, 0.01439, 0.0288, 0.02888]","[]","[]",61,0
3.5,25,"[0.0014, 0.02779, 0.00358, 0.00395, 0.03834, 0.0045, 0.00545, 0.02829, 0.00599, 0.00727, 0.0293, 0.00746, 0.00787, 0.03167, 0.0324, 0.0244, 0.00835, 0.00848, 0.03402, 0.00857, 0.0086, 0.00873, 0.00942, 0.01903, 0.01952, 0.0106, 0.044, 0.02201, 0.03304, 0.04465, 0.02269, 0.04593, 0.03452, 0.01156, 0.01156, 0.0352, 0.01179, 0.01181, 0.03647, 0.01231, 0.02478, 0.01242, 0.15203, 0.08968, 0.11938, 0.08054, 0.01385, 0.11129, 0.01423, 0.01438, 0.01507, 0.0151]","[]","[]",52,0
3.5,26,"[0.00044, 0.00229, 0.00751, 0.00381, 0.00481, 0.00982, 0.01825, 0.00669, 0.00689, 0.01447, 0.00729, 0.0073, 0.00768, 0.00794, 0.03385, 0.01805, 0.0183, 0.00937, 0.03834, 0.01039, 0.11576, 0.07398, 0.01084, 0.01085, 0.01094, 0.01137, 0.01167, 0.0117, 0.01183, 0.01212, 0.01233, 0.06169, 0.01238, 0.01245, 0.01246, 0.01247, 0.10259, 0.0129, 0.01294, 0.01303, 0.01313, 0.0133, 0.02676, 0.02686, 0.0135, 0.01352, 0.04094, 0.01371, 0.01377, 0.05676, 0.04287, 0.01433, 0.01437, 0.18742, 0.01471, 0.01477, 0.01544, 0.01544, 0.10893, 0.01568, 0.01581, 0.01584, 0.01588, 0.01589, 0.01598, 0.03212, 0.04927, 0.01654, 0.14958, 0.01668, 0.01673, 0.01686, 0.01701, 0.01703, 0.01712, 0.01726, 0.19079, 0.12154, 0.08718]","[]","[]",79,0
3.5,27,"[0.01791, 0.00277, 0.00701, 0.00414, 0.00268, 0.0031, 0.02618, 0.00658, 0.00358, 0.00415, 0.06198, 0.00534, 0.00613, 0.00621, 0.00628, 0.00696, 0.00698, 0.01512, 0.00796, 0.03188, 0.02431, 0.0086, 0.02602, 0.00878, 0.00878, 0.14548, 0.00912, 0.01869, 0.00949, 0.06716, 0.03941, 0.01975, 0.00988, 0.01012, 0.14311, 0.03347, 0.01136, 0.10287, 0.0119, 0.01199, 0.02432, 0.0366, 0.01242, 0.02487, 0.01275, 0.01286, 0.03928, 0.17398, 0.01355, 0.01359, 0.05456, 0.01393, 0.01397, 0.01413, 0.01414, 0.02871, 0.08623, 0.04399, 0.01468, 0.01482, 0.02994, 0.01507, 0.0919, 0.04618, 0.03081, 0.03086, 0.03087]","[]","[]",67,0
3.5,28,"[0.00301, 0.00285, 0.01699, 0.00397, 0.01302, 0.00475, 0.01137, 0.01143, 0.07546, 0.0059, 0.01194, 0.0254, 0.01271, 0.00826, 0.02512, 0.0084, 0.02586, 0.01817, 0.02745, 0.00931, 0.00948, 0.02888, 0.12806, 0.0099, 0.01018, 0.03209, 0.01115, 0.0112, 0.01151, 0.0121, 0.03638, 0.01234, 0.01248, 0.01255, 0.01262, 0.02526, 0.01266, 0.15259, 0.01299, 0.18446, 0.03965, 0.03985, 0.01329, 0.1599, 0.02679, 0.01348, 0.01355, 0.217, 0.05462, 0.12318, 0.0556, 0.01392, 0.12546, 0.01401, 0.02883, 0.2323, 0.07298, 0.17698, 0.01487, 0.07497, 0.07517, 0.03058]","[]","[]",62,0
3.5,29,"[0.00131, 0.00599, 0.01235, 0.00278, 0.00381, 0.00381, 0.00867, 0.01771, 0.00447, 0.0045, 0.01361, 0.00495, 0.00498, 0.01999, 0.05174, 0.00526, 0.00541, 0.01255, 0.0593, 0.00668, 0.08799, 0.00682, 0.007, 0.01453, 0.00756, 0.00778, 0.01562, 0.01575, 0.00789, 0.09, 0.03297, 0.00867, 0.0088, 0.00885, 0.0193, 0.00974, 0.01996, 0.01026, 0.06224, 0.01058, 0.02122, 0.09911, 0.12177, 0.07766, 0.01121, 0.01173, 0.02375, 0.0486, 0.03661, 0.03674, 0.01235, 0.01249, 0.01258, 0.01278, 0.05198, 0.10498, 0.01334, 0.06672, 0.01334]","[]","[]",59,0
3.5,30,"[0.00302, 0.00483, 0.00323, 0.00359, 0.00491, 0.02076, 0.00611, 0.00644, 0.07429, 0.0277, 0.0071, 0.00767, 0.00767, 0.00777, 0.0156, 0.06312, 0.00796, 0.00797, 0.00816, 0.04302, 0.00884, 0.036, 0.00905, 0.05521, 0.00927, 0.01886, 0.02854, 0.00998, 0.01005, 0.01016, 0.01044, 0.01062, 0.01076, 0.09778, 0.0109, 0.02202, 0.14579, 0.01124, 0.01149, 0.01161, 0.01175, 0.15378, 0.13164, 0.01213, 0.13383, 0.01229, 0.01243, 0.03776, 0.0756, 0.01274, 0.02562, 0.01284, 0.01289, 0.11651, 0.013, 0.02611, 0.03931, 0.01315, 0.01334, 0.01361, 0.01373, 0.01407, 0.01407, 0.01411, 0.12806, 0.14605, 0.04404, 0.01485, 0.07581, 0.04609, 0.01538, 0.15431]","[]","[]",72,0
3.5,31,"[0.00278, 0.00163, 0.00354, 0.00261, 0.00286, 0.00296, 0.00352, 0.00353, 0.00408, 0.00929, 0.00468, 0.0048, 0.00496, 0.01616, 0.00571, 0.00578, 0.01777, 0.00598, 0.03569, 0.0073, 0.09204, 0.00773, 0.02402, 0.0723, 0.0084, 0.00845, 0.0088, 0.00925, 0.1217, 0.01899, 0.00953, 0.0676, 0.02048, 0.13881, 0.02161, 0.01158, 0.03521, 0.01193, 0.01193, 0.01195, 0.03591, 0.02397, 0.06157, 0.03697, 0.01241, 0.01244, 0.0251, 0.03769, 0.01258, 0.0127, 0.01303, 0.03917]","[]","[]",52,0
3.5,32,"[0.00804, 0.00218, 0.03284, 0.01525, 0.00555, 0.00576, 0.00648, 0.00663, 0.0067, 0.02977, 0.01642, 0.01703, 0.0087, 0.00878, 0.00885, 0.02658, 0.009, 0.01847, 0.01855, 0.0758, 0.11389, 0.00972, 0.07895, 0.01991, 0.02023, 0.01015, 0.03052, 0.01019, 0.0102, 0.03114, 0.01056, 0.04225, 0.13328, 0.01115, 0.01116, 0.01139, 0.01157, 0.01163, 0.01164, 0.02351, 0.01203, 0.0123, 0.02507, 0.01272, 0.08923, 0.01291, 0.06503, 0.01301, 0.05217, 0.01336, 0.01363, 0.01365, 0.05481, 0.01372, 0.02744, 0.01378, 0.01393, 0.01395, 0.04197, 0.01404, 0.02911, 0.01457]","[]","[]",62,0
3.5,33,"[0.00173, 0.01219, 0.00484, 0.0028, 0.00282, 0.00753, 0.0038, 0.00393, 0.00434, 0.00437, 0.01428, 0.00497, 0.00526, 0.01594, 0.00543, 0.00574, 0.00584, 0.01302, 0.01432, 0.01525, 0.00768, 0.0077, 0.01585, 0.03227, 0.08235, 0.00829, 0.00831, 0.0914, 0.019, 0.04865, 0.01029, 0.01055, 0.12857, 0.03258, 0.03352, 0.01128, 0.04618, 0.08092, 0.02346, 0.01173, 0.14128, 0.01196, 0.01206, 0.01223, 0.01229, 0.01276, 0.01291, 0.01296, 0.01345, 0.01364, 0.01365, 0.01397, 0.19651, 0.0424, 0.01423, 0.01425, 0.07184, 0.02925, 0.01462, 0.01496, 0.02994, 0.01498, 0.01501, 0.01504]","[]","[]",64,0
3.5,34,"[0.00027, 0.00188, 0.0019, 0.00316, 0.00852, 0.01355, 0.00491, 0.01972, 0.05736, 0.00733, 0.00734, 0.05966, 0.01539, 0.00779, 0.00791, 0.01639, 0.01674, 0.01792, 0.00899, 0.01805, 0.04556, 0.00944, 0.00944, 0.03785, 0.00955, 0.00957, 0.01915, 0.00964, 0.00971, 0.02947, 0.03968, 0.01009, 0.05053, 0.13327, 0.01047, 0.01056, 0.03213, 0.0215, 0.01133, 0.034, 0.01135, 0.01187, 0.0121, 0.03748, 0.03772, 0.0509, 0.01296, 0.01303, 0.01318, 0.03993, 0.01336]","[]","[]",51,0
3.5,35,"[0.0109, 0.01846, 0.00522, 0.03662, 0.00309, 0.00401, 0.00437, 0.00883, 0.00468, 0.00469, 0.0049, 0.01034, 0.00568, 0.01756, 0.00586, 0.00593, 0.00604, 0.00637, 0.01287, 0.05825, 0.00682, 0.02735, 0.00734, 0.00758, 0.06412, 0.01654, 0.00838, 0.0084, 0.0423, 0.00849, 0.01714, 0.02609, 0.01742, 0.00873, 0.05262, 0.00893, 0.05507, 0.0185, 0.08532, 0.00988, 0.06015, 0.03035, 0.06072, 0.02025, 0.02132, 0.01084, 0.23129, 0.01126, 0.01146, 0.03572, 0.01202, 0.01218, 0.03657, 0.19946, 0.0127, 0.01332, 0.01349, 0.01352, 0.04082, 0.01365, 0.01372, 0.01376, 0.01382, 0.02772, 0.01394, 0.18138, 0.01401, 0.02809, 0.12645, 0.01431, 0.04301, 0.01448, 0.04356]","[]","[]",73,0
3.5,36,"[0.00066, 0.01801, 0.00764, 0.01241, 0.01656, 0.00467, 0.00505, 0.00542, 0.0631, 0.01297, 0.0146, 0.00772, 0.0163, 0.01635, 0.08351, 0.00895, 0.00909, 0.01897, 0.03834, 0.00979, 0.01, 0.0103, 0.01062, 0.02142, 0.02159, 0.03258, 0.01098, 0.01166, 0.01191, 0.02392, 0.16762, 0.01213, 0.03655, 0.08639, 0.01251, 0.06259, 0.0252, 0.02591, 0.02602, 0.01304, 0.1174, 0.03948, 0.11867, 0.01322, 0.04073, 0.01366, 0.02735, 0.08247, 0.01381, 0.1673, 0.12696, 0.01419, 0.01454, 0.02937, 0.0444, 0.04454, 0.01486, 0.17922, 0.01494, 0.04482, 0.10515]","[]","[]",61,0
3.5,37,"[0.00854, 0.00385, 0.03184, 0.05058, 0.0091, 0.00498, 0.015, 0.00505, 0.02057, 0.00518, 0.00611, 0.01279, 0.05793, 0.0398, 0.00736, 0.00758, 0.01517, 0.01614, 0.00809, 0.07286, 0.00833, 0.01673, 0.06862, 0.01768, 0.05316, 0.01791, 0.01876, 0.00941, 0.00948, 0.00948, 0.02871, 0.00979, 0.01006, 0.01008, 0.03169, 0.0106, 0.01066, 0.01106, 0.05555, 0.01128, 0.0229, 0.01152, 0.01163, 0.2451, 0.07074, 0.03703, 0.07432, 0.06199, 0.07444, 0.03804, 0.01279, 0.01284, 0.20609, 0.01292, 0.02589, 0.11862, 0.01322, 0.02665, 0.04006, 0.0137, 0.02745, 0.0281, 0.01405, 0.04221, 0.05707, 0.01431, 0.04327, 0.01482]","[]","[]",68,0
3.5,38,"[0.00795, 0.00388, 0.00874, 0.00449, 0.0328, 0.02408, 0.01576, 0.016, 0.01108, 0.00637, 0.00679, 0.02767, 0.07898, 0.02474, 0.00825, 0.13531, 0.03418, 0.00859, 0.00875, 0.14246, 0.00907, 0.11909, 0.03696, 0.02875, 0.00968, 0.0391, 0.00979, 0.05884, 0.00985, 0.00991, 0.1007, 0.11088, 0.01046, 0.01057, 0.03217, 0.03219, 0.05451, 0.03335, 0.01122, 0.01158, 0.01174, 0.0119, 0.02408, 0.01221, 0.01231, 0.01257, 0.01259, 0.01273, 0.16753, 0.02674, 0.12187, 0.0138, 0.01413, 0.01425, 0.01438, 0.01443, 0.04332, 0.11632, 0.16351, 0.02989, 0.01498, 0.01506, 0.03016, 0.06064]","[]","[]",64,0
3.5,39,"[0.00375, 0.0081, 0.00469, 0.0099, 0.01767, 0.03635, 0.00613, 0.03097, 0.03119, 0.00633, 0.00662, 0.00692, 0.00702, 0.05147, 0.00738, 0.01587, 0.00832, 0.00857, 0.03433, 0.01827, 0.01913, 0.04795, 0.00964, 0.05864, 0.02984, 0.01009, 0.01018, 0.01052, 0.0107, 0.01081, 0.01086, 0.01105, 0.03367, 0.02259, 0.13682, 0.0114, 0.01151, 0.18857, 0.01195, 0.01198, 0.01204, 0.0485, 0.06185, 0.0124, 0.01245, 0.03829, 0.0393, 0.06586, 0.02655, 0.01335, 0.01342, 0.01347, 0.08135, 0.01359, 0.02786, 0.0565, 0.0143, 0.043, 0.12912, 0.02874]","[]","[]",60,0
3.5,40,"[0.00297, 0.00265, 0.0043, 0.01341, 0.00462, 0.00478, 0.0595, 0.0052, 0.01694, 0.02324, 0.01231, 0.00634, 0.00658, 0.00666, 0.02724, 0.01581, 0.00803, 0.00821, 0.00828, 0.02497, 0.00839, 0.12037, 0.00871, 0.07049, 0.01766, 0.0177, 0.09062, 0.02746, 0.00916, 0.00938, 0.03781, 0.16114, 0.03053, 0.02048, 0.06235, 0.03179, 0.01062, 0.045, 0.06988, 0.01173, 0.03552, 0.01194, 0.02432, 0.04873, 0.0125, 0.01255, 0.01299, 0.01319, 0.01351, 0.01367, 0.01375, 0.01381, 0.04145, 0.0139, 0.01409, 0.01413, 0.02826]","[]","[]",57,0
3.5,41,"[0.00202, 0.00466, 0.00278, 0.01, 0.01834, 0.00402, 0.00459, 0.00478, 0.00496, 0.00512, 0.01639, 0.01963, 0.02153, 0.00743, 0.10312, 0.00795, 0.00809, 0.00845, 0.05279, 0.15381, 0.03754, 0.00949, 0.03933, 0.00997, 0.12071, 0.01047, 0.01048, 0.06343, 0.01084, 0.22789, 0.01112, 0.01114, 0.01181, 0.04738, 0.02474, 0.01243, 0.03802, 0.01287, 0.07963, 0.02672, 0.01336, 0.01358, 0.12819, 0.01424, 0.01427, 0.0434, 0.07295, 0.07324, 0.01466, 0.04407, 0.01482, 0.03009, 0.01515, 0.01534, 0.01553, 0.01572, 0.0158, 0.01607, 0.11414, 0.26102, 0.01639, 0.04935, 0.19765, 0.09892, 0.01653, 0.01673, 0.25091]","[]","[]",67,0
3.5,42,"[0.00564, 0.00266, 0.02161, 0.01619, 0.00898, 0.01493, 0.08984, 0.00697, 0.00699, 0.02833, 0.00731, 0.11294, 0.0734, 0.00824, 0.00832, 0.0085, 0.02563, 0.10687, 0.14308, 0.01819, 0.0091, 0.01964, 0.01977, 0.01014, 0.13253, 0.01111, 0.01147, 0.01151, 0.15191, 0.03574, 0.012, 0.02407, 0.01212, 0.19472, 0.01224, 0.03696, 0.23645, 0.01251, 0.1004, 0.16654, 0.03859, 0.01288, 0.01313, 0.11873, 0.01319, 0.0266, 0.01332, 0.0667, 0.01341, 0.02699, 0.01374, 0.02766, 0.01398, 0.01403, 0.01404, 0.02896, 0.07393, 0.01496, 0.076, 0.01535, 0.01541, 0.01567, 0.01571, 0.20469, 0.0159, 0.04833, 0.19489, 0.03268, 0.03307, 0.01681, 0.01681, 0.01696]","[]","[]",72,0
3.5,43,"[0.00086, 0.00672, 0.04843, 0.01572, 0.00807, 0.00467, 0.00489, 0.01148, 0.00637, 0.02551, 0.00643, 0.00668, 0.03388, 0.014, 0.03572, 0.00733, 0.04569, 0.00823, 0.00834, 0.04408, 0.01818, 0.02741, 0.00917, 0.00919, 0.12967, 0.12498, 0.00998, 0.01002, 0.01015, 0.16384, 0.01074, 0.01081, 0.01086, 0.01112, 0.05578, 0.0227, 0.04767, 0.01196, 0.03622, 0.01213, 0.1468, 0.23327, 0.01238, 0.03741, 0.01259, 0.01259, 0.11386, 0.07754, 0.01299, 0.02657, 0.01335, 0.16621, 0.01411, 0.02829, 0.04267, 0.01449, 0.04386, 0.23414, 0.19307, 0.19344, 0.07505, 0.01506, 0.01508]","[]","[]",63,0
3.5,44,"[0.00097, 0.00251, 0.00264, 0.00538, 0.00279, 0.00651, 0.02955, 0.05705, 0.00524, 0.00568, 0.0481, 0.03264, 0.00653, 0.03926, 0.10571, 0.02662, 0.00687, 0.00697, 0.0287, 0.00736, 0.00742, 0.02391, 0.04875, 0.0407, 0.02459, 0.05764, 0.00831, 0.0499, 0.00843, 0.00846, 0.0519, 0.07205, 0.00925, 0.00935, 0.02917, 0.01046, 0.01051, 0.22704, 0.02177, 0.01104, 0.04433, 0.01131, 0.02271, 0.02292, 0.01151, 0.03493, 0.01175, 0.01179, 0.01188, 0.13134, 0.02459, 0.01249, 0.01266, 0.01267, 0.05094, 0.02627, 0.01319, 0.01327, 0.08148, 0.01376, 0.01377, 0.02794, 0.13976, 0.01401, 0.01404, 0.01414, 0.01419, 0.01432, 0.01452, 0.05892, 0.02956, 0.04448]","[]","[]",72,0
3.5,45,"[0.00376, 0.00409, 0.01244, 0.00441, 0.00239, 0.00556, 0.00301, 0.05672, 0.00335, 0.08853, 0.05154, 0.00602, 0.00649, 0.00703, 0.0536, 0.01639, 0.05826, 0.01708, 0.03499, 0.09804, 0.1212, 0.00933, 0.01913, 0.09839, 0.08085, 0.01033, 0.11448, 0.01054, 0.01057, 0.01058, 0.01059, 0.01082, 0.01112, 0.02234, 0.01119, 0.02269, 0.17083, 0.01144, 0.01151, 0.02371, 0.01201, 0.01217, 0.02468, 0.06588, 0.01328, 0.1334, 0.0134, 0.01349, 0.02712, 0.01362, 0.02742, 0.06938, 0.06947]","[]","[]",53,0
3.5,46,"[0.00089, 0.00636, 0.00707, 0.0426, 0.00525, 0.00546, 0.00599, 0.006, 0.00621, 0.00627, 0.0067, 0.11546, 0.00685, 0.01389, 0.15301, 0.0074, 0.11211, 0.00805, 0.03292, 0.04993, 0.01667, 0.00853, 0.01826, 0.05551, 0.00977, 0.00979, 0.00991, 0.10992, 0.01021, 0.01028, 0.07296, 0.01062, 0.11161, 0.01123, 0.0115, 0.01163, 0.05917, 0.02375, 0.01212, 0.15798, 0.01226, 0.01239, 0.01274, 0.05164, 0.0264, 0.01329, 0.01338, 0.02719, 0.05587, 0.09812, 0.01406, 0.01414, 0.01429, 0.01437, 0.15949, 0.10184, 0.02931, 0.04402, 0.23718, 0.01486, 0.0149, 0.04474, 0.02987, 0.01496, 0.01497, 0.10506, 0.07526, 0.01528, 0.01532, 0.0155, 0.01551, 0.07815, 0.18947, 0.03176]","[]","[]",74,0
3.5,47,"[0.00669, 0.00343, 0.00344, 0.02504, 0.01657, 0.01106, 0.01171, 0.01869, 0.01271, 0.00645, 0.01426, 0.00727, 0.10792, 0.0535, 0.00895, 0.01855, 0.00965, 0.15677, 0.00992, 0.01042, 0.01092, 0.01094, 0.01192, 0.15043, 0.0652, 0.0996, 0.01432, 0.01471, 0.05937, 0.04638, 0.03109, 0.01566, 0.01583, 0.01601, 0.01603, 0.01615, 0.0162, 0.01642, 0.01656, 0.13334, 0.01669, 0.01716, 0.01755, 0.17909, 0.03595, 0.018, 0.01809, 0.05492]","[]","[]",48,0
3.5,48,"[0.00601, 0.02322, 0.01742, 0.00383, 0.00395, 0.00422, 0.00427, 0.04033, 0.00472, 0.05262, 0.02827, 0.0057, 0.0183, 0.01362, 0.00722, 0.01463, 0.00752, 0.01538, 0.11394, 0.0975, 0.00901, 0.05611, 0.00989, 0.04308, 0.06503, 0.01102, 0.02234, 0.10106, 0.01123, 0.03384, 0.09124, 0.01158, 0.02323, 0.0117, 0.09436, 0.01195, 0.01196, 0.01224, 0.01245, 0.06289, 0.09502, 0.01385, 0.01399, 0.01401, 0.04239, 0.05658]","[]","[]",46,0
3.5,49,"[0.00339, 0.05485, 0.04798, 0.01193, 0.01702, 0.00945, 0.00586, 0.06845, 0.00663, 0.10734, 0.02738, 0.00744, 0.00789, 0.00794, 0.08689, 0.00954, 0.02867, 0.00965, 0.02906, 0.10055, 0.13305, 0.01037, 0.01079, 0.01094, 0.01133, 0.13681, 0.15029, 0.02374, 0.01187, 0.01201, 0.01213, 0.01225, 0.01228, 0.01231, 0.01238, 0.02495, 0.0125, 0.02549, 0.01281, 0.02578, 0.02585, 0.05184, 0.03897]","[]","[]",43,0
3.5,50,"[0.01678, 0.00239, 0.00298, 0.00308, 0.02446, 0.0041, 0.00423, 0.02066, 0.00592, 0.00621, 0.02521, 0.0065, 0.03288, 0.06182, 0.00761, 0.00773, 0.04649, 0.00812, 0.03258, 0.00833, 0.00839, 0.00844, 0.02673, 0.00893, 0.02849, 0.00952, 0.00964, 0.00991, 0.00993, 0.00998, 0.01012, 0.01067, 0.02202, 0.03342, 0.02265, 0.04534, 0.01137, 0.138, 0.01166, 0.01183, 0.01207, 0.01223, 0.01242, 0.01256, 0.12617, 0.01272, 0.07706, 0.02586, 0.07844, 0.01311, 0.01314, 0.18408, 0.01322, 0.01324, 0.01366, 0.1246, 0.0139, 0.01415, 0.02846, 0.11396, 0.01445, 0.02892, 0.04359, 0.13107]","[]","[]",64,0
3.5,51,"[0.00499, 0.00259, 0.01243, 0.00342, 0.00413, 0.00828, 0.00913, 0.00478, 0.05991, 0.01742, 0.00592, 0.01971, 0.00677, 0.00754, 0.01521, 0.00769, 0.00846, 0.02542, 0.00868, 0.00886, 0.00949, 0.02921, 0.0491, 0.04949, 0.01027, 0.04152, 0.01045, 0.09488, 0.11043, 0.01119, 0.01127, 0.01133, 0.07949, 0.01157, 0.01188, 0.01202, 0.03608, 0.10964, 0.06119, 0.01234, 0.0248, 0.01241, 0.01292, 0.01302, 0.02612, 0.03928, 0.02639, 0.01321, 0.04019, 0.0134, 0.0135, 0.01354, 0.01354, 0.06872, 0.01385, 0.01408, 0.02842, 0.01427, 0.05845, 0.01467, 0.01468]","[]","[]",61,0
3.5,52,"[0.0026, 0.00333, 0.00385, 0.01438, 0.00506, 0.06592, 0.00549, 0.02848, 0.0059, 0.00626, 0.00648, 0.00659, 0.00671, 0.04425, 0.00738, 0.07432, 0.00768, 0.02394, 0.07467, 0.00839, 0.00851, 0.11078, 0.0086, 0.00877, 0.00883, 0.00932, 0.01882, 0.00958, 0.01923, 0.00964, 0.00965, 0.00983, 0.02012, 0.0102, 0.02065, 0.03121, 0.01052, 0.01075, 0.03241, 0.02187, 0.01096, 0.04413, 0.01126, 0.08031, 0.01152, 0.01187, 0.02475, 0.01257, 0.05063, 0.01287, 0.16743]","[]","[]",51,0
3.5,53,"[0.02294, 0.00717, 0.00247, 0.037, 0.00906, 0.00539, 0.05024, 0.0114, 0.00571, 0.01169, 0.07187, 0.02623, 0.03711, 0.06118, 0.03842, 0.02313, 0.04673, 0.01669, 0.00871, 0.10885, 0.09207, 0.01047, 0.01095, 0.011, 0.06607, 0.02222, 0.01113, 0.11198, 0.01128, 0.08029, 0.0117, 0.04723, 0.02497, 0.01252, 0.01254, 0.01287, 0.05317, 0.01338, 0.01345, 0.04045, 0.02711, 0.01365, 0.01371, 0.01372, 0.01374, 0.01376, 0.02778, 0.01396, 0.01407, 0.09998, 0.02857, 0.01433]","[]","[]",52,0
3.5,54,"[0.00495, 0.00275, 0.01411, 0.00448, 0.00456, 0.00459, 0.01225, 0.00785, 0.01582, 0.01625, 0.00816, 0.00871, 0.00873, 0.03624, 0.00926, 0.00926, 0.01988, 0.09577, 0.01071, 0.01088, 0.03553, 0.01238, 0.01253, 0.06342, 0.01272, 0.01285, 0.12964, 0.02675, 0.02699, 0.01358, 0.04104, 0.04115, 0.01422, 0.02928, 0.0149, 0.06039, 0.06071, 0.01546, 0.01551, 0.04677, 0.03151, 0.01606, 0.21213, 0.04985, 0.01671, 0.05117, 0.03432, 0.01734, 0.2264, 0.01793, 0.07336, 0.03703, 0.01882, 0.01907, 0.03824, 0.09622, 0.01953, 0.01999, 0.06015, 0.02005, 0.02018, 0.0202, 0.02027, 0.0203]","[]","[]",64,0
3.5,55,"[0.00582, 0.02343, 0.00274, 0.00316, 0.04303, 0.00389, 0.00467, 0.00502, 0.00524, 0.01655, 0.00561, 0.03408, 0.01228, 0.01231, 0.04928, 0.00671, 0.00687, 0.00755, 0.00809, 0.04949, 0.00854, 0.0086, 0.00865, 0.0087, 0.12214, 0.00948, 0.0095, 0.00951, 0.08628, 0.08802, 0.15678, 0.00991, 0.06097, 0.06347, 0.03242, 0.03263, 0.0109, 0.10979, 0.0221, 0.02213, 0.01107, 0.01148, 0.14604, 0.12174, 0.03685, 0.0124]","[]","[]",46,0
3.5,56,"[0.01497, 0.00475, 0.01518, 0.00338, 0.00447, 0.00454, 0.00466, 0.00472, 0.01912, 0.00489, 0.03013, 0.00515, 0.02079, 0.00553, 0.12464, 0.00604, 0.02716, 0.00687, 0.03441, 0.00704, 0.01475, 0.02233, 0.01603, 0.0416, 0.00834, 0.09203, 0.01679, 0.05294, 0.00884, 0.10659, 0.00898, 0.01802, 0.00912, 0.00938, 0.01902, 0.00955, 0.00965, 0.00967, 0.00985, 0.02065, 0.01034, 0.01051, 0.11621, 0.06355, 0.06376, 0.01072, 0.01088, 0.02211, 0.01107, 0.06699, 0.19119, 0.03419, 0.11482, 0.09337, 0.01178]","[]","[]",55,0
3.5,57,"[0.00704, 0.00416, 0.00209, 0.00216, 0.0024, 0.00272, 0.00303, 0.00492, 0.02692, 0.00565, 0.01176, 0.00593, 0.00629, 0.00675, 0.00817, 0.02569, 0.0257, 0.02638, 0.01784, 0.02698, 0.05402, 0.01804, 0.00904, 0.0091, 0.01958, 0.00989, 0.0199, 0.01008, 0.01016, 0.02072, 0.01099, 0.01104, 0.01113, 0.01127, 0.01146, 0.02341, 0.01174, 0.0238, 0.05992, 0.012, 0.01221, 0.01223, 0.01266, 0.01287, 0.02577, 0.02582, 0.10355, 0.02679, 0.05474, 0.0137, 0.0685, 0.01371, 0.01408, 0.01409, 0.01411, 0.02825, 0.01422, 0.0144, 0.13007, 0.03005, 0.03059, 0.01547, 0.04655]","[]","[]",63,0
3.5,58,"[0.02008, 0.01501, 0.00252, 0.00833, 0.00632, 0.00702, 0.01843, 0.00479, 0.05232, 0.00531, 0.01647, 0.00583, 0.00637, 0.1364, 0.07871, 0.02067, 0.0208, 0.00731, 0.00796, 0.01667, 0.00842, 0.00861, 0.05346, 0.0272, 0.00936, 0.1609, 0.1515, 0.00954, 0.1458, 0.06863, 0.0104, 0.02151, 0.01104, 0.01105, 0.01125, 0.01141, 0.12615, 0.01156, 0.01168, 0.02357, 0.0118, 0.01192, 0.02396, 0.04953, 0.01244, 0.0756, 0.03846, 0.0129, 0.01292, 0.02613, 0.04001, 0.1076, 0.01368]","[]","[]",53,0
3.5,59,"[0.00194, 0.00213, 0.00392, 0.00402, 0.05064, 0.01057, 0.01066, 0.0056, 0.00579, 0.00583, 0.006, 0.02435, 0.01367, 0.07096, 0.06693, 0.00766, 0.01538, 0.10193, 0.07917, 0.10381, 0.00804, 0.0254, 0.00851, 0.09825, 0.00904, 0.02736, 0.00922, 0.15308, 0.12686, 0.01997, 0.01998, 0.06106, 0.01047, 0.01055, 0.01059, 0.01076, 0.02175, 0.01117, 0.14333, 0.19186, 0.0123, 0.09868, 0.08677, 0.01248, 0.03781, 0.01276, 0.01343, 0.08069, 0.05412, 0.01355, 0.15065, 0.0137, 0.06918, 0.01401, 0.11364, 0.04263]","[]","[]",56,0
3.5,60,"[0.00204, 0.00232, 0.00262, 0.00265, 0.00355, 0.03403, 0.00507, 0.00518, 0.0052, 0.00556, 0.00557, 0.01779, 0.01229, 0.00631, 0.07527, 0.00727, 0.00731, 0.00776, 0.00827, 0.01668, 0.00838, 0.03521, 0.00929, 0.0094, 0.00964, 0.00976, 0.00986, 0.02978, 0.04165, 0.01071, 0.01133, 0.01134, 0.02279, 0.01157, 0.02324, 0.15262, 0.08244, 0.07088, 0.01185, 0.04842, 0.06124, 0.08764, 0.01255, 0.063, 0.01275, 0.0257, 0.01286, 0.07779, 0.11724, 0.01308, 0.01326, 0.02735, 0.01377, 0.01391, 0.01391, 0.1538, 0.02816]","[]","[]",57,0
3.5,61,"[0.00088, 0.01092, 0.00249, 0.00323, 0.00801, 0.00406, 0.0043, 0.00451, 0.0055, 0.00557, 0.00564, 0.00575, 0.02971, 0.00628, 0.02684, 0.00708, 0.00719, 0.00759, 0.0081, 0.07505, 0.00894, 0.10861, 0.03938, 0.01012, 0.0103, 0.01048, 0.01064, 0.12848, 0.04297, 0.01078, 0.0109, 0.01139, 0.01146, 0.01163, 0.02359, 0.01181, 0.18972, 0.01213, 0.01248, 0.16239, 0.01266, 0.03967, 0.01334, 0.01351, 0.01374, 0.01374, 0.01377, 0.23587, 0.028, 0.18299, 0.0141, 0.05655, 0.04332, 0.08679, 0.30588, 0.04393, 0.04422, 0.01479, 0.01496, 0.01497, 0.01501, 0.01506, 0.01512, 0.01514, 0.0152, 0.01526, 0.03056, 0.01535]","[]","[]",68,0
3.5,62,"[0.00678, 0.00252, 0.00276, 0.00339, 0.01468, 0.00499, 0.01042, 0.00567, 0.04573, 0.00604, 0.00635, 0.01508, 0.00755, 0.0307, 0.03095, 0.0327, 0.0091, 0.00918, 0.01892, 0.00969, 0.1166, 0.05924, 0.20888, 0.11421, 0.01055, 0.0106, 0.01065, 0.01073, 0.02195, 0.011, 0.17905, 0.01158, 0.01179, 0.0118, 0.01216, 0.02463, 0.01257, 0.08842, 0.01263, 0.01306, 0.01315, 0.01351, 0.01356, 0.04172, 0.01398, 0.01398, 0.01419, 0.01423, 0.01444, 0.08715, 0.01467, 0.10279, 0.01486, 0.16669, 0.01518, 0.0152, 0.04694, 0.12538, 0.0157, 0.01571, 0.06352, 0.01592, 0.27079, 0.01617, 0.01618, 0.0162, 0.09728, 0.08142, 0.03268, 0.06548]","[]","[]",70,0
3.5,63,"[0.0045, 0.02769, 0.00303, 0.00653, 0.00357, 0.02158, 0.00366, 0.0075, 0.00439, 0.01785, 0.00472, 0.00489, 0.00556, 0.06997, 0.01171, 0.00619, 0.00662, 0.01352, 0.02057, 0.01542, 0.00776, 0.00798, 0.01631, 0.02521, 0.00853, 0.00862, 0.01755, 0.00883, 0.02679, 0.00899, 0.01862, 0.00934, 0.00974, 0.01964, 0.00992, 0.08079, 0.01012, 0.02031, 0.08267, 0.0213, 0.05351, 0.01102, 0.01104, 0.01148, 0.01154, 0.01235, 0.01258, 0.01292, 0.01293, 0.09104, 0.0135, 0.01352, 0.01364, 0.01379, 0.0569, 0.01426, 0.0143, 0.01447, 0.1034, 0.01497, 0.015, 0.03165]","[]","[]",62,0
3.5,64,"[0.00676, 0.00277, 0.00944, 0.02234, 0.004, 0.00829, 0.00454, 0.01477, 0.00495, 0.00497, 0.00511, 0.00551, 0.00551, 0.0056, 0.02333, 0.07309, 0.00642, 0.00655, 0.03408, 0.00692, 0.00702, 0.0568, 0.03309, 0.00853, 0.00855, 0.00886, 0.00907, 0.01854, 0.00933, 0.0096, 0.00967, 0.00988, 0.0504, 0.03259, 0.02257, 0.01133, 0.01161, 0.01165, 0.02345, 0.03528, 0.19179, 0.08395, 0.01227, 0.07595, 0.01281, 0.13079, 0.0131, 0.03948, 0.01329, 0.05319, 0.01363, 0.06818, 0.05472, 0.01387, 0.01469, 0.0147, 0.04441, 0.13489, 0.02999]","[]","[]",59,0
3.5,65,"[0.00191, 0.0023, 0.00307, 0.00947, 0.05608, 0.01077, 0.03174, 0.01589, 0.00446, 0.00476, 0.07525, 0.04382, 0.06616, 0.03373, 0.03395, 0.09011, 0.00695, 0.00708, 0.00744, 0.0078, 0.00816, 0.10808, 0.05006, 0.07205, 0.0946, 0.05863, 0.02032, 0.19362, 0.03087, 0.02128, 0.01072, 0.06594, 0.0111, 0.05593, 0.01154, 0.0233, 0.14019, 0.18703, 0.01176, 0.01196, 0.01224, 0.06185, 0.02575, 0.01289, 0.02589, 0.013]","[]","[]",46,0
3.5,66,"[0.0027, 0.04149, 0.00391, 0.00397, 0.00424, 0.00854, 0.00927, 0.01003, 0.01199, 0.01876, 0.01886, 0.00668, 0.00715, 0.09876, 0.03127, 0.00794, 0.01646, 0.00845, 0.00937, 0.00955, 0.0289, 0.03877, 0.01944, 0.03891, 0.01009, 0.10343, 0.01037, 0.01074, 0.05545, 0.01129, 0.01134, 0.01205, 0.01215, 0.08521, 0.0372, 0.06267, 0.01254, 0.16763, 0.01311, 0.0132, 0.02657, 0.04009, 0.01346, 0.02697, 0.0407, 0.04072, 0.0136, 0.04104]","[]","[]",48,0
3.5,67,"[0.00288, 0.04857, 0.00354, 0.00357, 0.00358, 0.02832, 0.00427, 0.00944, 0.01554, 0.0105, 0.00568, 0.01169, 0.00612, 0.03791, 0.02809, 0.00753, 0.00759, 0.00779, 0.04179, 0.00861, 0.0088, 0.00888, 0.04449, 0.04463, 0.00897, 0.01834, 0.05543, 0.00926, 0.00952, 0.00973, 0.06847, 0.01005, 0.01005, 0.02021, 0.01026, 0.13705, 0.01055, 0.02121, 0.13399, 0.01119, 0.0112, 0.02253, 0.01202, 0.19603, 0.01282, 0.01304, 0.02626, 0.0132, 0.01327]","[]","[]",49,0
3.5,68,"[0.00445, 0.00301, 0.00343, 0.01562, 0.0374, 0.00446, 0.00447, 0.03626, 0.00644, 0.00647, 0.00648, 0.00697, 0.07308, 0.00747, 0.0075, 0.10129, 0.00821, 0.08292, 0.00838, 0.00898, 0.01808, 0.00976, 0.09883, 0.00993, 0.13189, 0.03096, 0.01037, 0.01075, 0.02173, 0.01099, 0.1216, 0.01117, 0.02258, 0.18082, 0.0453, 0.12621, 0.15395, 0.0122, 0.0122, 0.01241, 0.08699, 0.01246, 0.01263, 0.01283, 0.01291, 0.01293, 0.20922, 0.01319, 0.02658, 0.01335, 0.10707, 0.01351, 0.01359, 0.0137, 0.01393, 0.01396, 0.01398, 0.01419, 0.0142, 0.17133, 0.01434, 0.01435, 0.01442, 0.05814, 0.13092, 0.0148]","[]","[]",66,0
3.5,69,"[0.00229, 0.00276, 0.00291, 0.00325, 0.00343, 0.00421, 0.00858, 0.00944, 0.00485, 0.00504, 0.00535, 0.00573, 0.03521, 0.00597, 0.05608, 0.01891, 0.00638, 0.01333, 0.03514, 0.04254, 0.0071, 0.03554, 0.00717, 0.0305, 0.0078, 0.01644, 0.05849, 0.03404, 0.00904, 0.03719, 0.0386, 0.0195, 0.01007, 0.01026, 0.09253, 0.01052, 0.12633, 0.10763, 0.01119, 0.01173, 0.02349, 0.01212, 0.01215, 0.0376, 0.01281, 0.01302, 0.01308, 0.11892, 0.01329, 0.01329, 0.01337, 0.02676, 0.01343, 0.18972, 0.1098, 0.04124, 0.05504, 0.02784, 0.01396, 0.13983, 0.08491, 0.11468, 0.01435, 0.01437, 0.12971, 0.02942, 0.04462, 0.03015, 0.24186, 0.01519, 0.03039, 0.01522, 0.01523, 0.32303, 0.03081, 0.01541]","[]","[]",76,0
3.5,70,"[0.00062, 0.0238, 0.00493, 0.00286, 0.00328, 0.03033, 0.00388, 0.00402, 0.00464, 0.0048, 0.01078, 0.0062, 0.00653, 0.02021, 0.02069, 0.01406, 0.00736, 0.02298, 0.00781, 0.01579, 0.01708, 0.00895, 0.00936, 0.00975, 0.00989, 0.0298, 0.01016, 0.01042, 0.01044, 0.01046, 0.0108, 0.0111, 0.13396, 0.01123, 0.0457, 0.01151, 0.04615, 0.01162, 0.0481, 0.01206, 0.01229, 0.01233, 0.01234, 0.01251, 0.02509, 0.05068, 0.0127, 0.05292, 0.02726, 0.01372, 0.04124, 0.01384, 0.02794, 0.01414, 0.02886, 0.01443, 0.05862, 0.02932]","[]","[]",58,0
3.5,71,"[0.0021, 0.00247, 0.00297, 0.00895, 0.01966, 0.0141, 0.01892, 0.00385, 0.02819, 0.00472, 0.00478, 0.00482, 0.00519, 0.08489, 0.03503, 0.00584, 0.04144, 0.04847, 0.04322, 0.01979, 0.00664, 0.02661, 0.02121, 0.00729, 0.08061, 0.01467, 0.00751, 0.00755, 0.03073, 0.08349, 0.00889, 0.07392, 0.02843, 0.00964, 0.20447, 0.00975, 0.01008, 0.02026, 0.01034, 0.01053, 0.01053, 0.01054, 0.01073, 0.02199, 0.02208, 0.03325, 0.03386, 0.01145, 0.0115, 0.17261, 0.01154, 0.03493, 0.02365]","[]","[]",53,0
3.5,72,"[0.00217, 0.00297, 0.00936, 0.00417, 0.00651, 0.00715, 0.00751, 0.09042, 0.06541, 0.02541, 0.00901, 0.17862, 0.02842, 0.01933, 0.00968, 0.11982, 0.01018, 0.04135, 0.01053, 0.01061, 0.01103, 0.01108, 0.01171, 0.04819, 0.03666, 0.01244, 0.0129, 0.01297, 0.01305, 0.01324, 0.01342, 0.01343, 0.01362, 0.01451, 0.05917, 0.03023, 0.01519, 0.25416, 0.01635, 0.19889, 0.01673, 0.11774, 0.03408, 0.01736, 0.01766, 0.01779, 0.01782, 0.01791, 0.01805, 0.05485, 0.15027, 0.0382, 0.1351, 0.03875, 0.27771, 0.01989, 0.25868, 0.02, 0.04008, 0.04017, 0.12251, 0.02046, 0.08422, 0.02125, 0.10639, 0.04286, 0.02212, 0.15495, 0.04431, 0.02232, 0.06696, 0.04486, 0.02246, 0.02264, 0.04584, 0.02294]","[]","[]",76,0
3.5,73,"[0.00381, 0.00237, 0.01527, 0.00479, 0.02485, 0.00519, 0.00558, 0.02292, 0.07892, 0.031, 0.00624, 0.03148, 0.06032, 0.00679, 0.01563, 0.00811, 0.09827, 0.00894, 0.0549, 0.02838, 0.01904, 0.01002, 0.01039, 0.09593, 0.01077, 0.01078, 0.01103, 0.01167, 0.04728, 0.02373, 0.01205, 0.04925, 0.13699, 0.02507, 0.01261, 0.01277, 0.01288, 0.05223, 0.02639, 0.01336, 0.02689, 0.01395, 0.014, 0.01413, 0.05671, 0.04271, 0.01426, 0.0289, 0.116, 0.01458, 0.05866, 0.01482]","[]","[]",52,0
3.5,74,"[0.00232, 0.00611, 0.00751, 0.00432, 0.00463, 0.02343, 0.0048, 0.00965, 0.00485, 0.01476, 0.0203, 0.04708, 0.02752, 0.00575, 0.00607, 0.0186, 0.01886, 0.07728, 0.00714, 0.03707, 0.00779, 0.03206, 0.02446, 0.00874, 0.08065, 0.01795, 0.00907, 0.00941, 0.05795, 0.0105, 0.01058, 0.01082, 0.01084, 0.01093, 0.04591, 0.04636, 0.08392, 0.01212, 0.0122, 0.02493, 0.01257, 0.0126, 0.03792, 0.10146, 0.01297, 0.01298, 0.01307, 0.02635, 0.01318, 0.01319, 0.01385, 0.01396, 0.01398, 0.01399, 0.01402]","[]","[]",55,0
3.5,75,"[0.00136, 0.00189, 0.04417, 0.00278, 0.01184, 0.01354, 0.00455, 0.00458, 0.00465, 0.00595, 0.00686, 0.02093, 0.11457, 0.00748, 0.00756, 0.00761, 0.01564, 0.00792, 0.00792, 0.01628, 0.02535, 0.11142, 0.02615, 0.11332, 0.00897, 0.00907, 0.00917, 0.01867, 0.01872, 0.00936, 0.00937, 0.00948, 0.00959, 0.06739, 0.00966, 0.00974, 0.01019, 0.01021, 0.01023, 0.05191, 0.07355, 0.01056, 0.01065, 0.032, 0.01094, 0.01104, 0.01117, 0.01134, 0.01143, 0.05744, 0.12938, 0.01178, 0.02361, 0.01225, 0.01259, 0.01269, 0.01278, 0.03949]","[]","[]",58,0
3.5,76,"[0.00058, 0.0032, 0.00657, 0.00372, 0.00379, 0.00763, 0.00384, 0.00416, 0.00473, 0.0203, 0.00672, 0.00769, 0.07463, 0.01662, 0.00854, 0.00864, 0.00879, 0.05945, 0.01011, 0.01032, 0.01033, 0.01148, 0.0352, 0.01197, 0.01213, 0.02516, 0.12889, 0.01327, 0.01368, 0.04181, 0.07063, 0.07091, 0.01423, 0.08562, 0.01457, 0.01466, 0.07467, 0.13558, 0.01518, 0.01573, 0.01579, 0.06404, 0.06461, 0.01617, 0.22633, 0.34232, 0.01714, 0.01724, 0.01783, 0.01823, 0.07372, 0.0554, 0.07464, 0.0188, 0.03779, 0.22706, 0.01938, 0.13635, 0.03936, 0.01982, 0.02019, 0.0205, 0.02067, 0.18809, 0.02141, 0.04325, 0.23846, 0.02191]","[]","[]",68,0
3.5,77,"[0.00155, 0.0034, 0.00371, 0.00413, 0.00905, 0.0049, 0.01623, 0.00551, 0.01805, 0.00622, 0.00634, 0.00664, 0.02175, 0.00725, 0.00772, 0.04244, 0.00861, 0.00873, 0.00917, 0.00953, 0.00969, 0.03918, 0.01012, 0.02169, 0.02171, 0.01112, 0.01115, 0.01156, 0.01184, 0.01191, 0.0371, 0.02475, 0.02512, 0.14459, 0.01347, 0.01358, 0.0283, 0.02838, 0.02894, 0.01448, 0.01463, 0.19058, 0.01486, 0.01522, 0.0154, 0.01542, 0.01552, 0.01559, 0.0156, 0.10928, 0.01575, 0.01583, 0.01596, 0.01597, 0.01613, 0.03239, 0.0163, 0.01659, 0.01661, 0.15041, 0.13794, 0.01727, 0.01737, 0.01764, 0.03538, 0.03555, 0.03572, 0.10825, 0.19911, 0.01834, 0.01838, 0.01863, 0.01868, 0.01876, 0.03802, 0.01945]","[]","[]",76,0
3.5,78,"[0.00035, 0.00243, 0.00173, 0.0042, 0.00481, 0.02331, 0.12442, 0.0686, 0.00646, 0.00651, 0.11123, 0.00689, 0.00706, 0.04276, 0.00756, 0.00759, 0.07164, 0.08076, 0.12245, 0.0082, 0.0086, 0.00909, 0.0094, 0.01903, 0.00989, 0.01006, 0.01025, 0.01051, 0.01064, 0.01069, 0.01086, 0.06562, 0.02216, 0.0111, 0.12581, 0.02324, 0.01174, 0.01189, 0.01194, 0.01196, 0.0243, 0.03726, 0.14918, 0.01248, 0.0251, 0.02555, 0.01278, 0.07738, 0.20746, 0.01297, 0.0131, 0.17261, 0.03991, 0.09324, 0.01334, 0.13348, 0.01347, 0.01351, 0.01383, 0.01386, 0.06954, 0.01402, 0.07255, 0.01451, 0.02925, 0.02933, 0.0149, 0.01492, 0.01503, 0.01526, 0.1087, 0.09404, 0.01593]","[]","[]",73,0
3.5,79,"[0.0017, 0.01485, 0.00277, 0.00317, 0.00814, 0.00446, 0.01068, 0.00566, 0.00642, 0.00649, 0.00654, 0.01451, 0.02177, 0.01615, 0.00809, 0.02447, 0.00851, 0.00856, 0.04297, 0.00928, 0.0283, 0.01918, 0.00961, 0.00978, 0.06004, 0.01001, 0.01017, 0.02035, 0.02128, 0.0323, 0.01091, 0.0221, 0.01114, 0.01114, 0.01123, 0.04507, 0.01139, 0.05987, 0.01202, 0.01224, 0.02465, 0.01281, 0.02565, 0.1155, 0.01304, 0.10471, 0.09298, 0.01356, 0.04092, 0.0137, 0.0137, 0.01375, 0.01401, 0.04238, 0.01443, 0.13212, 0.08858, 0.02964, 0.01489, 0.01506, 0.01511, 0.01527, 0.01542, 0.03087, 0.04667, 0.01558, 0.0158, 0.01584, 0.07945, 0.01596, 0.01628, 0.06595, 0.14889, 0.04967, 0.01663, 0.01665, 0.01673, 0.01674, 0.01675, 0.01703, 0.01723]","[]","[]",81,0
3.5,80,"[0.0163, 0.04674, 0.00367, 0.00802, 0.00881, 0.00932, 0.00965, 0.01056, 0.02894, 0.00636, 0.11592, 0.01439, 0.00733, 0.0085, 0.18737, 0.01856, 0.01856, 0.04736, 0.00947, 0.00951, 0.00961, 0.00962, 0.00967, 0.00975, 0.02973, 0.01984, 0.04099, 0.01049, 0.0106, 0.04303, 0.01086, 0.03391, 0.01154, 0.04674, 0.04824, 0.01226, 0.01226, 0.03689, 0.01231, 0.01249, 0.02506, 0.05055, 0.02541, 0.07765, 0.02592, 0.09217, 0.01318, 0.01323, 0.01345, 0.21703, 0.0137, 0.0276, 0.01388, 0.04184, 0.01402]","[]","[]",55,0
3.5,81,"[0.03995, 0.00624, 0.01209, 0.00358, 0.06591, 0.04459, 0.0094, 0.00486, 0.0491, 0.01172, 0.00628, 0.01264, 0.05211, 0.00676, 0.02061, 0.00693, 0.03251, 0.00813, 0.00823, 0.00851, 0.00877, 0.00923, 0.00945, 0.00953, 0.05733, 0.06077, 0.01039, 0.1157, 0.0216, 0.14219, 0.01111, 0.0112, 0.10533, 0.01175, 0.01186, 0.01267, 0.01292, 0.01306, 0.09147, 0.01316, 0.01342, 0.14788, 0.01365, 0.01368, 0.20669, 0.01386, 0.01413, 0.11359, 0.10072, 0.1441, 0.01448, 0.01469, 0.01475, 0.0445, 0.01491, 0.1792, 0.09007, 0.01522, 0.03179, 0.01593, 0.25645, 0.01617, 0.21295, 0.01644]","[]","[]",64,0
3.5,82,"[0.00297, 0.00222, 0.00248, 0.00321, 0.00357, 0.01157, 0.00892, 0.03556, 0.01533, 0.00513, 0.00529, 0.03119, 0.00701, 0.08203, 0.01509, 0.00761, 0.00771, 0.01561, 0.00827, 0.04189, 0.00872, 0.0089, 0.02679, 0.00904, 0.05453, 0.00911, 0.00913, 0.20085, 0.00959, 0.01926, 0.02952, 0.01982, 0.00992, 0.01042, 0.011, 0.01123, 0.0113, 0.01138, 0.01165, 0.01178, 0.07102, 0.01187, 0.01216, 0.01221, 0.01242, 0.01252, 0.06353, 0.01289, 0.02607, 0.01309, 0.02652, 0.01349, 0.0272, 0.09579, 0.01407]","[]","[]",55,0
3.5,83,"[0.00366, 0.00391, 0.01207, 0.01233, 0.00432, 0.01441, 0.00489, 0.00508, 0.01036, 0.01086, 0.00562, 0.00624, 0.00631, 0.0643, 0.02171, 0.00727, 0.00729, 0.00754, 0.00769, 0.08086, 0.02445, 0.01704, 0.06034, 0.12103, 0.00885, 0.0178, 0.01871, 0.00964, 0.06912, 0.05009, 0.01009, 0.03088, 0.03127, 0.01077, 0.0112, 0.01121, 0.10127, 0.01154, 0.03479, 0.01171, 0.01187, 0.01194, 0.1194, 0.03584, 0.1201, 0.03823, 0.01279, 0.03919, 0.01308, 0.02745, 0.0833, 0.01395, 0.01423, 0.01436, 0.10068]","[]","[]",55,0
3.5,84,"[0.00853, 0.00391, 0.02248, 0.01436, 0.07671, 0.00541, 0.00601, 0.03211, 0.00672, 0.07355, 0.08171, 0.00752, 0.00777, 0.01607, 0.1714, 0.00827, 0.00854, 0.03451, 0.14977, 0.00901, 0.00909, 0.00924, 0.00932, 0.00933, 0.08585, 0.02021, 0.01012, 0.02067, 0.01041, 0.03407, 0.02287, 0.01189, 0.01194, 0.01212, 0.08554, 0.19559, 0.02513, 0.01273, 0.15583, 0.01321, 0.01328, 0.06679, 0.04029, 0.01357, 0.08196, 0.01371, 0.01375, 0.02951, 0.02981, 0.08954, 0.01505, 0.01538, 0.2001]","[]","[]",53,0
3.5,85,"[0.00175, 0.00251, 0.01299, 0.00265, 0.00283, 0.00605, 0.02029, 0.00383, 0.03607, 0.00453, 0.00533, 0.00575, 0.0349, 0.00597, 0.02409, 0.00608, 0.01232, 0.00679, 0.00679, 0.00731, 0.01467, 0.02993, 0.01565, 0.0079, 0.01593, 0.00909, 0.11088, 0.00928, 0.02813, 0.01886, 0.00969, 0.08966, 0.04988, 0.02017, 0.01022, 0.04207, 0.01058, 0.01067, 0.03205, 0.01083, 0.01085, 0.01088, 0.02202, 0.06619, 0.09971, 0.01138, 0.09139, 0.08206, 0.03561, 0.01197, 0.04823, 0.01239, 0.01265, 0.12874, 0.05216, 0.07877, 0.01314, 0.02695, 0.02724, 0.01374, 0.11001, 0.01376, 0.01411, 0.08616, 0.01441, 0.2023, 0.30352, 0.02913, 0.01459, 0.01459, 0.05897, 0.05946, 0.01489, 0.01507, 0.01509, 0.24359, 0.06104, 0.01529]","[]","[]",78,0
3.5,86,"[0.00126, 0.01905, 0.00742, 0.00286, 0.03871, 0.00372, 0.00417, 0.0173, 0.00433, 0.04377, 0.00548, 0.04565, 0.01884, 0.00629, 0.00683, 0.03676, 0.0076, 0.00789, 0.04751, 0.00813, 0.05732, 0.00942, 0.01935, 0.00982, 0.0101, 0.01039, 0.05209, 0.01045, 0.01069, 0.01076, 0.01113, 0.02248, 0.01162, 0.01193, 0.08446, 0.02429, 0.01217, 0.01217, 0.01246, 0.02528, 0.01282, 0.01312, 0.25113, 0.01351, 0.01354, 0.01405, 0.01413, 0.01419, 0.04379, 0.01464, 0.01472, 0.01473, 0.01505, 0.01533, 0.06206, 0.04698, 0.04727, 0.0161, 0.03269, 0.0165, 0.01658, 0.01658, 0.01669, 0.01672, 0.01674, 0.21865, 0.03367, 0.13514, 0.0339, 0.0341]","[]","[]",70,0
3.5,87,"[0.00165, 0.0487, 0.00388, 0.00404, 0.01219, 0.00836, 0.02118, 0.01277, 0.00922, 0.0311, 0.01567, 0.08327, 0.00612, 0.08969, 0.00696, 0.01405, 0.01413, 0.02149, 0.00739, 0.01495, 0.00784, 0.06345, 0.04985, 0.00851, 0.16387, 0.0349, 0.00873, 0.00886, 0.08965, 0.07372, 0.00923, 0.0094, 0.11291, 0.11352, 0.01895, 0.0096, 0.00982, 0.00986, 0.00992, 0.05074, 0.13328, 0.02082, 0.08362, 0.02094, 0.01061, 0.01076, 0.01085, 0.01146, 0.01146, 0.02302, 0.02334, 0.01169, 0.07083, 0.01191, 0.01206]","[]","[]",55,0
3.5,88,"[0.00128, 0.00193, 0.00235, 0.00263, 0.00303, 0.00354, 0.076, 0.00414, 0.00839, 0.00449, 0.03236, 0.00466, 0.03318, 0.02964, 0.01003, 0.00561, 0.06896, 0.00586, 0.00656, 0.00683, 0.01435, 0.0288, 0.00727, 0.00756, 0.1239, 0.00789, 0.00792, 0.01617, 0.00808, 0.00813, 0.00822, 0.00861, 0.01789, 0.02692, 0.04539, 0.00912, 0.0092, 0.03727, 0.0094, 0.00941, 0.01985, 0.0101, 0.01019, 0.14453, 0.02094, 0.01071, 0.01101, 0.01127, 0.01149, 0.01171, 0.03578, 0.02412, 0.01211, 0.01252, 0.0126, 0.0127, 0.02569, 0.0131]","[]","[]",58,0
3.5,89,"[0.01817, 0.00476, 0.00966, 0.00496, 0.00563, 0.00647, 0.03254, 0.01309, 0.01983, 0.04303, 0.01469, 0.01472, 0.02256, 0.02259, 0.00769, 0.00851, 0.0087, 0.00894, 0.00928, 0.00948, 0.00957, 0.01925, 0.03902, 0.02009, 0.03015, 0.01012, 0.02086, 0.08429, 0.0211, 0.05545, 0.01113, 0.01162, 0.01165, 0.01182, 0.03551, 0.01185, 0.02372, 0.01203, 0.01215, 0.11206, 0.01273, 0.01315, 0.01349, 0.02708, 0.01371, 0.01374, 0.02786, 0.12622, 0.04273, 0.01444, 0.01462, 0.02961, 0.02979, 0.01499, 0.01518, 0.03065, 0.03096, 0.01551, 0.01562, 0.01582, 0.04746, 0.01613, 0.01664, 0.05005, 0.11699, 0.08395, 0.15341, 0.01714, 0.01733, 0.0174, 0.03504, 0.01755, 0.01765, 0.01768, 0.01769]","[]","[]",75,0
3.5,90,"[0.00303, 0.01471, 0.00157, 0.00505, 0.00258, 0.00287, 0.05788, 0.00663, 0.00349, 0.0299, 0.08344, 0.00539, 0.00581, 0.08283, 0.03327, 0.02705, 0.0069, 0.00696, 0.01761, 0.00887, 0.00899, 0.03727, 0.00939, 0.00946, 0.0095, 0.05837, 0.02938, 0.00989, 0.01008, 0.01008, 0.02023, 0.01015, 0.01023, 0.03099, 0.01039, 0.01039, 0.0882, 0.01122, 0.07915, 0.01131, 0.10312, 0.02316, 0.03508, 0.01181, 0.04757, 0.03671, 0.01233, 0.01248, 0.01277, 0.01302, 0.03918, 0.02645, 0.01358, 0.01381, 0.02788, 0.04243, 0.01428, 0.05748, 0.02919]","[]","[]",59,0
3.5,91,"[0.00123, 0.00349, 0.00355, 0.00419, 0.02101, 0.00466, 0.00604, 0.00604, 0.01333, 0.02161, 0.06557, 0.00741, 0.00744, 0.06872, 0.00766, 0.00804, 0.01626, 0.02468, 0.00833, 0.00842, 0.00843, 0.00853, 0.10488, 0.01909, 0.00978, 0.03934, 0.04153, 0.04213, 0.04273, 0.01087, 0.01141, 0.01145, 0.03471, 0.01176, 0.02429, 0.01219, 0.0122, 0.08544, 0.08666, 0.0124, 0.01251, 0.0126, 0.01277, 0.01284, 0.01287, 0.02586, 0.0131, 0.01311, 0.05438, 0.0136, 0.04093, 0.0138, 0.06938, 0.04228, 0.02844, 0.0428, 0.04344, 0.01459, 0.07394, 0.07423, 0.03004, 0.18057, 0.15212, 0.06121, 0.01535, 0.01539, 0.01545, 0.01579, 0.07933]","[]","[]",69,0
3.5,92,"[0.00104, 0.00144, 0.00228, 0.00348, 0.00766, 0.01689, 0.00428, 0.00468, 0.00942, 0.00525, 0.00573, 0.00581, 0.00592, 0.06529, 0.00639, 0.01299, 0.05537, 0.00713, 0.02853, 0.01502, 0.03816, 0.00771, 0.01582, 0.00807, 0.02434, 0.01648, 0.00907, 0.00966, 0.00997, 0.01003, 0.06314, 0.01068, 0.01086, 0.0109, 0.09811, 0.14375, 0.06682, 0.12374, 0.045, 0.127, 0.03501, 0.01181, 0.15474, 0.01194, 0.01204, 0.02414, 0.0123, 0.02488, 0.01264, 0.01287, 0.01292, 0.01296, 0.01302, 0.11747, 0.13575, 0.01367, 0.01378, 0.01388, 0.01398, 0.01398, 0.12711, 0.01453, 0.01486, 0.07479, 0.04497, 0.03023, 0.01527, 0.01539, 0.01545, 0.01558, 0.0787, 0.01575, 0.04745, 0.01587, 0.03177, 0.11274]","[]","[]",76,0
3.5,93,"[0.00205, 0.0102, 0.00324, 0.04162, 0.00357, 0.00515, 0.01072, 0.09081, 0.0119, 0.00626, 0.00629, 0.00634, 0.00667, 0.05736, 0.00732, 0.01469, 0.02969, 0.00776, 0.0235, 0.00803, 0.00833, 0.01756, 0.00882, 0.01777, 0.0451, 0.01816, 0.0456, 0.02785, 0.00929, 0.00932, 0.01895, 0.00985, 0.00986, 0.00996, 0.02998, 0.01055, 0.01088, 0.03349, 0.01121, 0.01137, 0.04681, 0.01182, 0.04891, 0.01239, 0.01241, 0.17776, 0.02565, 0.05161, 0.01315, 0.0132, 0.03986]","[]","[]",51,0
3.5,94,"[0.00246, 0.01856, 0.00286, 0.00287, 0.00296, 0.01819, 0.00352, 0.00399, 0.00436, 0.03318, 0.01062, 0.03279, 0.01247, 0.0189, 0.01277, 0.01372, 0.00698, 0.0071, 0.02172, 0.08759, 0.01467, 0.00749, 0.0155, 0.00798, 0.00858, 0.01717, 0.02728, 0.0098, 0.04998, 0.02025, 0.04075, 0.01026, 0.07274, 0.0108, 0.02304, 0.0116, 0.01167, 0.01168, 0.01168, 0.03519, 0.02375, 0.02376, 0.01189, 0.19219, 0.02448, 0.02453, 0.01232, 0.0126, 0.01264, 0.01321, 0.13443, 0.12264, 0.04153, 0.01387, 0.02831, 0.0142, 0.01434, 0.01439, 0.01457, 0.10219]","[]","[]",60,0
3.5,95,"[0.00106, 0.00924, 0.00234, 0.00349, 0.02592, 0.00528, 0.01083, 0.0181, 0.08169, 0.01945, 0.00694, 0.00739, 0.00755, 0.03107, 0.02399, 0.04867, 0.00818, 0.00829, 0.00877, 0.00898, 0.15798, 0.11509, 0.02916, 0.00992, 0.01006, 0.01019, 0.06186, 0.16695, 0.01059, 0.01062, 0.22334, 0.01099, 0.0113, 0.1028, 0.01144, 0.02335, 0.01188, 0.01218, 0.11292, 0.01285, 0.01317, 0.01323, 0.08068, 0.02722, 0.1801, 0.01393, 0.07169, 0.01444, 0.01444, 0.01452, 0.19452, 0.24285, 0.18324, 0.01545, 0.01564, 0.09392, 0.01573, 0.01598, 0.01688, 0.06776, 0.06786]","[]","[]",61,0
3.5,96,"[0.00115, 0.00613, 0.00169, 0.00361, 0.01282, 0.00345, 0.02316, 0.0123, 0.00515, 0.03884, 0.00559, 0.0058, 0.00634, 0.00642, 0.10437, 0.07877, 0.00664, 0.00731, 0.00796, 0.00801, 0.02495, 0.00836, 0.0176, 0.07141, 0.009, 0.00911, 0.01906, 0.00956, 0.07761, 0.01033, 0.01035, 0.01051, 0.01053, 0.06384, 0.06437, 0.01076, 0.02169, 0.04409, 0.0112, 0.02343, 0.25437, 0.08552, 0.0123, 0.02467, 0.01244, 0.0508, 0.07644, 0.01306, 0.06544, 0.01322, 0.01336, 0.01353, 0.02706, 0.02714, 0.05468, 0.01371, 0.01424, 0.15687, 0.08586, 0.02881, 0.0583, 0.01462, 0.05855, 0.01477, 0.01517, 0.04562, 0.01543, 0.03089, 0.01549, 0.03114, 0.01564, 0.16221, 0.24725, 0.01651, 0.01658, 0.01672, 0.03352]","[]","[]",77,0
3.5,97,"[0.00386, 0.00783, 0.0042, 0.01303, 0.00516, 0.0054, 0.01113, 0.00591, 0.00592, 0.07734, 0.01988, 0.00727, 0.0309, 0.00797, 0.04818, 0.00813, 0.02458, 0.00868, 0.03526, 0.00884, 0.01767, 0.00896, 0.03651, 0.00925, 0.01943, 0.03012, 0.01011, 0.06178, 0.01042, 0.04169, 0.03127, 0.01062, 0.06531, 0.04387, 0.05598, 0.02243, 0.01133, 0.02286, 0.02314, 0.0116, 0.01167, 0.02344, 0.01197, 0.06011, 0.01209, 0.0121, 0.01222, 0.01236, 0.01236, 0.11141, 0.02529]","[]","[]",51,0
3.5,98,"[0.01769, 0.01789, 0.006, 0.00368, 0.00439, 0.00966, 0.00601, 0.07346, 0.0063, 0.01337, 0.0067, 0.00679, 0.00684, 0.00696, 0.00703, 0.02166, 0.00722, 0.015, 0.00767, 0.00826, 0.00837, 0.13745, 0.00916, 0.01837, 0.01876, 0.01899, 0.01961, 0.01005, 0.0203, 0.01025, 0.03102, 0.08372, 0.0108, 0.0331, 0.01111, 0.02255, 0.01129, 0.01158, 0.02339, 0.1522, 0.11855, 0.07162, 0.26121, 0.01261, 0.01266, 0.03819, 0.01279, 0.01282, 0.01306, 0.01308, 0.08036, 0.04053, 0.05439, 0.01379, 0.02769, 0.01385, 0.02813, 0.09896, 0.01433, 0.08669, 0.01457, 0.01465, 0.08789]","[]","[]",63,0
3.5,99,"[0.00385, 0.01084, 0.00306, 0.00389, 0.00407, 0.03265, 0.00416, 0.00902, 0.05927, 0.00502, 0.01539, 0.00529, 0.0059, 0.08166, 0.00726, 0.00748, 0.00769, 0.00773, 0.0078, 0.00795, 0.00801, 0.00813, 0.00845, 0.00884, 0.02744, 0.00936, 0.00982, 0.03106, 0.02077, 0.02145, 0.21412, 0.04643, 0.01183, 0.01217, 0.0128, 0.02659, 0.01341, 0.08358, 0.0141, 0.01452, 0.02908, 0.02939, 0.01481, 0.01489, 0.12164, 0.0153, 0.01544, 0.01546, 0.03166, 0.04813, 0.01608, 0.01648, 0.03329, 0.01691, 0.01693, 0.03432, 0.27573, 0.08712, 0.01749, 0.01817, 0.01822, 0.01843, 0.01845, 0.131, 0.01899, 0.22901, 0.01924, 0.03876, 0.07781, 0.13931, 0.26042, 0.0203, 0.06096, 0.02038, 0.02045, 0.02073, 0.02083, 0.02128, 0.30223, 0.02169, 0.08692, 0.02174, 0.02177, 0.02204, 0.08853, 0.04446, 0.0447, 0.02258, 0.02278]","[]","[]",89,0

