3.5,0,"[0.00793, 0.0073, 0.00756, 0.00834, 0.00875, 0.00901, 0.01013, 0.04522, 0.00583, 0.00596, 0.01206, 0.09317, 0.00697, 0.02849, 0.00754, 0.0076, 0.15531, 0.02401, 0.00807, 0.03277, 0.00825, 0.00842, 0.00845, 0.01703, 0.009, 0.05559, 0.00942, 0.03774, 0.01893, 0.05766, 0.00984, 0.00985, 0.07956, 0.00998, 0.01034, 0.01042, 0.1835, 0.0108, 0.01102, 0.01109, 0.05557, 0.01112, 0.0225, 0.03411, 0.01154, 0.04899]","[]","[]",46,0
3.5,1,"[0.00138, 0.0136, 0.0088, 0.0015, 0.00206, 0.04075, 0.0073, 0.01161, 0.00486, 0.00544, 0.00563, 0.01156, 0.0062, 0.00632, 0.01319, 0.04327, 0.10906, 0.0075, 0.02255, 0.16382, 0.00784, 0.00824, 0.00826, 0.02611, 0.00941, 0.02015, 0.01042, 0.0755, 0.10796, 0.01084, 0.01093, 0.02224, 0.01113, 0.01115, 0.02239, 0.03391, 0.01139, 0.23596, 0.08508, 0.03654, 0.01265, 0.01266, 0.02561, 0.01321, 0.01328, 0.06666, 0.01338, 0.20089, 0.13441, 0.04057, 0.10864, 0.0273, 0.02751, 0.01382, 0.01399, 0.15515, 0.01411, 0.01469, 0.04424, 0.0301, 0.01513]","[]","[]",61,0
3.5,2,"[0.01292, 0.03554, 0.03546, 0.04463, 0.05188, 0.00536, 0.04105, 0.04846, 0.04272, 0.02617, 0.00678, 0.00683, 0.01467, 0.00789, 0.01653, 0.0085, 0.00894, 0.03657, 0.00943, 0.18963, 0.01933, 0.00982, 0.01, 0.0201, 0.13094, 0.01027, 0.02071, 0.03139, 0.01063, 0.06534, 0.02309, 0.01156, 0.13902, 0.01161, 0.0117, 0.01175, 0.07055, 0.01177, 0.04758, 0.04794, 0.02403, 0.01225, 0.01239, 0.02559, 0.01283, 0.02568, 0.01295, 0.01314, 0.0138, 0.02777, 0.01408, 0.0143, 0.01458, 0.04518, 0.03052, 0.01575, 0.01576, 0.01599, 0.016, 0.22491, 0.0644, 0.01617, 0.14732]","[]","[]",63,0
3.5,3,"[0.0012, 0.00175, 0.00755, 0.03484, 0.09497, 0.00488, 0.00495, 0.01555, 0.0121, 0.00614, 0.07239, 0.021, 0.04301, 0.00721, 0.06507, 0.00824, 0.04198, 0.00856, 0.00909, 0.00932, 0.03729, 0.10293, 0.01889, 0.00948, 0.02906, 0.0099, 0.01004, 0.01016, 0.0816, 0.01059, 0.0318, 0.02129, 0.0213, 0.02152, 0.04329, 0.01083, 0.01099, 0.011, 0.01106, 0.12328, 0.01125, 0.0113, 0.17218, 0.0116, 0.01171, 0.04725, 0.01213, 0.01218, 0.01235, 0.01259, 0.11553, 0.01293, 0.01299, 0.01304, 0.1604, 0.1883, 0.1632, 0.01375, 0.01435]","[]","[]",59,0
3.5,4,"[0.00143, 0.00213, 0.01972, 0.03136, 0.02899, 0.00387, 0.00398, 0.0043, 0.0262, 0.0091, 0.00495, 0.0052, 0.01567, 0.00525, 0.01051, 0.12335, 0.00606, 0.01254, 0.03165, 0.00647, 0.01296, 0.00699, 0.007, 0.00756, 0.02326, 0.03993, 0.008, 0.00836, 0.04273, 0.00893, 0.00908, 0.0097, 0.0195, 0.01059, 0.02122, 0.03231, 0.16611, 0.01148, 0.03606, 0.12038, 0.02414, 0.03643, 0.01218]","[]","[]",43,0
3.5,5,"[0.00135, 0.00358, 0.00225, 0.0103, 0.00347, 0.00367, 0.00392, 0.00409, 0.01949, 0.00516, 0.01095, 0.00551, 0.00569, 0.00573, 0.00588, 0.00622, 0.05905, 0.00658, 0.13504, 0.0076, 0.10912, 0.07266, 0.00811, 0.00816, 0.00836, 0.01705, 0.01715, 0.02597, 0.00875, 0.00926, 0.00937, 0.00942, 0.0096, 0.19211, 0.02928, 0.01042, 0.1668, 0.03146, 0.01059, 0.02255, 0.01129, 0.15871, 0.19303, 0.07136, 0.01217, 0.1097, 0.01225, 0.01225, 0.11325, 0.19408, 0.01296, 0.02607, 0.27817, 0.02696, 0.01365, 0.01371, 0.02833, 0.02861, 0.01434, 0.0432, 0.01444, 0.0145, 0.01456, 0.01457, 0.0146, 0.01461, 0.21967, 0.01465, 0.01473, 0.07479, 0.01511, 0.03091, 0.23379, 0.03122, 0.03125, 0.01599, 0.01599, 0.01609, 0.0483, 0.01633, 0.01634, 0.04905, 0.04938, 0.01668, 0.08403, 0.08469]","[]","[]",86,0
3.5,6,"[0.00602, 0.00698, 0.00368, 0.00428, 0.01513, 0.01031, 0.0441, 0.01207, 0.02481, 0.00621, 0.08461, 0.08465, 0.00659, 0.02004, 0.01346, 0.00678, 0.06668, 0.12653, 0.00817, 0.00831, 0.00855, 0.00867, 0.00876, 0.00876, 0.00884, 0.00925, 0.00954, 0.00958, 0.0096, 0.04016, 0.01005, 0.01051, 0.11733, 0.06888, 0.01153, 0.02391, 0.03604, 0.18122, 0.02521, 0.01265, 0.03812, 0.05135, 0.01293, 0.01293, 0.01303, 0.01304, 0.09607, 0.01385, 0.01387, 0.28031, 0.20038, 0.0716, 0.01435, 0.01435, 0.0144, 0.01462, 0.07357, 0.01486, 0.06114, 0.0153, 0.16863, 0.07713, 0.04667]","[]","[]",63,0
3.5,7,"[0.00268, 0.00256, 0.00267, 0.00579, 0.00937, 0.00402, 0.00406, 0.00435, 0.08724, 0.0691, 0.0049, 0.0108, 0.00544, 0.01682, 0.11928, 0.01196, 0.01849, 0.00654, 0.04207, 0.07154, 0.00757, 0.08135, 0.00815, 0.00817, 0.00817, 0.0168, 0.02542, 0.04267, 0.00881, 0.00906, 0.00906, 0.01839, 0.00921, 0.07597, 0.00956, 0.16566, 0.01015, 0.05152, 0.01031, 0.03221, 0.01082, 0.01106, 0.07874, 0.01126, 0.13706, 0.02322, 0.0612, 0.01225, 0.10266, 0.02577, 0.01293, 0.01293, 0.013, 0.0131, 0.0263, 0.01348, 0.06763, 0.01354, 0.02727, 0.12314, 0.01455, 0.04378, 0.01464, 0.0147, 0.01492, 0.01507, 0.03025]","[]","[]",67,0
3.5,8,"[0.0051, 0.00353, 0.00371, 0.00376, 0.00772, 0.00398, 0.00405, 0.00448, 0.00462, 0.00531, 0.01636, 0.00656, 0.0069, 0.00721, 0.02198, 0.0157, 0.00795, 0.00962, 0.03906, 0.00982, 0.00985, 0.00986, 0.01987, 0.0612, 0.01039, 0.06246, 0.01062, 0.03291, 0.22606, 0.07919, 0.01136, 0.05712, 0.01149, 0.01159, 0.01169, 0.01174, 0.01194, 0.01208, 0.13419, 0.01226, 0.02464, 0.01257, 0.26108, 0.01319, 0.0135, 0.01385, 0.01391, 0.01415, 0.01436, 0.01448, 0.21847, 0.02926, 0.01477, 0.0303, 0.01516, 0.01553, 0.0156, 0.01561, 0.09372, 0.01588, 0.07964]","[]","[]",61,0
3.5,9,"[0.00063, 0.00202, 0.00141, 0.02775, 0.0032, 0.0116, 0.00426, 0.03957, 0.00517, 0.00522, 0.0053, 0.00531, 0.00614, 0.00667, 0.00687, 0.06865, 0.01568, 0.00797, 0.119, 0.03437, 0.00874, 0.02633, 0.00904, 0.01846, 0.00948, 0.01902, 0.03848, 0.17326, 0.14513, 0.0104, 0.01049, 0.0317, 0.01081, 0.0109, 0.01112, 0.16817, 0.23726, 0.01133, 0.01136, 0.02321, 0.01163, 0.02342, 0.0118, 0.04821, 0.24221, 0.20863, 0.03734, 0.0251, 0.01256, 0.01263, 0.02539, 0.17843, 0.20455, 0.01281, 0.0257, 0.04009, 0.01339, 0.01346, 0.01357, 0.01368, 0.08354]","[]","[]",61,0
3.5,10,"[0.00169, 0.00862, 0.02128, 0.00793, 0.00413, 0.00478, 0.09619, 0.00486, 0.00574, 0.00586, 0.01184, 0.11235, 0.01254, 0.01401, 0.1165, 0.01489, 0.00746, 0.01603, 0.00804, 0.0082, 0.01766, 0.01836, 0.0184, 0.01842, 0.00999, 0.02002, 0.02028, 0.01027, 0.05269, 0.15119, 0.01107, 0.01108, 0.03392, 0.19578, 0.16145, 0.04691, 0.01185, 0.18305, 0.01258, 0.01264, 0.0781, 0.01306, 0.02668, 0.01344, 0.04047, 0.0405, 0.0818, 0.01382, 0.01384, 0.09861, 0.01411, 0.01429, 0.01433, 0.0722, 0.02891, 0.07317, 0.01514, 0.01517, 0.06097, 0.01538, 0.12515, 0.23606, 0.07875, 0.0159, 0.01597, 0.07989, 0.06422, 0.1128, 0.09686, 0.01615]","[]","[]",70,0
3.5,11,"[0.00434, 0.00366, 0.00819, 0.00437, 0.00456, 0.00954, 0.01017, 0.03702, 0.04238, 0.01064, 0.00641, 0.02576, 0.05981, 0.00678, 0.00693, 0.01454, 0.01472, 0.01501, 0.00814, 0.02474, 0.02509, 0.0085, 0.0269, 0.00898, 0.1079, 0.02728, 0.0189, 0.04913, 0.0101, 0.02054, 0.01095, 0.14358, 0.01109, 0.01131, 0.01134, 0.01144, 0.02321, 0.0233, 0.07136, 0.0119, 0.01228, 0.21021, 0.02524, 0.01269, 0.08969, 0.01286, 0.02594, 0.01299, 0.02599, 0.01361, 0.02724, 0.02728, 0.06894, 0.01383, 0.01387, 0.01396, 0.12737]","[]","[]",57,0
3.5,12,"[0.02197, 0.03056, 0.00255, 0.01597, 0.09102, 0.01012, 0.02192, 0.00658, 0.00669, 0.00683, 0.04191, 0.00702, 0.00725, 0.00763, 0.00835, 0.10133, 0.00846, 0.06818, 0.00857, 0.0179, 0.00899, 0.00928, 0.00931, 0.03794, 0.07591, 0.00989, 0.0302, 0.01069, 0.0323, 0.03237, 0.0108, 0.02161, 0.01108, 0.01109, 0.05547, 0.02226, 0.10141, 0.03382, 0.01154, 0.02341, 0.01204, 0.0122, 0.0246]","[]","[]",43,0
3.5,13,"[0.008, 0.00411, 0.00509, 0.01032, 0.00532, 0.00534, 0.01654, 0.0057, 0.02453, 0.0128, 0.00653, 0.00655, 0.00668, 0.01339, 0.01401, 0.07039, 0.12068, 0.00728, 0.01515, 0.00768, 0.07941, 0.01848, 0.00936, 0.00965, 0.14202, 0.14774, 0.01071, 0.01096, 0.011, 0.02213, 0.03442, 0.02296, 0.0115, 0.01159, 0.0116, 0.01185, 0.0123, 0.01234, 0.01238, 0.01238, 0.01253, 0.01257, 0.01261, 0.01297, 0.01321, 0.21757, 0.06851, 0.01385, 0.01399, 0.05619, 0.01436, 0.11513, 0.01444, 0.21697, 0.21788, 0.01546, 0.07746, 0.01554, 0.01558, 0.04775, 0.04785, 0.12816]","[]","[]",62,0
3.5,14,"[0.00789, 0.00114, 0.00282, 0.00285, 0.0034, 0.00686, 0.0035, 0.00839, 0.00425, 0.00934, 0.00951, 0.0103, 0.01565, 0.01674, 0.00651, 0.00683, 0.02122, 0.02859, 0.00724, 0.00736, 0.00764, 0.07225, 0.17148, 0.01635, 0.12797, 0.12984, 0.0357, 0.00894, 0.00907, 0.00916, 0.00922, 0.00928, 0.01899, 0.0108, 0.04335, 0.02179, 0.1973, 0.10019, 0.01188, 0.01189, 0.01198, 0.01215, 0.02434, 0.01254, 0.02511, 0.03775, 0.0256, 0.03869, 0.18111, 0.03901, 0.02711, 0.02711, 0.01356, 0.01366, 0.01375, 0.01378, 0.014, 0.07135, 0.01428, 0.28566, 0.02889, 0.04362, 0.04417, 0.08836]","[]","[]",64,0
3.5,15,"[0.00205, 0.00299, 0.00332, 0.00405, 0.00455, 0.0099, 0.03511, 0.01044, 0.0058, 0.08992, 0.00632, 0.01346, 0.0213, 0.1231, 0.00785, 0.11955, 0.01637, 0.00834, 0.03376, 0.0609, 0.17533, 0.00883, 0.00906, 0.03706, 0.08356, 0.0093, 0.00943, 0.04072, 0.01046, 0.01048, 0.01066, 0.18624, 0.01096, 0.05489, 0.01149, 0.02308, 0.01158, 0.03476, 0.01159, 0.01164, 0.0935, 0.02352, 0.02402, 0.02431, 0.21055, 0.01252, 0.01257, 0.01266, 0.03905, 0.01323, 0.02649, 0.01332, 0.01351, 0.09744, 0.04183, 0.0141, 0.19764, 0.01421, 0.01426, 0.02863, 0.01455, 0.0146, 0.26386, 0.0149, 0.01497, 0.01516, 0.03066, 0.01546, 0.01585, 0.04791]","[]","[]",70,0
3.5,16,"[0.00256, 0.03693, 0.00363, 0.0037, 0.07698, 0.00417, 0.01737, 0.00487, 0.00979, 0.07599, 0.00534, 0.00542, 0.00573, 0.01788, 0.00621, 0.04419, 0.00652, 0.00713, 0.02946, 0.01473, 0.00749, 0.01655, 0.00831, 0.01689, 0.00864, 0.07794, 0.0088, 0.08036, 0.00901, 0.00978, 0.0784, 0.01004, 0.01004, 0.01005, 0.0101, 0.01052, 0.01091, 0.01101, 0.09226, 0.07075, 0.0118, 0.14206, 0.07111, 0.01188, 0.03779, 0.0127, 0.14107, 0.01294, 0.02605, 0.02645, 0.18668, 0.0135, 0.01376, 0.02759, 0.19881, 0.01425, 0.0143, 0.01435, 0.0144, 0.21836, 0.01482, 0.01507, 0.01508, 0.01523, 0.13895, 0.04637]","[]","[]",66,0
3.5,17,"[0.00985, 0.0066, 0.01132, 0.00338, 0.00763, 0.01188, 0.00411, 0.00892, 0.01367, 0.00462, 0.0096, 0.0049, 0.03565, 0.00611, 0.01847, 0.00641, 0.00644, 0.02088, 0.04209, 0.00741, 0.01495, 0.07572, 0.04723, 0.00819, 0.00836, 0.00864, 0.04332, 0.00873, 0.01924, 0.04841, 0.00972, 0.05005]","[]","[]",32,0
3.5,18,"[0.02316, 0.00378, 0.00852, 0.01425, 0.00475, 0.03719, 0.03211, 0.00537, 0.00547, 0.05766, 0.01222, 0.03751, 0.08541, 0.01324, 0.00662, 0.00672, 0.05773, 0.08911, 0.05475, 0.16849, 0.06123, 0.00904, 0.10156, 0.00945, 0.00957, 0.00963, 0.00977, 0.03015, 0.0103, 0.03103, 0.01041, 0.03227, 0.08693, 0.01093, 0.03299, 0.04418, 0.02211, 0.02256, 0.01175, 0.01179, 0.05912, 0.04778, 0.02406, 0.01256, 0.01257, 0.01281, 0.01281, 0.18126, 0.01368, 0.02791, 0.01422, 0.01458, 0.01479, 0.05918, 0.01496, 0.01525, 0.01527, 0.04591, 0.01546, 0.01546, 0.06206, 0.01561, 0.04706, 0.14126, 0.12622, 0.01579, 0.01581, 0.01591, 0.19168, 0.03238]","[]","[]",70,0
3.5,19,"[0.00224, 0.02884, 0.00379, 0.03091, 0.01552, 0.00426, 0.00462, 0.00529, 0.00531, 0.07618, 0.11403, 0.00609, 0.00623, 0.00627, 0.00691, 0.00699, 0.00784, 0.0081, 0.09801, 0.10653, 0.00847, 0.00856, 0.00867, 0.01739, 0.02658, 0.009, 0.03772, 0.00948, 0.00982, 0.02021, 0.01012, 0.01043, 0.0644, 0.04331, 0.011, 0.03317, 0.02259, 0.02274, 0.04577, 0.08244, 0.0238, 0.01209, 0.01212, 0.03686, 0.01235, 0.01235, 0.01242, 0.03756, 0.02576, 0.11649, 0.01337, 0.01373, 0.01373, 0.01385, 0.02778, 0.01401, 0.15504, 0.13052, 0.11738, 0.01494, 0.01513, 0.04589, 0.01533, 0.01534, 0.04647, 0.1257, 0.01589]","[]","[]",67,0
3.5,20,"[0.00146, 0.00403, 0.00631, 0.00368, 0.00425, 0.0047, 0.0047, 0.00538, 0.01766, 0.006, 0.00639, 0.00681, 0.03489, 0.0494, 0.00773, 0.00815, 0.06579, 0.00848, 0.01751, 0.00921, 0.05574, 0.00969, 0.00991, 0.09244, 0.01029, 0.01046, 0.15736, 0.18351, 0.03239, 0.0217, 0.02186, 0.02202, 0.02241, 0.01125, 0.01187, 0.07373, 0.18835, 0.01258, 0.01264, 0.0511, 0.06463, 0.01306, 0.01307, 0.13071, 0.01312, 0.27899, 0.01342, 0.01353, 0.01365, 0.01372, 0.22077, 0.01382, 0.05643, 0.02841, 0.01422, 0.01429, 0.0143, 0.24542, 0.01456]","[]","[]",59,0
3.5,21,"[0.00479, 0.00333, 0.00335, 0.00426, 0.00428, 0.00434, 0.02205, 0.00497, 0.00503, 0.01011, 0.01077, 0.02248, 0.01738, 0.0633, 0.01311, 0.00681, 0.01419, 0.00725, 0.16996, 0.00829, 0.00835, 0.00842, 0.02594, 0.02717, 0.01914, 0.00978, 0.00979, 0.01005, 0.01063, 0.11923, 0.02242, 0.01135, 0.01147, 0.01147, 0.01156, 0.02312, 0.10513, 0.02371, 0.02425, 0.07437, 0.01248, 0.01361, 0.01362, 0.06868, 0.02821, 0.04234, 0.01414, 0.01447, 0.21753, 0.01459, 0.0146, 0.01464, 0.01466, 0.02984]","[]","[]",54,0
3.5,22,"[0.0009, 0.00179, 0.00541, 0.00272, 0.0091, 0.00785, 0.01198, 0.01313, 0.01321, 0.10325, 0.00706, 0.03634, 0.0374, 0.1582, 0.03124, 0.00831, 0.00854, 0.06084, 0.00874, 0.09067, 0.00912, 0.00917, 0.06456, 0.01894, 0.02997, 0.01007, 0.08077, 0.01011, 0.081, 0.1534, 0.02121, 0.01101, 0.01109, 0.01114, 0.01128, 0.01143, 0.01145, 0.02322, 0.05819, 0.14046, 0.01175]","[]","[]",41,0
3.5,23,"[0.00186, 0.00378, 0.02266, 0.00476, 0.00493, 0.00532, 0.00557, 0.00594, 0.00612, 0.00623, 0.0066, 0.12754, 0.02342, 0.00883, 0.00935, 0.00958, 0.00978, 0.06027, 0.02014, 0.03127, 0.1583, 0.22232, 0.01076, 0.01078, 0.01105, 0.01113, 0.12313, 0.10166, 0.04603, 0.01182, 0.07141, 0.07153, 0.02504, 0.15053, 0.11328, 0.01264, 0.12665, 0.19597, 0.01339, 0.01346, 0.09506, 0.01366, 0.02754, 0.11025, 0.06985, 0.04207, 0.09819, 0.04408, 0.01479, 0.05989, 0.01505, 0.01526, 0.03056, 0.0155, 0.01554, 0.2507, 0.03154, 0.01618, 0.16192, 0.01635, 0.03272, 0.01645, 0.01658, 0.01666, 0.01687, 0.0169, 0.11916]","[]","[]",67,0
3.5,24,"[0.00316, 0.00328, 0.00685, 0.00402, 0.00457, 0.0053, 0.00615, 0.00674, 0.00682, 0.00767, 0.00778, 0.00826, 0.00861, 0.02641, 0.00903, 0.00942, 0.01012, 0.01018, 0.08556, 0.03258, 0.01185, 0.01186, 0.01224, 0.14723, 0.01242, 0.03788, 0.08958, 0.02591, 0.01337, 0.01374, 0.01375, 0.01387, 0.01402, 0.2136, 0.01467, 0.01468, 0.01498, 0.01503, 0.04608, 0.0154, 0.01542, 0.01602, 0.24309, 0.01653, 0.01654, 0.13242, 0.04973, 0.01661, 0.01669, 0.13757, 0.01774, 0.01802, 0.01803, 0.09082, 0.05523, 0.39097, 0.01898, 0.13369, 0.01916, 0.0193, 0.01947, 0.03956, 0.06037, 0.02013, 0.02014]","[]","[]",65,0
3.5,25,"[0.00201, 0.00229, 0.07008, 0.00427, 0.00534, 0.08541, 0.00575, 0.01754, 0.01183, 0.01877, 0.00638, 0.00666, 0.04576, 0.04318, 0.00883, 0.00905, 0.03625, 0.00959, 0.03016, 0.02022, 0.10365, 0.23145, 0.11627, 0.01188, 0.01191, 0.01236, 0.05132, 0.01285, 0.22903, 0.08135, 0.0137, 0.05522, 0.09979, 0.01453, 0.01459, 0.01469, 0.01496, 0.01519, 0.01584, 0.01598, 0.01611, 0.01615, 0.03377, 0.03385, 0.18729, 0.01704, 0.05112, 0.01714]","[]","[]",48,0
3.5,26,"[0.03167, 0.01455, 0.00335, 0.0042, 0.00435, 0.00519, 0.01054, 0.10645, 0.00576, 0.00593, 0.02385, 0.01803, 0.01218, 0.01389, 0.00703, 0.0078, 0.00785, 0.00815, 0.08469, 0.01705, 0.00853, 0.00863, 0.10411, 0.03497, 0.06218, 0.01894, 0.00952, 0.00974, 0.00995, 0.02021, 0.06259, 0.01107, 0.01147, 0.0118, 0.01196, 0.03608, 0.01209, 0.0625, 0.01252, 0.1127, 0.08841, 0.03803, 0.02559, 0.01281, 0.03864, 0.01299, 0.10742, 0.05424, 0.02724, 0.01367, 0.01394, 0.21228, 0.04257, 0.01437, 0.01439, 0.01494, 0.16607, 0.01513, 0.04552]","[]","[]",59,0
3.5,27,"[0.00302, 0.04222, 0.0033, 0.00348, 0.01047, 0.02185, 0.00752, 0.00423, 0.00445, 0.02696, 0.02698, 0.00585, 0.0061, 0.00614, 0.06664, 0.02045, 0.02172, 0.00726, 0.01486, 0.01489, 0.0531, 0.02299, 0.09209, 0.01605, 0.0165, 0.07503, 0.02531, 0.00897, 0.00916, 0.06522, 0.01869, 0.00968, 0.00978, 0.20764, 0.01039, 0.02113, 0.01083, 0.01101, 0.01106, 0.01107, 0.01147, 0.01167, 0.01214, 0.01228, 0.04983, 0.01249, 0.01266, 0.02547, 0.01289, 0.02579, 0.14285, 0.01304, 0.01305, 0.0261, 0.01326, 0.01348, 0.04083, 0.02747, 0.19268]","[]","[]",59,0
3.5,28,"[0.00082, 0.00161, 0.00189, 0.00244, 0.00282, 0.00684, 0.00369, 0.00504, 0.00536, 0.00542, 0.01101, 0.01121, 0.00589, 0.0068, 0.00701, 0.12858, 0.00724, 0.00837, 0.01683, 0.00873, 0.01753, 0.00895, 0.01792, 0.00903, 0.00905, 0.01818, 0.1092, 0.00915, 0.197, 0.0095, 0.00963, 0.03867, 0.0097, 0.00986, 0.01007, 0.01015, 0.03071, 0.01043, 0.03288, 0.04386, 0.11217, 0.01142, 0.03482, 0.23747, 0.01208, 0.10872, 0.06086, 0.06127, 0.01247, 0.06244, 0.01269, 0.06389, 0.01285, 0.0129, 0.01297, 0.19651, 0.01341, 0.01356, 0.01409, 0.01418, 0.01432, 0.01444, 0.07306, 0.02962, 0.02963, 0.02971, 0.01487, 0.0458, 0.0307]","[]","[]",69,0
3.5,29,"[0.00089, 0.00785, 0.0105, 0.03486, 0.02355, 0.004, 0.02205, 0.00451, 0.00486, 0.01007, 0.00523, 0.02109, 0.00591, 0.00624, 0.00633, 0.07024, 0.04055, 0.00682, 0.00683, 0.04897, 0.01458, 0.07292, 0.00757, 0.01521, 0.04343, 0.00885, 0.0885, 0.05518, 0.00922, 0.0093, 0.00932, 0.01889, 0.04802, 0.08113, 0.15314, 0.08902, 0.02366, 0.01189, 0.03593, 0.01221, 0.01234]","[]","[]",41,0
3.5,30,"[0.00172, 0.01984, 0.00303, 0.00409, 0.03747, 0.01052, 0.00536, 0.04394, 0.0334, 0.01772, 0.11927, 0.03137, 0.00642, 0.00669, 0.00736, 0.00764, 0.02341, 0.0079, 0.05691, 0.00846, 0.05971, 0.00869, 0.00897, 0.05408, 0.15674, 0.09235, 0.00936, 0.00992, 0.04026, 0.02072, 0.0637, 0.04303, 0.23057, 0.01114, 0.05618, 0.01126, 0.09052, 0.01142, 0.14245, 0.01196, 0.18012, 0.01205, 0.09963, 0.01268]","[]","[]",44,0
3.5,31,"[0.00414, 0.00119, 0.00158, 0.0019, 0.00469, 0.02618, 0.00305, 0.02707, 0.00351, 0.02225, 0.00405, 0.0187, 0.10184, 0.00512, 0.00539, 0.00584, 0.03028, 0.0062, 0.0325, 0.02698, 0.02031, 0.14684, 0.04259, 0.12074, 0.05703, 0.03034, 0.01564, 0.09503, 0.12427, 0.07502, 0.02564, 0.0086, 0.08885, 0.0089, 0.01923, 0.07715, 0.01027, 0.05214, 0.02119, 0.01067, 0.01069, 0.01077, 0.01082, 0.0109, 0.011]","[]","[]",45,0
3.5,32,"[0.00144, 0.08518, 0.00437, 0.0176, 0.0053, 0.00558, 0.05071, 0.01876, 0.0575, 0.01531, 0.09339, 0.02599, 0.00868, 0.07958, 0.10612, 0.00934, 0.00968, 0.01, 0.01045, 0.14731, 0.13404, 0.12315, 0.02308, 0.04661, 0.15653, 0.02433, 0.02462, 0.01232, 0.01244, 0.01249, 0.01256, 0.01256, 0.01269, 0.02584, 0.01298, 0.05231, 0.06621, 0.01333, 0.05448, 0.20568, 0.01378, 0.02766, 0.13929, 0.15598, 0.01425, 0.01451, 0.1018, 0.01481, 0.11911, 0.13682, 0.03048, 0.09248, 0.04649, 0.04738, 0.12652, 0.12759, 0.01624, 0.04902, 0.01634, 0.01644, 0.01655, 0.01691, 0.06847, 0.01718, 0.03453, 0.12256, 0.01771, 0.03559, 0.01783]","[]","[]",69,0
3.5,33,"[0.00469, 0.01914, 0.01871, 0.00246, 0.02043, 0.00379, 0.02241, 0.00472, 0.00473, 0.03455, 0.02057, 0.08271, 0.01035, 0.00542, 0.00549, 0.09358, 0.00571, 0.01151, 0.01191, 0.00612, 0.00682, 0.00709, 0.10267, 0.01519, 0.0152, 0.00773, 0.00799, 0.00817, 0.02484, 0.02672, 0.01854, 0.00968, 0.01046, 0.01053, 0.01072, 0.09717, 0.01083, 0.03366, 0.02246, 0.04525, 0.09081, 0.05823, 0.16307, 0.0351, 0.01185, 0.03569, 0.02404, 0.01205, 0.01207, 0.06237, 0.08732, 0.0125, 0.0125, 0.0127, 0.01296, 0.06482, 0.01299, 0.26249, 0.01328, 0.02699, 0.01367, 0.06837, 0.06846, 0.04128, 0.02825, 0.01437, 0.01437, 0.01454, 0.21814]","[]","[]",69,0
3.5,34,"[0.02406, 0.00251, 0.00329, 0.00351, 0.07076, 0.01921, 0.00565, 0.00572, 0.02546, 0.0137, 0.00698, 0.01401, 0.10922, 0.00746, 0.03013, 0.05413, 0.00789, 0.00805, 0.07417, 0.00968, 0.00969, 0.00988, 0.08261, 0.01051, 0.01053, 0.01064, 0.01086, 0.03267, 0.0884, 0.08887, 0.01121, 0.04492, 0.01149, 0.05812, 0.01173, 0.09502, 0.01204, 0.0121, 0.01219, 0.0122, 0.01223, 0.01239, 0.01252, 0.26597, 0.0128, 0.01306, 0.0395, 0.01317, 0.01339, 0.0268, 0.05443, 0.01362]","[]","[]",52,0
3.5,35,"[0.01288, 0.00148, 0.00359, 0.00755, 0.00384, 0.00925, 0.00951, 0.01034, 0.0052, 0.0173, 0.00611, 0.00677, 0.0069, 0.02848, 0.00728, 0.00736, 0.01539, 0.00778, 0.02468, 0.00841, 0.00842, 0.01855, 0.00957, 0.01989, 0.01016, 0.01028, 0.01043, 0.03185, 0.04337, 0.03263, 0.01088, 0.01122, 0.15767, 0.05739, 0.01152, 0.01153, 0.02317, 0.01175, 0.01204, 0.01209, 0.01247, 0.05039, 0.01296, 0.01307, 0.01325, 0.02673, 0.01346, 0.27044, 0.20371, 0.01371, 0.01393, 0.02795, 0.01409, 0.01412, 0.05648]","[]","[]",55,0
3.5,36,"[0.00367, 0.01533, 0.00113, 0.02966, 0.00373, 0.00529, 0.01085, 0.08784, 0.02904, 0.0061, 0.00699, 0.00745, 0.03725, 0.01616, 0.01746, 0.17902, 0.11888, 0.01833, 0.01886, 0.08854, 0.01007, 0.01018, 0.03062, 0.01025, 0.01082, 0.01095, 0.05645, 0.01151, 0.01157, 0.05798, 0.02326, 0.01176, 0.14147, 0.03547, 0.01186, 0.06032, 0.02419, 0.17171, 0.01256, 0.01276, 0.01285, 0.01289]","[]","[]",42,0
3.5,37,"[0.00356, 0.0051, 0.00298, 0.00323, 0.00776, 0.00495, 0.01283, 0.09083, 0.01968, 0.00709, 0.06733, 0.00774, 0.14094, 0.02409, 0.01614, 0.00822, 0.13696, 0.17969, 0.00918, 0.01842, 0.00921, 0.02841, 0.0095, 0.13356, 0.16885, 0.02987, 0.00999, 0.09018, 0.01008, 0.01052, 0.0106, 0.0107, 0.01086, 0.098, 0.0111, 0.01135, 0.01177, 0.01204, 0.04837, 0.07596, 0.01296, 0.01298, 0.01338, 0.0134, 0.20425, 0.01378, 0.01379, 0.20983, 0.01402, 0.01405, 0.01423, 0.02859, 0.02893, 0.30743, 0.01464, 0.01492, 0.01503, 0.01515, 0.13839, 0.01544, 0.01551, 0.0156, 0.01568, 0.01575, 0.01584, 0.01587, 0.07987, 0.24118, 0.01616, 0.01635, 0.03345, 0.01678, 0.01694, 0.06821, 0.05118, 0.01706]","[]","[]",76,0
3.5,38,"[0.00116, 0.00133, 0.01359, 0.00952, 0.00522, 0.00546, 0.00578, 0.00582, 0.00622, 0.00645, 0.00784, 0.02561, 0.00933, 0.00949, 0.01124, 0.01145, 0.09392, 0.06004, 0.02448, 0.14713, 0.01268, 0.01268, 0.01287, 0.01305, 0.10527, 0.02692, 0.01348, 0.20306, 0.01358, 0.10983, 0.01373, 0.0145, 0.0146, 0.01491, 0.04478, 0.06048, 0.01595, 0.24319, 0.05038, 0.01695, 0.05237, 0.01746, 0.01748, 0.1598, 0.30195, 0.01782, 0.01804, 0.01814, 0.03635, 0.03717, 0.01866, 0.39767, 0.0191, 0.01912, 0.01921, 0.13531, 0.01976, 0.07975, 0.01999, 0.10265, 0.0207, 0.02072, 0.29025, 0.04158, 0.02096, 0.04303, 0.0219, 0.02236, 0.31359, 0.02274, 0.02309, 0.06951, 0.04648, 0.02346, 0.02359]","[]","[]",75,0
3.5,39,"[0.00305, 0.02864, 0.00949, 0.0025, 0.00344, 0.0492, 0.01168, 0.00395, 0.00916, 0.00536, 0.01614, 0.07254, 0.00619, 0.01974, 0.00696, 0.10615, 0.00721, 0.00722, 0.03837, 0.00777, 0.00794, 0.00823, 0.11993, 0.02728, 0.01835, 0.01835, 0.01891, 0.0095, 0.00952, 0.04835, 0.03942, 0.02062, 0.02075, 0.03131, 0.04249, 0.02138, 0.0107, 0.02273, 0.02277, 0.02278, 0.01166, 0.02352, 0.02368, 0.01185, 0.01213, 0.01227, 0.01228, 0.13761, 0.10021, 0.06427]","[]","[]",50,0
3.5,40,"[0.00423, 0.00999, 0.00256, 0.00442, 0.04429, 0.00549, 0.04701, 0.00694, 0.00768, 0.03285, 0.03365, 0.06124, 0.03518, 0.1204, 0.00956, 0.01029, 0.01054, 0.11923, 0.01096, 0.01112, 0.03352, 0.01117, 0.06769, 0.10361, 0.09577, 0.0126, 0.02605, 0.26481, 0.01343, 0.08071, 0.02706, 0.02749, 0.09724, 0.01411, 0.1723, 0.0145, 0.01453, 0.04522, 0.01517, 0.03115, 0.04681, 0.03217, 0.01617, 0.01625, 0.0163, 0.13267, 0.01692, 0.06812, 0.03456, 0.01729, 0.0173, 0.06929, 0.01749, 0.01753, 0.01762, 0.01869, 0.01889, 0.01903, 0.01907, 0.01917, 0.0193, 0.27176, 0.05865, 0.0402]","[]","[]",64,0
3.5,41,"[0.02144, 0.0133, 0.01034, 0.00296, 0.02216, 0.02944, 0.01823, 0.07341, 0.00459, 0.08263, 0.0051, 0.01055, 0.02712, 0.01796, 0.01221, 0.01888, 0.01262, 0.00637, 0.09011, 0.00686, 0.00689, 0.01417, 0.00728, 0.0235, 0.01572, 0.01638, 0.00827, 0.00839, 0.02591, 0.00866, 0.00921, 0.01852, 0.00935, 0.02906, 0.00973, 0.04886, 0.00985, 0.0296, 0.05058, 0.01014, 0.01062, 0.15037, 0.05578, 0.01145, 0.01155, 0.1071, 0.01193, 0.08369, 0.01248, 0.0127, 0.01282, 0.25727, 0.10327, 0.01292, 0.0655, 0.02637]","[]","[]",56,0
3.5,42,"[0.00112, 0.00436, 0.00264, 0.03188, 0.01238, 0.00438, 0.00453, 0.00464, 0.00481, 0.00496, 0.00535, 0.00543, 0.02246, 0.01706, 0.00576, 0.00618, 0.0067, 0.02021, 0.01373, 0.14516, 0.00729, 0.01466, 0.01473, 0.02265, 0.01534, 0.00779, 0.00818, 0.0086, 0.01722, 0.00874, 0.01761, 0.14164, 0.00974, 0.15731, 0.01054, 0.02142, 0.04306, 0.19489, 0.02205, 0.06869, 0.04622, 0.0117, 0.01172, 0.03535, 0.01183, 0.01193, 0.01201, 0.03638, 0.1094, 0.0367, 0.01227, 0.06175, 0.01275, 0.03989, 0.01379, 0.06913, 0.01388, 0.01391, 0.01401, 0.01409, 0.01421, 0.02874, 0.08639]","[]","[]",63,0
3.5,43,"[0.00105, 0.00303, 0.01691, 0.00424, 0.00867, 0.0045, 0.00907, 0.00466, 0.02376, 0.00505, 0.00537, 0.0701, 0.01283, 0.00707, 0.02185, 0.03844, 0.0387, 0.00789, 0.01635, 0.00834, 0.00838, 0.00845, 0.0263, 0.00878, 0.00887, 0.00898, 0.00902, 0.03635, 0.0091, 0.01828, 0.0092, 0.0189, 0.19342, 0.00969, 0.01001, 0.04248, 0.03227, 0.06676, 0.01121, 0.01127, 0.06828, 0.04565, 0.04643, 0.01191, 0.01196, 0.01226, 0.01247, 0.02513, 0.01274, 0.0258, 0.01317, 0.02714, 0.01363, 0.0137, 0.04138, 0.0559, 0.01416, 0.02879]","[]","[]",58,0
3.5,44,"[0.00073, 0.00226, 0.00247, 0.0078, 0.02986, 0.00859, 0.00467, 0.00558, 0.00576, 0.0937, 0.00613, 0.01294, 0.14224, 0.11521, 0.12595, 0.01699, 0.00896, 0.00913, 0.00932, 0.02006, 0.05022, 0.01054, 0.0107, 0.07737, 0.19009, 0.01138, 0.01151, 0.01173, 0.0481, 0.02431, 0.17084, 0.01225, 0.01226, 0.2224, 0.11318, 0.01281, 0.01282, 0.0258, 0.02585, 0.02592, 0.01298, 0.10506, 0.06613, 0.01331, 0.22889, 0.01362, 0.02785, 0.07016, 0.02818, 0.08612, 0.02889, 0.20253, 0.07264, 0.01464, 0.08977, 0.13473, 0.02998, 0.01511, 0.01512, 0.03061, 0.01547, 0.01554, 0.06297, 0.01593, 0.01595, 0.01604, 0.08118]","[]","[]",67,0
3.5,45,"[0.00805, 0.00348, 0.01745, 0.01125, 0.00382, 0.00408, 0.07018, 0.09016, 0.05453, 0.00918, 0.01433, 0.01032, 0.00564, 0.0061, 0.00683, 0.00689, 0.07123, 0.025, 0.04355, 0.01796, 0.13609, 0.04601, 0.02761, 0.00947, 0.06679, 0.0959, 0.0104, 0.01052, 0.21048, 0.01074, 0.07555, 0.12277, 0.09095, 0.01141, 0.02374, 0.01208, 0.1817, 0.01215, 0.02489, 0.02508, 0.02514, 0.02517, 0.0126, 0.01267, 0.01278, 0.03846, 0.03887, 0.11776, 0.02627, 0.01324, 0.08284, 0.12473, 0.01391, 0.02788, 0.02789]","[]","[]",55,0
3.5,46,"[0.00531, 0.00408, 0.02131, 0.03884, 0.03536, 0.00511, 0.00535, 0.00538, 0.04701, 0.00603, 0.0185, 0.00714, 0.00731, 0.00815, 0.00836, 0.0085, 0.01729, 0.03546, 0.02837, 0.0097, 0.0197, 0.02022, 0.15182, 0.01022, 0.01028, 0.01029, 0.01065, 0.18173, 0.01069, 0.04315, 0.05396, 0.02161, 0.02206, 0.0113, 0.01158, 0.01166, 0.14374, 0.16831, 0.01248, 0.06374, 0.0128, 0.01286, 0.013, 0.03976, 0.01353, 0.0136, 0.19052, 0.02728, 0.02767, 0.05557, 0.01394, 0.01396, 0.21039, 0.01407, 0.01431, 0.01434, 0.0293, 0.01467, 0.08845, 0.05921, 0.02967, 0.02977]","[]","[]",62,0
3.5,47,"[0.0164, 0.00176, 0.00237, 0.00821, 0.0035, 0.02604, 0.08213, 0.01341, 0.01788, 0.00475, 0.00507, 0.01031, 0.00548, 0.00592, 0.00618, 0.00632, 0.01292, 0.00693, 0.00712, 0.0077, 0.15423, 0.08196, 0.00883, 0.00891, 0.01784, 0.00905, 0.00949, 0.00951, 0.00966, 0.01065, 0.0107, 0.0109, 0.01105, 0.01108, 0.01121, 0.01164, 0.01194, 0.01208, 0.20752, 0.01228, 0.07445, 0.01256, 0.01261, 0.01285, 0.03886, 0.01317, 0.02664, 0.01383, 0.01392, 0.01424, 0.01432, 0.01443, 0.14839, 0.04495, 0.18029, 0.01509, 0.01518, 0.01527, 0.04604]","[]","[]",59,0
3.5,48,"[0.02418, 0.00299, 0.00385, 0.00419, 0.00432, 0.01447, 0.00486, 0.00499, 0.00504, 0.00506, 0.02426, 0.11019, 0.00639, 0.0065, 0.01344, 0.06195, 0.00697, 0.00704, 0.00717, 0.00736, 0.02238, 0.05356, 0.01536, 0.00807, 0.0494, 0.02481, 0.01671, 0.00848, 0.00872, 0.02617, 0.00884, 0.02704, 0.00922, 0.03726, 0.00945, 0.00951, 0.01929, 0.01959, 0.07891, 0.01007, 0.08164, 0.16674, 0.0107, 0.05412, 0.05444, 0.02184, 0.01096, 0.01113, 0.02261, 0.01139]","[]","[]",50,0
3.5,49,"[0.00084, 0.00572, 0.04638, 0.00612, 0.0037, 0.00471, 0.01541, 0.00522, 0.03658, 0.00608, 0.00637, 0.00644, 0.01291, 0.00686, 0.00702, 0.02966, 0.00749, 0.01512, 0.02379, 0.04161, 0.10338, 0.01734, 0.00873, 0.00923, 0.05891, 0.06172, 0.01044, 0.09801, 0.02182, 0.01092, 0.05483, 0.01099, 0.01123, 0.01133, 0.09389, 0.2504, 0.04779, 0.02405, 0.02419, 0.02438, 0.04905, 0.04932, 0.01263, 0.01265, 0.19259, 0.02589, 0.0662, 0.01338, 0.01358, 0.02736, 0.01382, 0.01393, 0.08558, 0.02872, 0.01441, 0.24694, 0.02914, 0.04436, 0.02965, 0.02978, 0.03007, 0.01522, 0.03049]","[]","[]",63,0
3.5,50,"[0.00231, 0.00772, 0.00293, 0.00318, 0.00373, 0.06874, 0.01063, 0.00601, 0.02537, 0.00651, 0.0066, 0.12022, 0.00719, 0.01489, 0.00776, 0.00803, 0.0081, 0.00837, 0.03363, 0.0085, 0.00861, 0.00867, 0.01737, 0.00871, 0.07173, 0.01886, 0.00978, 0.10907, 0.04026, 0.03024, 0.02038, 0.01037, 0.02079, 0.032, 0.06457, 0.05438, 0.01106, 0.01135, 0.01142, 0.01206, 0.02442, 0.01222, 0.07332, 0.01235, 0.01277, 0.01298, 0.01331, 0.01345, 0.01364, 0.01381, 0.01383, 0.01394, 0.19768, 0.16977, 0.01421, 0.01436, 0.08712, 0.02916]","[]","[]",58,0
3.5,51,"[0.00039, 0.02051, 0.00741, 0.00309, 0.00372, 0.00788, 0.01336, 0.00487, 0.01155, 0.00581, 0.03488, 0.00629, 0.00632, 0.03886, 0.13263, 0.03146, 0.119, 0.0086, 0.00901, 0.00915, 0.0093, 0.01015, 0.01034, 0.03124, 0.01043, 0.0635, 0.0534, 0.03216, 0.02154, 0.01078, 0.01079, 0.01092, 0.09966, 0.22274, 0.04536, 0.02278, 0.01148, 0.01151, 0.01156, 0.17522, 0.23387, 0.01177, 0.01195, 0.16749, 0.01218, 0.0123, 0.06224, 0.02511, 0.12559, 0.01272, 0.02569, 0.02593, 0.02633, 0.01337, 0.0134, 0.02713, 0.05439, 0.0136]","[]","[]",58,0
3.5,52,"[0.0026, 0.01764, 0.03855, 0.02483, 0.02389, 0.00978, 0.03235, 0.00588, 0.0065, 0.01305, 0.00668, 0.00707, 0.0072, 0.00731, 0.00849, 0.00883, 0.01771, 0.00888, 0.04547, 0.00927, 0.01933, 0.06187, 0.06332, 0.01069, 0.02142, 0.01077, 0.02183, 0.02203, 0.02231, 0.01139, 0.01156, 0.03523, 0.13085, 0.02406, 0.03673, 0.02469, 0.01237, 0.01246, 0.01253, 0.06443, 0.09039, 0.01295, 0.18277, 0.13299, 0.01337, 0.0135, 0.01359]","[]","[]",47,0
3.5,53,"[0.00438, 0.00848, 0.00344, 0.00538, 0.00548, 0.00565, 0.10893, 0.00616, 0.00659, 0.00681, 0.04394, 0.00754, 0.15629, 0.01617, 0.0164, 0.02515, 0.07751, 0.12239, 0.00885, 0.00911, 0.0368, 0.00939, 0.15187, 0.04786, 0.00976, 0.00989, 0.00997, 0.09191, 0.01058, 0.16087, 0.19674, 0.0117, 0.03542, 0.03592, 0.01198, 0.10846, 0.02511, 0.03865, 0.02624, 0.0132, 0.05323, 0.01342, 0.01365, 0.04319, 0.01441, 0.01444, 0.30456, 0.02915, 0.22118, 0.01475, 0.01481, 0.01486, 0.04548, 0.01531, 0.22991, 0.01542, 0.13942, 0.01564, 0.03201, 0.0167, 0.01687, 0.0169, 0.20365, 0.03395, 0.25505, 0.01708, 0.03452, 0.05179, 0.13901, 0.0527, 0.01761, 0.07055, 0.01766, 0.03547, 0.01782, 0.01837, 0.01847, 0.01849, 0.03707, 0.01867, 0.03785, 0.09506, 0.01932, 0.01951, 0.01953]","[]","[]",85,0
3.5,54,"[0.00266, 0.00307, 0.00312, 0.00316, 0.00324, 0.01076, 0.00381, 0.01168, 0.01191, 0.03866, 0.0106, 0.05861, 0.00563, 0.00589, 0.00631, 0.00633, 0.00643, 0.11578, 0.01413, 0.0506, 0.15706, 0.01496, 0.00838, 0.00885, 0.00906, 0.02744, 0.00959, 0.00971, 0.00978, 0.00981, 0.01, 0.01025, 0.01032, 0.02067, 0.12669, 0.01074, 0.01076, 0.10962, 0.01124, 0.01132, 0.01185, 0.07163, 0.06078, 0.03652, 0.02444, 0.01234, 0.01259, 0.03819, 0.19306, 0.13138, 0.01366, 0.01378, 0.0419, 0.01415, 0.02833, 0.01418, 0.02838, 0.0286, 0.01431, 0.01435, 0.13009, 0.02891, 0.01446, 0.01457, 0.01471, 0.01479, 0.08896, 0.01487, 0.22394, 0.02991, 0.015, 0.01511, 0.06057, 0.07651]","[]","[]",74,0
3.5,55,"[0.00105, 0.00859, 0.00407, 0.00476, 0.00536, 0.00548, 0.1031, 0.00626, 0.01916, 0.0066, 0.02031, 0.0069, 0.00692, 0.04379, 0.00737, 0.01527, 0.01558, 0.01571, 0.00806, 0.17378, 0.00903, 0.04634, 0.01886, 0.00957, 0.00964, 0.03932, 0.09119, 0.14223, 0.01051, 0.01061, 0.0107, 0.02164, 0.01083, 0.09795, 0.01104, 0.01111, 0.03357, 0.10188, 0.03437, 0.01146, 0.03461, 0.01156, 0.18517, 0.03545, 0.0475, 0.01209, 0.06116, 0.11116, 0.02528, 0.02571, 0.27269, 0.01312, 0.22317, 0.06604, 0.18795, 0.01371, 0.01374, 0.02771, 0.01416, 0.04258, 0.01432, 0.01432, 0.02876, 0.21668, 0.0578, 0.04381, 0.01479, 0.04486, 0.01496, 0.01503, 0.1817, 0.04551, 0.01518, 0.01538, 0.01562, 0.2347, 0.07829, 0.01581, 0.04824, 0.01622, 0.03253, 0.01629, 0.03312, 0.03338, 0.25418, 0.01701, 0.13734, 0.01721, 0.01722, 0.01731, 0.01758]","[]","[]",91,0
3.5,56,"[0.00136, 0.00265, 0.04411, 0.00513, 0.00517, 0.01057, 0.11754, 0.0059, 0.00684, 0.00728, 0.03667, 0.05455, 0.04961, 0.01771, 0.00946, 0.05685, 0.02034, 0.06303, 0.01109, 0.01113, 0.03346, 0.01121, 0.05774, 0.01159, 0.01174, 0.04733, 0.02384, 0.01206, 0.01242, 0.0502, 0.01288, 0.01339, 0.01349, 0.04175, 0.01446, 0.01485, 0.01506, 0.31737, 0.03127, 0.04774, 0.01616, 0.01623, 0.24903, 0.01664, 0.01705, 0.01747, 0.0881, 0.01783, 0.01841, 0.05542, 0.09319, 0.01882, 0.01908, 0.01962, 0.3356, 0.03976, 0.01994, 0.01998, 0.04024, 0.10076, 0.02019]","[]","[]",61,0
3.5,57,"[0.00983, 0.00102, 0.00122, 0.00682, 0.00252, 0.00283, 0.00308, 0.03518, 0.07031, 0.00941, 0.00499, 0.0106, 0.00564, 0.00621, 0.09097, 0.00722, 0.06514, 0.01448, 0.0073, 0.01466, 0.05202, 0.01555, 0.0158, 0.0079, 0.09503, 0.00815, 0.00827, 0.00829, 0.0168, 0.04309, 0.00895, 0.00927, 0.01891, 0.00998, 0.01059, 0.0106, 0.09654, 0.08747, 0.09881, 0.01109, 0.04474, 0.01141, 0.0464]","[]","[]",43,0
3.5,58,"[0.00229, 0.04675, 0.06211, 0.06142, 0.00426, 0.00437, 0.01378, 0.00518, 0.00523, 0.00533, 0.01124, 0.02846, 0.0813, 0.0063, 0.00633, 0.0128, 0.0712, 0.00678, 0.00696, 0.02151, 0.00751, 0.00851, 0.00859, 0.03556, 0.00933, 0.00951, 0.03864, 0.02985, 0.03009, 0.0101, 0.03182, 0.13863, 0.01104, 0.01112, 0.03401, 0.02273, 0.0576, 0.01152, 0.01167, 0.01186, 0.2392, 0.01209, 0.02503, 0.01252, 0.12838, 0.26762, 0.02716, 0.24466]","[]","[]",48,0
3.5,59,"[0.0018, 0.00729, 0.0065, 0.00365, 0.00369, 0.00388, 0.00485, 0.00519, 0.01665, 0.02992, 0.01904, 0.00658, 0.0341, 0.01502, 0.06098, 0.0079, 0.00799, 0.01606, 0.03242, 0.04869, 0.00814, 0.00835, 0.00839, 0.03869, 0.01974, 0.05033, 0.01063, 0.02131, 0.03248, 0.13022, 0.01098, 0.19123, 0.01125, 0.01127, 0.01132, 0.0116, 0.01178, 0.17943, 0.02463, 0.01261, 0.01278, 0.15697, 0.05237, 0.0131, 0.02648, 0.01349, 0.27009, 0.01356, 0.01359, 0.0274, 0.15143, 0.0693, 0.04169, 0.04171, 0.07041, 0.02864, 0.01441, 0.03076, 0.01544, 0.01546, 0.01558, 0.04856, 0.03251, 0.01629, 0.01632, 0.03271]","[]","[]",66,0
3.5,60,"[0.00423, 0.00352, 0.00366, 0.02678, 0.00468, 0.06781, 0.00492, 0.02944, 0.01274, 0.06038, 0.02823, 0.00759, 0.00811, 0.00814, 0.04084, 0.01715, 0.00858, 0.13295, 0.15105, 0.00895, 0.01821, 0.00912, 0.01875, 0.04714, 0.00983, 0.0994, 0.02129, 0.01069, 0.01116, 0.05701, 0.01144, 0.01149, 0.0234, 0.01215, 0.01236, 0.18656, 0.01255, 0.01274, 0.01295, 0.01297, 0.14507, 0.02641]","[]","[]",42,0
3.5,61,"[0.00217, 0.00299, 0.00963, 0.00386, 0.03891, 0.0044, 0.03322, 0.02931, 0.00592, 0.00626, 0.09882, 0.05422, 0.04328, 0.02184, 0.01648, 0.0083, 0.06834, 0.01749, 0.01831, 0.06638, 0.0381, 0.11477, 0.01923, 0.13931, 0.05257, 0.15924, 0.18219, 0.01081, 0.02191, 0.01099, 0.01124, 0.02255, 0.01131, 0.01146, 0.01162, 0.02332, 0.04768, 0.06057, 0.01217, 0.0372, 0.02494, 0.01265, 0.01265, 0.01269, 0.01273, 0.02547]","[]","[]",46,0
3.5,62,"[0.02033, 0.02056, 0.00215, 0.00256, 0.00259, 0.00385, 0.00438, 0.02101, 0.00634, 0.00641, 0.01294, 0.00658, 0.00659, 0.04039, 0.00674, 0.00683, 0.01372, 0.00731, 0.00739, 0.01497, 0.08629, 0.02357, 0.01604, 0.02464, 0.00822, 0.00823, 0.00826, 0.00839, 0.00849, 0.00856, 0.01722, 0.0259, 0.00867, 0.01809, 0.05522, 0.00924, 0.01867, 0.01914, 0.00962, 0.08752, 0.02931, 0.01003, 0.02027, 0.02042, 0.03121, 0.04176, 0.2269, 0.01091, 0.01094, 0.02203]","[]","[]",50,0
3.5,63,"[0.00062, 0.00628, 0.00091, 0.02548, 0.00685, 0.06922, 0.00348, 0.00358, 0.00518, 0.00578, 0.00595, 0.0061, 0.11179, 0.00634, 0.01353, 0.0209, 0.05577, 0.07685, 0.00716, 0.07173, 0.00718, 0.02235, 0.0075, 0.02304, 0.04613, 0.00813, 0.00822, 0.00856, 0.05998, 0.00857, 0.00937, 0.00951, 0.07616, 0.03859, 0.07782, 0.02928, 0.0198, 0.02012, 0.11487, 0.03141, 0.06309]","[]","[]",41,0
3.5,64,"[0.00219, 0.02472, 0.01383, 0.00222, 0.00227, 0.00337, 0.01161, 0.0044, 0.00449, 0.00905, 0.00487, 0.01027, 0.03151, 0.00578, 0.00625, 0.00625, 0.00627, 0.0065, 0.04026, 0.00703, 0.14292, 0.00717, 0.01568, 0.00796, 0.01672, 0.00843, 0.03437, 0.00935, 0.00942, 0.00955, 0.00967, 0.00992, 0.01, 0.12154, 0.01018, 0.0922, 0.11673, 0.02137, 0.01093, 0.01132, 0.02346, 0.01175, 0.04752, 0.08532, 0.1716, 0.11289, 0.18829, 0.02524, 0.01268, 0.01279, 0.02558, 0.01291, 0.23608, 0.01318, 0.04018]","[]","[]",55,0
3.5,65,"[0.02726, 0.00884, 0.02285, 0.00764, 0.05191, 0.00456, 0.02924, 0.00494, 0.00546, 0.01672, 0.0058, 0.01283, 0.01957, 0.01321, 0.01411, 0.00717, 0.00718, 0.1131, 0.00763, 0.16495, 0.00796, 0.00848, 0.00884, 0.00925, 0.00932, 0.00955, 0.01005, 0.0101, 0.01025, 0.02067, 0.02136, 0.02148, 0.01088, 0.03361, 0.08073, 0.0236, 0.03578, 0.01203, 0.1204, 0.01216, 0.24839, 0.02493, 0.01252, 0.08947, 0.01298, 0.01306, 0.14445, 0.01331, 0.01345, 0.01357, 0.04099, 0.02746, 0.20678, 0.01385, 0.01388, 0.14019, 0.01416, 0.01421, 0.09964, 0.12881, 0.02877, 0.01441, 0.0146, 0.0735, 0.01471, 0.01486, 0.12058]","[]","[]",67,0
3.5,66,"[0.00219, 0.00289, 0.01187, 0.00355, 0.0074, 0.00429, 0.00509, 0.00527, 0.00541, 0.02761, 0.00571, 0.00576, 0.0063, 0.00635, 0.00636, 0.00637, 0.00645, 0.00654, 0.07951, 0.01368, 0.00734, 0.00763, 0.03843, 0.13768, 0.00812, 0.00814, 0.00819, 0.09374, 0.01733, 0.07057, 0.00903, 0.01814, 0.00913, 0.00924, 0.01898, 0.00951, 0.02859, 0.04766, 0.06798, 0.15231, 0.01057, 0.01058, 0.05362, 0.01092, 0.01124, 0.05831, 0.01171, 0.0949, 0.01197, 0.01205, 0.01205, 0.07317, 0.01242, 0.02492, 0.01256, 0.10401, 0.02666, 0.04017, 0.01349, 0.02715, 0.05474, 0.01383, 0.01406, 0.01408, 0.01435, 0.02895, 0.02929, 0.01467, 0.02987, 0.01513, 0.18348, 0.06132]","[]","[]",72,0
3.5,67,"[0.01206, 0.01254, 0.01461, 0.00413, 0.00434, 0.06806, 0.00474, 0.0098, 0.06236, 0.00565, 0.00568, 0.0179, 0.00655, 0.03457, 0.01397, 0.00702, 0.00715, 0.00719, 0.00758, 0.00774, 0.00785, 0.00786, 0.05559, 0.01594, 0.0082, 0.00878, 0.02662, 0.02681, 0.00899, 0.00916, 0.01844, 0.00928, 0.03718, 0.07525, 0.02828, 0.00964, 0.00969, 0.02941, 0.00985, 0.02016, 0.01017, 0.08385, 0.22244, 0.01063, 0.02156, 0.05402, 0.01088, 0.01105, 0.02301, 0.02319, 0.05891]","[]","[]",51,0
3.5,68,"[0.00636, 0.00186, 0.01519, 0.01983, 0.00302, 0.08867, 0.00478, 0.06027, 0.00527, 0.01061, 0.01161, 0.00599, 0.01326, 0.03497, 0.00791, 0.01604, 0.00815, 0.00833, 0.00864, 0.00864, 0.00935, 0.02836, 0.02917, 0.02968, 0.01012, 0.03077, 0.02067, 0.01047, 0.02151, 0.01089, 0.0336, 0.01123, 0.04737, 0.01223, 0.01268, 0.01275, 0.01283, 0.03907, 0.02656, 0.0271, 0.0272, 0.02735, 0.0833, 0.0139, 0.01396, 0.29455, 0.01427, 0.01429, 0.04294, 0.05757, 0.07223, 0.131, 0.01473, 0.01477, 0.02986, 0.01518, 0.09239, 0.01549, 0.23438, 0.01564, 0.09387, 0.0318, 0.032, 0.08002]","[]","[]",64,0
3.5,69,"[0.00246, 0.00278, 0.00432, 0.01301, 0.00962, 0.03587, 0.01101, 0.0056, 0.08539, 0.00575, 0.00579, 0.05261, 0.01243, 0.00644, 0.02577, 0.11961, 0.0087, 0.00889, 0.02668, 0.00899, 0.14529, 0.06445, 0.15886, 0.01901, 0.00976, 0.05932, 0.02013, 0.02021, 0.02057, 0.01042, 0.21749, 0.01095, 0.01099, 0.02349, 0.01176, 0.04752, 0.01192, 0.01195, 0.01226, 0.09954, 0.07481, 0.0381, 0.21942, 0.01296, 0.02636, 0.02666, 0.01335, 0.01346, 0.0404, 0.01383, 0.02829, 0.04308, 0.02891, 0.01449, 0.0145, 0.01455]","[]","[]",56,0
3.5,70,"[0.00741, 0.00578, 0.02273, 0.0061, 0.00316, 0.01092, 0.00409, 0.0049, 0.02157, 0.00542, 0.00572, 0.00619, 0.00645, 0.00646, 0.03311, 0.00689, 0.00735, 0.00758, 0.00769, 0.01572, 0.00893, 0.01787, 0.0095, 0.00969, 0.00976, 0.15147, 0.01033, 0.02069, 0.17846, 0.01068, 0.01143, 0.01171, 0.02548, 0.1454, 0.01334, 0.01364, 0.01366, 0.08281, 0.01381, 0.16633, 0.014, 0.01403, 0.07033, 0.17199, 0.01436, 0.0726, 0.01467, 0.01494, 0.06031, 0.0151, 0.06126, 0.01535, 0.3085, 0.04688, 0.07813, 0.01568, 0.01579, 0.04764, 0.03217, 0.04841, 0.01642, 0.01646, 0.01662, 0.01685, 0.01706, 0.03453, 0.01751, 0.05265, 0.05308, 0.01787, 0.01788]","[]","[]",71,0
3.5,71,"[0.00568, 0.00568, 0.00228, 0.00269, 0.00286, 0.0039, 0.00406, 0.00833, 0.00468, 0.02843, 0.05444, 0.00507, 0.0106, 0.02665, 0.00545, 0.09556, 0.01163, 0.01268, 0.00663, 0.10253, 0.08245, 0.01388, 0.01391, 0.0071, 0.0072, 0.00723, 0.00753, 0.0076, 0.03048, 0.04171, 0.00848, 0.06951, 0.00875, 0.03545, 0.00918, 0.01899, 0.02897, 0.00986, 0.00989, 0.07925, 0.01006, 0.02064, 0.01037, 0.042, 0.02105, 0.01074, 0.02165, 0.01086, 0.02238, 0.01152, 0.01155, 0.05838, 0.04716, 0.02365, 0.01202, 0.01207, 0.06081]","[]","[]",57,0
3.5,72,"[0.00073, 0.005, 0.00268, 0.0217, 0.0032, 0.06446, 0.00362, 0.00373, 0.02287, 0.00494, 0.01154, 0.00616, 0.03999, 0.00673, 0.08489, 0.00749, 0.01552, 0.00808, 0.01622, 0.02439, 0.01671, 0.00844, 0.00861, 0.00868, 0.00973, 0.04969, 0.00997, 0.0101, 0.0307, 0.0106, 0.01064, 0.04309, 0.01083, 0.04363, 0.03285, 0.03298, 0.01108, 0.01124, 0.01164, 0.02385, 0.02393, 0.03599, 0.07325, 0.11051, 0.01244, 0.01258, 0.01275, 0.26952, 0.0134, 0.01353, 0.10904, 0.21076, 0.0282, 0.01422, 0.02851, 0.0428, 0.01475, 0.07378, 0.01487, 0.07471, 0.01507, 0.01511, 0.01523, 0.03064, 0.07733, 0.26395, 0.01564, 0.03152, 0.03175, 0.01589, 0.01611, 0.0323, 0.0165, 0.09901, 0.01655, 0.01659, 0.06706, 0.06708, 0.06718, 0.01703, 0.05114, 0.0853, 0.01715, 0.01717, 0.03443, 0.17333, 0.01735, 0.01748]","[]","[]",88,0
3.5,73,"[0.00223, 0.00249, 0.02007, 0.04814, 0.0044, 0.01891, 0.0052, 0.00535, 0.01094, 0.00552, 0.02352, 0.01915, 0.00676, 0.10334, 0.03647, 0.00793, 0.04799, 0.01684, 0.15321, 0.00878, 0.01812, 0.00919, 0.00972, 0.01033, 0.06264, 0.02111, 0.04226, 0.10639, 0.01069, 0.01072, 0.01111, 0.01163, 0.01165, 0.01173, 0.24911, 0.0119, 0.01191, 0.2397, 0.01199, 0.01201, 0.01215, 0.01223, 0.09908, 0.01251, 0.01255, 0.03782, 0.2547, 0.01283, 0.02574, 0.01314, 0.05272, 0.01325, 0.02663, 0.02696, 0.04104, 0.01371, 0.01371, 0.01378, 0.01388, 0.01393, 0.02839, 0.01428, 0.05731, 0.08646, 0.01451, 0.2178, 0.02904, 0.01465, 0.13203, 0.02946, 0.01481, 0.20789, 0.03002, 0.03007]","[]","[]",74,0
3.5,74,"[0.04989, 0.00317, 0.00344, 0.02463, 0.00773, 0.00392, 0.00868, 0.00452, 0.00911, 0.00532, 0.01073, 0.0056, 0.00576, 0.02487, 0.00622, 0.02646, 0.00674, 0.00694, 0.02124, 0.03569, 0.02242, 0.0075, 0.09247, 0.00824, 0.00848, 0.05162, 0.00893, 0.01789, 0.01838, 0.01911, 0.03085, 0.02065, 0.03134, 0.01119, 0.03404, 0.25597, 0.04907, 0.04914, 0.03687, 0.01236, 0.06207, 0.01244, 0.01247, 0.01262, 0.01266, 0.01284, 0.02579, 0.19381, 0.11885, 0.01336, 0.01336, 0.02704, 0.02726, 0.06902, 0.083, 0.11339, 0.02853, 0.07162, 0.01437, 0.01472, 0.02983, 0.01494, 0.01504, 0.26374, 0.01554, 0.0156]","[]","[]",66,0
3.5,75,"[0.00085, 0.00503, 0.00814, 0.00234, 0.00541, 0.03673, 0.00353, 0.00385, 0.08178, 0.01537, 0.00601, 0.08153, 0.00636, 0.01309, 0.00695, 0.00748, 0.0376, 0.0606, 0.0081, 0.09078, 0.00835, 0.03384, 0.0352, 0.13328, 0.00894, 0.00904, 0.00951, 0.00965, 0.00976, 0.04011, 0.01008, 0.01019, 0.01035, 0.01074, 0.04318, 0.01086, 0.15234, 0.03322, 0.05538, 0.03449, 0.01155, 0.02321, 0.02362, 0.107, 0.01207, 0.06257, 0.01256, 0.01312, 0.01313, 0.01336, 0.2675, 0.01355, 0.01407, 0.01419, 0.01461, 0.01481, 0.01486, 0.16356, 0.04664, 0.03158, 0.01589, 0.01602, 0.03211, 0.01616, 0.03282]","[]","[]",65,0
3.5,76,"[0.00016, 0.00185, 0.02321, 0.00312, 0.00329, 0.00351, 0.00742, 0.01566, 0.00425, 0.00429, 0.00922, 0.01446, 0.02123, 0.00591, 0.00655, 0.01346, 0.00703, 0.00731, 0.00744, 0.00745, 0.00747, 0.00775, 0.02335, 0.06574, 0.00825, 0.0084, 0.0088, 0.00924, 0.1037, 0.19051, 0.02876, 0.03878, 0.02927, 0.00978, 0.00993, 0.00998, 0.01003, 0.07282, 0.0323, 0.01093, 0.011, 0.01103, 0.03343, 0.01126, 0.02279, 0.01145, 0.05748, 0.01155, 0.03597, 0.01227, 0.13829, 0.06358]","[]","[]",52,0
3.5,77,"[0.0011, 0.00222, 0.00259, 0.01637, 0.00458, 0.00573, 0.01158, 0.01206, 0.03265, 0.0067, 0.1525, 0.01552, 0.01568, 0.04002, 0.01666, 0.00849, 0.04308, 0.00864, 0.00925, 0.01876, 0.01878, 0.03806, 0.03811, 0.03814, 0.01934, 0.00993, 0.02999, 0.05098, 0.0923, 0.02077, 0.021, 0.01063, 0.07451, 0.01078, 0.01079, 0.01087, 0.0111, 0.01164, 0.01166, 0.01171, 0.03535, 0.02393, 0.01197, 0.03629, 0.01216, 0.01216, 0.05067, 0.02535, 0.01278, 0.01309, 0.01316, 0.01341, 0.16169, 0.01356, 0.0137, 0.11061, 0.08533, 0.24181, 0.02856, 0.0143, 0.0146, 0.0146, 0.01481, 0.31366]","[]","[]",64,0
3.5,78,"[0.00121, 0.00386, 0.01837, 0.00427, 0.01911, 0.03027, 0.0062, 0.00627, 0.02517, 0.14211, 0.01476, 0.01599, 0.00804, 0.00806, 0.00812, 0.01682, 0.0085, 0.00852, 0.00895, 0.04501, 0.00905, 0.01821, 0.00929, 0.00932, 0.00982, 0.00982, 0.06931, 0.0099, 0.00995, 0.01007, 0.12346, 0.03137, 0.02096, 0.01055, 0.01094, 0.01101, 0.01141, 0.01148, 0.05792, 0.01174, 0.01177, 0.01178, 0.11034, 0.0128, 0.05143, 0.06446, 0.01306, 0.01309, 0.02635, 0.01323, 0.01327, 0.01359, 0.04078, 0.02772, 0.01389, 0.014, 0.01402, 0.02817, 0.08478, 0.01455, 0.02915, 0.01464, 0.05886, 0.01472]","[]","[]",64,0
3.5,79,"[0.00088, 0.01725, 0.00708, 0.00418, 0.01511, 0.00537, 0.00547, 0.00566, 0.0058, 0.02374, 0.00608, 0.00619, 0.00623, 0.00655, 0.01358, 0.00729, 0.02246, 0.01542, 0.03148, 0.00819, 0.00853, 0.00899, 0.02753, 0.04631, 0.00941, 0.00951, 0.00978, 0.10811, 0.01987, 0.01994, 0.00997, 0.11132, 0.02138, 0.01076, 0.01076, 0.02158, 0.01083, 0.0111, 0.03381, 0.05696, 0.0115, 0.01153, 0.01159, 0.02339, 0.01176, 0.01177, 0.13015, 0.02414, 0.01216, 0.01242, 0.25304, 0.01293, 0.01298, 0.0521, 0.02607, 0.01308, 0.02638, 0.01337]","[]","[]",58,0
3.5,80,"[0.00162, 0.00944, 0.01028, 0.00566, 0.09739, 0.09529, 0.01306, 0.00683, 0.00689, 0.00696, 0.01495, 0.01526, 0.11615, 0.00785, 0.01625, 0.06012, 0.07788, 0.17708, 0.06222, 0.00893, 0.00894, 0.00966, 0.00979, 0.01037, 0.01073, 0.18415, 0.01117, 0.01123, 0.01193, 0.01195, 0.03589, 0.02405, 0.01203, 0.17127, 0.01225, 0.20865, 0.02488, 0.01263, 0.02525, 0.02606, 0.02674, 0.01337, 0.05405, 0.02761, 0.01385, 0.02792, 0.01409, 0.0141, 0.01423, 0.25693, 0.12893, 0.01444, 0.11616, 0.12087, 0.21224, 0.07605, 0.04618, 0.04675, 0.06269, 0.01574, 0.01576, 0.06345, 0.01586, 0.01631, 0.01635, 0.11665, 0.10003, 0.01685, 0.01687, 0.08441, 0.03427, 0.03445, 0.36201, 0.01725, 0.03461, 0.01754, 0.10566, 0.03535, 0.01768]","[]","[]",79,0
3.5,81,"[0.00828, 0.00327, 0.0033, 0.00333, 0.00373, 0.08064, 0.04936, 0.00423, 0.02548, 0.00991, 0.02479, 0.04517, 0.00596, 0.01817, 0.00626, 0.01915, 0.00646, 0.00646, 0.01295, 0.09502, 0.00698, 0.00716, 0.00731, 0.02248, 0.00759, 0.00767, 0.00775, 0.11224, 0.13074, 0.00874, 0.00996, 0.01001, 0.0401, 0.0207, 0.04173, 0.01048, 0.01063, 0.11698, 0.01068, 0.17176, 0.16279, 0.0109, 0.01092, 0.01112, 0.07988, 0.01156, 0.01169, 0.01171, 0.05854, 0.0121, 0.01219, 0.01231, 0.11185, 0.01251]","[]","[]",54,0
3.5,82,"[0.00139, 0.01409, 0.00298, 0.00316, 0.004, 0.0042, 0.01052, 0.01118, 0.09282, 0.00621, 0.00649, 0.00716, 0.0072, 0.00726, 0.12511, 0.00748, 0.01577, 0.01613, 0.07307, 0.07366, 0.01902, 0.02863, 0.15621, 0.00977, 0.06957, 0.01025, 0.06188, 0.01039, 0.04205, 0.01061, 0.07477, 0.15121, 0.01107, 0.01157, 0.01168, 0.03528, 0.09412, 0.01206, 0.01213, 0.0123, 0.01232, 0.06301, 0.03801, 0.01273, 0.01291, 0.01312, 0.01315, 0.01334, 0.01334, 0.0269]","[]","[]",50,0
3.5,83,"[0.00492, 0.01257, 0.03387, 0.03866, 0.00528, 0.02294, 0.00575, 0.00601, 0.00604, 0.1235, 0.00621, 0.00623, 0.00733, 0.08892, 0.00759, 0.00832, 0.00893, 0.12078, 0.10256, 0.01878, 0.0094, 0.03829, 0.09839, 0.02006, 0.07079, 0.0102, 0.09292, 0.0104, 0.01083, 0.0326, 0.04475, 0.15914, 0.08058, 0.02302, 0.04681, 0.02371, 0.01195, 0.04877, 0.01231, 0.09855, 0.13611, 0.01274, 0.01278, 0.02563, 0.07915, 0.15838, 0.01322, 0.01329, 0.03999, 0.05335, 0.09547, 0.01371, 0.01377, 0.02819, 0.01415, 0.04287, 0.0143, 0.08587, 0.01463, 0.01469, 0.01478, 0.12009, 0.01506, 0.04561, 0.01552, 0.01558, 0.07892, 0.01598, 0.01607, 0.01621, 0.18066, 0.01649, 0.24828, 0.03347]","[]","[]",74,0
3.5,84,"[0.00486, 0.00335, 0.0034, 0.00417, 0.00444, 0.01571, 0.00554, 0.0124, 0.03224, 0.00721, 0.0074, 0.00758, 0.0078, 0.01606, 0.12505, 0.00834, 0.01757, 0.15615, 0.0092, 0.00934, 0.01886, 0.00951, 0.01949, 0.01027, 0.02065, 0.0209, 0.01052, 0.15089, 0.0335, 0.01117, 0.0225, 0.01129, 0.02274, 0.02289, 0.05758, 0.06998, 0.01193, 0.01202, 0.01217, 0.0124, 0.06361, 0.01275, 0.01282, 0.01297, 0.02655, 0.0266, 0.01341, 0.01349, 0.01352, 0.01357, 0.02719, 0.01376, 0.01417, 0.01424, 0.02936, 0.13228, 0.01497, 0.03005, 0.03058, 0.01529]","[]","[]",60,0
3.5,85,"[0.003, 0.00401, 0.00205, 0.00303, 0.00316, 0.00413, 0.04344, 0.0161, 0.00584, 0.06654, 0.00656, 0.10163, 0.01366, 0.01394, 0.00726, 0.00743, 0.11381, 0.16276, 0.01633, 0.00839, 0.03467, 0.06941, 0.15964, 0.04511, 0.14614, 0.01841, 0.00924, 0.00928, 0.00941, 0.00959, 0.12669, 0.01023, 0.02061, 0.02073, 0.01044, 0.11691, 0.01094, 0.01099, 0.01101, 0.01139, 0.01151, 0.0116, 0.01163, 0.03494, 0.01184, 0.01185, 0.07129, 0.0368, 0.01232, 0.025, 0.08777, 0.0627, 0.01258, 0.01266, 0.15468, 0.02631, 0.05336]","[]","[]",57,0
3.5,86,"[0.00784, 0.01337, 0.00465, 0.00526, 0.01169, 0.01207, 0.01222, 0.02571, 0.00659, 0.00678, 0.00686, 0.00732, 0.02241, 0.01497, 0.0242, 0.00813, 0.00831, 0.00871, 0.01752, 0.0176, 0.018, 0.02722, 0.09117, 0.03838, 0.00964, 0.03936, 0.00987, 0.01019, 0.11221, 0.01056, 0.01101, 0.06667, 0.01121, 0.02243, 0.01147, 0.09567, 0.01235, 0.01283, 0.02571, 0.01286, 0.01307, 0.05296, 0.09386, 0.04232, 0.0142, 0.02861, 0.01441, 0.0145, 0.1902, 0.01486, 0.30167, 0.01512, 0.03041, 0.01586, 0.06365, 0.14335, 0.11181, 0.01626, 0.01636, 0.06581, 0.11527, 0.06598, 0.01668, 0.01682, 0.03368, 0.01699, 0.01701, 0.03456, 0.01743, 0.0529, 0.01797, 0.01801, 0.05454]","[]","[]",73,0
3.5,87,"[0.00222, 0.01473, 0.01235, 0.00337, 0.05736, 0.02289, 0.00445, 0.00983, 0.01178, 0.00656, 0.13896, 0.00711, 0.01483, 0.00783, 0.11277, 0.1244, 0.14405, 0.12256, 0.01761, 0.08016, 0.00897, 0.00939, 0.00949, 0.17115, 0.0099, 0.01025, 0.01026, 0.01032, 0.01046, 0.03218, 0.03346, 0.01117, 0.02244, 0.01123, 0.03403, 0.01156, 0.03512, 0.05976, 0.01196, 0.01262, 0.0127, 0.01302, 0.02605, 0.01304, 0.01323, 0.02647, 0.01333, 0.02677, 0.01357, 0.0272, 0.09618, 0.01408, 0.01422, 0.01423, 0.04278, 0.21519, 0.01504, 0.03074, 0.01538, 0.01549, 0.01555, 0.14059, 0.01574, 0.0159, 0.0483]","[]","[]",65,0
3.5,88,"[0.0006, 0.00208, 0.00249, 0.02931, 0.01695, 0.00553, 0.00573, 0.04595, 0.006, 0.01229, 0.00622, 0.10001, 0.00671, 0.02056, 0.00727, 0.02302, 0.00802, 0.08347, 0.06028, 0.01756, 0.05559, 0.0097, 0.00995, 0.07978, 0.02011, 0.06072, 0.06124, 0.02091, 0.12939, 0.01081, 0.01091, 0.01138, 0.01151, 0.01156, 0.01158, 0.15318, 0.01185, 0.01194, 0.0242, 0.19418, 0.01261, 0.07636, 0.14068, 0.0129, 0.10387, 0.01307, 0.01325, 0.01358, 0.01375, 0.06893, 0.01405, 0.01416, 0.0142]","[]","[]",53,0
3.5,89,"[0.00171, 0.00233, 0.00376, 0.00389, 0.00942, 0.00517, 0.00552, 0.00557, 0.05067, 0.01151, 0.01188, 0.00612, 0.02518, 0.06039, 0.01522, 0.05568, 0.04213, 0.01745, 0.00893, 0.00904, 0.00934, 0.01923, 0.01017, 0.01029, 0.1358, 0.12693, 0.01078, 0.02209, 0.01128, 0.05683, 0.02296, 0.02311, 0.02341, 0.01175, 0.02351, 0.02352, 0.01176, 0.08343, 0.01201, 0.01219, 0.01254, 0.01261, 0.05077, 0.01273, 0.0385, 0.02575, 0.02576, 0.03873, 0.2288, 0.01348, 0.21605, 0.01367, 0.01371, 0.02762, 0.01386, 0.18028, 0.01393, 0.02856, 0.01453, 0.01461, 0.02934, 0.02953, 0.09001, 0.03001, 0.12148, 0.04584, 0.01536]","[]","[]",67,0
3.5,90,"[0.00105, 0.0418, 0.00248, 0.00265, 0.00663, 0.00353, 0.00706, 0.0038, 0.00436, 0.00479, 0.0053, 0.00581, 0.00586, 0.00592, 0.03079, 0.01276, 0.00659, 0.02021, 0.02023, 0.00697, 0.00702, 0.00711, 0.00726, 0.01456, 0.1462, 0.00739, 0.00786, 0.05081, 0.03406, 0.01792, 0.02799, 0.11304, 0.04733, 0.07674, 0.01026, 0.01063, 0.01091, 0.01097, 0.02193, 0.01129, 0.01134, 0.0114, 0.10697, 0.01191, 0.01198, 0.012, 0.01222, 0.01225, 0.01254, 0.01256, 0.02572, 0.03894, 0.01327, 0.01328, 0.01329, 0.01331, 0.05351, 0.01339, 0.28373, 0.02707, 0.04077, 0.01376, 0.01397, 0.01422, 0.23093, 0.02971, 0.01486, 0.07453, 0.15143, 0.21229, 0.10707, 0.01548, 0.01557, 0.01564, 0.01572, 0.01583]","[]","[]",76,0
3.5,91,"[0.01542, 0.00222, 0.0367, 0.00373, 0.00473, 0.00951, 0.00507, 0.00525, 0.0056, 0.00575, 0.01761, 0.00592, 0.01834, 0.01237, 0.00628, 0.00674, 0.00682, 0.00715, 0.00742, 0.15647, 0.05217, 0.00764, 0.02393, 0.13775, 0.00836, 0.00893, 0.02705, 0.09183, 0.00921, 0.01042, 0.01048, 0.01069, 0.01072, 0.10946, 0.01104, 0.0448, 0.01133, 0.03432, 0.01194, 0.14619, 0.01278, 0.11705, 0.0399, 0.01331, 0.08049, 0.02702, 0.08388, 0.01427, 0.01429, 0.0573, 0.21703, 0.01451, 0.0887, 0.02985, 0.01498, 0.01514, 0.2272, 0.01517, 0.01555, 0.01558, 0.01584, 0.09563, 0.04787, 0.01614, 0.32334, 0.08102, 0.08124]","[]","[]",67,0
3.5,92,"[0.00121, 0.00311, 0.00312, 0.05963, 0.05587, 0.06034, 0.00488, 0.00488, 0.00489, 0.00521, 0.0915, 0.00557, 0.00564, 0.00655, 0.00656, 0.02066, 0.01451, 0.00755, 0.00773, 0.12018, 0.01661, 0.03424, 0.05328, 0.00891, 0.01814, 0.01823, 0.00973, 0.00976, 0.0294, 0.1987, 0.02008, 0.02031, 0.01082, 0.0447, 0.20523, 0.03447, 0.04753, 0.03717, 0.01255, 0.06321, 0.01272, 0.03888, 0.0521, 0.11783, 0.01314, 0.1198, 0.02669]","[]","[]",47,0
3.5,93,"[0.00204, 0.00441, 0.0052, 0.01704, 0.00336, 0.00352, 0.00708, 0.00824, 0.00415, 0.00419, 0.01785, 0.00481, 0.05926, 0.01523, 0.07685, 0.03083, 0.00611, 0.00696, 0.02311, 0.00777, 0.04709, 0.00793, 0.00837, 0.00844, 0.00846, 0.00867, 0.00876, 0.07079, 0.01782, 0.00953, 0.17333, 0.00988, 0.00989, 0.01031, 0.2083, 0.01051, 0.01064, 0.01105, 0.01129, 0.04593, 0.01172, 0.10556, 0.04692, 0.01183, 0.12238, 0.01232, 0.0249, 0.01257, 0.27092, 0.05188, 0.02605, 0.06535, 0.0131, 0.19659, 0.1848, 0.01342, 0.26847, 0.08158, 0.01364, 0.01391, 0.01444, 0.01463, 0.02929, 0.01477, 0.01484, 0.01496, 0.08998, 0.04542, 0.01551, 0.03185, 0.04779, 0.0161, 0.03233, 0.03304, 0.0666, 0.18409]","[]","[]",76,0
3.5,94,"[0.0006, 0.00107, 0.00269, 0.0353, 0.00217, 0.00353, 0.0071, 0.00361, 0.03201, 0.1096, 0.0286, 0.00635, 0.02596, 0.02133, 0.06606, 0.023, 0.02319, 0.01612, 0.0648, 0.00824, 0.00824, 0.00861, 0.00894, 0.00911, 0.00925, 0.01922, 0.03848, 0.01963, 0.01013, 0.01016, 0.01024, 0.03108, 0.01037, 0.07618, 0.05491, 0.03319, 0.01167, 0.02338, 0.03521, 0.1443, 0.19624, 0.01234, 0.01257, 0.02514, 0.01262, 0.01268, 0.02566, 0.01287, 0.01288, 0.02593, 0.01305, 0.02734, 0.01394, 0.19519, 0.01398, 0.01414, 0.0143, 0.07167, 0.01452, 0.01453, 0.14867, 0.04525, 0.3201, 0.26167, 0.01568, 0.04757]","[]","[]",66,0
3.5,95,"[0.0023, 0.00514, 0.01394, 0.02152, 0.00387, 0.0199, 0.00537, 0.01144, 0.00668, 0.00724, 0.05093, 0.00744, 0.09732, 0.00825, 0.0083, 0.00836, 0.00837, 0.10908, 0.00857, 0.1233, 0.00887, 0.00888, 0.00913, 0.01875, 0.00965, 0.07916, 0.11916, 0.02023, 0.03036, 0.01012, 0.01055, 0.01069, 0.21544, 0.03281, 0.01105, 0.01106, 0.01117, 0.01127, 0.04529, 0.02295, 0.01171, 0.01188, 0.01191, 0.02394, 0.01238, 0.06382, 0.01284, 0.06485, 0.03913, 0.01313, 0.01338, 0.01354, 0.01406, 0.01415, 0.17038, 0.01421, 0.01432, 0.02872, 0.01479]","[]","[]",59,0
3.5,96,"[0.01313, 0.00592, 0.00996, 0.00334, 0.00343, 0.00789, 0.0079, 0.00866, 0.00443, 0.0051, 0.0106, 0.01148, 0.00576, 0.00581, 0.07652, 0.04943, 0.13617, 0.00698, 0.00709, 0.02841, 0.10895, 0.00873, 0.00881, 0.01764, 0.0095, 0.01014, 0.01015, 0.09144, 0.01018, 0.01023, 0.0105, 0.03255, 0.13076, 0.01095, 0.01132, 0.04575, 0.01177, 0.01179, 0.01191, 0.06177, 0.01247, 0.01288, 0.01293, 0.13086, 0.05325, 0.10854, 0.08215, 0.04111, 0.04209, 0.09911, 0.02876, 0.0144, 0.04392, 0.05916, 0.01509, 0.06153, 0.13911, 0.01554, 0.17101, 0.0156, 0.17171, 0.01564, 0.09442, 0.11031, 0.01577, 0.09524, 0.08075, 0.01645, 0.01694, 0.01694, 0.01699, 0.01718, 0.01718]","[]","[]",73,0
3.5,97,"[0.00041, 0.00297, 0.01424, 0.01583, 0.00403, 0.00427, 0.0582, 0.00615, 0.01254, 0.0512, 0.00663, 0.01335, 0.0071, 0.0074, 0.01481, 0.00776, 0.00794, 0.02449, 0.01668, 0.00847, 0.05105, 0.00859, 0.08917, 0.03821, 0.00963, 0.00965, 0.00974, 0.00978, 0.03954, 0.02988, 0.04097, 0.01056, 0.01065, 0.01101, 0.07864, 0.02358, 0.012, 0.01225, 0.03781, 0.03799, 0.02544, 0.02554, 0.01279, 0.02566, 0.09046, 0.01295, 0.26128, 0.01309, 0.11795, 0.02668, 0.01342, 0.04085, 0.0139, 0.01413, 0.04274, 0.01427, 0.01432, 0.01455]","[]","[]",58,0
3.5,98,"[0.00092, 0.00422, 0.00291, 0.00382, 0.00825, 0.00457, 0.01054, 0.01584, 0.09608, 0.00567, 0.00576, 0.00614, 0.02108, 0.00741, 0.01604, 0.04833, 0.04164, 0.00854, 0.0089, 0.17951, 0.0279, 0.00965, 0.04856, 0.04929, 0.01001, 0.01005, 0.0101, 0.03032, 0.01019, 0.04487, 0.10286, 0.01156, 0.01158, 0.16217, 0.1047, 0.1057, 0.05892, 0.02377, 0.02397, 0.0121, 0.25792, 0.03706, 0.02488, 0.01258, 0.11395, 0.01278, 0.05125, 0.02571, 0.20623, 0.01342, 0.0135, 0.16325, 0.01365, 0.01373, 0.01398, 0.01426, 0.05723, 0.24437, 0.21967, 0.01484, 0.2093, 0.04575, 0.01539, 0.23207, 0.04717, 0.01578, 0.01601, 0.03236, 0.01624, 0.01625, 0.03264, 0.01637, 0.01638, 0.1316, 0.03313]","[]","[]",75,0
3.5,99,"[0.00354, 0.00249, 0.00258, 0.00586, 0.04146, 0.02907, 0.00388, 0.00455, 0.01915, 0.02452, 0.05424, 0.01017, 0.09711, 0.00676, 0.00681, 0.04825, 0.00744, 0.00754, 0.01574, 0.00801, 0.01604, 0.04012, 0.00807, 0.00821, 0.00825, 0.1276, 0.00863, 0.03472, 0.00868, 0.03511, 0.00889, 0.04524, 0.03655, 0.01019, 0.01026, 0.03086, 0.01029, 0.01048, 0.01068, 0.01082, 0.09909, 0.01116, 0.10048, 0.01123, 0.04537, 0.04542, 0.06941]","[]","[]",47,0

