1.5,0,[0.02897],[],[],1,0
1.5,1,[0.00494],[],[],1,0
1.5,2,[0.00932],[],[],1,0
1.5,3,[0.02795],[],[],1,0
1.5,4,[0.01842],[],[],1,0
1.5,5,[0.01764],[],[],1,0
1.5,6,[],[],[],0,0
1.5,7,[0.01506],[],[],1,0
1.5,8,[0.02238],[],[],1,0
1.5,9,[0.02495],[],[],1,0
1.5,10,[0.02149],[],[],1,0
1.5,11,[0.02025],[],[],1,0
1.5,12,[0.00302, 0.03685],[],[],2,0
1.5,13,[0.01653],[],[],1,0
1.5,14,[0.01345],[],[],1,0
1.5,15,[0.02957],[],[],1,0
1.5,16,[0.03622],[],[],1,0
1.5,17,[0.02941],[],[],1,0
1.5,18,[0.02771],[],[],1,0
1.5,19,[0.00784],[],[],1,0
1.5,20,[0.00744],[],[],1,0
1.5,21,[0.00699],[],[],1,0
1.5,22,[0.00775],[],[],1,0
1.5,23,[0.01226],[],[],1,0
1.5,24,[0.00809],[],[],1,0
1.5,25,[0.00598],[],[],1,0
1.5,26,[0.02226],[],[],1,0
1.5,27,[0.00511],[],[],1,0
1.5,28,[0.02173],[],[],1,0
1.5,29,[0.02896],[],[],1,0
1.5,30,[0.01675],[],[],1,0
1.5,31,[0.04338],[],[],1,0
1.5,32,[0.00231],[],[],1,0
1.5,33,[0.00638],[],[],1,0
1.5,34,[0.01976],[],[],1,0
1.5,35,[0.01133],[],[],1,0
1.5,36,[0.01672],[],[],1,0
1.5,37,[0.02553],[],[],1,0
1.5,38,[0.01579],[],[],1,0
1.5,39,[0.03053],[],[],1,0
1.5,40,[0.01199],[],[],1,0
1.5,41,[0.03702],[],[],1,0
1.5,42,[0.01825],[],[],1,0
1.5,43,[0.01716],[],[],1,0
1.5,44,[0.02207],[],[],1,0
1.5,45,[0.05227],[],[],1,0
1.5,46,[0.03257],[],[],1,0
1.5,47,[0.01325],[],[],1,0
1.5,48,[0.00263, 0.06183],[],[],2,0
1.5,49,[0.03713],[],[],1,0
1.5,50,[0.00283],[],[],1,0
1.5,51,[0.01536],[],[],1,0
1.5,52,[0.00437],[],[],1,0
1.5,53,[],[],[],0,0
1.5,54,[0.00907],[],[],1,0
1.5,55,[0.00245],[],[],1,0
1.5,56,[0.01337],[],[],1,0
1.5,57,[0.0045],[],[],1,0
1.5,58,[0.0095],[],[],1,0
1.5,59,[0.00227],[],[],1,0
1.5,60,[0.02728],[],[],1,0
1.5,61,[0.01655],[],[],1,0
1.5,62,[0.04517],[],[],1,0
1.5,63,[0.01583],[],[],1,0
1.5,64,[0.00262],[],[],1,0
1.5,65,[0.00717, 0.06176],[],[],2,0
1.5,66,[0.04869],[],[],1,0
1.5,67,[0.00791],[],[],1,0
1.5,68,[0.01334],[],[],1,0
1.5,69,[0.00164],[],[],1,0
1.5,70,[0.00669],[],[],1,0
1.5,71,[0.018],[],[],1,0
1.5,72,[0.00365],[],[],1,0
1.5,73,[0.01484],[],[],1,0
1.5,74,[0.00635],[],[],1,0
1.5,75,[0.00584],[],[],1,0
1.5,76,[0.00367],[],[],1,0
1.5,77,[0.00601],[],[],1,0
1.5,78,[0.02939],[],[],1,0
1.5,79,[0.0173],[],[],1,0
1.5,80,[0.00677],[],[],1,0
1.5,81,[0.03815],[],[],1,0
1.5,82,[0.00172],[],[],1,0
1.5,83,[0.01893],[],[],1,0
1.5,84,[0.01895],[],[],1,0
1.5,85,[0.01895],[],[],1,0
1.5,86,[0.00766],[],[],1,0
1.5,87,[0.01322],[],[],1,0
1.5,88,[0.01009],[],[],1,0
1.5,89,[0.02029],[],[],1,0
1.5,90,[0.02152],[],[],1,0
1.5,91,[0.04017],[],[],1,0
1.5,92,[0.01177],[],[],1,0
1.5,93,[0.00714],[],[],1,0
1.5,94,[0.00913],[],[],1,0
1.5,95,[0.02304],[],[],1,0
1.5,96,[0.02155],[],[],1,0
1.5,97,[0.00348, 0.0228],[],[],2,0
1.5,98,[0.00389],[],[],1,0
1.5,99,[0.01958],[],[],1,0
1.5,100,[0.0114],[],[],1,0
1.5,101,[0.02189],[],[],1,0
1.5,102,[0.00913],[],[],1,0
1.5,103,[0.01029],[],[],1,0
1.5,104,[0.01408],[],[],1,0
1.5,105,[0.04339],[],[],1,0
1.5,106,[0.00502],[],[],1,0
1.5,107,[0.00754],[],[],1,0
1.5,108,[0.03197],[],[],1,0
1.5,109,[0.00143, 0.01437],[],[],2,0
1.5,110,[0.02056],[],[],1,0
1.5,111,[0.05484],[],[],1,0
1.5,112,[0.00024, 0.00491],[],[],2,0
1.5,113,[0.01716],[],[],1,0
1.5,114,[0.02838],[],[],1,0
1.5,115,[0.02971],[],[],1,0
1.5,116,[0.02764],[],[],1,0
1.5,117,[0.01328],[],[],1,0
1.5,118,[0.02623],[],[],1,0
1.5,119,[0.05558],[],[],1,0
1.5,120,[0.00522],[],[],1,0
1.5,121,[0.02376],[],[],1,0
1.5,122,[0.05731],[],[],1,0
1.5,123,[0.05001],[],[],1,0
1.5,124,[0.03591],[],[],1,0
1.5,125,[0.00406, 0.00226],[],[],2,0
1.5,126,[0.01366],[],[],1,0
1.5,127,[0.06661],[],[],1,0
1.5,128,[0.02971],[],[],1,0
1.5,129,[0.00498],[],[],1,0
1.5,130,[0.00094, 0.05343],[],[],2,0
1.5,131,[0.00322],[],[],1,0
1.5,132,[0.019],[],[],1,0
1.5,133,[0.02219],[],[],1,0
1.5,134,[0.01668],[],[],1,0
1.5,135,[0.05531],[],[],1,0
1.5,136,[0.01264],[],[],1,0
1.5,137,[0.0387],[],[],1,0
1.5,138,[0.01374],[],[],1,0
1.5,139,[0.00494],[],[],1,0
1.5,140,[0.04021],[],[],1,0
1.5,141,[0.0148],[],[],1,0
1.5,142,[0.00578],[],[],1,0
1.5,143,[0.02235],[],[],1,0
1.5,144,[0.00209],[],[],1,0
1.5,145,[0.00134, 0.02848],[],[],2,0
1.5,146,[0.03103],[],[],1,0
1.5,147,[0.01443],[],[],1,0
1.5,148,[0.01459],[],[],1,0
1.5,149,[0.01094],[],[],1,0
1.5,150,[0.02546],[],[],1,0
1.5,151,[0.04552],[],[],1,0
1.5,152,[0.06319],[],[],1,0
1.5,153,[0.00633],[],[],1,0
1.5,154,[0.02112],[],[],1,0
1.5,155,[0.01689],[],[],1,0
1.5,156,[0.00282],[],[],1,0
1.5,157,[0.07102],[],[],1,0
1.5,158,[0.00096, 0.05146],[],[],2,0
1.5,159,[0.01688],[],[],1,0
1.5,160,[0.03149],[],[],1,0
1.5,161,[0.00522],[],[],1,0
1.5,162,[0.05775],[],[],1,0
1.5,163,[0.03045],[],[],1,0
1.5,164,[0.01933],[],[],1,0
1.5,165,[0.02237],[],[],1,0
1.5,166,[0.02385],[],[],1,0
1.5,167,[0.01129],[],[],1,0
1.5,168,[0.00191, 0.02645],[],[],2,0
1.5,169,[0.02046],[],[],1,0
1.5,170,[0.01058],[],[],1,0
1.5,171,[0.01898],[],[],1,0
1.5,172,[0.03342],[],[],1,0
1.5,173,[0.00361],[],[],1,0
1.5,174,[0.00281, 0.01129],[],[],2,0
1.5,175,[0.00268],[],[],1,0
1.5,176,[],[],[],0,0
1.5,177,[0.01102],[],[],1,0
1.5,178,[0.02825],[],[],1,0
1.5,179,[0.04362],[],[],1,0
1.5,180,[0.00687],[],[],1,0
1.5,181,[0.02841],[],[],1,0
1.5,182,[0.01944],[],[],1,0
1.5,183,[0.02982],[],[],1,0
1.5,184,[0.03366],[],[],1,0
1.5,185,[0.0005, 0.06997],[],[],2,0
1.5,186,[0.064],[],[],1,0
1.5,187,[0.03322],[],[],1,0
1.5,188,[0.01462],[],[],1,0
1.5,189,[0.02979],[],[],1,0
1.5,190,[0.00193],[],[],1,0
1.5,191,[0.01427],[],[],1,0
1.5,192,[0.00167, 0.02971],[],[],2,0
1.5,193,[0.00499],[],[],1,0
1.5,194,[0.00973],[],[],1,0
1.5,195,[0.02936],[],[],1,0
1.5,196,[0.0132],[],[],1,0
1.5,197,[0.01483],[],[],1,0
1.5,198,[0.02281],[],[],1,0
1.5,199,[0.02048],[],[],1,0

