1.5,0,[0.02749],[],[],1,0
1.5,1,[0.03633],[],[],1,0
1.5,2,[0.00657],[],[],1,0
1.5,3,[0.02804],[],[],1,0
1.5,4,[0.0223],[],[],1,0
1.5,5,[0.02104],[],[],1,0
1.5,6,[0.02509],[],[],1,0
1.5,7,[0.01641],[],[],1,0
1.5,8,[0.00997],[],[],1,0
1.5,9,[0.00024, 0.04809],[],[],2,0
1.5,10,[0.02077],[],[],1,0
1.5,11,[],[],[],0,0
1.5,12,[0.02486],[],[],1,0
1.5,13,[0.02219],[],[],1,0
1.5,14,[0.00805],[],[],1,0
1.5,15,[0.03775],[],[],1,0
1.5,16,[0.06528],[],[],1,0
1.5,17,[0.04385],[],[],1,0
1.5,18,[0.00565],[],[],1,0
1.5,19,[0.00183],[],[],1,0
1.5,20,[0.00363],[],[],1,0
1.5,21,[0.02335],[],[],1,0
1.5,22,[0.02064],[],[],1,0
1.5,23,[0.006],[],[],1,0
1.5,24,[0.03511],[],[],1,0
1.5,25,[0.00595],[],[],1,0
1.5,26,[0.03764],[],[],1,0
1.5,27,[0.02096],[],[],1,0
1.5,28,[0.02565],[],[],1,0
1.5,29,[],[],[],0,0
1.5,30,[0.00351, 0.03288],[],[],2,0
1.5,31,[0.00672],[],[],1,0
1.5,32,[],[],[],0,0
1.5,33,[0.00911],[],[],1,0
1.5,34,[0.01137],[],[],1,0
1.5,35,[0.01465],[],[],1,0
1.5,36,[0.03287],[],[],1,0
1.5,37,[0.03181],[],[],1,0
1.5,38,[0.00675],[],[],1,0
1.5,39,[0.02157],[],[],1,0
1.5,40,[0.01007],[],[],1,0
1.5,41,[0.02137],[],[],1,0
1.5,42,[0.02844],[],[],1,0
1.5,43,[0.00987],[],[],1,0
1.5,44,[0.0075],[],[],1,0
1.5,45,[0.01144],[],[],1,0
1.5,46,[],[],[],0,0
1.5,47,[0.01341],[],[],1,0
1.5,48,[0.00479],[],[],1,0
1.5,49,[0.01491],[],[],1,0
1.5,50,[0.03181],[],[],1,0
1.5,51,[0.0098],[],[],1,0
1.5,52,[],[],[],0,0
1.5,53,[0.00587],[],[],1,0
1.5,54,[0.01855],[],[],1,0
1.5,55,[0.01534],[],[],1,0
1.5,56,[0.01738],[],[],1,0
1.5,57,[0.02109],[],[],1,0
1.5,58,[0.02508],[],[],1,0
1.5,59,[0.00572],[],[],1,0
1.5,60,[0.02942],[],[],1,0
1.5,61,[0.01689],[],[],1,0
1.5,62,[0.00669],[],[],1,0
1.5,63,[0.00385],[],[],1,0
1.5,64,[0.0089],[],[],1,0
1.5,65,[0.04136],[],[],1,0
1.5,66,[0.03156],[],[],1,0
1.5,67,[0.00724],[],[],1,0
1.5,68,[0.01409],[],[],1,0
1.5,69,[0.00256, 0.00237],[],[],2,0
1.5,70,[0.0061],[],[],1,0
1.5,71,[0.03819],[],[],1,0
1.5,72,[0.05166],[],[],1,0
1.5,73,[0.01102],[],[],1,0
1.5,74,[0.03988],[],[],1,0
1.5,75,[0.00077, 0.01365],[],[],2,0
1.5,76,[0.01169, 0.01311],[],[],2,0
1.5,77,[0.01209],[],[],1,0
1.5,78,[0.05217],[],[],1,0
1.5,79,[0.02116],[],[],1,0
1.5,80,[0.02549],[],[],1,0
1.5,81,[0.0306],[],[],1,0
1.5,82,[0.00438],[],[],1,0
1.5,83,[0.02063],[],[],1,0
1.5,84,[0.00177],[],[],1,0
1.5,85,[0.01137],[],[],1,0
1.5,86,[0.02502],[],[],1,0
1.5,87,[0.00681],[],[],1,0
1.5,88,[0.01876],[],[],1,0
1.5,89,[0.01798],[],[],1,0
1.5,90,[0.0218],[],[],1,0
1.5,91,[0.00636],[],[],1,0
1.5,92,[0.02303],[],[],1,0
1.5,93,[0.00537],[],[],1,0
1.5,94,[0.02025],[],[],1,0
1.5,95,[0.02315],[],[],1,0
1.5,96,[0.00797],[],[],1,0
1.5,97,[0.05621],[],[],1,0
1.5,98,[0.0053],[],[],1,0
1.5,99,[0.01844],[],[],1,0
1.5,100,[0.02884],[],[],1,0
1.5,101,[0.03792],[],[],1,0
1.5,102,[0.05922],[],[],1,0
1.5,103,[0.03312],[],[],1,0
1.5,104,[0.02042],[],[],1,0
1.5,105,[0.0116],[],[],1,0
1.5,106,[0.02369],[],[],1,0
1.5,107,[0.01753],[],[],1,0
1.5,108,[0.01901],[],[],1,0
1.5,109,[0.00854],[],[],1,0
1.5,110,[0.04098],[],[],1,0
1.5,111,[0.00448, 0.06243],[],[],2,0
1.5,112,[0.02951],[],[],1,0
1.5,113,[0.00248],[],[],1,0
1.5,114,[0.02001],[],[],1,0
1.5,115,[0.05809],[],[],1,0
1.5,116,[0.01148],[],[],1,0
1.5,117,[0.00643],[],[],1,0
1.5,118,[0.03133],[],[],1,0
1.5,119,[0.00022, 0.03023],[],[],2,0
1.5,120,[0.00465],[],[],1,0
1.5,121,[0.00637],[],[],1,0
1.5,122,[0.00687],[],[],1,0
1.5,123,[0.01527],[],[],1,0
1.5,124,[0.03337],[],[],1,0
1.5,125,[0.0092],[],[],1,0
1.5,126,[0.02632],[],[],1,0
1.5,127,[0.03025],[],[],1,0
1.5,128,[0.03235],[],[],1,0
1.5,129,[0.00867],[],[],1,0
1.5,130,[0.02624],[],[],1,0
1.5,131,[0.00851],[],[],1,0
1.5,132,[0.01673],[],[],1,0
1.5,133,[0.00333],[],[],1,0
1.5,134,[0.02172],[],[],1,0
1.5,135,[0.0093],[],[],1,0
1.5,136,[0.00494],[],[],1,0
1.5,137,[0.02416],[],[],1,0
1.5,138,[0.02749],[],[],1,0
1.5,139,[0.00427],[],[],1,0
1.5,140,[0.00412],[],[],1,0
1.5,141,[0.08307],[],[],1,0
1.5,142,[0.04523],[],[],1,0
1.5,143,[0.00363],[],[],1,0
1.5,144,[0.02251],[],[],1,0
1.5,145,[0.01516],[],[],1,0
1.5,146,[0.00805],[],[],1,0
1.5,147,[0.04897],[],[],1,0
1.5,148,[0.01307],[],[],1,0
1.5,149,[0.01436],[],[],1,0
1.5,150,[0.02803],[],[],1,0
1.5,151,[0.00239],[],[],1,0
1.5,152,[0.0013, 0.01141],[],[],2,0
1.5,153,[0.00935],[],[],1,0
1.5,154,[0.0303],[],[],1,0
1.5,155,[0.01605],[],[],1,0
1.5,156,[0.02251],[],[],1,0
1.5,157,[0.00245, 0.00105, 0.04192],[],[],3,0
1.5,158,[0.02181],[],[],1,0
1.5,159,[0.01181, 0.01071],[],[],2,0
1.5,160,[0.00083, 0.01013],[],[],2,0
1.5,161,[0.00285, 0.01107],[],[],2,0
1.5,162,[0.01505],[],[],1,0
1.5,163,[0.01241],[],[],1,0
1.5,164,[0.03046],[],[],1,0
1.5,165,[0.01191],[],[],1,0
1.5,166,[0.02521],[],[],1,0
1.5,167,[0.00292, 0.04411],[],[],2,0
1.5,168,[0.00952],[],[],1,0
1.5,169,[0.00512],[],[],1,0
1.5,170,[0.00504, 0.00668],[],[],2,0
1.5,171,[0.00227, 0.03864],[],[],2,0
1.5,172,[0.00838],[],[],1,0
1.5,173,[0.00478],[],[],1,0
1.5,174,[0.00396],[],[],1,0
1.5,175,[0.0084],[],[],1,0
1.5,176,[0.00157],[],[],1,0
1.5,177,[0.01917],[],[],1,0
1.5,178,[0.0229],[],[],1,0
1.5,179,[0.0366],[],[],1,0
1.5,180,[0.01964],[],[],1,0
1.5,181,[0.01395],[],[],1,0
1.5,182,[0.01715],[],[],1,0
1.5,183,[0.01575],[],[],1,0
1.5,184,[0.0115],[],[],1,0
1.5,185,[0.01157],[],[],1,0
1.5,186,[0.02302],[],[],1,0
1.5,187,[0.01868],[],[],1,0
1.5,188,[0.05992],[],[],1,0
1.5,189,[0.02405],[],[],1,0
1.5,190,[0.04826],[],[],1,0
1.5,191,[0.04061],[],[],1,0
1.5,192,[0.00725],[],[],1,0
1.5,193,[0.00392],[],[],1,0
1.5,194,[0.02023],[],[],1,0
1.5,195,[0.02659],[],[],1,0
1.5,196,[0.00262],[],[],1,0
1.5,197,[0.01214],[],[],1,0
1.5,198,[0.03903],[],[],1,0
1.5,199,[0.0155],[],[],1,0

