1.5,0,[0.02105],[],[],1,0
1.5,1,[0.01012],[],[],1,0
1.5,2,[0.00181, 0.02192],[],[],2,0
1.5,3,[0.02372],[],[],1,0
1.5,4,[0.03336],[],[],1,0
1.5,5,[0.03432],[],[],1,0
1.5,6,[0.02101],[],[],1,0
1.5,7,[0.01442],[],[],1,0
1.5,8,[],[],[],0,0
1.5,9,[0.00261],[],[],1,0
1.5,10,[0.02168],[],[],1,0
1.5,11,[0.01032],[],[],1,0
1.5,12,[0.01604],[],[],1,0
1.5,13,[0.01014],[],[],1,0
1.5,14,[0.01533],[],[],1,0
1.5,15,[0.02154],[],[],1,0
1.5,16,[0.01826],[],[],1,0
1.5,17,[0.02051],[],[],1,0
1.5,18,[0.0126],[],[],1,0
1.5,19,[0.0277],[],[],1,0
1.5,20,[0.00436],[],[],1,0
1.5,21,[0.00321, 0.01979],[],[],2,0
1.5,22,[0.02417],[],[],1,0
1.5,23,[0.00659],[],[],1,0
1.5,24,[0.01428],[],[],1,0
1.5,25,[0.04749],[],[],1,0
1.5,26,[0.01186],[],[],1,0
1.5,27,[0.03763],[],[],1,0
1.5,28,[0.01964],[],[],1,0
1.5,29,[0.00755],[],[],1,0
1.5,30,[0.02432],[],[],1,0
1.5,31,[0.02902],[],[],1,0
1.5,32,[],[],[],0,0
1.5,33,[0.02154],[],[],1,0
1.5,34,[0.01098],[],[],1,0
1.5,35,[0.0223],[],[],1,0
1.5,36,[],[],[],0,0
1.5,37,[0.06598],[],[],1,0
1.5,38,[0.01987],[],[],1,0
1.5,39,[0.00586],[],[],1,0
1.5,40,[0.01288],[],[],1,0
1.5,41,[0.02164],[],[],1,0
1.5,42,[0.01323],[],[],1,0
1.5,43,[0.00346, 0.02981],[],[],2,0
1.5,44,[0.0088],[],[],1,0
1.5,45,[0.01207],[],[],1,0
1.5,46,[0.01579],[],[],1,0
1.5,47,[0.00516],[],[],1,0
1.5,48,[0.0295],[],[],1,0
1.5,49,[0.02758],[],[],1,0
1.5,50,[0.0277],[],[],1,0
1.5,51,[0.00262, 0.01633],[],[],2,0
1.5,52,[0.0016],[],[],1,0
1.5,53,[0.01457],[],[],1,0
1.5,54,[0.02109],[],[],1,0
1.5,55,[0.00724],[],[],1,0
1.5,56,[0.00169],[],[],1,0
1.5,57,[0.03532],[],[],1,0
1.5,58,[0.01621],[],[],1,0
1.5,59,[0.00049],[],[],1,0
1.5,60,[0.00294, 0.04707],[],[],2,0
1.5,61,[0.00175, 0.01111],[],[],2,0
1.5,62,[0.02679],[],[],1,0
1.5,63,[0.0203],[],[],1,0
1.5,64,[0.02059],[],[],1,0
1.5,65,[0.01131],[],[],1,0
1.5,66,[0.02395],[],[],1,0
1.5,67,[0.03484],[],[],1,0
1.5,68,[0.00399],[],[],1,0
1.5,69,[0.00915],[],[],1,0
1.5,70,[0.01823],[],[],1,0
1.5,71,[0.01516],[],[],1,0
1.5,72,[0.01988],[],[],1,0
1.5,73,[0.01798],[],[],1,0
1.5,74,[0.01102],[],[],1,0
1.5,75,[0.00998],[],[],1,0
1.5,76,[0.00195, 0.01773],[],[],2,0
1.5,77,[0.02185],[],[],1,0
1.5,78,[0.00608],[],[],1,0
1.5,79,[0.03376],[],[],1,0
1.5,80,[0.0816],[],[],1,0
1.5,81,[0.02262],[],[],1,0
1.5,82,[0.00387],[],[],1,0
1.5,83,[0.02663],[],[],1,0
1.5,84,[0.02558],[],[],1,0
1.5,85,[0.03474],[],[],1,0
1.5,86,[],[],[],0,0
1.5,87,[0.03397],[],[],1,0
1.5,88,[0.02605],[],[],1,0
1.5,89,[0.02127],[],[],1,0
1.5,90,[0.02509],[],[],1,0
1.5,91,[0.03471],[],[],1,0
1.5,92,[0.01788],[],[],1,0
1.5,93,[0.00776],[],[],1,0
1.5,94,[0.009],[],[],1,0
1.5,95,[0.0084],[],[],1,0
1.5,96,[0.00452],[],[],1,0
1.5,97,[0.00525],[],[],1,0
1.5,98,[0.00267],[],[],1,0
1.5,99,[0.0107],[],[],1,0
1.5,100,[0.01692],[],[],1,0
1.5,101,[0.02576],[],[],1,0
1.5,102,[0.00616],[],[],1,0
1.5,103,[0.00795],[],[],1,0
1.5,104,[0.07273],[],[],1,0
1.5,105,[0.02959],[],[],1,0
1.5,106,[0.0185],[],[],1,0
1.5,107,[0.00171, 0.02341],[],[],2,0
1.5,108,[0.01011],[],[],1,0
1.5,109,[0.01951],[],[],1,0
1.5,110,[0.01236],[],[],1,0
1.5,111,[0.06616],[],[],1,0
1.5,112,[0.04498],[],[],1,0
1.5,113,[0.00669],[],[],1,0
1.5,114,[0.01989],[],[],1,0
1.5,115,[0.02455],[],[],1,0
1.5,116,[0.03335],[],[],1,0
1.5,117,[0.01553],[],[],1,0
1.5,118,[0.01244],[],[],1,0
1.5,119,[0.00545],[],[],1,0
1.5,120,[0.0051],[],[],1,0
1.5,121,[0.0067],[],[],1,0
1.5,122,[0.00992],[],[],1,0
1.5,123,[0.01919],[],[],1,0
1.5,124,[0.01536],[],[],1,0
1.5,125,[0.00471],[],[],1,0
1.5,126,[0.05428],[],[],1,0
1.5,127,[0.05772],[],[],1,0
1.5,128,[0.01009],[],[],1,0
1.5,129,[0.01045],[],[],1,0
1.5,130,[0.00887],[],[],1,0
1.5,131,[0.01596],[],[],1,0
1.5,132,[0.01942],[],[],1,0
1.5,133,[0.00594],[],[],1,0
1.5,134,[0.02307],[],[],1,0
1.5,135,[0.00046, 0.00377],[],[],2,0
1.5,136,[0.03468],[],[],1,0
1.5,137,[0.00962],[],[],1,0
1.5,138,[0.0084],[],[],1,0
1.5,139,[0.01279],[],[],1,0
1.5,140,[0.00902],[],[],1,0
1.5,141,[0.00181, 0.01325],[],[],2,0
1.5,142,[0.00348],[],[],1,0
1.5,143,[0.00805],[],[],1,0
1.5,144,[0.03762],[],[],1,0
1.5,145,[0.06759],[],[],1,0
1.5,146,[0.01562],[],[],1,0
1.5,147,[0.03276],[],[],1,0
1.5,148,[0.03089],[],[],1,0
1.5,149,[0.01541],[],[],1,0
1.5,150,[0.0627],[],[],1,0
1.5,151,[0.01609],[],[],1,0
1.5,152,[0.02068],[],[],1,0
1.5,153,[0.00767],[],[],1,0
1.5,154,[0.0134],[],[],1,0
1.5,155,[0.03178],[],[],1,0
1.5,156,[0.01951],[],[],1,0
1.5,157,[0.01903],[],[],1,0
1.5,158,[0.02149],[],[],1,0
1.5,159,[0.03378],[],[],1,0
1.5,160,[0.05096],[],[],1,0
1.5,161,[0.02936],[],[],1,0
1.5,162,[0.01589],[],[],1,0
1.5,163,[0.00406],[],[],1,0
1.5,164,[0.00873],[],[],1,0
1.5,165,[0.0181],[],[],1,0
1.5,166,[0.01164],[],[],1,0
1.5,167,[0.02518],[],[],1,0
1.5,168,[0.00523],[],[],1,0
1.5,169,[0.01648],[],[],1,0
1.5,170,[0.01379],[],[],1,0
1.5,171,[0.0266],[],[],1,0
1.5,172,[0.01089],[],[],1,0
1.5,173,[0.01635],[],[],1,0
1.5,174,[0.03451],[],[],1,0
1.5,175,[],[],[],0,0
1.5,176,[0.02288],[],[],1,0
1.5,177,[0.00467],[],[],1,0
1.5,178,[0.00417],[],[],1,0
1.5,179,[0.01428],[],[],1,0
1.5,180,[0.00375],[],[],1,0
1.5,181,[0.01669],[],[],1,0
1.5,182,[0.03859],[],[],1,0
1.5,183,[0.01716],[],[],1,0
1.5,184,[0.04428],[],[],1,0
1.5,185,[0.03215],[],[],1,0
1.5,186,[],[],[],0,0
1.5,187,[0.00139, 0.03044],[],[],2,0
1.5,188,[0.00435],[],[],1,0
1.5,189,[0.0313],[],[],1,0
1.5,190,[0.0076],[],[],1,0
1.5,191,[0.04637],[],[],1,0
1.5,192,[0.00789],[],[],1,0
1.5,193,[0.0187],[],[],1,0
1.5,194,[0.02923],[],[],1,0
1.5,195,[0.01396],[],[],1,0
1.5,196,[0.05786],[],[],1,0
1.5,197,[],[],[],0,0
1.5,198,[0.03669],[],[],1,0
1.5,199,[0.01023],[],[],1,0

