1.5,0,[0.01181],[],[],1,0
1.5,1,[0.00851],[],[],1,0
1.5,2,[0.00719],[],[],1,0
1.5,3,[0.02675],[],[],1,0
1.5,4,[0.02389],[],[],1,0
1.5,5,[0.00464, 0.01567],[],[],2,0
1.5,6,[0.01305],[],[],1,0
1.5,7,[0.00071, 0.02211],[],[],2,0
1.5,8,[0.01082],[],[],1,0
1.5,9,[0.00761],[],[],1,0
1.5,10,[0.01838],[],[],1,0
1.5,11,[0.00435, 0.04689],[],[],2,0
1.5,12,[0.0052],[],[],1,0
1.5,13,[0.01272],[],[],1,0
1.5,14,[0.03434],[],[],1,0
1.5,15,[0.00389, 0.02763],[],[],2,0
1.5,16,[0.01764],[],[],1,0
1.5,17,[0.00611],[],[],1,0
1.5,18,[0.01274],[],[],1,0
1.5,19,[0.02543],[],[],1,0
1.5,20,[0.03168],[],[],1,0
1.5,21,[0.03246],[],[],1,0
1.5,22,[0.0074],[],[],1,0
1.5,23,[0.0379],[],[],1,0
1.5,24,[0.0156],[],[],1,0
1.5,25,[0.01508],[],[],1,0
1.5,26,[0.02244],[],[],1,0
1.5,27,[0.00468],[],[],1,0
1.5,28,[],[],[],0,0
1.5,29,[0.01958],[],[],1,0
1.5,30,[0.02811],[],[],1,0
1.5,31,[0.00719, 0.04303],[],[],2,0
1.5,32,[0.00232],[],[],1,0
1.5,33,[0.05396],[],[],1,0
1.5,34,[0.03239],[],[],1,0
1.5,35,[0.00788],[],[],1,0
1.5,36,[0.04557],[],[],1,0
1.5,37,[0.03098],[],[],1,0
1.5,38,[0.00055, 0.00689],[],[],2,0
1.5,39,[0.0555],[],[],1,0
1.5,40,[0.00309],[],[],1,0
1.5,41,[0.01937],[],[],1,0
1.5,42,[0.0035, 0.02335],[],[],2,0
1.5,43,[0.01434],[],[],1,0
1.5,44,[0.0262],[],[],1,0
1.5,45,[0.01057],[],[],1,0
1.5,46,[0.04863],[],[],1,0
1.5,47,[0.03468],[],[],1,0
1.5,48,[0.02374],[],[],1,0
1.5,49,[0.04168],[],[],1,0
1.5,50,[0.00583],[],[],1,0
1.5,51,[0.01315],[],[],1,0
1.5,52,[0.01317],[],[],1,0
1.5,53,[0.00501],[],[],1,0
1.5,54,[0.01368],[],[],1,0
1.5,55,[0.03594],[],[],1,0
1.5,56,[0.01158],[],[],1,0
1.5,57,[0.0075],[],[],1,0
1.5,58,[0.03284],[],[],1,0
1.5,59,[0.01359],[],[],1,0
1.5,60,[0.0056],[],[],1,0
1.5,61,[0.00317],[],[],1,0
1.5,62,[0.01085],[],[],1,0
1.5,63,[0.0061],[],[],1,0
1.5,64,[0.01796],[],[],1,0
1.5,65,[0.00757],[],[],1,0
1.5,66,[0.0093],[],[],1,0
1.5,67,[0.01171],[],[],1,0
1.5,68,[0.00336, 0.05237],[],[],2,0
1.5,69,[0.01981],[],[],1,0
1.5,70,[0.05194],[],[],1,0
1.5,71,[0.01515],[],[],1,0
1.5,72,[0.01656],[],[],1,0
1.5,73,[0.03944],[],[],1,0
1.5,74,[0.00882],[],[],1,0
1.5,75,[0.0009],[],[],1,0
1.5,76,[0.02809],[],[],1,0
1.5,77,[0.01699],[],[],1,0
1.5,78,[0.01521],[],[],1,0
1.5,79,[],[],[],0,0
1.5,80,[0.00125, 0.01519],[],[],2,0
1.5,81,[0.00976],[],[],1,0
1.5,82,[0.01026],[],[],1,0
1.5,83,[0.02986],[],[],1,0
1.5,84,[0.0071],[],[],1,0
1.5,85,[0.00623],[],[],1,0
1.5,86,[0.00301, 0.03303],[],[],2,0
1.5,87,[0.0234],[],[],1,0
1.5,88,[0.02083],[],[],1,0
1.5,89,[0.00694],[],[],1,0
1.5,90,[],[],[],0,0
1.5,91,[0.02987],[],[],1,0
1.5,92,[0.02969],[],[],1,0
1.5,93,[0.0102],[],[],1,0
1.5,94,[0.03071],[],[],1,0
1.5,95,[0.01048],[],[],1,0
1.5,96,[0.00502],[],[],1,0
1.5,97,[0.00816],[],[],1,0
1.5,98,[0.01199],[],[],1,0
1.5,99,[0.03006],[],[],1,0
1.5,100,[0.03593],[],[],1,0
1.5,101,[0.01071],[],[],1,0
1.5,102,[0.01172],[],[],1,0
1.5,103,[0.00676],[],[],1,0
1.5,104,[0.00834],[],[],1,0
1.5,105,[0.04458],[],[],1,0
1.5,106,[0.01987],[],[],1,0
1.5,107,[0.0146],[],[],1,0
1.5,108,[0.02185],[],[],1,0
1.5,109,[0.02701],[],[],1,0
1.5,110,[7e-05, 0.06485],[],[],2,0
1.5,111,[0.00553],[],[],1,0
1.5,112,[],[],[],0,0
1.5,113,[0.02243],[],[],1,0
1.5,114,[0.02002],[],[],1,0
1.5,115,[0.00232],[],[],1,0
1.5,116,[0.01857],[],[],1,0
1.5,117,[0.03508],[],[],1,0
1.5,118,[0.01815],[],[],1,0
1.5,119,[0.00903],[],[],1,0
1.5,120,[0.07412],[],[],1,0
1.5,121,[0.01732],[],[],1,0
1.5,122,[0.01991],[],[],1,0
1.5,123,[0.00511],[],[],1,0
1.5,124,[0.01503],[],[],1,0
1.5,125,[0.04031],[],[],1,0
1.5,126,[0.01344],[],[],1,0
1.5,127,[0.0113],[],[],1,0
1.5,128,[0.01011],[],[],1,0
1.5,129,[0.01927],[],[],1,0
1.5,130,[0.02519],[],[],1,0
1.5,131,[0.02647],[],[],1,0
1.5,132,[0.01432],[],[],1,0
1.5,133,[0.01354],[],[],1,0
1.5,134,[0.04477],[],[],1,0
1.5,135,[0.00096, 0.01033],[],[],2,0
1.5,136,[0.03335],[],[],1,0
1.5,137,[0.02701],[],[],1,0
1.5,138,[0.07001],[],[],1,0
1.5,139,[],[],[],0,0
1.5,140,[0.02826],[],[],1,0
1.5,141,[0.00801],[],[],1,0
1.5,142,[0.01898],[],[],1,0
1.5,143,[0.01118],[],[],1,0
1.5,144,[],[],[],0,0
1.5,145,[0.08212],[],[],1,0
1.5,146,[0.00219],[],[],1,0
1.5,147,[0.01412],[],[],1,0
1.5,148,[0.01177],[],[],1,0
1.5,149,[0.01473],[],[],1,0
1.5,150,[0.04004],[],[],1,0
1.5,151,[0.02497],[],[],1,0
1.5,152,[0.01344],[],[],1,0
1.5,153,[0.01004],[],[],1,0
1.5,154,[0.01057],[],[],1,0
1.5,155,[0.01339],[],[],1,0
1.5,156,[0.03252],[],[],1,0
1.5,157,[0.01182],[],[],1,0
1.5,158,[0.00888],[],[],1,0
1.5,159,[0.01526],[],[],1,0
1.5,160,[0.00071, 0.07016],[],[],2,0
1.5,161,[0.00276],[],[],1,0
1.5,162,[0.01696],[],[],1,0
1.5,163,[0.01627],[],[],1,0
1.5,164,[0.02241],[],[],1,0
1.5,165,[0.03151],[],[],1,0
1.5,166,[0.01877],[],[],1,0
1.5,167,[],[],[],0,0
1.5,168,[0.01599],[],[],1,0
1.5,169,[0.00654],[],[],1,0
1.5,170,[0.04025],[],[],1,0
1.5,171,[0.01738],[],[],1,0
1.5,172,[0.00383],[],[],1,0
1.5,173,[0.02756],[],[],1,0
1.5,174,[0.01597],[],[],1,0
1.5,175,[0.04523],[],[],1,0
1.5,176,[0.01867],[],[],1,0
1.5,177,[0.0164],[],[],1,0
1.5,178,[0.02628],[],[],1,0
1.5,179,[0.01092],[],[],1,0
1.5,180,[0.01638],[],[],1,0
1.5,181,[0.02268],[],[],1,0
1.5,182,[0.01179],[],[],1,0
1.5,183,[0.01307],[],[],1,0
1.5,184,[0.00623],[],[],1,0
1.5,185,[0.01367],[],[],1,0
1.5,186,[0.02051],[],[],1,0
1.5,187,[0.02535],[],[],1,0
1.5,188,[0.00213],[],[],1,0
1.5,189,[0.0126],[],[],1,0
1.5,190,[0.00073, 0.01495],[],[],2,0
1.5,191,[0.0204],[],[],1,0
1.5,192,[0.0214],[],[],1,0
1.5,193,[0.0384],[],[],1,0
1.5,194,[0.02333],[],[],1,0
1.5,195,[0.0257],[],[],1,0
1.5,196,[0.0101],[],[],1,0
1.5,197,[0.00508],[],[],1,0
1.5,198,[0.00507],[],[],1,0
1.5,199,[0.00023, 0.03428],[],[],2,0

