1.5,0,[0.02963],[],[],1,0
1.5,1,[0.01856],[],[],1,0
1.5,2,[0.01711],[],[],1,0
1.5,3,[0.00969],[],[],1,0
1.5,4,[0.01267],[],[],1,0
1.5,5,[0.00795],[],[],1,0
1.5,6,[0.04303],[],[],1,0
1.5,7,[0.00143, 0.03609],[],[],2,0
1.5,8,[0.03587],[],[],1,0
1.5,9,[0.04117],[],[],1,0
1.5,10,[0.01165],[],[],1,0
1.5,11,[0.01719],[],[],1,0
1.5,12,[0.01294],[],[],1,0
1.5,13,[0.02111],[],[],1,0
1.5,14,[0.002, 0.02499],[],[],2,0
1.5,15,[0.02103],[],[],1,0
1.5,16,[0.01603],[],[],1,0
1.5,17,[0.03629],[],[],1,0
1.5,18,[0.03057],[],[],1,0
1.5,19,[0.00171, 0.01074],[],[],2,0
1.5,20,[0.02628],[],[],1,0
1.5,21,[0.02427],[],[],1,0
1.5,22,[0.00627, 0.05126],[],[],2,0
1.5,23,[0.02187],[],[],1,0
1.5,24,[0.02944],[],[],1,0
1.5,25,[0.01079],[],[],1,0
1.5,26,[0.01667],[],[],1,0
1.5,27,[0.03132],[],[],1,0
1.5,28,[0.00526],[],[],1,0
1.5,29,[0.01637],[],[],1,0
1.5,30,[0.01056],[],[],1,0
1.5,31,[0.00198],[],[],1,0
1.5,32,[0.04959],[],[],1,0
1.5,33,[0.05193],[],[],1,0
1.5,34,[0.03635],[],[],1,0
1.5,35,[0.02203],[],[],1,0
1.5,36,[0.00704],[],[],1,0
1.5,37,[0.00634, 0.01277],[],[],2,0
1.5,38,[0.03852],[],[],1,0
1.5,39,[0.00015, 0.01268],[],[],2,0
1.5,40,[0.00825],[],[],1,0
1.5,41,[0.01283],[],[],1,0
1.5,42,[0.01366],[],[],1,0
1.5,43,[0.04378],[],[],1,0
1.5,44,[0.05178],[],[],1,0
1.5,45,[0.00339],[],[],1,0
1.5,46,[0.00367, 0.04219],[],[],2,0
1.5,47,[0.00359],[],[],1,0
1.5,48,[0.00546],[],[],1,0
1.5,49,[0.00648],[],[],1,0
1.5,50,[0.04312],[],[],1,0
1.5,51,[],[],[],0,0
1.5,52,[0.05543],[],[],1,0
1.5,53,[0.01851],[],[],1,0
1.5,54,[0.01286],[],[],1,0
1.5,55,[0.01346],[],[],1,0
1.5,56,[0.01503],[],[],1,0
1.5,57,[],[],[],0,0
1.5,58,[0.0201],[],[],1,0
1.5,59,[0.02169],[],[],1,0
1.5,60,[0.02025],[],[],1,0
1.5,61,[0.04435],[],[],1,0
1.5,62,[0.00308],[],[],1,0
1.5,63,[0.00542],[],[],1,0
1.5,64,[0.05202],[],[],1,0
1.5,65,[0.00183, 0.02809],[],[],2,0
1.5,66,[0.01204],[],[],1,0
1.5,67,[0.01155],[],[],1,0
1.5,68,[0.01033],[],[],1,0
1.5,69,[0.01405],[],[],1,0
1.5,70,[0.02142],[],[],1,0
1.5,71,[0.01009],[],[],1,0
1.5,72,[0.00106, 0.03046],[],[],2,0
1.5,73,[0.04828],[],[],1,0
1.5,74,[0.01082],[],[],1,0
1.5,75,[0.03371],[],[],1,0
1.5,76,[0.04464],[],[],1,0
1.5,77,[0.0133],[],[],1,0
1.5,78,[0.00942],[],[],1,0
1.5,79,[0.00367],[],[],1,0
1.5,80,[0.01821],[],[],1,0
1.5,81,[0.02047],[],[],1,0
1.5,82,[0.02852],[],[],1,0
1.5,83,[0.04232],[],[],1,0
1.5,84,[0.02443],[],[],1,0
1.5,85,[0.00627],[],[],1,0
1.5,86,[0.01143],[],[],1,0
1.5,87,[0.01874],[],[],1,0
1.5,88,[0.00319, 0.00466],[],[],2,0
1.5,89,[0.01485],[],[],1,0
1.5,90,[0.00352, 0.00678],[],[],2,0
1.5,91,[0.04121],[],[],1,0
1.5,92,[0.04695],[],[],1,0
1.5,93,[0.03663],[],[],1,0
1.5,94,[0.02352],[],[],1,0
1.5,95,[0.00553],[],[],1,0
1.5,96,[0.0004, 0.00139, 0.00797],[],[],3,0
1.5,97,[0.00586, 0.03057],[],[],2,0
1.5,98,[0.00742],[],[],1,0
1.5,99,[0.02531],[],[],1,0
1.5,100,[0.02247],[],[],1,0
1.5,101,[0.04701],[],[],1,0
1.5,102,[0.00478],[],[],1,0
1.5,103,[0.0145],[],[],1,0
1.5,104,[0.00822],[],[],1,0
1.5,105,[0.03977],[],[],1,0
1.5,106,[0.03053],[],[],1,0
1.5,107,[0.01946],[],[],1,0
1.5,108,[0.01154],[],[],1,0
1.5,109,[0.0214],[],[],1,0
1.5,110,[0.01583],[],[],1,0
1.5,111,[0.02802],[],[],1,0
1.5,112,[0.01263],[],[],1,0
1.5,113,[0.03241],[],[],1,0
1.5,114,[0.01862],[],[],1,0
1.5,115,[0.00787],[],[],1,0
1.5,116,[0.02312],[],[],1,0
1.5,117,[0.00695],[],[],1,0
1.5,118,[0.04885],[],[],1,0
1.5,119,[0.0009, 0.02596],[],[],2,0
1.5,120,[0.02342],[],[],1,0
1.5,121,[0.03289],[],[],1,0
1.5,122,[0.00744],[],[],1,0
1.5,123,[0.03382],[],[],1,0
1.5,124,[0.03324],[],[],1,0
1.5,125,[0.06089],[],[],1,0
1.5,126,[0.04306],[],[],1,0
1.5,127,[0.01731],[],[],1,0
1.5,128,[0.02391],[],[],1,0
1.5,129,[0.0335],[],[],1,0
1.5,130,[0.00528],[],[],1,0
1.5,131,[0.01149],[],[],1,0
1.5,132,[0.01533],[],[],1,0
1.5,133,[0.03551],[],[],1,0
1.5,134,[0.0062],[],[],1,0
1.5,135,[0.02867],[],[],1,0
1.5,136,[0.01011],[],[],1,0
1.5,137,[0.00611],[],[],1,0
1.5,138,[0.00125, 0.00614, 0.00842],[],[],3,0
1.5,139,[0.024],[],[],1,0
1.5,140,[0.03346],[],[],1,0
1.5,141,[0.02182],[],[],1,0
1.5,142,[0.0233],[],[],1,0
1.5,143,[0.04704],[],[],1,0
1.5,144,[0.03884],[],[],1,0
1.5,145,[0.04439],[],[],1,0
1.5,146,[0.01725],[],[],1,0
1.5,147,[0.02128],[],[],1,0
1.5,148,[0.01332],[],[],1,0
1.5,149,[0.00799, 0.0643],[],[],2,0
1.5,150,[0.03325],[],[],1,0
1.5,151,[0.03163],[],[],1,0
1.5,152,[0.02009],[],[],1,0
1.5,153,[],[],[],0,0
1.5,154,[0.03791],[],[],1,0
1.5,155,[0.0071],[],[],1,0
1.5,156,[0.00487],[],[],1,0
1.5,157,[0.02289],[],[],1,0
1.5,158,[0.02442],[],[],1,0
1.5,159,[0.0258],[],[],1,0
1.5,160,[0.02733],[],[],1,0
1.5,161,[0.00284, 0.08789],[],[],2,0
1.5,162,[0.00149, 0.01884],[],[],2,0
1.5,163,[0.03938],[],[],1,0
1.5,164,[0.00449],[],[],1,0
1.5,165,[0.00446],[],[],1,0
1.5,166,[0.01605],[],[],1,0
1.5,167,[0.00029, 0.07906],[],[],2,0
1.5,168,[0.02851],[],[],1,0
1.5,169,[0.02963],[],[],1,0
1.5,170,[0.00159, 0.01338],[],[],2,0
1.5,171,[0.02576],[],[],1,0
1.5,172,[0.02226],[],[],1,0
1.5,173,[0.01274],[],[],1,0
1.5,174,[],[],[],0,0
1.5,175,[0.0045],[],[],1,0
1.5,176,[0.00788],[],[],1,0
1.5,177,[0.0106],[],[],1,0
1.5,178,[0.00837],[],[],1,0
1.5,179,[0.01562],[],[],1,0
1.5,180,[0.05024],[],[],1,0
1.5,181,[0.00464],[],[],1,0
1.5,182,[0.01455],[],[],1,0
1.5,183,[0.02562],[],[],1,0
1.5,184,[0.01655],[],[],1,0
1.5,185,[0.0252],[],[],1,0
1.5,186,[0.04392],[],[],1,0
1.5,187,[0.00829],[],[],1,0
1.5,188,[0.00515],[],[],1,0
1.5,189,[0.01257],[],[],1,0
1.5,190,[0.04266],[],[],1,0
1.5,191,[0.05946],[],[],1,0
1.5,192,[0.02493],[],[],1,0
1.5,193,[0.04085],[],[],1,0
1.5,194,[0.01285],[],[],1,0
1.5,195,[0.0021, 0.03181],[],[],2,0
1.5,196,[0.05647],[],[],1,0
1.5,197,[0.02591],[],[],1,0
1.5,198,[0.01072],[],[],1,0
1.5,199,[0.01834],[],[],1,0

