1.5,0,[0.02887],[],[],1,0
1.5,1,[],[],[],0,0
1.5,2,[0.03681],[],[],1,0
1.5,3,[0.01691],[],[],1,0
1.5,4,[0.00851],[],[],1,0
1.5,5,[0.02554],[],[],1,0
1.5,6,[0.00221, 0.02467],[],[],2,0
1.5,7,[0.00088],[],[],1,0
1.5,8,[0.01824],[],[],1,0
1.5,9,[0.00423],[],[],1,0
1.5,10,[0.00969],[],[],1,0
1.5,11,[0.00645],[],[],1,0
1.5,12,[0.01338],[],[],1,0
1.5,13,[0.01528],[],[],1,0
1.5,14,[0.00779, 0.04862],[],[],2,0
1.5,15,[0.05096],[],[],1,0
1.5,16,[0.00435],[],[],1,0
1.5,17,[0.0336],[],[],1,0
1.5,18,[0.02425],[],[],1,0
1.5,19,[0.01006],[],[],1,0
1.5,20,[0.00361],[],[],1,0
1.5,21,[0.01095],[],[],1,0
1.5,22,[0.00076, 0.02058],[],[],2,0
1.5,23,[0.03],[],[],1,0
1.5,24,[],[],[],0,0
1.5,25,[0.00524],[],[],1,0
1.5,26,[0.02141],[],[],1,0
1.5,27,[0.0155],[],[],1,0
1.5,28,[0.05092],[],[],1,0
1.5,29,[0.00237],[],[],1,0
1.5,30,[0.01856],[],[],1,0
1.5,31,[],[],[],0,0
1.5,32,[0.00398],[],[],1,0
1.5,33,[0.01713],[],[],1,0
1.5,34,[0.02272],[],[],1,0
1.5,35,[0.00728],[],[],1,0
1.5,36,[0.02038],[],[],1,0
1.5,37,[0.00067, 0.00039, 0.04428],[],[],3,0
1.5,38,[0.00042],[],[],1,0
1.5,39,[0.01476],[],[],1,0
1.5,40,[0.03474],[],[],1,0
1.5,41,[0.01299],[],[],1,0
1.5,42,[0.01339],[],[],1,0
1.5,43,[0.0195],[],[],1,0
1.5,44,[0.01878],[],[],1,0
1.5,45,[0.04446],[],[],1,0
1.5,46,[0.01875],[],[],1,0
1.5,47,[0.03633],[],[],1,0
1.5,48,[0.01616],[],[],1,0
1.5,49,[0.01959],[],[],1,0
1.5,50,[0.01598],[],[],1,0
1.5,51,[0.00454],[],[],1,0
1.5,52,[0.00691],[],[],1,0
1.5,53,[0.01834],[],[],1,0
1.5,54,[0.02748],[],[],1,0
1.5,55,[0.02153],[],[],1,0
1.5,56,[0.01538],[],[],1,0
1.5,57,[0.00324],[],[],1,0
1.5,58,[0.0374],[],[],1,0
1.5,59,[0.02559],[],[],1,0
1.5,60,[0.00982],[],[],1,0
1.5,61,[0.00966],[],[],1,0
1.5,62,[0.00079],[],[],1,0
1.5,63,[0.0039],[],[],1,0
1.5,64,[0.01995],[],[],1,0
1.5,65,[0.00096, 0.02876],[],[],2,0
1.5,66,[0.00039, 0.01846],[],[],2,0
1.5,67,[0.01267],[],[],1,0
1.5,68,[0.02807],[],[],1,0
1.5,69,[0.01653],[],[],1,0
1.5,70,[0.01189],[],[],1,0
1.5,71,[0.00648],[],[],1,0
1.5,72,[0.01026],[],[],1,0
1.5,73,[0.00767],[],[],1,0
1.5,74,[0.04199],[],[],1,0
1.5,75,[0.00776],[],[],1,0
1.5,76,[0.00463],[],[],1,0
1.5,77,[0.01239],[],[],1,0
1.5,78,[0.00268],[],[],1,0
1.5,79,[0.00257, 0.06064],[],[],2,0
1.5,80,[0.03316],[],[],1,0
1.5,81,[0.02054],[],[],1,0
1.5,82,[0.00747],[],[],1,0
1.5,83,[0.02355],[],[],1,0
1.5,84,[0.01308],[],[],1,0
1.5,85,[0.04179],[],[],1,0
1.5,86,[0.00558],[],[],1,0
1.5,87,[0.02512],[],[],1,0
1.5,88,[0.01702],[],[],1,0
1.5,89,[0.03358],[],[],1,0
1.5,90,[0.013],[],[],1,0
1.5,91,[0.03398],[],[],1,0
1.5,92,[0.00968],[],[],1,0
1.5,93,[0.00393],[],[],1,0
1.5,94,[0.01087],[],[],1,0
1.5,95,[0.00335],[],[],1,0
1.5,96,[0.02106],[],[],1,0
1.5,97,[0.01557],[],[],1,0
1.5,98,[0.0271],[],[],1,0
1.5,99,[0.00576],[],[],1,0
1.5,100,[0.00816],[],[],1,0
1.5,101,[0.0011, 0.01274],[],[],2,0
1.5,102,[0.00327],[],[],1,0
1.5,103,[0.00472],[],[],1,0
1.5,104,[0.01154],[],[],1,0
1.5,105,[0.02667],[],[],1,0
1.5,106,[0.01451],[],[],1,0
1.5,107,[0.01769],[],[],1,0
1.5,108,[],[],[],0,0
1.5,109,[0.01967],[],[],1,0
1.5,110,[0.04306],[],[],1,0
1.5,111,[0.01863],[],[],1,0
1.5,112,[0.0169],[],[],1,0
1.5,113,[0.00583],[],[],1,0
1.5,114,[0.03445],[],[],1,0
1.5,115,[0.01319],[],[],1,0
1.5,116,[0.02521],[],[],1,0
1.5,117,[0.00696],[],[],1,0
1.5,118,[0.0257],[],[],1,0
1.5,119,[0.01232],[],[],1,0
1.5,120,[0.03973],[],[],1,0
1.5,121,[0.01394],[],[],1,0
1.5,122,[0.00397],[],[],1,0
1.5,123,[0.02832],[],[],1,0
1.5,124,[0.03567],[],[],1,0
1.5,125,[0.00188, 0.02402],[],[],2,0
1.5,126,[0.02837],[],[],1,0
1.5,127,[0.00648],[],[],1,0
1.5,128,[0.01208],[],[],1,0
1.5,129,[0.00086, 0.03147],[],[],2,0
1.5,130,[0.01916],[],[],1,0
1.5,131,[0.0148],[],[],1,0
1.5,132,[0.00653],[],[],1,0
1.5,133,[0.01544],[],[],1,0
1.5,134,[0.0303],[],[],1,0
1.5,135,[0.00847],[],[],1,0
1.5,136,[0.00318],[],[],1,0
1.5,137,[0.00984],[],[],1,0
1.5,138,[0.012],[],[],1,0
1.5,139,[],[],[],0,0
1.5,140,[0.0008],[],[],1,0
1.5,141,[0.0005, 0.01849],[],[],2,0
1.5,142,[0.05222],[],[],1,0
1.5,143,[0.03708],[],[],1,0
1.5,144,[0.008],[],[],1,0
1.5,145,[0.02007],[],[],1,0
1.5,146,[0.0009, 0.01476],[],[],2,0
1.5,147,[0.00516],[],[],1,0
1.5,148,[0.00959],[],[],1,0
1.5,149,[0.01367],[],[],1,0
1.5,150,[0.01386],[],[],1,0
1.5,151,[0.01837],[],[],1,0
1.5,152,[0.01555],[],[],1,0
1.5,153,[0.00893],[],[],1,0
1.5,154,[0.00707],[],[],1,0
1.5,155,[0.01285],[],[],1,0
1.5,156,[0.00686],[],[],1,0
1.5,157,[0.00133],[],[],1,0
1.5,158,[0.02312],[],[],1,0
1.5,159,[0.00169],[],[],1,0
1.5,160,[0.00503, 0.01465],[],[],2,0
1.5,161,[0.03341],[],[],1,0
1.5,162,[0.00591],[],[],1,0
1.5,163,[0.01225],[],[],1,0
1.5,164,[0.02075],[],[],1,0
1.5,165,[0.00984],[],[],1,0
1.5,166,[0.02793],[],[],1,0
1.5,167,[0.00611],[],[],1,0
1.5,168,[0.0168],[],[],1,0
1.5,169,[0.01364],[],[],1,0
1.5,170,[0.00152],[],[],1,0
1.5,171,[0.02277],[],[],1,0
1.5,172,[0.00915],[],[],1,0
1.5,173,[0.01341],[],[],1,0
1.5,174,[0.02384],[],[],1,0
1.5,175,[0.02828],[],[],1,0
1.5,176,[0.0023],[],[],1,0
1.5,177,[0.02491],[],[],1,0
1.5,178,[0.01416],[],[],1,0
1.5,179,[0.01524],[],[],1,0
1.5,180,[0.00612],[],[],1,0
1.5,181,[0.06061],[],[],1,0
1.5,182,[0.00374, 0.04648],[],[],2,0
1.5,183,[0.01524],[],[],1,0
1.5,184,[0.00436, 0.02963],[],[],2,0
1.5,185,[0.025],[],[],1,0
1.5,186,[0.0097],[],[],1,0
1.5,187,[0.02152],[],[],1,0
1.5,188,[0.06967],[],[],1,0
1.5,189,[0.0363],[],[],1,0
1.5,190,[0.01124],[],[],1,0
1.5,191,[0.0072],[],[],1,0
1.5,192,[0.02078],[],[],1,0
1.5,193,[0.01095],[],[],1,0
1.5,194,[0.02986],[],[],1,0
1.5,195,[0.0204],[],[],1,0
1.5,196,[0.02082],[],[],1,0
1.5,197,[0.05247],[],[],1,0
1.5,198,[0.00881],[],[],1,0
1.5,199,[0.00655],[],[],1,0

