1.5,0,[0.01848],[],[],1,0
1.5,1,[0.00499],[],[],1,0
1.5,2,[0.00819],[],[],1,0
1.5,3,[0.01886],[],[],1,0
1.5,4,[0.01328],[],[],1,0
1.5,5,[0.01903],[],[],1,0
1.5,6,[0.01805],[],[],1,0
1.5,7,[0.01617],[],[],1,0
1.5,8,[0.0155],[],[],1,0
1.5,9,[0.00336],[],[],1,0
1.5,10,[0.00818],[],[],1,0
1.5,11,[0.00129],[],[],1,0
1.5,12,[0.01001],[],[],1,0
1.5,13,[0.02413],[],[],1,0
1.5,14,[0.00698],[],[],1,0
1.5,15,[0.03532],[],[],1,0
1.5,16,[0.00622],[],[],1,0
1.5,17,[0.01963],[],[],1,0
1.5,18,[0.00202, 0.0027],[],[],2,0
1.5,19,[0.02675],[],[],1,0
1.5,20,[0.00837],[],[],1,0
1.5,21,[0.00598],[],[],1,0
1.5,22,[],[],[],0,0
1.5,23,[0.00726],[],[],1,0
1.5,24,[0.01313],[],[],1,0
1.5,25,[0.00219, 0.02888],[],[],2,0
1.5,26,[0.00905],[],[],1,0
1.5,27,[0.03207],[],[],1,0
1.5,28,[0.00378],[],[],1,0
1.5,29,[0.05983],[],[],1,0
1.5,30,[0.04008],[],[],1,0
1.5,31,[0.00674],[],[],1,0
1.5,32,[0.00815],[],[],1,0
1.5,33,[0.0035],[],[],1,0
1.5,34,[0.02754],[],[],1,0
1.5,35,[0.00969],[],[],1,0
1.5,36,[0.04621],[],[],1,0
1.5,37,[0.02186],[],[],1,0
1.5,38,[0.00246, 0.02227],[],[],2,0
1.5,39,[0.01611],[],[],1,0
1.5,40,[0.02289],[],[],1,0
1.5,41,[0.00235, 0.02298],[],[],2,0
1.5,42,[0.02591],[],[],1,0
1.5,43,[0.02232],[],[],1,0
1.5,44,[0.00687],[],[],1,0
1.5,45,[0.01268],[],[],1,0
1.5,46,[0.03161],[],[],1,0
1.5,47,[0.00708],[],[],1,0
1.5,48,[0.01791],[],[],1,0
1.5,49,[0.00195, 0.03066],[],[],2,0
1.5,50,[],[],[],0,0
1.5,51,[0.0234],[],[],1,0
1.5,52,[0.06051],[],[],1,0
1.5,53,[0.01373],[],[],1,0
1.5,54,[0.00576],[],[],1,0
1.5,55,[0.01486],[],[],1,0
1.5,56,[0.00698],[],[],1,0
1.5,57,[0.00473],[],[],1,0
1.5,58,[0.03508],[],[],1,0
1.5,59,[0.01234],[],[],1,0
1.5,60,[0.03276],[],[],1,0
1.5,61,[0.0024],[],[],1,0
1.5,62,[0.01706],[],[],1,0
1.5,63,[0.02168],[],[],1,0
1.5,64,[0.00434, 0.0465],[],[],2,0
1.5,65,[0.00981],[],[],1,0
1.5,66,[0.00063, 0.01889],[],[],2,0
1.5,67,[0.02296],[],[],1,0
1.5,68,[0.01055],[],[],1,0
1.5,69,[0.01135],[],[],1,0
1.5,70,[0.03041],[],[],1,0
1.5,71,[0.02547],[],[],1,0
1.5,72,[0.00529],[],[],1,0
1.5,73,[0.01126],[],[],1,0
1.5,74,[0.00869],[],[],1,0
1.5,75,[0.00941],[],[],1,0
1.5,76,[0.01542],[],[],1,0
1.5,77,[0.00489],[],[],1,0
1.5,78,[0.01331],[],[],1,0
1.5,79,[0.02735],[],[],1,0
1.5,80,[0.00277],[],[],1,0
1.5,81,[0.00774],[],[],1,0
1.5,82,[0.0055],[],[],1,0
1.5,83,[],[],[],0,0
1.5,84,[0.00481],[],[],1,0
1.5,85,[0.00486],[],[],1,0
1.5,86,[0.01271],[],[],1,0
1.5,87,[0.02008],[],[],1,0
1.5,88,[0.03553],[],[],1,0
1.5,89,[0.0079],[],[],1,0
1.5,90,[0.00997],[],[],1,0
1.5,91,[0.02822],[],[],1,0
1.5,92,[0.02799],[],[],1,0
1.5,93,[0.00073, 0.02516],[],[],2,0
1.5,94,[0.03845],[],[],1,0
1.5,95,[0.00738],[],[],1,0
1.5,96,[0.01729],[],[],1,0
1.5,97,[0.0106],[],[],1,0
1.5,98,[0.05508],[],[],1,0
1.5,99,[0.01743],[],[],1,0
1.5,100,[0.01024],[],[],1,0
1.5,101,[0.01147],[],[],1,0
1.5,102,[0.01258],[],[],1,0
1.5,103,[0.0423],[],[],1,0
1.5,104,[0.00621],[],[],1,0
1.5,105,[],[],[],0,0
1.5,106,[0.01976],[],[],1,0
1.5,107,[0.03306],[],[],1,0
1.5,108,[0.05004],[],[],1,0
1.5,109,[0.01251],[],[],1,0
1.5,110,[0.00656],[],[],1,0
1.5,111,[0.01706],[],[],1,0
1.5,112,[0.00068, 0.05597],[],[],2,0
1.5,113,[0.016],[],[],1,0
1.5,114,[0.00711],[],[],1,0
1.5,115,[0.01011],[],[],1,0
1.5,116,[0.00755],[],[],1,0
1.5,117,[],[],[],0,0
1.5,118,[0.00108, 0.03029],[],[],2,0
1.5,119,[0.00643],[],[],1,0
1.5,120,[0.01003],[],[],1,0
1.5,121,[0.01455],[],[],1,0
1.5,122,[0.00101, 0.03058],[],[],2,0
1.5,123,[0.00363, 0.02149],[],[],2,0
1.5,124,[0.01081],[],[],1,0
1.5,125,[0.0014],[],[],1,0
1.5,126,[0.02687],[],[],1,0
1.5,127,[0.02372],[],[],1,0
1.5,128,[0.03332],[],[],1,0
1.5,129,[0.02752],[],[],1,0
1.5,130,[0.00326, 0.03502],[],[],2,0
1.5,131,[0.00373],[],[],1,0
1.5,132,[0.02258],[],[],1,0
1.5,133,[0.02367],[],[],1,0
1.5,134,[0.02249],[],[],1,0
1.5,135,[0.02538],[],[],1,0
1.5,136,[0.00349],[],[],1,0
1.5,137,[0.02143],[],[],1,0
1.5,138,[0.03623],[],[],1,0
1.5,139,[0.03767],[],[],1,0
1.5,140,[0.00709],[],[],1,0
1.5,141,[0.01429],[],[],1,0
1.5,142,[],[],[],0,0
1.5,143,[0.04808],[],[],1,0
1.5,144,[0.01319],[],[],1,0
1.5,145,[0.00975],[],[],1,0
1.5,146,[0.01847],[],[],1,0
1.5,147,[0.0396],[],[],1,0
1.5,148,[0.0131],[],[],1,0
1.5,149,[0.00826],[],[],1,0
1.5,150,[0.00531],[],[],1,0
1.5,151,[0.01927],[],[],1,0
1.5,152,[0.01992],[],[],1,0
1.5,153,[0.01098],[],[],1,0
1.5,154,[0.01985],[],[],1,0
1.5,155,[0.03442],[],[],1,0
1.5,156,[0.03073],[],[],1,0
1.5,157,[0.02696],[],[],1,0
1.5,158,[0.01158],[],[],1,0
1.5,159,[0.04342],[],[],1,0
1.5,160,[0.00469],[],[],1,0
1.5,161,[0.03951],[],[],1,0
1.5,162,[0.00306],[],[],1,0
1.5,163,[0.00376],[],[],1,0
1.5,164,[0.00499],[],[],1,0
1.5,165,[0.00655],[],[],1,0
1.5,166,[0.01356],[],[],1,0
1.5,167,[0.01644],[],[],1,0
1.5,168,[0.03739],[],[],1,0
1.5,169,[0.02566],[],[],1,0
1.5,170,[0.01278],[],[],1,0
1.5,171,[0.0175],[],[],1,0
1.5,172,[0.00975],[],[],1,0
1.5,173,[0.01933],[],[],1,0
1.5,174,[0.0408],[],[],1,0
1.5,175,[0.01109],[],[],1,0
1.5,176,[0.00481],[],[],1,0
1.5,177,[0.00882],[],[],1,0
1.5,178,[0.00802],[],[],1,0
1.5,179,[0.01339],[],[],1,0
1.5,180,[0.00188, 0.05864],[],[],2,0
1.5,181,[0.00347, 0.0019, 0.06256],[],[],3,0
1.5,182,[0.01491],[],[],1,0
1.5,183,[0.00698],[],[],1,0
1.5,184,[0.05058],[],[],1,0
1.5,185,[0.0044, 0.03187],[],[],2,0
1.5,186,[0.04148],[],[],1,0
1.5,187,[0.06222],[],[],1,0
1.5,188,[0.00965],[],[],1,0
1.5,189,[0.01749],[],[],1,0
1.5,190,[0.00979],[],[],1,0
1.5,191,[0.04168],[],[],1,0
1.5,192,[0.02102],[],[],1,0
1.5,193,[0.01091],[],[],1,0
1.5,194,[0.02083],[],[],1,0
1.5,195,[0.01489],[],[],1,0
1.5,196,[0.02729],[],[],1,0
1.5,197,[0.03296],[],[],1,0
1.5,198,[0.0013, 0.01441],[],[],2,0
1.5,199,[],[],[],0,0

