1.5,0,[0.00154, 0.02291],[],[],2,0
1.5,1,[0.00958],[],[],1,0
1.5,2,[0.01916],[],[],1,0
1.5,3,[0.00882],[],[],1,0
1.5,4,[0.00286],[],[],1,0
1.5,5,[0.01485],[],[],1,0
1.5,6,[0.01822],[],[],1,0
1.5,7,[0.01708],[],[],1,0
1.5,8,[],[],[],0,0
1.5,9,[0.0033],[],[],1,0
1.5,10,[0.02268],[],[],1,0
1.5,11,[0.02906],[],[],1,0
1.5,12,[0.01816],[],[],1,0
1.5,13,[0.01803],[],[],1,0
1.5,14,[0.02079],[],[],1,0
1.5,15,[0.01108],[],[],1,0
1.5,16,[0.02297],[],[],1,0
1.5,17,[0.01354],[],[],1,0
1.5,18,[0.00301, 0.0102],[],[],2,0
1.5,19,[0.00931],[],[],1,0
1.5,20,[0.02241],[],[],1,0
1.5,21,[0.03776],[],[],1,0
1.5,22,[0.03854],[],[],1,0
1.5,23,[0.02261],[],[],1,0
1.5,24,[0.01099],[],[],1,0
1.5,25,[0.04097],[],[],1,0
1.5,26,[0.0264],[],[],1,0
1.5,27,[0.00905],[],[],1,0
1.5,28,[0.02159],[],[],1,0
1.5,29,[0.0052],[],[],1,0
1.5,30,[0.02027],[],[],1,0
1.5,31,[0.02042],[],[],1,0
1.5,32,[0.01195],[],[],1,0
1.5,33,[0.00137],[],[],1,0
1.5,34,[0.04373],[],[],1,0
1.5,35,[0.00548],[],[],1,0
1.5,36,[0.03504],[],[],1,0
1.5,37,[0.00413],[],[],1,0
1.5,38,[0.03619],[],[],1,0
1.5,39,[],[],[],0,0
1.5,40,[0.00814],[],[],1,0
1.5,41,[0.00618],[],[],1,0
1.5,42,[0.02517],[],[],1,0
1.5,43,[0.01174],[],[],1,0
1.5,44,[0.01867],[],[],1,0
1.5,45,[0.01403],[],[],1,0
1.5,46,[0.00712],[],[],1,0
1.5,47,[0.02378],[],[],1,0
1.5,48,[0.01596],[],[],1,0
1.5,49,[0.01572],[],[],1,0
1.5,50,[0.01298],[],[],1,0
1.5,51,[0.02061],[],[],1,0
1.5,52,[0.02135],[],[],1,0
1.5,53,[0.00644],[],[],1,0
1.5,54,[0.00039, 0.01858],[],[],2,0
1.5,55,[],[],[],0,0
1.5,56,[0.04179],[],[],1,0
1.5,57,[0.01651],[],[],1,0
1.5,58,[0.02144],[],[],1,0
1.5,59,[0.00393],[],[],1,0
1.5,60,[0.00192, 0.04108],[],[],2,0
1.5,61,[0.01403],[],[],1,0
1.5,62,[0.00249],[],[],1,0
1.5,63,[],[],[],0,0
1.5,64,[0.03282],[],[],1,0
1.5,65,[0.02147],[],[],1,0
1.5,66,[0.03035],[],[],1,0
1.5,67,[0.01057],[],[],1,0
1.5,68,[0.00042],[],[],1,0
1.5,69,[0.00449, 0.00609],[],[],2,0
1.5,70,[0.00343],[],[],1,0
1.5,71,[0.03136],[],[],1,0
1.5,72,[0.04494],[],[],1,0
1.5,73,[0.01701],[],[],1,0
1.5,74,[0.00311, 0.05518],[],[],2,0
1.5,75,[0.00488],[],[],1,0
1.5,76,[0.00813],[],[],1,0
1.5,77,[0.03882],[],[],1,0
1.5,78,[0.01642],[],[],1,0
1.5,79,[0.00493],[],[],1,0
1.5,80,[0.06461],[],[],1,0
1.5,81,[0.00315],[],[],1,0
1.5,82,[0.01113],[],[],1,0
1.5,83,[0.01525],[],[],1,0
1.5,84,[0.0232],[],[],1,0
1.5,85,[0.00875],[],[],1,0
1.5,86,[0.03712],[],[],1,0
1.5,87,[0.01067],[],[],1,0
1.5,88,[0.01964],[],[],1,0
1.5,89,[0.04131],[],[],1,0
1.5,90,[0.02437],[],[],1,0
1.5,91,[0.00702],[],[],1,0
1.5,92,[0.00371, 0.08689],[],[],2,0
1.5,93,[0.01089],[],[],1,0
1.5,94,[0.04036],[],[],1,0
1.5,95,[0.03152],[],[],1,0
1.5,96,[0.0263],[],[],1,0
1.5,97,[0.06185],[],[],1,0
1.5,98,[0.01568],[],[],1,0
1.5,99,[0.00155, 0.04472],[],[],2,0
1.5,100,[0.00126],[],[],1,0
1.5,101,[0.05973],[],[],1,0
1.5,102,[0.04818],[],[],1,0
1.5,103,[0.02625],[],[],1,0
1.5,104,[0.03733],[],[],1,0
1.5,105,[0.01743],[],[],1,0
1.5,106,[0.00794],[],[],1,0
1.5,107,[0.00544],[],[],1,0
1.5,108,[0.0297],[],[],1,0
1.5,109,[0.00294],[],[],1,0
1.5,110,[0.01378],[],[],1,0
1.5,111,[0.02195],[],[],1,0
1.5,112,[0.00402, 0.04429],[],[],2,0
1.5,113,[0.00164, 0.0098],[],[],2,0
1.5,114,[0.02519],[],[],1,0
1.5,115,[0.02097],[],[],1,0
1.5,116,[0.00628],[],[],1,0
1.5,117,[0.00571],[],[],1,0
1.5,118,[0.02465],[],[],1,0
1.5,119,[0.02374],[],[],1,0
1.5,120,[],[],[],0,0
1.5,121,[0.02082],[],[],1,0
1.5,122,[0.03317],[],[],1,0
1.5,123,[0.00471],[],[],1,0
1.5,124,[0.00643],[],[],1,0
1.5,125,[0.01612],[],[],1,0
1.5,126,[0.01011],[],[],1,0
1.5,127,[0.01997],[],[],1,0
1.5,128,[0.01079],[],[],1,0
1.5,129,[0.03755],[],[],1,0
1.5,130,[0.0173],[],[],1,0
1.5,131,[0.02067],[],[],1,0
1.5,132,[0.01482],[],[],1,0
1.5,133,[0.00506],[],[],1,0
1.5,134,[0.0114],[],[],1,0
1.5,135,[],[],[],0,0
1.5,136,[0.01265],[],[],1,0
1.5,137,[0.01047],[],[],1,0
1.5,138,[0.00368],[],[],1,0
1.5,139,[0.02402],[],[],1,0
1.5,140,[0.01593],[],[],1,0
1.5,141,[0.01215],[],[],1,0
1.5,142,[0.02701],[],[],1,0
1.5,143,[0.00743],[],[],1,0
1.5,144,[0.03281],[],[],1,0
1.5,145,[0.03167],[],[],1,0
1.5,146,[0.03676],[],[],1,0
1.5,147,[0.02421],[],[],1,0
1.5,148,[0.0198],[],[],1,0
1.5,149,[0.0467],[],[],1,0
1.5,150,[0.00187, 0.03075],[],[],2,0
1.5,151,[0.01564],[],[],1,0
1.5,152,[0.02098],[],[],1,0
1.5,153,[0.05298],[],[],1,0
1.5,154,[0.03907],[],[],1,0
1.5,155,[0.00294],[],[],1,0
1.5,156,[0.01043],[],[],1,0
1.5,157,[0.02214],[],[],1,0
1.5,158,[0.02036],[],[],1,0
1.5,159,[0.02103],[],[],1,0
1.5,160,[0.01035],[],[],1,0
1.5,161,[0.00043, 0.02714],[],[],2,0
1.5,162,[0.02057],[],[],1,0
1.5,163,[0.04047],[],[],1,0
1.5,164,[0.02574],[],[],1,0
1.5,165,[],[],[],0,0
1.5,166,[0.00544],[],[],1,0
1.5,167,[0.02234],[],[],1,0
1.5,168,[0.03512],[],[],1,0
1.5,169,[0.0102],[],[],1,0
1.5,170,[0.00421],[],[],1,0
1.5,171,[0.02021],[],[],1,0
1.5,172,[0.00733],[],[],1,0
1.5,173,[0.03707],[],[],1,0
1.5,174,[0.00804],[],[],1,0
1.5,175,[0.02587],[],[],1,0
1.5,176,[0.02509],[],[],1,0
1.5,177,[0.0281],[],[],1,0
1.5,178,[],[],[],0,0
1.5,179,[0.02357],[],[],1,0
1.5,180,[0.00584],[],[],1,0
1.5,181,[0.01298],[],[],1,0
1.5,182,[0.01373],[],[],1,0
1.5,183,[0.07198],[],[],1,0
1.5,184,[0.01679],[],[],1,0
1.5,185,[0.0062],[],[],1,0
1.5,186,[0.02427],[],[],1,0
1.5,187,[0.00235],[],[],1,0
1.5,188,[0.01388],[],[],1,0
1.5,189,[0.00865],[],[],1,0
1.5,190,[0.01857],[],[],1,0
1.5,191,[0.02204],[],[],1,0
1.5,192,[0.00397],[],[],1,0
1.5,193,[0.02796],[],[],1,0
1.5,194,[0.01774],[],[],1,0
1.5,195,[0.01242],[],[],1,0
1.5,196,[0.02463],[],[],1,0
1.5,197,[0.00618],[],[],1,0
1.5,198,[0.01293],[],[],1,0
1.5,199,[0.01129],[],[],1,0

