1.5,0,[0.00751],[],[],1,0
1.5,1,[0.03782],[],[],1,0
1.5,2,[0.01108],[],[],1,0
1.5,3,[0.02172],[],[],1,0
1.5,4,[0.00681],[],[],1,0
1.5,5,[0.00583],[],[],1,0
1.5,6,[0.01647],[],[],1,0
1.5,7,[0.01474],[],[],1,0
1.5,8,[0.00214, 0.03342],[],[],2,0
1.5,9,[0.01674],[],[],1,0
1.5,10,[0.02849],[],[],1,0
1.5,11,[0.0084],[],[],1,0
1.5,12,[0.01706],[],[],1,0
1.5,13,[0.001],[],[],1,0
1.5,14,[0.03263],[],[],1,0
1.5,15,[0.00658],[],[],1,0
1.5,16,[0.00072, 0.05568],[],[],2,0
1.5,17,[0.01137],[],[],1,0
1.5,18,[0.01433],[],[],1,0
1.5,19,[0.0429],[],[],1,0
1.5,20,[0.00975],[],[],1,0
1.5,21,[0.01879],[],[],1,0
1.5,22,[0.01471],[],[],1,0
1.5,23,[0.00577],[],[],1,0
1.5,24,[0.00742],[],[],1,0
1.5,25,[0.01965],[],[],1,0
1.5,26,[0.00267],[],[],1,0
1.5,27,[0.00095, 0.01229],[],[],2,0
1.5,28,[],[],[],0,0
1.5,29,[0.00494],[],[],1,0
1.5,30,[0.04041],[],[],1,0
1.5,31,[0.01958],[],[],1,0
1.5,32,[0.01124],[],[],1,0
1.5,33,[0.00805],[],[],1,0
1.5,34,[0.04878],[],[],1,0
1.5,35,[0.03331],[],[],1,0
1.5,36,[0.0423],[],[],1,0
1.5,37,[0.00645],[],[],1,0
1.5,38,[0.03084],[],[],1,0
1.5,39,[0.02086],[],[],1,0
1.5,40,[0.02855],[],[],1,0
1.5,41,[0.00701],[],[],1,0
1.5,42,[0.02325],[],[],1,0
1.5,43,[0.03262],[],[],1,0
1.5,44,[0.00552],[],[],1,0
1.5,45,[0.01333],[],[],1,0
1.5,46,[0.0146],[],[],1,0
1.5,47,[0.0149],[],[],1,0
1.5,48,[0.00116, 0.02052],[],[],2,0
1.5,49,[0.00953],[],[],1,0
1.5,50,[0.00457],[],[],1,0
1.5,51,[0.00556],[],[],1,0
1.5,52,[0.01251],[],[],1,0
1.5,53,[0.05563],[],[],1,0
1.5,54,[0.01841],[],[],1,0
1.5,55,[0.00439],[],[],1,0
1.5,56,[0.0344],[],[],1,0
1.5,57,[0.02605],[],[],1,0
1.5,58,[0.03148],[],[],1,0
1.5,59,[0.00342, 0.02144],[],[],2,0
1.5,60,[0.00119, 0.01422],[],[],2,0
1.5,61,[0.01659],[],[],1,0
1.5,62,[0.00041, 0.07086],[],[],2,0
1.5,63,[0.00439, 0.00188],[],[],2,0
1.5,64,[0.00796],[],[],1,0
1.5,65,[0.02711],[],[],1,0
1.5,66,[0.00477],[],[],1,0
1.5,67,[0.00204],[],[],1,0
1.5,68,[0.01676],[],[],1,0
1.5,69,[0.01551],[],[],1,0
1.5,70,[0.03209],[],[],1,0
1.5,71,[0.00319, 0.0183],[],[],2,0
1.5,72,[0.03339],[],[],1,0
1.5,73,[0.03574],[],[],1,0
1.5,74,[0.00829],[],[],1,0
1.5,75,[0.01772],[],[],1,0
1.5,76,[0.00801],[],[],1,0
1.5,77,[0.01561],[],[],1,0
1.5,78,[0.04463],[],[],1,0
1.5,79,[0.00933],[],[],1,0
1.5,80,[0.02884],[],[],1,0
1.5,81,[0.03515],[],[],1,0
1.5,82,[0.01303],[],[],1,0
1.5,83,[0.03186],[],[],1,0
1.5,84,[0.03533],[],[],1,0
1.5,85,[0.00438],[],[],1,0
1.5,86,[0.0109],[],[],1,0
1.5,87,[0.04746],[],[],1,0
1.5,88,[0.01188],[],[],1,0
1.5,89,[0.01199],[],[],1,0
1.5,90,[0.00321, 0.02851],[],[],2,0
1.5,91,[0.01186],[],[],1,0
1.5,92,[0.02146],[],[],1,0
1.5,93,[0.02934],[],[],1,0
1.5,94,[0.03866],[],[],1,0
1.5,95,[0.02033],[],[],1,0
1.5,96,[0.0067],[],[],1,0
1.5,97,[0.01224],[],[],1,0
1.5,98,[0.0143],[],[],1,0
1.5,99,[0.00985],[],[],1,0
1.5,100,[0.01464],[],[],1,0
1.5,101,[0.05536],[],[],1,0
1.5,102,[0.00344],[],[],1,0
1.5,103,[0.00262],[],[],1,0
1.5,104,[0.02309],[],[],1,0
1.5,105,[0.01295],[],[],1,0
1.5,106,[0.01072],[],[],1,0
1.5,107,[],[],[],0,0
1.5,108,[0.00303],[],[],1,0
1.5,109,[0.00817],[],[],1,0
1.5,110,[0.00154],[],[],1,0
1.5,111,[],[],[],0,0
1.5,112,[0.02092],[],[],1,0
1.5,113,[0.01907],[],[],1,0
1.5,114,[0.01207],[],[],1,0
1.5,115,[0.02437],[],[],1,0
1.5,116,[0.05031],[],[],1,0
1.5,117,[0.00449],[],[],1,0
1.5,118,[0.00683],[],[],1,0
1.5,119,[0.00265],[],[],1,0
1.5,120,[0.01142],[],[],1,0
1.5,121,[0.05147],[],[],1,0
1.5,122,[0.0079],[],[],1,0
1.5,123,[0.028],[],[],1,0
1.5,124,[0.01708],[],[],1,0
1.5,125,[0.01466],[],[],1,0
1.5,126,[0.01237],[],[],1,0
1.5,127,[0.00151],[],[],1,0
1.5,128,[0.00367],[],[],1,0
1.5,129,[0.01486],[],[],1,0
1.5,130,[0.01062],[],[],1,0
1.5,131,[0.01783],[],[],1,0
1.5,132,[0.01067],[],[],1,0
1.5,133,[0.02192],[],[],1,0
1.5,134,[0.0446],[],[],1,0
1.5,135,[0.01567],[],[],1,0
1.5,136,[0.02155],[],[],1,0
1.5,137,[0.00582],[],[],1,0
1.5,138,[0.0081],[],[],1,0
1.5,139,[0.01934],[],[],1,0
1.5,140,[0.0137],[],[],1,0
1.5,141,[0.00123, 0.03658],[],[],2,0
1.5,142,[0.00385],[],[],1,0
1.5,143,[0.01546],[],[],1,0
1.5,144,[0.01942],[],[],1,0
1.5,145,[0.01302],[],[],1,0
1.5,146,[0.01453],[],[],1,0
1.5,147,[0.00132, 0.03881],[],[],2,0
1.5,148,[0.01489],[],[],1,0
1.5,149,[0.01951],[],[],1,0
1.5,150,[0.01379],[],[],1,0
1.5,151,[0.03127],[],[],1,0
1.5,152,[0.03413],[],[],1,0
1.5,153,[0.03017],[],[],1,0
1.5,154,[0.04849],[],[],1,0
1.5,155,[0.0105],[],[],1,0
1.5,156,[0.0072],[],[],1,0
1.5,157,[0.00633, 0.04983],[],[],2,0
1.5,158,[0.00028, 0.05156],[],[],2,0
1.5,159,[0.01387],[],[],1,0
1.5,160,[0.03473],[],[],1,0
1.5,161,[0.03957],[],[],1,0
1.5,162,[0.02488],[],[],1,0
1.5,163,[0.02097],[],[],1,0
1.5,164,[0.03342],[],[],1,0
1.5,165,[0.00345, 0.03583],[],[],2,0
1.5,166,[0.01301],[],[],1,0
1.5,167,[0.02286],[],[],1,0
1.5,168,[0.0227],[],[],1,0
1.5,169,[0.00155, 0.01139],[],[],2,0
1.5,170,[0.02422],[],[],1,0
1.5,171,[0.03786],[],[],1,0
1.5,172,[0.0139],[],[],1,0
1.5,173,[0.01808],[],[],1,0
1.5,174,[0.02375],[],[],1,0
1.5,175,[],[],[],0,0
1.5,176,[0.00618],[],[],1,0
1.5,177,[0.00058],[],[],1,0
1.5,178,[0.04276],[],[],1,0
1.5,179,[0.01087],[],[],1,0
1.5,180,[0.01552],[],[],1,0
1.5,181,[0.01018, 0.06412],[],[],2,0
1.5,182,[0.0079],[],[],1,0
1.5,183,[0.02196],[],[],1,0
1.5,184,[0.00693],[],[],1,0
1.5,185,[0.01043],[],[],1,0
1.5,186,[0.0224],[],[],1,0
1.5,187,[0.02997],[],[],1,0
1.5,188,[0.01306],[],[],1,0
1.5,189,[0.0117],[],[],1,0
1.5,190,[0.00014, 0.02916],[],[],2,0
1.5,191,[0.03316],[],[],1,0
1.5,192,[0.00314],[],[],1,0
1.5,193,[0.01537],[],[],1,0
1.5,194,[0.00778],[],[],1,0
1.5,195,[0.04386],[],[],1,0
1.5,196,[0.00236, 0.04195],[],[],2,0
1.5,197,[0.00478],[],[],1,0
1.5,198,[0.01925],[],[],1,0
1.5,199,[0.00309],[],[],1,0

