1.5,0,[0.00472],[],[],1,0
1.5,1,[0.00898],[],[],1,0
1.5,2,[0.03097],[],[],1,0
1.5,3,[0.02417],[],[],1,0
1.5,4,[0.01329],[],[],1,0
1.5,5,[0.00302, 0.04469],[],[],2,0
1.5,6,[0.01705],[],[],1,0
1.5,7,[0.00653],[],[],1,0
1.5,8,[0.00131],[],[],1,0
1.5,9,[0.01365],[],[],1,0
1.5,10,[0.00517],[],[],1,0
1.5,11,[],[],[],0,0
1.5,12,[0.01026],[],[],1,0
1.5,13,[0.00799],[],[],1,0
1.5,14,[0.02],[],[],1,0
1.5,15,[0.02225],[],[],1,0
1.5,16,[0.01779],[],[],1,0
1.5,17,[0.01849],[],[],1,0
1.5,18,[0.00438],[],[],1,0
1.5,19,[0.01254],[],[],1,0
1.5,20,[0.0365],[],[],1,0
1.5,21,[0.03268],[],[],1,0
1.5,22,[],[],[],0,0
1.5,23,[0.0348],[],[],1,0
1.5,24,[0.00047, 0.03425],[],[],2,0
1.5,25,[0.02912],[],[],1,0
1.5,26,[0.01146],[],[],1,0
1.5,27,[0.00438],[],[],1,0
1.5,28,[0.00326],[],[],1,0
1.5,29,[0.00168, 0.00182],[],[],2,0
1.5,30,[0.00172],[],[],1,0
1.5,31,[0.00608],[],[],1,0
1.5,32,[0.00124],[],[],1,0
1.5,33,[0.02472],[],[],1,0
1.5,34,[0.00578],[],[],1,0
1.5,35,[0.00818],[],[],1,0
1.5,36,[0.04886],[],[],1,0
1.5,37,[0.0014, 0.02639],[],[],2,0
1.5,38,[0.00858],[],[],1,0
1.5,39,[0.00919],[],[],1,0
1.5,40,[0.00433],[],[],1,0
1.5,41,[0.0345],[],[],1,0
1.5,42,[0.00864],[],[],1,0
1.5,43,[0.02503],[],[],1,0
1.5,44,[0.00858],[],[],1,0
1.5,45,[0.01885],[],[],1,0
1.5,46,[0.01412],[],[],1,0
1.5,47,[0.01874],[],[],1,0
1.5,48,[0.0017, 0.00256],[],[],2,0
1.5,49,[0.03545],[],[],1,0
1.5,50,[0.02089],[],[],1,0
1.5,51,[0.04141],[],[],1,0
1.5,52,[0.00611],[],[],1,0
1.5,53,[0.01377],[],[],1,0
1.5,54,[0.00295],[],[],1,0
1.5,55,[0.04151],[],[],1,0
1.5,56,[0.01199],[],[],1,0
1.5,57,[0.00745],[],[],1,0
1.5,58,[0.01826],[],[],1,0
1.5,59,[0.00814],[],[],1,0
1.5,60,[0.01407],[],[],1,0
1.5,61,[0.00264, 0.03006],[],[],2,0
1.5,62,[0.02581],[],[],1,0
1.5,63,[0.02047],[],[],1,0
1.5,64,[0.02866],[],[],1,0
1.5,65,[],[],[],0,0
1.5,66,[0.03677],[],[],1,0
1.5,67,[0.00328],[],[],1,0
1.5,68,[0.00348],[],[],1,0
1.5,69,[0.01961],[],[],1,0
1.5,70,[0.01175],[],[],1,0
1.5,71,[0.04337],[],[],1,0
1.5,72,[0.00135],[],[],1,0
1.5,73,[0.00112],[],[],1,0
1.5,74,[0.01137],[],[],1,0
1.5,75,[0.03467],[],[],1,0
1.5,76,[0.01068],[],[],1,0
1.5,77,[0.04474],[],[],1,0
1.5,78,[0.05059],[],[],1,0
1.5,79,[0.01658],[],[],1,0
1.5,80,[0.0224],[],[],1,0
1.5,81,[0.01902],[],[],1,0
1.5,82,[0.02005],[],[],1,0
1.5,83,[0.03634],[],[],1,0
1.5,84,[0.02189],[],[],1,0
1.5,85,[0.0335],[],[],1,0
1.5,86,[0.02751],[],[],1,0
1.5,87,[0.00492],[],[],1,0
1.5,88,[0.00277, 0.03218],[],[],2,0
1.5,89,[0.01839],[],[],1,0
1.5,90,[0.07772],[],[],1,0
1.5,91,[0.0327],[],[],1,0
1.5,92,[0.02447],[],[],1,0
1.5,93,[0.01144],[],[],1,0
1.5,94,[0.0092],[],[],1,0
1.5,95,[0.01978],[],[],1,0
1.5,96,[0.02055],[],[],1,0
1.5,97,[0.00781],[],[],1,0
1.5,98,[0.00796],[],[],1,0
1.5,99,[0.0308],[],[],1,0
1.5,100,[0.02746],[],[],1,0
1.5,101,[0.00568],[],[],1,0
1.5,102,[0.02093],[],[],1,0
1.5,103,[0.02798],[],[],1,0
1.5,104,[0.04487],[],[],1,0
1.5,105,[0.02023],[],[],1,0
1.5,106,[0.0047],[],[],1,0
1.5,107,[0.01202],[],[],1,0
1.5,108,[0.01321],[],[],1,0
1.5,109,[0.02135],[],[],1,0
1.5,110,[0.0551],[],[],1,0
1.5,111,[0.01397],[],[],1,0
1.5,112,[0.01058],[],[],1,0
1.5,113,[0.0155],[],[],1,0
1.5,114,[0.00242, 0.01649],[],[],2,0
1.5,115,[0.00992],[],[],1,0
1.5,116,[0.0204],[],[],1,0
1.5,117,[0.00158, 0.03405],[],[],2,0
1.5,118,[0.01322],[],[],1,0
1.5,119,[0.01085],[],[],1,0
1.5,120,[0.02481],[],[],1,0
1.5,121,[0.00756],[],[],1,0
1.5,122,[0.0356],[],[],1,0
1.5,123,[0.00848],[],[],1,0
1.5,124,[0.02034],[],[],1,0
1.5,125,[0.01501],[],[],1,0
1.5,126,[0.0378],[],[],1,0
1.5,127,[0.0128],[],[],1,0
1.5,128,[0.02257],[],[],1,0
1.5,129,[0.00922],[],[],1,0
1.5,130,[0.02289],[],[],1,0
1.5,131,[0.00162, 0.01202],[],[],2,0
1.5,132,[0.05419],[],[],1,0
1.5,133,[0.00417],[],[],1,0
1.5,134,[0.02381],[],[],1,0
1.5,135,[0.01215],[],[],1,0
1.5,136,[0.01835],[],[],1,0
1.5,137,[0.05687],[],[],1,0
1.5,138,[0.02338],[],[],1,0
1.5,139,[0.02251],[],[],1,0
1.5,140,[0.0523],[],[],1,0
1.5,141,[0.01191],[],[],1,0
1.5,142,[0.03083],[],[],1,0
1.5,143,[0.02626],[],[],1,0
1.5,144,[0.01301],[],[],1,0
1.5,145,[0.01849],[],[],1,0
1.5,146,[0.02489],[],[],1,0
1.5,147,[0.04234],[],[],1,0
1.5,148,[0.03497],[],[],1,0
1.5,149,[0.02942],[],[],1,0
1.5,150,[0.01236],[],[],1,0
1.5,151,[0.01449],[],[],1,0
1.5,152,[0.01855],[],[],1,0
1.5,153,[0.02927],[],[],1,0
1.5,154,[0.01375],[],[],1,0
1.5,155,[0.02381],[],[],1,0
1.5,156,[0.01181],[],[],1,0
1.5,157,[0.01445],[],[],1,0
1.5,158,[0.02524],[],[],1,0
1.5,159,[0.02381],[],[],1,0
1.5,160,[0.03199],[],[],1,0
1.5,161,[0.00295],[],[],1,0
1.5,162,[0.02834],[],[],1,0
1.5,163,[0.00881],[],[],1,0
1.5,164,[0.05073],[],[],1,0
1.5,165,[0.0138],[],[],1,0
1.5,166,[0.00301, 0.01164],[],[],2,0
1.5,167,[0.00118, 0.00174],[],[],2,0
1.5,168,[0.0017],[],[],1,0
1.5,169,[0.01935],[],[],1,0
1.5,170,[0.00301],[],[],1,0
1.5,171,[0.0124],[],[],1,0
1.5,172,[0.00302, 0.01769],[],[],2,0
1.5,173,[],[],[],0,0
1.5,174,[0.00752],[],[],1,0
1.5,175,[0.0265],[],[],1,0
1.5,176,[0.00542],[],[],1,0
1.5,177,[0.01521],[],[],1,0
1.5,178,[0.04268],[],[],1,0
1.5,179,[0.00763],[],[],1,0
1.5,180,[0.02647],[],[],1,0
1.5,181,[0.01816],[],[],1,0
1.5,182,[0.01255],[],[],1,0
1.5,183,[0.0025, 0.044],[],[],2,0
1.5,184,[],[],[],0,0
1.5,185,[0.03138],[],[],1,0
1.5,186,[0.00391],[],[],1,0
1.5,187,[0.01065],[],[],1,0
1.5,188,[0.01484],[],[],1,0
1.5,189,[0.00565],[],[],1,0
1.5,190,[0.01441],[],[],1,0
1.5,191,[0.00426, 0.05662],[],[],2,0
1.5,192,[0.05217],[],[],1,0
1.5,193,[0.01887],[],[],1,0
1.5,194,[0.02253],[],[],1,0
1.5,195,[0.02466],[],[],1,0
1.5,196,[0.02801],[],[],1,0
1.5,197,[0.01161],[],[],1,0
1.5,198,[0.02987],[],[],1,0
1.5,199,[0.0044],[],[],1,0

