1.5,0,[0.01507],[],[],1,0
1.5,1,[0.02788],[],[],1,0
1.5,2,[0.00479],[],[],1,0
1.5,3,[0.02491],[],[],1,0
1.5,4,[0.00076, 0.01213],[],[],2,0
1.5,5,[0.01642],[],[],1,0
1.5,6,[0.01165],[],[],1,0
1.5,7,[0.03439],[],[],1,0
1.5,8,[0.00638],[],[],1,0
1.5,9,[0.00958],[],[],1,0
1.5,10,[0.00992],[],[],1,0
1.5,11,[0.00365],[],[],1,0
1.5,12,[0.00701],[],[],1,0
1.5,13,[0.05459],[],[],1,0
1.5,14,[0.02968],[],[],1,0
1.5,15,[0.03084],[],[],1,0
1.5,16,[0.00117, 0.01582],[],[],2,0
1.5,17,[0.01725],[],[],1,0
1.5,18,[0.01495],[],[],1,0
1.5,19,[0.0024, 0.01245],[],[],2,0
1.5,20,[0.00654],[],[],1,0
1.5,21,[0.01179],[],[],1,0
1.5,22,[0.01438],[],[],1,0
1.5,23,[0.01169],[],[],1,0
1.5,24,[0.03435],[],[],1,0
1.5,25,[0.03934],[],[],1,0
1.5,26,[0.03307],[],[],1,0
1.5,27,[0.00743],[],[],1,0
1.5,28,[0.00613],[],[],1,0
1.5,29,[0.02774],[],[],1,0
1.5,30,[0.01982],[],[],1,0
1.5,31,[0.01068],[],[],1,0
1.5,32,[0.02925],[],[],1,0
1.5,33,[0.00235],[],[],1,0
1.5,34,[0.00033, 0.03804],[],[],2,0
1.5,35,[0.01761],[],[],1,0
1.5,36,[0.02323],[],[],1,0
1.5,37,[0.01835],[],[],1,0
1.5,38,[0.00017, 0.00312],[],[],2,0
1.5,39,[0.0416],[],[],1,0
1.5,40,[0.00993],[],[],1,0
1.5,41,[0.00424, 0.04677],[],[],2,0
1.5,42,[0.02353],[],[],1,0
1.5,43,[0.02717],[],[],1,0
1.5,44,[0.00989],[],[],1,0
1.5,45,[0.04972],[],[],1,0
1.5,46,[0.00194, 0.01335],[],[],2,0
1.5,47,[0.03363],[],[],1,0
1.5,48,[0.02831],[],[],1,0
1.5,49,[0.00041, 0.03315],[],[],2,0
1.5,50,[0.02271],[],[],1,0
1.5,51,[0.0076],[],[],1,0
1.5,52,[0.02224],[],[],1,0
1.5,53,[0.00917],[],[],1,0
1.5,54,[0.01858],[],[],1,0
1.5,55,[0.02538],[],[],1,0
1.5,56,[0.02244],[],[],1,0
1.5,57,[0.00204, 0.04296],[],[],2,0
1.5,58,[0.00337],[],[],1,0
1.5,59,[0.0063],[],[],1,0
1.5,60,[0.02957],[],[],1,0
1.5,61,[0.01393],[],[],1,0
1.5,62,[0.00204],[],[],1,0
1.5,63,[0.01117],[],[],1,0
1.5,64,[0.00527],[],[],1,0
1.5,65,[0.01159],[],[],1,0
1.5,66,[0.00547],[],[],1,0
1.5,67,[0.01448],[],[],1,0
1.5,68,[0.0119],[],[],1,0
1.5,69,[0.01641],[],[],1,0
1.5,70,[0.0534],[],[],1,0
1.5,71,[0.01664],[],[],1,0
1.5,72,[0.02861],[],[],1,0
1.5,73,[0.00245],[],[],1,0
1.5,74,[0.0045],[],[],1,0
1.5,75,[0.01075],[],[],1,0
1.5,76,[0.01112],[],[],1,0
1.5,77,[0.01404],[],[],1,0
1.5,78,[0.02609],[],[],1,0
1.5,79,[0.03421],[],[],1,0
1.5,80,[0.0112],[],[],1,0
1.5,81,[0.02591],[],[],1,0
1.5,82,[0.02624],[],[],1,0
1.5,83,[0.0291],[],[],1,0
1.5,84,[0.01502],[],[],1,0
1.5,85,[0.00691],[],[],1,0
1.5,86,[0.01985],[],[],1,0
1.5,87,[0.02206],[],[],1,0
1.5,88,[0.00909],[],[],1,0
1.5,89,[],[],[],0,0
1.5,90,[0.01832],[],[],1,0
1.5,91,[0.0252],[],[],1,0
1.5,92,[0.05473],[],[],1,0
1.5,93,[0.01631],[],[],1,0
1.5,94,[0.04597],[],[],1,0
1.5,95,[0.01571],[],[],1,0
1.5,96,[],[],[],0,0
1.5,97,[0.00963],[],[],1,0
1.5,98,[0.05929],[],[],1,0
1.5,99,[0.01466],[],[],1,0
1.5,100,[0.00326],[],[],1,0
1.5,101,[],[],[],0,0
1.5,102,[0.0087],[],[],1,0
1.5,103,[0.0246],[],[],1,0
1.5,104,[0.03032],[],[],1,0
1.5,105,[0.03667],[],[],1,0
1.5,106,[0.02076],[],[],1,0
1.5,107,[0.02935],[],[],1,0
1.5,108,[0.02452],[],[],1,0
1.5,109,[0.00883],[],[],1,0
1.5,110,[0.00577],[],[],1,0
1.5,111,[0.05622],[],[],1,0
1.5,112,[0.00525],[],[],1,0
1.5,113,[0.02219],[],[],1,0
1.5,114,[0.00853],[],[],1,0
1.5,115,[0.03895],[],[],1,0
1.5,116,[0.03465],[],[],1,0
1.5,117,[0.03867],[],[],1,0
1.5,118,[0.02574],[],[],1,0
1.5,119,[0.00983],[],[],1,0
1.5,120,[0.01203],[],[],1,0
1.5,121,[0.02709],[],[],1,0
1.5,122,[0.01247],[],[],1,0
1.5,123,[0.03439],[],[],1,0
1.5,124,[0.01298],[],[],1,0
1.5,125,[0.01335],[],[],1,0
1.5,126,[0.01548],[],[],1,0
1.5,127,[0.0297],[],[],1,0
1.5,128,[0.02676],[],[],1,0
1.5,129,[0.03062],[],[],1,0
1.5,130,[0.02907],[],[],1,0
1.5,131,[0.0636],[],[],1,0
1.5,132,[0.00702],[],[],1,0
1.5,133,[0.00856],[],[],1,0
1.5,134,[0.02231],[],[],1,0
1.5,135,[0.01927],[],[],1,0
1.5,136,[0.01515],[],[],1,0
1.5,137,[0.00212],[],[],1,0
1.5,138,[0.01088],[],[],1,0
1.5,139,[0.01996],[],[],1,0
1.5,140,[0.00835],[],[],1,0
1.5,141,[0.03271],[],[],1,0
1.5,142,[0.02985],[],[],1,0
1.5,143,[0.03462],[],[],1,0
1.5,144,[0.00766],[],[],1,0
1.5,145,[0.01856],[],[],1,0
1.5,146,[0.02295],[],[],1,0
1.5,147,[0.00394, 0.04102],[],[],2,0
1.5,148,[0.00242],[],[],1,0
1.5,149,[0.00809],[],[],1,0
1.5,150,[0.03247],[],[],1,0
1.5,151,[0.0141],[],[],1,0
1.5,152,[],[],[],0,0
1.5,153,[0.005, 0.03401],[],[],2,0
1.5,154,[0.04312],[],[],1,0
1.5,155,[0.02886],[],[],1,0
1.5,156,[0.03788],[],[],1,0
1.5,157,[0.00977],[],[],1,0
1.5,158,[0.05052],[],[],1,0
1.5,159,[0.02139],[],[],1,0
1.5,160,[0.03056],[],[],1,0
1.5,161,[0.01553],[],[],1,0
1.5,162,[0.01041],[],[],1,0
1.5,163,[0.00737],[],[],1,0
1.5,164,[0.01038],[],[],1,0
1.5,165,[0.01943],[],[],1,0
1.5,166,[0.0249],[],[],1,0
1.5,167,[0.02508],[],[],1,0
1.5,168,[0.03087],[],[],1,0
1.5,169,[0.01396],[],[],1,0
1.5,170,[0.02755],[],[],1,0
1.5,171,[0.01046],[],[],1,0
1.5,172,[0.00572],[],[],1,0
1.5,173,[],[],[],0,0
1.5,174,[0.00075, 0.02373],[],[],2,0
1.5,175,[0.0252],[],[],1,0
1.5,176,[0.00627],[],[],1,0
1.5,177,[0.0101],[],[],1,0
1.5,178,[0.01737],[],[],1,0
1.5,179,[0.00451],[],[],1,0
1.5,180,[0.01791],[],[],1,0
1.5,181,[0.02193],[],[],1,0
1.5,182,[0.03732],[],[],1,0
1.5,183,[0.02707],[],[],1,0
1.5,184,[0.01221],[],[],1,0
1.5,185,[0.00504, 0.01926],[],[],2,0
1.5,186,[0.02609],[],[],1,0
1.5,187,[0.01083],[],[],1,0
1.5,188,[0.03216],[],[],1,0
1.5,189,[0.01164],[],[],1,0
1.5,190,[0.01922],[],[],1,0
1.5,191,[0.00766],[],[],1,0
1.5,192,[0.02174],[],[],1,0
1.5,193,[0.02534],[],[],1,0
1.5,194,[0.02279],[],[],1,0
1.5,195,[0.02869],[],[],1,0
1.5,196,[0.02139],[],[],1,0
1.5,197,[0.01832],[],[],1,0
1.5,198,[0.02153],[],[],1,0
1.5,199,[0.03435],[],[],1,0

