1.5,0,[0.03563],[],[],1,0
1.5,1,[0.01157],[],[],1,0
1.5,2,[0.01143],[],[],1,0
1.5,3,[0.00795],[],[],1,0
1.5,4,[0.05079],[],[],1,0
1.5,5,[0.05346],[],[],1,0
1.5,6,[0.00551],[],[],1,0
1.5,7,[0.0557],[],[],1,0
1.5,8,[0.0092],[],[],1,0
1.5,9,[0.00163],[],[],1,0
1.5,10,[0.01698],[],[],1,0
1.5,11,[0.00797],[],[],1,0
1.5,12,[0.01868],[],[],1,0
1.5,13,[0.01348],[],[],1,0
1.5,14,[0.0144],[],[],1,0
1.5,15,[0.03735],[],[],1,0
1.5,16,[0.01113],[],[],1,0
1.5,17,[0.03567],[],[],1,0
1.5,18,[0.04939],[],[],1,0
1.5,19,[0.00661],[],[],1,0
1.5,20,[0.00042, 0.02881],[],[],2,0
1.5,21,[0.0207],[],[],1,0
1.5,22,[0.05372],[],[],1,0
1.5,23,[0.01851],[],[],1,0
1.5,24,[0.0013, 0.05843],[],[],2,0
1.5,25,[0.04946],[],[],1,0
1.5,26,[0.02027],[],[],1,0
1.5,27,[0.01676],[],[],1,0
1.5,28,[0.01764],[],[],1,0
1.5,29,[0.0242],[],[],1,0
1.5,30,[0.01264],[],[],1,0
1.5,31,[0.02192],[],[],1,0
1.5,32,[0.0006, 0.05901],[],[],2,0
1.5,33,[0.01047],[],[],1,0
1.5,34,[0.01799],[],[],1,0
1.5,35,[0.00148, 0.02811],[],[],2,0
1.5,36,[0.00871],[],[],1,0
1.5,37,[0.03238],[],[],1,0
1.5,38,[0.01036],[],[],1,0
1.5,39,[0.00663, 0.05198],[],[],2,0
1.5,40,[0.03072],[],[],1,0
1.5,41,[0.01602],[],[],1,0
1.5,42,[0.03446],[],[],1,0
1.5,43,[0.0563],[],[],1,0
1.5,44,[0.03002],[],[],1,0
1.5,45,[0.03825],[],[],1,0
1.5,46,[0.02788],[],[],1,0
1.5,47,[0.01469],[],[],1,0
1.5,48,[0.01501],[],[],1,0
1.5,49,[0.00776],[],[],1,0
1.5,50,[0.02905],[],[],1,0
1.5,51,[0.00122, 0.00799],[],[],2,0
1.5,52,[0.0099],[],[],1,0
1.5,53,[0.02372],[],[],1,0
1.5,54,[0.01152],[],[],1,0
1.5,55,[0.03004],[],[],1,0
1.5,56,[0.02861],[],[],1,0
1.5,57,[0.00455, 0.05236],[],[],2,0
1.5,58,[0.01165],[],[],1,0
1.5,59,[0.0322],[],[],1,0
1.5,60,[0.01293],[],[],1,0
1.5,61,[0.01145],[],[],1,0
1.5,62,[0.00157],[],[],1,0
1.5,63,[],[],[],0,0
1.5,64,[0.07208],[],[],1,0
1.5,65,[0.02311],[],[],1,0
1.5,66,[0.00324, 0.03397],[],[],2,0
1.5,67,[0.00839],[],[],1,0
1.5,68,[0.05676],[],[],1,0
1.5,69,[0.02534],[],[],1,0
1.5,70,[0.03357],[],[],1,0
1.5,71,[0.0012, 0.00343, 0.01576],[],[],3,0
1.5,72,[0.00924],[],[],1,0
1.5,73,[0.03736],[],[],1,0
1.5,74,[0.03666],[],[],1,0
1.5,75,[0.01157],[],[],1,0
1.5,76,[0.02839],[],[],1,0
1.5,77,[0.04999],[],[],1,0
1.5,78,[0.02258],[],[],1,0
1.5,79,[],[],[],0,0
1.5,80,[0.02606],[],[],1,0
1.5,81,[0.01664],[],[],1,0
1.5,82,[0.01094],[],[],1,0
1.5,83,[0.00611],[],[],1,0
1.5,84,[0.0056],[],[],1,0
1.5,85,[0.02271],[],[],1,0
1.5,86,[0.05242],[],[],1,0
1.5,87,[0.00697],[],[],1,0
1.5,88,[0.04941],[],[],1,0
1.5,89,[0.02803],[],[],1,0
1.5,90,[0.01819],[],[],1,0
1.5,91,[0.01261],[],[],1,0
1.5,92,[0.00501],[],[],1,0
1.5,93,[0.00667],[],[],1,0
1.5,94,[0.02034],[],[],1,0
1.5,95,[0.02502],[],[],1,0
1.5,96,[0.03111],[],[],1,0
1.5,97,[0.00991],[],[],1,0
1.5,98,[0.02317],[],[],1,0
1.5,99,[0.01001],[],[],1,0
1.5,100,[0.00983],[],[],1,0
1.5,101,[0.0652],[],[],1,0
1.5,102,[0.0057],[],[],1,0
1.5,103,[0.00097],[],[],1,0
1.5,104,[0.03245],[],[],1,0
1.5,105,[0.04692],[],[],1,0
1.5,106,[0.02076],[],[],1,0
1.5,107,[0.01897],[],[],1,0
1.5,108,[0.0435],[],[],1,0
1.5,109,[0.04718],[],[],1,0
1.5,110,[],[],[],0,0
1.5,111,[0.04729],[],[],1,0
1.5,112,[0.04287],[],[],1,0
1.5,113,[0.01203],[],[],1,0
1.5,114,[0.01821],[],[],1,0
1.5,115,[0.04025],[],[],1,0
1.5,116,[0.0437],[],[],1,0
1.5,117,[0.01209],[],[],1,0
1.5,118,[0.01694],[],[],1,0
1.5,119,[0.01514],[],[],1,0
1.5,120,[0.00435],[],[],1,0
1.5,121,[0.01669],[],[],1,0
1.5,122,[0.01136],[],[],1,0
1.5,123,[0.00315, 0.02213],[],[],2,0
1.5,124,[0.0219],[],[],1,0
1.5,125,[0.01803],[],[],1,0
1.5,126,[0.02108],[],[],1,0
1.5,127,[0.07718],[],[],1,0
1.5,128,[0.00733],[],[],1,0
1.5,129,[0.01563],[],[],1,0
1.5,130,[0.02375],[],[],1,0
1.5,131,[0.00694],[],[],1,0
1.5,132,[0.02266],[],[],1,0
1.5,133,[0.02929],[],[],1,0
1.5,134,[0.02749],[],[],1,0
1.5,135,[0.02616],[],[],1,0
1.5,136,[0.00539],[],[],1,0
1.5,137,[0.00212, 0.02235],[],[],2,0
1.5,138,[0.01844],[],[],1,0
1.5,139,[0.03559],[],[],1,0
1.5,140,[0.00332],[],[],1,0
1.5,141,[0.0128],[],[],1,0
1.5,142,[0.00873],[],[],1,0
1.5,143,[0.01113],[],[],1,0
1.5,144,[0.01681],[],[],1,0
1.5,145,[0.01573],[],[],1,0
1.5,146,[0.01247],[],[],1,0
1.5,147,[0.01148],[],[],1,0
1.5,148,[0.03819],[],[],1,0
1.5,149,[0.03916],[],[],1,0
1.5,150,[0.03959],[],[],1,0
1.5,151,[0.00746],[],[],1,0
1.5,152,[0.02835],[],[],1,0
1.5,153,[0.03998],[],[],1,0
1.5,154,[0.03505],[],[],1,0
1.5,155,[0.03743],[],[],1,0
1.5,156,[0.03212],[],[],1,0
1.5,157,[0.01752],[],[],1,0
1.5,158,[0.01206],[],[],1,0
1.5,159,[0.01702],[],[],1,0
1.5,160,[0.03967],[],[],1,0
1.5,161,[0.00582],[],[],1,0
1.5,162,[0.01503],[],[],1,0
1.5,163,[0.00872],[],[],1,0
1.5,164,[0.01681],[],[],1,0
1.5,165,[0.02872],[],[],1,0
1.5,166,[0.00895],[],[],1,0
1.5,167,[0.01047],[],[],1,0
1.5,168,[0.00545],[],[],1,0
1.5,169,[0.04951],[],[],1,0
1.5,170,[0.00776],[],[],1,0
1.5,171,[0.01092],[],[],1,0
1.5,172,[0.00546, 0.03406],[],[],2,0
1.5,173,[0.04886],[],[],1,0
1.5,174,[0.02052],[],[],1,0
1.5,175,[0.00381, 0.03447],[],[],2,0
1.5,176,[0.01229],[],[],1,0
1.5,177,[0.01663],[],[],1,0
1.5,178,[0.02282],[],[],1,0
1.5,179,[0.00346, 0.03402],[],[],2,0
1.5,180,[0.04196],[],[],1,0
1.5,181,[0.05505],[],[],1,0
1.5,182,[0.03106],[],[],1,0
1.5,183,[0.0073],[],[],1,0
1.5,184,[0.00126, 0.00339, 0.03274],[],[],3,0
1.5,185,[0.01527],[],[],1,0
1.5,186,[0.01099],[],[],1,0
1.5,187,[0.0092],[],[],1,0
1.5,188,[0.00345, 0.04185],[],[],2,0
1.5,189,[0.00177, 0.03455],[],[],2,0
1.5,190,[0.01043],[],[],1,0
1.5,191,[0.02062],[],[],1,0
1.5,192,[0.03587],[],[],1,0
1.5,193,[0.01751],[],[],1,0
1.5,194,[0.00537],[],[],1,0
1.5,195,[0.03629],[],[],1,0
1.5,196,[0.00387, 0.02889],[],[],2,0
1.5,197,[0.01978],[],[],1,0
1.5,198,[0.01184],[],[],1,0
1.5,199,[0.00524],[],[],1,0

