1.5,0,[0.02283],[],[],1,0
1.5,1,[0.01138],[],[],1,0
1.5,2,[0.03619],[],[],1,0
1.5,3,[0.00322, 0.05859],[],[],2,0
1.5,4,[0.01176],[],[],1,0
1.5,5,[0.03392],[],[],1,0
1.5,6,[0.0015, 0.05307],[],[],2,0
1.5,7,[0.03624],[],[],1,0
1.5,8,[0.04887],[],[],1,0
1.5,9,[0.00593],[],[],1,0
1.5,10,[0.01219],[],[],1,0
1.5,11,[0.02038],[],[],1,0
1.5,12,[0.00957],[],[],1,0
1.5,13,[0.00384],[],[],1,0
1.5,14,[0.04204],[],[],1,0
1.5,15,[0.0711],[],[],1,0
1.5,16,[0.01332],[],[],1,0
1.5,17,[0.02542],[],[],1,0
1.5,18,[0.02983],[],[],1,0
1.5,19,[0.02289],[],[],1,0
1.5,20,[0.05889],[],[],1,0
1.5,21,[0.00182, 0.05016],[],[],2,0
1.5,22,[0.01158],[],[],1,0
1.5,23,[0.0136],[],[],1,0
1.5,24,[0.01746],[],[],1,0
1.5,25,[0.01954],[],[],1,0
1.5,26,[0.0279],[],[],1,0
1.5,27,[0.01223],[],[],1,0
1.5,28,[0.01875],[],[],1,0
1.5,29,[0.02512],[],[],1,0
1.5,30,[0.05442],[],[],1,0
1.5,31,[0.01536],[],[],1,0
1.5,32,[0.00918],[],[],1,0
1.5,33,[0.00975],[],[],1,0
1.5,34,[0.03527],[],[],1,0
1.5,35,[0.00473],[],[],1,0
1.5,36,[0.00991],[],[],1,0
1.5,37,[0.01097],[],[],1,0
1.5,38,[0.00134, 0.01144],[],[],2,0
1.5,39,[0.01119],[],[],1,0
1.5,40,[0.01265],[],[],1,0
1.5,41,[0.0285],[],[],1,0
1.5,42,[0.01545],[],[],1,0
1.5,43,[0.00847],[],[],1,0
1.5,44,[0.00958],[],[],1,0
1.5,45,[0.00984],[],[],1,0
1.5,46,[0.00503],[],[],1,0
1.5,47,[0.00814],[],[],1,0
1.5,48,[0.00857],[],[],1,0
1.5,49,[0.01878],[],[],1,0
1.5,50,[0.02441],[],[],1,0
1.5,51,[0.01797],[],[],1,0
1.5,52,[0.02767],[],[],1,0
1.5,53,[0.00242],[],[],1,0
1.5,54,[0.01599],[],[],1,0
1.5,55,[0.01682],[],[],1,0
1.5,56,[0.00566],[],[],1,0
1.5,57,[0.02135],[],[],1,0
1.5,58,[0.00881],[],[],1,0
1.5,59,[0.00817],[],[],1,0
1.5,60,[0.02687],[],[],1,0
1.5,61,[0.01643],[],[],1,0
1.5,62,[0.0046],[],[],1,0
1.5,63,[0.0224],[],[],1,0
1.5,64,[0.01947],[],[],1,0
1.5,65,[0.0242],[],[],1,0
1.5,66,[0.02146],[],[],1,0
1.5,67,[0.01962],[],[],1,0
1.5,68,[0.00674],[],[],1,0
1.5,69,[0.0237],[],[],1,0
1.5,70,[0.01218],[],[],1,0
1.5,71,[0.01122],[],[],1,0
1.5,72,[0.05413],[],[],1,0
1.5,73,[0.01171],[],[],1,0
1.5,74,[0.00906],[],[],1,0
1.5,75,[0.0021, 0.03842],[],[],2,0
1.5,76,[0.02251],[],[],1,0
1.5,77,[0.01936],[],[],1,0
1.5,78,[0.00814],[],[],1,0
1.5,79,[0.01722],[],[],1,0
1.5,80,[0.00769],[],[],1,0
1.5,81,[0.00781],[],[],1,0
1.5,82,[0.00271, 0.04451],[],[],2,0
1.5,83,[0.02306],[],[],1,0
1.5,84,[0.02592],[],[],1,0
1.5,85,[0.03157],[],[],1,0
1.5,86,[0.00252, 0.02321],[],[],2,0
1.5,87,[0.03639],[],[],1,0
1.5,88,[0.00867],[],[],1,0
1.5,89,[0.01209],[],[],1,0
1.5,90,[0.02106],[],[],1,0
1.5,91,[0.03967],[],[],1,0
1.5,92,[0.01994],[],[],1,0
1.5,93,[0.00791],[],[],1,0
1.5,94,[0.00776],[],[],1,0
1.5,95,[],[],[],0,0
1.5,96,[0.017],[],[],1,0
1.5,97,[0.02267],[],[],1,0
1.5,98,[0.00095, 0.00953],[],[],2,0
1.5,99,[0.00796],[],[],1,0
1.5,100,[0.00355],[],[],1,0
1.5,101,[0.00784, 0.04193],[],[],2,0
1.5,102,[0.00646],[],[],1,0
1.5,103,[0.01594],[],[],1,0
1.5,104,[0.0225],[],[],1,0
1.5,105,[0.00434],[],[],1,0
1.5,106,[0.01748],[],[],1,0
1.5,107,[0.00049, 0.03035],[],[],2,0
1.5,108,[0.01122],[],[],1,0
1.5,109,[],[],[],0,0
1.5,110,[0.00602],[],[],1,0
1.5,111,[0.01122],[],[],1,0
1.5,112,[0.00923],[],[],1,0
1.5,113,[0.03634],[],[],1,0
1.5,114,[0.02117],[],[],1,0
1.5,115,[0.01313],[],[],1,0
1.5,116,[0.03226],[],[],1,0
1.5,117,[0.00488],[],[],1,0
1.5,118,[0.00597],[],[],1,0
1.5,119,[0.00197],[],[],1,0
1.5,120,[0.02474],[],[],1,0
1.5,121,[0.02227],[],[],1,0
1.5,122,[0.01102],[],[],1,0
1.5,123,[0.01004],[],[],1,0
1.5,124,[0.02328],[],[],1,0
1.5,125,[0.0127],[],[],1,0
1.5,126,[0.01594],[],[],1,0
1.5,127,[0.00367, 0.03964],[],[],2,0
1.5,128,[0.03054],[],[],1,0
1.5,129,[],[],[],0,0
1.5,130,[0.03488],[],[],1,0
1.5,131,[0.00639],[],[],1,0
1.5,132,[0.00599],[],[],1,0
1.5,133,[0.02107],[],[],1,0
1.5,134,[0.00324],[],[],1,0
1.5,135,[0.01584],[],[],1,0
1.5,136,[0.04955],[],[],1,0
1.5,137,[0.00873],[],[],1,0
1.5,138,[0.04225],[],[],1,0
1.5,139,[],[],[],0,0
1.5,140,[0.00978],[],[],1,0
1.5,141,[0.01008],[],[],1,0
1.5,142,[0.03095],[],[],1,0
1.5,143,[0.00151],[],[],1,0
1.5,144,[0.02487],[],[],1,0
1.5,145,[0.02803],[],[],1,0
1.5,146,[0.00806],[],[],1,0
1.5,147,[0.00263, 0.02007],[],[],2,0
1.5,148,[0.01736],[],[],1,0
1.5,149,[0.03016],[],[],1,0
1.5,150,[0.03573],[],[],1,0
1.5,151,[0.00482],[],[],1,0
1.5,152,[0.00432],[],[],1,0
1.5,153,[0.01701],[],[],1,0
1.5,154,[0.0282],[],[],1,0
1.5,155,[0.00551],[],[],1,0
1.5,156,[0.01782],[],[],1,0
1.5,157,[0.00498],[],[],1,0
1.5,158,[0.00798],[],[],1,0
1.5,159,[0.01961],[],[],1,0
1.5,160,[0.00274, 0.03198],[],[],2,0
1.5,161,[0.01857],[],[],1,0
1.5,162,[0.04654],[],[],1,0
1.5,163,[0.03606],[],[],1,0
1.5,164,[0.02421],[],[],1,0
1.5,165,[0.02115],[],[],1,0
1.5,166,[0.02564],[],[],1,0
1.5,167,[0.01707],[],[],1,0
1.5,168,[0.01783],[],[],1,0
1.5,169,[0.04352],[],[],1,0
1.5,170,[0.02663],[],[],1,0
1.5,171,[0.03788],[],[],1,0
1.5,172,[0.01238],[],[],1,0
1.5,173,[0.01739],[],[],1,0
1.5,174,[0.01158],[],[],1,0
1.5,175,[0.02329],[],[],1,0
1.5,176,[0.02962],[],[],1,0
1.5,177,[0.02156],[],[],1,0
1.5,178,[],[],[],0,0
1.5,179,[0.02926],[],[],1,0
1.5,180,[0.01387],[],[],1,0
1.5,181,[0.0314],[],[],1,0
1.5,182,[0.02505],[],[],1,0
1.5,183,[0.02628],[],[],1,0
1.5,184,[0.01081],[],[],1,0
1.5,185,[0.04742],[],[],1,0
1.5,186,[0.03132],[],[],1,0
1.5,187,[0.05496],[],[],1,0
1.5,188,[0.03119],[],[],1,0
1.5,189,[0.03201],[],[],1,0
1.5,190,[0.00895],[],[],1,0
1.5,191,[0.005],[],[],1,0
1.5,192,[0.02117],[],[],1,0
1.5,193,[0.01079],[],[],1,0
1.5,194,[0.01508],[],[],1,0
1.5,195,[0.00128, 0.01466],[],[],2,0
1.5,196,[0.0317],[],[],1,0
1.5,197,[],[],[],0,0
1.5,198,[0.01726],[],[],1,0
1.5,199,[0.05023],[],[],1,0

