1.5,0,[0.02515],[],[],1,0
1.5,1,[0.00851],[],[],1,0
1.5,2,[0.00563],[],[],1,0
1.5,3,[0.03733],[],[],1,0
1.5,4,[0.00764],[],[],1,0
1.5,5,[0.01232],[],[],1,0
1.5,6,[0.01636],[],[],1,0
1.5,7,[0.00345],[],[],1,0
1.5,8,[0.02603],[],[],1,0
1.5,9,[0.00055],[],[],1,0
1.5,10,[0.02046],[],[],1,0
1.5,11,[0.02455, 0.02661],[],[],2,0
1.5,12,[0.00759],[],[],1,0
1.5,13,[0.00286],[],[],1,0
1.5,14,[0.00742],[],[],1,0
1.5,15,[0.00622],[],[],1,0
1.5,16,[0.03896],[],[],1,0
1.5,17,[0.03066],[],[],1,0
1.5,18,[0.01312],[],[],1,0
1.5,19,[0.0038],[],[],1,0
1.5,20,[0.03478],[],[],1,0
1.5,21,[0.01143],[],[],1,0
1.5,22,[0.01881],[],[],1,0
1.5,23,[0.00151, 0.01986],[],[],2,0
1.5,24,[0.01514],[],[],1,0
1.5,25,[0.00562],[],[],1,0
1.5,26,[0.02535],[],[],1,0
1.5,27,[0.03932],[],[],1,0
1.5,28,[0.0053],[],[],1,0
1.5,29,[0.02845],[],[],1,0
1.5,30,[0.00864],[],[],1,0
1.5,31,[0.00198],[],[],1,0
1.5,32,[0.00942],[],[],1,0
1.5,33,[0.00576],[],[],1,0
1.5,34,[0.00306],[],[],1,0
1.5,35,[0.01178],[],[],1,0
1.5,36,[0.00719],[],[],1,0
1.5,37,[0.01847],[],[],1,0
1.5,38,[0.01325],[],[],1,0
1.5,39,[0.01258],[],[],1,0
1.5,40,[0.03189],[],[],1,0
1.5,41,[0.02337],[],[],1,0
1.5,42,[0.01488],[],[],1,0
1.5,43,[0.00546],[],[],1,0
1.5,44,[0.02407],[],[],1,0
1.5,45,[0.01682],[],[],1,0
1.5,46,[0.01147],[],[],1,0
1.5,47,[0.05356],[],[],1,0
1.5,48,[0.00596],[],[],1,0
1.5,49,[0.03805],[],[],1,0
1.5,50,[0.01141],[],[],1,0
1.5,51,[0.03247],[],[],1,0
1.5,52,[0.00714],[],[],1,0
1.5,53,[0.01474],[],[],1,0
1.5,54,[0.03372],[],[],1,0
1.5,55,[0.00923],[],[],1,0
1.5,56,[0.00177, 0.03125],[],[],2,0
1.5,57,[0.00406],[],[],1,0
1.5,58,[0.00895],[],[],1,0
1.5,59,[0.01708],[],[],1,0
1.5,60,[0.02444],[],[],1,0
1.5,61,[0.01567],[],[],1,0
1.5,62,[0.01632],[],[],1,0
1.5,63,[0.01197],[],[],1,0
1.5,64,[0.01468],[],[],1,0
1.5,65,[0.00896],[],[],1,0
1.5,66,[0.04691],[],[],1,0
1.5,67,[0.05785],[],[],1,0
1.5,68,[0.0215],[],[],1,0
1.5,69,[0.01417],[],[],1,0
1.5,70,[0.04531],[],[],1,0
1.5,71,[0.01554],[],[],1,0
1.5,72,[0.03784],[],[],1,0
1.5,73,[0.0066],[],[],1,0
1.5,74,[0.01714],[],[],1,0
1.5,75,[0.03693],[],[],1,0
1.5,76,[0.03603],[],[],1,0
1.5,77,[0.01266],[],[],1,0
1.5,78,[0.02741],[],[],1,0
1.5,79,[0.00236],[],[],1,0
1.5,80,[0.0011],[],[],1,0
1.5,81,[0.01912],[],[],1,0
1.5,82,[0.00333],[],[],1,0
1.5,83,[],[],[],0,0
1.5,84,[0.00947],[],[],1,0
1.5,85,[0.00825],[],[],1,0
1.5,86,[0.00896],[],[],1,0
1.5,87,[0.01819],[],[],1,0
1.5,88,[0.00899, 0.00804],[],[],2,0
1.5,89,[0.01349],[],[],1,0
1.5,90,[0.00053],[],[],1,0
1.5,91,[0.01688],[],[],1,0
1.5,92,[0.00781],[],[],1,0
1.5,93,[0.0105],[],[],1,0
1.5,94,[0.01168],[],[],1,0
1.5,95,[0.0226],[],[],1,0
1.5,96,[0.01592],[],[],1,0
1.5,97,[0.01862],[],[],1,0
1.5,98,[0.017],[],[],1,0
1.5,99,[0.00696],[],[],1,0
1.5,100,[0.03827],[],[],1,0
1.5,101,[0.00223, 0.04009],[],[],2,0
1.5,102,[0.01906],[],[],1,0
1.5,103,[0.02397],[],[],1,0
1.5,104,[0.04778],[],[],1,0
1.5,105,[0.03429],[],[],1,0
1.5,106,[0.01828],[],[],1,0
1.5,107,[0.0355],[],[],1,0
1.5,108,[0.01155],[],[],1,0
1.5,109,[0.03626],[],[],1,0
1.5,110,[0.09105],[],[],1,0
1.5,111,[0.00719],[],[],1,0
1.5,112,[0.01973],[],[],1,0
1.5,113,[0.00733],[],[],1,0
1.5,114,[0.02293],[],[],1,0
1.5,115,[0.0292],[],[],1,0
1.5,116,[0.01059],[],[],1,0
1.5,117,[0.01117],[],[],1,0
1.5,118,[0.02878],[],[],1,0
1.5,119,[0.01894],[],[],1,0
1.5,120,[0.05138],[],[],1,0
1.5,121,[0.00506],[],[],1,0
1.5,122,[0.02163],[],[],1,0
1.5,123,[0.03065],[],[],1,0
1.5,124,[0.02094],[],[],1,0
1.5,125,[0.01737],[],[],1,0
1.5,126,[0.00329],[],[],1,0
1.5,127,[0.0394],[],[],1,0
1.5,128,[0.03611],[],[],1,0
1.5,129,[0.00768],[],[],1,0
1.5,130,[0.02382],[],[],1,0
1.5,131,[0.019],[],[],1,0
1.5,132,[0.00601],[],[],1,0
1.5,133,[0.03367],[],[],1,0
1.5,134,[0.01097],[],[],1,0
1.5,135,[0.01192],[],[],1,0
1.5,136,[0.05312],[],[],1,0
1.5,137,[0.01303],[],[],1,0
1.5,138,[0.01686],[],[],1,0
1.5,139,[0.01481],[],[],1,0
1.5,140,[0.03635],[],[],1,0
1.5,141,[0.00635],[],[],1,0
1.5,142,[0.00846],[],[],1,0
1.5,143,[0.00051],[],[],1,0
1.5,144,[0.02783],[],[],1,0
1.5,145,[0.02082],[],[],1,0
1.5,146,[0.00576],[],[],1,0
1.5,147,[0.01058],[],[],1,0
1.5,148,[0.01839],[],[],1,0
1.5,149,[0.00525],[],[],1,0
1.5,150,[0.02074],[],[],1,0
1.5,151,[0.01711],[],[],1,0
1.5,152,[],[],[],0,0
1.5,153,[0.01734],[],[],1,0
1.5,154,[0.02612],[],[],1,0
1.5,155,[0.0182],[],[],1,0
1.5,156,[0.02498],[],[],1,0
1.5,157,[0.00724],[],[],1,0
1.5,158,[0.05396],[],[],1,0
1.5,159,[0.01136],[],[],1,0
1.5,160,[0.01813],[],[],1,0
1.5,161,[0.0152],[],[],1,0
1.5,162,[0.03293],[],[],1,0
1.5,163,[0.00659],[],[],1,0
1.5,164,[0.00237],[],[],1,0
1.5,165,[0.0346],[],[],1,0
1.5,166,[0.05471],[],[],1,0
1.5,167,[0.0047],[],[],1,0
1.5,168,[0.01546],[],[],1,0
1.5,169,[0.00566],[],[],1,0
1.5,170,[0.01189],[],[],1,0
1.5,171,[],[],[],0,0
1.5,172,[0.02258],[],[],1,0
1.5,173,[0.00229],[],[],1,0
1.5,174,[0.02686],[],[],1,0
1.5,175,[0.0331],[],[],1,0
1.5,176,[0.0019],[],[],1,0
1.5,177,[0.00749],[],[],1,0
1.5,178,[0.0129],[],[],1,0
1.5,179,[0.02357],[],[],1,0
1.5,180,[],[],[],0,0
1.5,181,[0.00833],[],[],1,0
1.5,182,[0.01897],[],[],1,0
1.5,183,[0.02254],[],[],1,0
1.5,184,[0.02124],[],[],1,0
1.5,185,[0.00987],[],[],1,0
1.5,186,[0.00574],[],[],1,0
1.5,187,[0.03722],[],[],1,0
1.5,188,[0.00229, 0.01563],[],[],2,0
1.5,189,[0.01407],[],[],1,0
1.5,190,[0.02521],[],[],1,0
1.5,191,[0.00381],[],[],1,0
1.5,192,[0.00876],[],[],1,0
1.5,193,[0.00311, 0.04478],[],[],2,0
1.5,194,[0.03616],[],[],1,0
1.5,195,[0.01757],[],[],1,0
1.5,196,[0.01495],[],[],1,0
1.5,197,[],[],[],0,0
1.5,198,[0.01369],[],[],1,0
1.5,199,[0.00962],[],[],1,0

