1.5,0,[0.02936],[],[],1,0
1.5,1,[0.00575],[],[],1,0
1.5,2,[0.00788],[],[],1,0
1.5,3,[0.01801],[],[],1,0
1.5,4,[0.00557, 0.0115],[],[],2,0
1.5,5,[0.0248],[],[],1,0
1.5,6,[0.00684],[],[],1,0
1.5,7,[0.00246, 0.01838],[],[],2,0
1.5,8,[0.01643],[],[],1,0
1.5,9,[0.01493],[],[],1,0
1.5,10,[0.00241],[],[],1,0
1.5,11,[0.03382],[],[],1,0
1.5,12,[0.0008, 0.00616],[],[],2,0
1.5,13,[0.05102],[],[],1,0
1.5,14,[0.01365],[],[],1,0
1.5,15,[0.01396],[],[],1,0
1.5,16,[0.04231],[],[],1,0
1.5,17,[0.0049],[],[],1,0
1.5,18,[0.05583],[],[],1,0
1.5,19,[0.00712],[],[],1,0
1.5,20,[0.00373],[],[],1,0
1.5,21,[0.01023],[],[],1,0
1.5,22,[0.0186],[],[],1,0
1.5,23,[0.03584],[],[],1,0
1.5,24,[0.01241],[],[],1,0
1.5,25,[0.04361],[],[],1,0
1.5,26,[0.03514],[],[],1,0
1.5,27,[0.00582],[],[],1,0
1.5,28,[0.0268],[],[],1,0
1.5,29,[0.00204, 0.02163],[],[],2,0
1.5,30,[0.03064],[],[],1,0
1.5,31,[0.0636],[],[],1,0
1.5,32,[0.00445],[],[],1,0
1.5,33,[0.02235],[],[],1,0
1.5,34,[0.0108],[],[],1,0
1.5,35,[0.02018],[],[],1,0
1.5,36,[0.00889],[],[],1,0
1.5,37,[0.01264],[],[],1,0
1.5,38,[0.06934],[],[],1,0
1.5,39,[0.05583],[],[],1,0
1.5,40,[0.0152],[],[],1,0
1.5,41,[0.01841],[],[],1,0
1.5,42,[0.00993],[],[],1,0
1.5,43,[0.00138],[],[],1,0
1.5,44,[0.01928],[],[],1,0
1.5,45,[0.02774],[],[],1,0
1.5,46,[0.00735],[],[],1,0
1.5,47,[0.00372],[],[],1,0
1.5,48,[0.01619],[],[],1,0
1.5,49,[0.02771],[],[],1,0
1.5,50,[0.01766],[],[],1,0
1.5,51,[0.00282, 0.02163],[],[],2,0
1.5,52,[0.03244],[],[],1,0
1.5,53,[0.00442],[],[],1,0
1.5,54,[0.01164],[],[],1,0
1.5,55,[0.0347],[],[],1,0
1.5,56,[0.00716],[],[],1,0
1.5,57,[0.00705],[],[],1,0
1.5,58,[0.00908],[],[],1,0
1.5,59,[0.01881],[],[],1,0
1.5,60,[0.00813],[],[],1,0
1.5,61,[0.01109],[],[],1,0
1.5,62,[0.00348],[],[],1,0
1.5,63,[0.01113],[],[],1,0
1.5,64,[0.01239],[],[],1,0
1.5,65,[0.02439],[],[],1,0
1.5,66,[0.0038, 0.04597],[],[],2,0
1.5,67,[0.01089],[],[],1,0
1.5,68,[0.00392, 0.03659],[],[],2,0
1.5,69,[0.00201, 0.03421],[],[],2,0
1.5,70,[0.01586],[],[],1,0
1.5,71,[0.01125],[],[],1,0
1.5,72,[0.00911],[],[],1,0
1.5,73,[0.01345],[],[],1,0
1.5,74,[0.00195, 0.0178],[],[],2,0
1.5,75,[0.00206],[],[],1,0
1.5,76,[0.01747],[],[],1,0
1.5,77,[0.00598],[],[],1,0
1.5,78,[0.00855],[],[],1,0
1.5,79,[0.01495],[],[],1,0
1.5,80,[0.01014],[],[],1,0
1.5,81,[0.0123],[],[],1,0
1.5,82,[0.00615],[],[],1,0
1.5,83,[0.03946],[],[],1,0
1.5,84,[0.02222],[],[],1,0
1.5,85,[0.03472],[],[],1,0
1.5,86,[0.01449],[],[],1,0
1.5,87,[0.03158],[],[],1,0
1.5,88,[0.02095],[],[],1,0
1.5,89,[0.02742],[],[],1,0
1.5,90,[0.01953],[],[],1,0
1.5,91,[0.01418],[],[],1,0
1.5,92,[0.05776],[],[],1,0
1.5,93,[0.05185],[],[],1,0
1.5,94,[0.02608],[],[],1,0
1.5,95,[0.00328, 0.03409],[],[],2,0
1.5,96,[0.0112],[],[],1,0
1.5,97,[0.01163],[],[],1,0
1.5,98,[0.00067, 0.0201],[],[],2,0
1.5,99,[0.02589],[],[],1,0
1.5,100,[0.00762],[],[],1,0
1.5,101,[0.01944],[],[],1,0
1.5,102,[0.01979],[],[],1,0
1.5,103,[0.00582],[],[],1,0
1.5,104,[0.01118],[],[],1,0
1.5,105,[0.02906],[],[],1,0
1.5,106,[0.05368],[],[],1,0
1.5,107,[0.00579],[],[],1,0
1.5,108,[0.00675],[],[],1,0
1.5,109,[0.01134],[],[],1,0
1.5,110,[0.04631],[],[],1,0
1.5,111,[0.02821],[],[],1,0
1.5,112,[0.04541],[],[],1,0
1.5,113,[0.01877],[],[],1,0
1.5,114,[0.03776],[],[],1,0
1.5,115,[0.009],[],[],1,0
1.5,116,[0.03746],[],[],1,0
1.5,117,[0.02628],[],[],1,0
1.5,118,[0.02727],[],[],1,0
1.5,119,[0.02867],[],[],1,0
1.5,120,[0.00129, 0.00496],[],[],2,0
1.5,121,[0.01604],[],[],1,0
1.5,122,[0.00595],[],[],1,0
1.5,123,[0.04873],[],[],1,0
1.5,124,[0.03132],[],[],1,0
1.5,125,[0.01652],[],[],1,0
1.5,126,[0.00562],[],[],1,0
1.5,127,[0.00096, 0.00661],[],[],2,0
1.5,128,[0.04871],[],[],1,0
1.5,129,[0.01468],[],[],1,0
1.5,130,[0.03401],[],[],1,0
1.5,131,[0.02309],[],[],1,0
1.5,132,[0.00374],[],[],1,0
1.5,133,[0.00971],[],[],1,0
1.5,134,[0.02971],[],[],1,0
1.5,135,[0.01863],[],[],1,0
1.5,136,[0.0023],[],[],1,0
1.5,137,[0.02691],[],[],1,0
1.5,138,[0.0088],[],[],1,0
1.5,139,[0.03304],[],[],1,0
1.5,140,[0.01333],[],[],1,0
1.5,141,[0.01401],[],[],1,0
1.5,142,[0.02792],[],[],1,0
1.5,143,[0.03501],[],[],1,0
1.5,144,[0.00168],[],[],1,0
1.5,145,[0.01125],[],[],1,0
1.5,146,[0.01853],[],[],1,0
1.5,147,[0.01898],[],[],1,0
1.5,148,[0.0123],[],[],1,0
1.5,149,[0.01207],[],[],1,0
1.5,150,[0.02062],[],[],1,0
1.5,151,[0.01031],[],[],1,0
1.5,152,[0.02582],[],[],1,0
1.5,153,[0.02786],[],[],1,0
1.5,154,[0.00963],[],[],1,0
1.5,155,[0.01866],[],[],1,0
1.5,156,[0.01032],[],[],1,0
1.5,157,[0.01442],[],[],1,0
1.5,158,[0.01329],[],[],1,0
1.5,159,[0.02686],[],[],1,0
1.5,160,[0.0073],[],[],1,0
1.5,161,[0.01539],[],[],1,0
1.5,162,[0.00603],[],[],1,0
1.5,163,[0.00527],[],[],1,0
1.5,164,[0.013],[],[],1,0
1.5,165,[0.01301],[],[],1,0
1.5,166,[0.03145],[],[],1,0
1.5,167,[0.02257],[],[],1,0
1.5,168,[0.01187],[],[],1,0
1.5,169,[0.01721],[],[],1,0
1.5,170,[0.03968],[],[],1,0
1.5,171,[0.00045, 0.02696],[],[],2,0
1.5,172,[0.04437],[],[],1,0
1.5,173,[0.00564],[],[],1,0
1.5,174,[0.00579],[],[],1,0
1.5,175,[0.00558],[],[],1,0
1.5,176,[0.01217],[],[],1,0
1.5,177,[0.01474],[],[],1,0
1.5,178,[0.01728],[],[],1,0
1.5,179,[0.02695],[],[],1,0
1.5,180,[0.03069],[],[],1,0
1.5,181,[0.02728],[],[],1,0
1.5,182,[0.00703],[],[],1,0
1.5,183,[0.01091],[],[],1,0
1.5,184,[0.00528],[],[],1,0
1.5,185,[0.00118, 0.03681],[],[],2,0
1.5,186,[0.01008],[],[],1,0
1.5,187,[0.03711],[],[],1,0
1.5,188,[0.02758],[],[],1,0
1.5,189,[0.02372],[],[],1,0
1.5,190,[0.05205],[],[],1,0
1.5,191,[0.01174],[],[],1,0
1.5,192,[0.00692],[],[],1,0
1.5,193,[0.03965],[],[],1,0
1.5,194,[0.00367],[],[],1,0
1.5,195,[0.0317],[],[],1,0
1.5,196,[0.01631],[],[],1,0
1.5,197,[0.01965],[],[],1,0
1.5,198,[0.02812],[],[],1,0
1.5,199,[0.04812],[],[],1,0

