4.5,0,[],[],[]
4.5,1,[],[0.2184],[79]
4.5,2,[],[],[]
4.5,3,[],[],[]
4.5,4,[],[],[]
4.5,5,[],[],[]
4.5,6,[],[],[]
4.5,7,[],[0.32862],[76]
4.5,8,[],[],[]
4.5,9,[],[0.26641, 0.20113],[15, 42]
4.5,10,[],[0.29638],[47]
4.5,11,[],[],[]
4.5,12,[],[],[]
4.5,13,[],[0.26681],[31]
4.5,14,[],[0.27118],[77]
4.5,15,[],[0.22237],[43]
4.5,16,[],[],[]
4.5,17,[],[],[]
4.5,18,[],[0.22864],[57]
4.5,19,[],[],[]
4.5,20,[],[],[]
4.5,21,[],[0.25732],[65]
4.5,22,[],[],[]
4.5,23,[],[],[]
4.5,24,[],[0.2537],[56]
4.5,25,[],[],[]
4.5,26,[],[],[]
4.5,27,[],[],[]
4.5,28,[],[],[]
4.5,29,[],[0.34688],[41]
4.5,30,[],[],[]
4.5,31,[],[0.26],[77]
4.5,32,[],[0.32448],[38]
4.5,33,[],[],[]
4.5,34,[],[0.24853],[79]
4.5,35,[],[0.26074],[60]
4.5,36,[],[],[]
4.5,37,[],[],[]
4.5,38,[],[0.20155, 0.20113],[31, 42]
4.5,39,[],[],[]
4.5,40,[],[0.22048],[58]
4.5,41,[],[0.21376, 0.34542],[32, 32]
4.5,42,[],[0.25308],[39]
4.5,43,[],[0.26793],[44]
4.5,44,[],[0.40469],[61]
4.5,45,[],[0.31318],[86]
4.5,46,[],[],[]
4.5,47,[],[0.35733],[33]
4.5,48,[],[],[]
4.5,49,[],[0.23708],[60]
4.5,50,[],[0.2633],[72]
4.5,51,[],[0.2875],[77]
4.5,52,[],[],[]
4.5,53,[],[],[]
4.5,54,[],[],[]
4.5,55,[],[0.30794],[46]
4.5,56,[],[0.22143],[50]
4.5,57,[],[0.20861],[39]
4.5,58,[],[],[]
4.5,59,[],[0.21834],[75]
4.5,60,[],[],[]
4.5,61,[],[0.23562],[56]
4.5,62,[],[],[]
4.5,63,[],[0.24886],[38]
4.5,64,[],[],[]
4.5,65,[],[],[]
4.5,66,[],[0.21955],[42]
4.5,67,[],[0.25076],[50]
4.5,68,[],[0.37623],[26]
4.5,69,[],[],[]
4.5,70,[],[0.34374],[64]
4.5,71,[],[0.20664],[37]
4.5,72,[],[0.30691],[18]
4.5,73,[],[],[]
4.5,74,[],[],[]
4.5,75,[],[0.28478],[39]
4.5,76,[],[0.20662],[47]
4.5,77,[],[0.20028],[46]
4.5,78,[],[0.25266],[56]
4.5,79,[],[0.39774],[29]
4.5,80,[],[],[]
4.5,81,[],[0.2538],[50]
4.5,82,[],[0.39858],[28]
4.5,83,[],[],[]
4.5,84,[],[0.28901],[39]
4.5,85,[],[0.33511],[48]
4.5,86,[],[],[]
4.5,87,[],[],[]
4.5,88,[],[0.25839],[63]
4.5,89,[],[0.41477],[16]
4.5,90,[],[],[]
4.5,91,[],[0.21577],[48]
4.5,92,[],[0.20394, 0.32133],[48, 35]
4.5,93,[],[0.29389, 0.20113],[43, 42]
4.5,94,[],[0.23096],[87]
4.5,95,[],[],[]
4.5,96,[],[0.21636, 0.34542],[29, 32]
4.5,97,[],[],[]
4.5,98,[],[0.22726],[67]
4.5,99,[],[0.20044],[61]
4.5,100,[],[0.20349],[57]
4.5,101,[],[0.30049],[66]
4.5,102,[],[0.4309],[30]
4.5,103,[],[0.23258],[79]
4.5,104,[],[],[]
4.5,105,[],[0.21636],[60]
4.5,106,[],[0.41771],[43]
4.5,107,[],[],[]
4.5,108,[],[],[]
4.5,109,[],[0.22047, 0.23565],[14, 47]
4.5,110,[],[],[]
4.5,111,[],[0.21194],[56]
4.5,112,[],[],[]
4.5,113,[],[0.34862],[52]
4.5,114,[],[0.43101],[83]
4.5,115,[],[0.39331],[79]
4.5,116,[],[],[]
4.5,117,[],[],[]
4.5,118,[],[0.28468],[64]
4.5,119,[],[0.3561],[42]
4.5,120,[],[0.29528],[24]
4.5,121,[],[0.38987],[63]
4.5,122,[],[0.43749],[56]
4.5,123,[],[0.27349],[73]
4.5,124,[],[0.20084],[37]
4.5,125,[],[],[]
4.5,126,[],[],[]
4.5,127,[],[0.23325, 0.32133],[34, 35]
4.5,128,[],[],[]
4.5,129,[],[],[]
4.5,130,[],[0.28528],[70]
4.5,131,[],[0.21955],[54]
4.5,132,[],[],[]
4.5,133,[],[0.26151],[74]
4.5,134,[],[],[]
4.5,135,[],[],[]
4.5,136,[],[0.20143],[68]
4.5,137,[],[0.26033],[68]
4.5,138,[],[0.28157, 0.20113],[26, 42]
4.5,139,[],[0.21899, 0.26607],[24, 46]
4.5,140,[],[0.23232],[38]
4.5,141,[],[0.26992],[42]
4.5,142,[],[0.24211],[59]
4.5,143,[],[],[]
4.5,144,[],[0.3369],[79]
4.5,145,[],[],[]
4.5,146,[],[0.23287],[85]
4.5,147,[],[],[]
4.5,148,[],[0.37059],[52]
4.5,149,[],[0.26651, 0.32133],[47, 35]
4.5,150,[],[],[]
4.5,151,[],[0.20487],[49]
4.5,152,[],[0.20826],[63]
4.5,153,[],[],[]
4.5,154,[],[0.34316],[90]
4.5,155,[],[0.24316],[54]
4.5,156,[],[],[]
4.5,157,[],[],[]
4.5,158,[],[0.27295],[36]
4.5,159,[],[0.31655],[65]
4.5,160,[],[],[]
4.5,161,[],[0.31929],[67]
4.5,162,[],[0.244],[85]
4.5,163,[],[],[]
4.5,164,[],[],[]
4.5,165,[],[0.28242, 0.20113],[24, 42]
4.5,166,[],[0.29361],[23]
4.5,167,[],[0.26806],[64]
4.5,168,[],[0.2606],[63]
4.5,169,[],[0.20963],[39]
4.5,170,[],[0.34978],[40]
4.5,171,[],[0.24755],[52]
4.5,172,[],[0.22962, 0.34517],[20, 66]
4.5,173,[],[0.33125],[80]
4.5,174,[],[0.27634],[32]
4.5,175,[],[0.21256],[42]
4.5,176,[],[0.23387],[77]
4.5,177,[],[0.27352, 0.37784],[23, 42]
4.5,178,[],[0.24624],[22]
4.5,179,[],[],[]
4.5,180,[],[0.21415],[73]
4.5,181,[],[0.33541],[61]
4.5,182,[],[0.23852],[75]
4.5,183,[],[],[]
4.5,184,[],[0.28428],[28]
4.5,185,[],[0.41609],[38]
4.5,186,[],[0.26751],[42]
4.5,187,[],[],[]
4.5,188,[],[0.32592],[38]
4.5,189,[],[],[]
4.5,190,[],[],[]
4.5,191,[],[0.33137],[67]
4.5,192,[],[0.24764, 0.21952],[26, 59]
4.5,193,[],[],[]
4.5,194,[],[],[]
4.5,195,[],[0.21306],[83]
4.5,196,[],[],[]
4.5,197,[],[],[]
4.5,198,[],[],[]
4.5,199,[],[],[]

