4.5,0,[],[0.24412],[43]
4.5,1,[],[0.34734, 0.26112],[25, 66]
4.5,2,[],[0.27945],[52]
4.5,3,[],[0.23544],[55]
4.5,4,[],[0.27664],[66]
4.5,5,[],[0.21435],[70]
4.5,6,[],[0.25241, 0.32068],[45, 35]
4.5,7,[],[0.20035],[48]
4.5,8,[],[0.25699],[40]
4.5,9,[],[0.61178],[58]
4.5,10,[],[],[]
4.5,11,[],[0.27907],[60]
4.5,12,[],[0.23363],[80]
4.5,13,[],[],[]
4.5,14,[],[0.20895, 0.27091],[34, 59]
4.5,15,[],[0.26729],[62]
4.5,16,[],[0.22619],[64]
4.5,17,[],[0.20513],[58]
4.5,18,[],[0.34055],[81]
4.5,19,[],[],[]
4.5,20,[],[0.31655],[33]
4.5,21,[],[0.21721],[45]
4.5,22,[],[],[]
4.5,23,[],[0.20898],[76]
4.5,24,[],[0.33033, 0.32068],[51, 35]
4.5,25,[],[0.21702],[82]
4.5,26,[],[0.24085],[37]
4.5,27,[],[0.22095],[21]
4.5,28,[],[0.22832, 0.2894],[24, 31]
4.5,29,[],[0.22979],[63]
4.5,30,[],[],[]
4.5,31,[],[0.37155],[18]
4.5,32,[],[0.22721],[48]
4.5,33,[],[0.2324, 0.25813],[39, 21]
4.5,34,[],[0.22651],[34]
4.5,35,[],[0.2004],[72]
4.5,36,[],[0.21392, 0.25813],[24, 21]
4.5,37,[],[],[]
4.5,38,[],[],[]
4.5,39,[],[0.21473],[65]
4.5,40,[],[0.33786],[15]
4.5,41,[],[0.33795],[54]
4.5,42,[],[0.20269],[19]
4.5,43,[],[0.25333],[52]
4.5,44,[],[0.32229, 0.32068],[41, 35]
4.5,45,[],[],[]
4.5,46,[],[0.23446],[64]
4.5,47,[],[0.22332, 0.32068],[45, 35]
4.5,48,[],[],[]
4.5,49,[],[0.2095],[32]
4.5,50,[],[0.30847],[72]
4.5,51,[],[],[]
4.5,52,[],[0.28885, 0.20048],[43, 39]
4.5,53,[],[0.22226, 0.32068],[43, 35]
4.5,54,[],[0.32518],[54]
4.5,55,[],[0.20577, 0.22704],[25, 34]
4.5,56,[],[0.24584],[76]
4.5,57,[],[0.23926, 0.32068],[39, 35]
4.5,58,[],[0.31913],[48]
4.5,59,[],[0.2744],[17]
4.5,60,[],[0.33294],[42]
4.5,61,[],[0.24348, 0.32068],[27, 35]
4.5,62,[],[0.20763],[63]
4.5,63,[],[0.35891],[48]
4.5,64,[],[],[]
4.5,65,[],[],[]
4.5,66,[],[0.20582],[34]
4.5,67,[],[0.20973, 0.22837],[30, 32]
4.5,68,[],[0.22349],[45]
4.5,69,[],[0.27166],[34]
4.5,70,[],[],[]
4.5,71,[],[0.38245],[39]
4.5,72,[],[0.23754],[13]
4.5,73,[],[0.20179],[85]
4.5,74,[],[],[]
4.5,75,[],[0.23946],[41]
4.5,76,[],[0.29847],[71]
4.5,77,[],[0.23985, 0.27091],[23, 59]
4.5,78,[],[0.20348],[67]
4.5,79,[],[0.21165],[43]
4.5,80,[],[0.23971],[69]
4.5,81,[],[0.28051],[71]
4.5,82,[],[0.26567],[54]
4.5,83,[],[],[]
4.5,84,[],[0.2426],[22]
4.5,85,[],[0.31127],[19]
4.5,86,[],[],[]
4.5,87,[],[0.23687, 0.2583],[19, 35]
4.5,88,[],[],[]
4.5,89,[],[0.38557, 0.32068],[37, 35]
4.5,90,[],[],[]
4.5,91,[],[0.26105],[41]
4.5,92,[],[0.25345],[47]
4.5,93,[],[0.20592],[33]
4.5,94,[],[0.21923],[57]
4.5,95,[],[0.2139],[32]
4.5,96,[],[0.22749],[31]
4.5,97,[],[0.2487, 0.32068],[44, 35]
4.5,98,[],[0.20664, 0.23546],[33, 32]
4.5,99,[],[0.21407, 0.23546],[46, 32]
4.5,100,[],[0.35372],[31]
4.5,101,[],[0.35739],[59]
4.5,102,[],[0.30948],[19]
4.5,103,[],[0.27892],[58]
4.5,104,[],[0.20005],[59]
4.5,105,[],[0.2554],[41]
4.5,106,[],[0.21103],[47]
4.5,107,[],[0.30646],[93]
4.5,108,[],[0.28114, 0.32068],[34, 35]
4.5,109,[],[0.28157],[31]
4.5,110,[],[0.22468, 0.32068],[45, 35]
4.5,111,[],[0.21233],[76]
4.5,112,[],[0.2575],[65]
4.5,113,[],[],[]
4.5,114,[],[0.28952],[66]
4.5,115,[],[0.28417],[59]
4.5,116,[],[0.22814, 0.25813],[24, 21]
4.5,117,[],[0.37238],[52]
4.5,118,[],[0.23444],[73]
4.5,119,[],[0.30535],[67]
4.5,120,[],[0.27757],[47]
4.5,121,[],[0.23254, 0.20048],[20, 39]
4.5,122,[],[0.23688, 0.32068],[42, 35]
4.5,123,[],[0.23208],[35]
4.5,124,[],[0.25139],[73]
4.5,125,[],[],[]
4.5,126,[],[],[]
4.5,127,[],[],[]
4.5,128,[],[0.21617],[22]
4.5,129,[],[0.21476],[49]
4.5,130,[],[0.27907],[65]
4.5,131,[],[],[]
4.5,132,[],[0.29245],[49]
4.5,133,[],[0.29472],[48]
4.5,134,[],[0.21308],[48]
4.5,135,[],[0.34411],[35]
4.5,136,[],[0.21491],[21]
4.5,137,[],[0.22139],[35]
4.5,138,[],[0.20483],[63]
4.5,139,[],[0.22756],[46]
4.5,140,[],[],[]
4.5,141,[],[0.35838],[57]
4.5,142,[],[0.23004],[90]
4.5,143,[],[0.23367],[56]
4.5,144,[],[0.30374],[56]
4.5,145,[],[0.2059],[41]
4.5,146,[],[0.25348],[48]
4.5,147,[],[0.21327],[57]
4.5,148,[],[0.29573],[79]
4.5,149,[],[0.23857],[72]
4.5,150,[],[0.33637],[60]
4.5,151,[],[],[]
4.5,152,[],[0.26099, 0.32068],[42, 35]
4.5,153,[],[0.21115],[28]
4.5,154,[],[0.3003],[49]
4.5,155,[],[0.39436],[42]
4.5,156,[],[0.23541],[42]
4.5,157,[],[0.24801, 0.2583],[25, 35]
4.5,158,[],[0.25798],[83]
4.5,159,[],[0.27019],[37]
4.5,160,[],[0.22342],[74]
4.5,161,[],[0.20838, 0.43174],[27, 50]
4.5,162,[],[0.31571],[31]
4.5,163,[],[0.21789],[89]
4.5,164,[],[0.25265],[28]
4.5,165,[],[0.20222],[40]
4.5,166,[],[0.29293],[34]
4.5,167,[],[0.2953],[47]
4.5,168,[],[0.26302],[39]
4.5,169,[],[0.29044],[51]
4.5,170,[],[0.2355],[47]
4.5,171,[],[0.36102],[48]
4.5,172,[],[0.20805, 0.2583],[19, 35]
4.5,173,[],[],[]
4.5,174,[],[0.24037],[58]
4.5,175,[],[0.20497],[80]
4.5,176,[],[0.33244],[46]
4.5,177,[],[0.34676],[64]
4.5,178,[],[0.27851],[43]
4.5,179,[],[0.21048],[71]
4.5,180,[],[0.25913],[29]
4.5,181,[],[],[]
4.5,182,[],[0.3218],[67]
4.5,183,[],[0.22736],[60]
4.5,184,[],[0.21656, 0.20048],[46, 39]
4.5,185,[],[],[]
4.5,186,[],[0.23144],[52]
4.5,187,[],[0.43974],[68]
4.5,188,[],[0.20682, 0.20048],[35, 39]
4.5,189,[],[0.2278],[40]
4.5,190,[],[0.35063],[82]
4.5,191,[],[],[]
4.5,192,[],[0.22226],[46]
4.5,193,[],[0.20736],[50]
4.5,194,[],[0.21266, 0.2583],[32, 35]
4.5,195,[],[0.25194],[56]
4.5,196,[],[],[]
4.5,197,[],[0.35535],[69]
4.5,198,[],[0.26297],[77]
4.5,199,[],[0.20222],[38]

