4.5,0,[],[],[]
4.5,1,[],[0.27538],[53]
4.5,2,[],[0.2496],[60]
4.5,3,[],[0.24236],[56]
4.5,4,[],[0.25516],[29]
4.5,5,[],[0.22215, 0.32623],[35, 38]
4.5,6,[],[0.24795, 0.21584],[19, 45]
4.5,7,[],[0.46186],[78]
4.5,8,[],[0.20434],[81]
4.5,9,[],[0.38145],[77]
4.5,10,[],[0.26857, 0.24167, 0.22904],[19, 38, 29]
4.5,11,[],[0.20947],[24]
4.5,12,[],[0.23503],[75]
4.5,13,[],[],[]
4.5,14,[],[0.2191],[42]
4.5,15,[],[0.33088],[56]
4.5,16,[],[],[]
4.5,17,[],[0.25223],[69]
4.5,18,[],[],[]
4.5,19,[],[0.20856],[63]
4.5,20,[],[0.41093, 0.24319],[28, 54]
4.5,21,[],[0.3978],[60]
4.5,22,[],[0.27253, 0.28867],[33, 33]
4.5,23,[],[],[]
4.5,24,[],[0.37502],[59]
4.5,25,[],[0.22893],[66]
4.5,26,[],[0.30112],[46]
4.5,27,[],[0.20804],[67]
4.5,28,[],[0.21108],[73]
4.5,29,[],[0.29558],[69]
4.5,30,[],[0.30836],[64]
4.5,31,[],[0.21049],[71]
4.5,32,[],[0.27745],[60]
4.5,33,[],[0.37485],[69]
4.5,34,[],[],[]
4.5,35,[],[0.26838],[81]
4.5,36,[],[],[]
4.5,37,[],[],[]
4.5,38,[],[],[]
4.5,39,[],[0.26931],[37]
4.5,40,[],[],[]
4.5,41,[],[0.3176],[73]
4.5,42,[],[0.20719],[44]
4.5,43,[],[0.22231, 0.29669],[40, 33]
4.5,44,[],[0.24492],[65]
4.5,45,[],[0.24329],[43]
4.5,46,[],[],[]
4.5,47,[],[0.23788, 0.32623],[43, 38]
4.5,48,[],[],[]
4.5,49,[],[],[]
4.5,50,[],[0.28769],[84]
4.5,51,[],[],[]
4.5,52,[],[],[]
4.5,53,[],[],[]
4.5,54,[],[0.20508],[22]
4.5,55,[],[0.2071],[80]
4.5,56,[],[],[]
4.5,57,[],[0.38982],[57]
4.5,58,[],[0.30526],[55]
4.5,59,[],[0.20341],[57]
4.5,60,[],[],[]
4.5,61,[],[0.25422],[50]
4.5,62,[],[0.35486],[62]
4.5,63,[],[],[]
4.5,64,[],[],[]
4.5,65,[],[0.39876],[54]
4.5,66,[],[0.23624],[71]
4.5,67,[],[0.20384],[81]
4.5,68,[],[0.25157],[85]
4.5,69,[],[0.25833, 0.32623],[49, 38]
4.5,70,[],[],[]
4.5,71,[],[],[]
4.5,72,[],[],[]
4.5,73,[],[0.24542],[59]
4.5,74,[],[0.32105],[56]
4.5,75,[],[0.20412],[55]
4.5,76,[],[],[]
4.5,77,[],[0.2431, 0.22904],[39, 29]
4.5,78,[],[0.20653, 0.32623],[49, 38]
4.5,79,[],[0.20374],[22]
4.5,80,[],[0.24376],[44]
4.5,81,[],[],[]
4.5,82,[],[0.20291],[84]
4.5,83,[],[],[]
4.5,84,[],[0.25918],[79]
4.5,85,[],[0.34705],[40]
4.5,86,[],[0.2117],[41]
4.5,87,[],[0.29284],[70]
4.5,88,[],[0.26642],[58]
4.5,89,[],[],[]
4.5,90,[],[0.27806],[65]
4.5,91,[],[0.27046],[35]
4.5,92,[],[0.2568],[59]
4.5,93,[],[0.25378, 0.24167],[27, 29]
4.5,94,[],[],[]
4.5,95,[],[0.21915],[73]
4.5,96,[],[],[]
4.5,97,[],[0.34921],[66]
4.5,98,[],[0.24447, 0.29669],[21, 33]
4.5,99,[],[],[]
4.5,100,[],[0.21664],[40]
4.5,101,[],[0.23265],[61]
4.5,102,[],[0.24482, 0.28867],[35, 33]
4.5,103,[],[0.30766],[51]
4.5,104,[],[0.22905],[39]
4.5,105,[],[0.23454],[57]
4.5,106,[],[0.27086, 0.32623],[49, 38]
4.5,107,[],[0.27861],[20]
4.5,108,[],[0.24854],[85]
4.5,109,[],[0.2153],[77]
4.5,110,[],[0.21453],[90]
4.5,111,[],[],[]
4.5,112,[],[],[]
4.5,113,[],[0.23835, 0.29669, 0.32623],[20, 33, 38]
4.5,114,[],[],[]
4.5,115,[],[],[]
4.5,116,[],[0.22727],[52]
4.5,117,[],[0.37267],[51]
4.5,118,[],[0.26446],[52]
4.5,119,[],[0.21769],[55]
4.5,120,[],[0.21267],[60]
4.5,121,[],[],[]
4.5,122,[],[0.20649, 0.24167, 0.22281],[11, 29, 38]
4.5,123,[],[],[]
4.5,124,[],[0.35468],[76]
4.5,125,[],[0.20255],[85]
4.5,126,[],[0.23019, 0.24167],[46, 38]
4.5,127,[],[0.30348],[74]
4.5,128,[],[],[]
4.5,129,[],[],[]
4.5,130,[],[0.29197, 0.32623],[49, 38]
4.5,131,[],[0.21521],[75]
4.5,132,[],[0.27369],[55]
4.5,133,[],[],[]
4.5,134,[],[0.44317],[64]
4.5,135,[],[],[]
4.5,136,[],[0.23632],[61]
4.5,137,[],[0.24096],[46]
4.5,138,[],[],[]
4.5,139,[],[0.23225],[56]
4.5,140,[],[0.21033],[24]
4.5,141,[],[0.29002],[46]
4.5,142,[],[0.20309],[78]
4.5,143,[],[],[]
4.5,144,[],[],[]
4.5,145,[],[0.22093],[43]
4.5,146,[],[0.30436, 0.24319],[30, 54]
4.5,147,[],[0.2687, 0.29669],[42, 33]
4.5,148,[],[],[]
4.5,149,[],[0.27611],[70]
4.5,150,[],[0.20567],[77]
4.5,151,[],[],[]
4.5,152,[],[0.2763],[56]
4.5,153,[],[0.23383, 0.22904],[16, 29]
4.5,154,[],[0.20617],[62]
4.5,155,[],[0.27128],[76]
4.5,156,[],[0.21191],[69]
4.5,157,[],[],[]
4.5,158,[],[],[]
4.5,159,[],[0.2178],[53]
4.5,160,[],[0.31391, 0.24319],[40, 54]
4.5,161,[],[0.24206, 0.32623],[21, 38]
4.5,162,[],[0.37627],[47]
4.5,163,[],[],[]
4.5,164,[],[0.24655],[57]
4.5,165,[],[0.21908, 0.22904],[35, 29]
4.5,166,[],[0.24125],[44]
4.5,167,[],[0.23255],[66]
4.5,168,[],[0.21086],[64]
4.5,169,[],[],[]
4.5,170,[],[0.21667, 0.29669, 0.32623],[12, 33, 38]
4.5,171,[],[0.25927],[60]
4.5,172,[],[0.22888],[57]
4.5,173,[],[0.20596],[60]
4.5,174,[],[0.25317],[51]
4.5,175,[],[0.29207, 0.32623],[33, 38]
4.5,176,[],[],[]
4.5,177,[],[],[]
4.5,178,[],[],[]
4.5,179,[],[0.25072],[95]
4.5,180,[],[0.23625],[65]
4.5,181,[],[0.26393],[48]
4.5,182,[],[],[]
4.5,183,[],[],[]
4.5,184,[],[0.28922, 0.32623],[22, 38]
4.5,185,[],[0.21615, 0.32623],[26, 38]
4.5,186,[],[],[]
4.5,187,[],[0.36507],[52]
4.5,188,[],[0.29802],[69]
4.5,189,[],[0.21921],[44]
4.5,190,[],[],[]
4.5,191,[],[0.24479],[40]
4.5,192,[],[0.22376],[64]
4.5,193,[],[0.36568],[56]
4.5,194,[],[0.28953],[88]
4.5,195,[],[],[]
4.5,196,[],[0.29455],[75]
4.5,197,[],[0.27429],[81]
4.5,198,[],[],[]
4.5,199,[],[],[]

