4.5,0,[],[],[]
4.5,1,[],[0.21131],[87]
4.5,2,[],[],[]
4.5,3,[],[0.27706],[50]
4.5,4,[],[0.21293],[72]
4.5,5,[],[0.33953],[73]
4.5,6,[],[],[]
4.5,7,[],[0.24137],[71]
4.5,8,[],[],[]
4.5,9,[],[],[]
4.5,10,[],[0.29945],[62]
4.5,11,[],[],[]
4.5,12,[],[0.23436],[51]
4.5,13,[],[0.2096],[40]
4.5,14,[],[0.21018],[74]
4.5,15,[],[0.2872],[77]
4.5,16,[],[0.21556],[80]
4.5,17,[],[0.21735],[53]
4.5,18,[],[0.27291],[29]
4.5,19,[],[0.21326],[84]
4.5,20,[],[0.38236],[94]
4.5,21,[],[0.20957],[44]
4.5,22,[],[0.26552, 0.22108],[29, 30]
4.5,23,[],[0.33589],[51]
4.5,24,[],[0.27039, 0.22108],[55, 30]
4.5,25,[],[0.2636],[51]
4.5,26,[],[],[]
4.5,27,[],[0.24387],[57]
4.5,28,[],[0.25743],[81]
4.5,29,[],[0.28712],[82]
4.5,30,[],[0.28293],[69]
4.5,31,[],[0.22813],[71]
4.5,32,[],[0.28197, 0.22108],[11, 30]
4.5,33,[],[0.28426],[68]
4.5,34,[],[0.25151],[19]
4.5,35,[],[],[]
4.5,36,[],[0.32968],[37]
4.5,37,[],[0.2321],[59]
4.5,38,[],[0.25201],[86]
4.5,39,[],[0.31755],[58]
4.5,40,[],[0.2448],[73]
4.5,41,[],[0.23678],[72]
4.5,42,[],[],[]
4.5,43,[],[0.21796],[90]
4.5,44,[],[0.20241, 0.22108],[43, 30]
4.5,45,[],[],[]
4.5,46,[],[0.21169],[64]
4.5,47,[],[0.24577],[73]
4.5,48,[],[],[]
4.5,49,[],[0.25021],[26]
4.5,50,[],[0.24074],[77]
4.5,51,[],[0.34266],[64]
4.5,52,[],[],[]
4.5,53,[],[0.27097],[79]
4.5,54,[],[],[]
4.5,55,[],[0.21936],[57]
4.5,56,[],[],[]
4.5,57,[],[0.3607],[34]
4.5,58,[],[0.23487],[59]
4.5,59,[],[0.2074],[38]
4.5,60,[],[0.20689],[58]
4.5,61,[],[],[]
4.5,62,[],[0.28636],[43]
4.5,63,[],[0.23102],[39]
4.5,64,[],[0.28888],[61]
4.5,65,[],[0.2225],[37]
4.5,66,[],[],[]
4.5,67,[],[0.30059, 0.23114],[40, 30]
4.5,68,[],[0.26842],[67]
4.5,69,[],[],[]
4.5,70,[],[0.30661],[85]
4.5,71,[],[],[]
4.5,72,[],[0.26613],[64]
4.5,73,[],[0.22521],[74]
4.5,74,[],[0.27028],[48]
4.5,75,[],[0.34464],[54]
4.5,76,[],[0.20409],[67]
4.5,77,[],[0.21432],[44]
4.5,78,[],[0.23252, 0.3537],[33, 54]
4.5,79,[],[],[]
4.5,80,[],[0.23094],[73]
4.5,81,[],[0.27109, 0.31345],[18, 54]
4.5,82,[],[],[]
4.5,83,[],[0.20713],[78]
4.5,84,[],[0.20106],[66]
4.5,85,[],[],[]
4.5,86,[],[0.24918],[43]
4.5,87,[],[0.38516],[59]
4.5,88,[],[0.24643],[64]
4.5,89,[],[0.28072],[81]
4.5,90,[],[],[]
4.5,91,[],[],[]
4.5,92,[],[0.36236],[39]
4.5,93,[],[0.24391],[69]
4.5,94,[],[0.23227],[86]
4.5,95,[],[0.23533, 0.22108],[51, 30]
4.5,96,[],[0.25334],[89]
4.5,97,[],[0.31633],[61]
4.5,98,[],[0.31396],[65]
4.5,99,[],[0.23377],[27]
4.5,100,[],[0.22577],[64]
4.5,101,[],[0.31802],[60]
4.5,102,[],[0.20282],[61]
4.5,103,[],[0.25712],[77]
4.5,104,[],[0.35184],[38]
4.5,105,[],[0.29761],[67]
4.5,106,[],[],[]
4.5,107,[],[0.30318],[68]
4.5,108,[],[],[]
4.5,109,[],[0.21328],[42]
4.5,110,[],[0.21986, 0.22108],[55, 30]
4.5,111,[],[0.27284],[82]
4.5,112,[],[0.24258],[41]
4.5,113,[],[],[]
4.5,114,[],[],[]
4.5,115,[],[0.21034],[59]
4.5,116,[],[0.20582],[20]
4.5,117,[],[0.24687],[75]
4.5,118,[],[0.20092],[69]
4.5,119,[],[0.24358],[53]
4.5,120,[],[],[]
4.5,121,[],[0.33066, 0.22108],[24, 30]
4.5,122,[],[],[]
4.5,123,[],[],[]
4.5,124,[],[0.20644],[80]
4.5,125,[],[0.29569],[57]
4.5,126,[],[0.21811, 0.22108],[38, 30]
4.5,127,[],[0.26168],[17]
4.5,128,[],[0.26818],[65]
4.5,129,[],[0.27285, 0.22108],[20, 30]
4.5,130,[],[0.37782],[68]
4.5,131,[],[0.32066],[42]
4.5,132,[],[0.20281],[61]
4.5,133,[],[0.24355],[77]
4.5,134,[],[0.33584, 0.22108],[26, 30]
4.5,135,[],[0.20189],[31]
4.5,136,[],[0.21327, 0.22108],[42, 30]
4.5,137,[],[0.22876],[70]
4.5,138,[],[0.21191],[40]
4.5,139,[],[0.25114],[40]
4.5,140,[],[],[]
4.5,141,[],[0.25933],[59]
4.5,142,[],[0.32472],[32]
4.5,143,[],[0.42123],[81]
4.5,144,[],[0.21142],[70]
4.5,145,[],[],[]
4.5,146,[],[0.22406],[40]
4.5,147,[],[],[]
4.5,148,[],[0.20164],[73]
4.5,149,[],[0.21668],[87]
4.5,150,[],[0.29612],[37]
4.5,151,[],[],[]
4.5,152,[],[],[]
4.5,153,[],[0.40329],[75]
4.5,154,[],[0.21002],[84]
4.5,155,[],[0.26423],[93]
4.5,156,[],[0.35336],[23]
4.5,157,[],[0.28954],[75]
4.5,158,[],[0.28574],[48]
4.5,159,[],[0.21821],[51]
4.5,160,[],[0.20851, 0.22108],[23, 30]
4.5,161,[],[0.22785],[51]
4.5,162,[],[0.209],[80]
4.5,163,[],[0.33727],[67]
4.5,164,[],[0.22175],[52]
4.5,165,[],[0.21204],[54]
4.5,166,[],[0.20675],[77]
4.5,167,[],[],[]
4.5,168,[],[0.2425],[72]
4.5,169,[],[0.20459],[69]
4.5,170,[],[0.31526, 0.22108],[27, 30]
4.5,171,[],[0.36058],[35]
4.5,172,[],[0.33569],[56]
4.5,173,[],[],[]
4.5,174,[],[0.27001],[65]
4.5,175,[],[0.21542],[50]
4.5,176,[],[0.20717, 0.22108],[55, 30]
4.5,177,[],[0.22094],[41]
4.5,178,[],[0.3449],[54]
4.5,179,[],[],[]
4.5,180,[],[],[]
4.5,181,[],[0.20234],[50]
4.5,182,[],[0.29759],[69]
4.5,183,[],[],[]
4.5,184,[],[],[]
4.5,185,[],[0.22706],[69]
4.5,186,[],[0.36929],[39]
4.5,187,[],[],[]
4.5,188,[],[0.21326],[28]
4.5,189,[],[0.24646, 0.3537],[31, 54]
4.5,190,[],[],[]
4.5,191,[],[0.28746],[31]
4.5,192,[],[],[]
4.5,193,[],[0.20116],[54]
4.5,194,[],[0.24672],[65]
4.5,195,[],[],[]
4.5,196,[],[0.2384],[74]
4.5,197,[],[0.20577],[64]
4.5,198,[],[0.24215],[76]
4.5,199,[],[0.20145],[74]

