4.5,0,[],[0.24288],[82]
4.5,1,[],[0.21334],[42]
4.5,2,[],[0.20088],[32]
4.5,3,[],[0.27613],[55]
4.5,4,[],[0.24415, 0.26906],[48, 13]
4.5,5,[],[],[]
4.5,6,[],[],[]
4.5,7,[],[0.24212],[81]
4.5,8,[],[0.28571],[58]
4.5,9,[],[0.3045],[55]
4.5,10,[],[],[]
4.5,11,[],[0.20792],[37]
4.5,12,[],[0.26916],[59]
4.5,13,[],[0.28621],[87]
4.5,14,[],[0.23034, 0.26906],[37, 13]
4.5,15,[],[],[]
4.5,16,[],[],[]
4.5,17,[],[],[]
4.5,18,[],[0.2128],[59]
4.5,19,[],[0.20536],[81]
4.5,20,[],[0.21967],[68]
4.5,21,[],[0.32885, 0.2027],[46, 29]
4.5,22,[],[0.35551],[78]
4.5,23,[],[],[]
4.5,24,[],[0.39978],[63]
4.5,25,[],[0.26185],[75]
4.5,26,[],[],[]
4.5,27,[],[0.30296],[58]
4.5,28,[],[],[]
4.5,29,[],[0.32914],[47]
4.5,30,[],[0.22024],[59]
4.5,31,[],[0.31404],[32]
4.5,32,[],[0.26057, 0.27037],[34, 57]
4.5,33,[],[],[]
4.5,34,[],[0.24167],[42]
4.5,35,[],[],[]
4.5,36,[],[],[]
4.5,37,[],[],[]
4.5,38,[],[0.33759],[75]
4.5,39,[],[0.30172],[28]
4.5,40,[],[0.23972, 0.26906],[45, 13]
4.5,41,[],[0.35615],[93]
4.5,42,[],[0.33162],[62]
4.5,43,[],[],[]
4.5,44,[],[],[]
4.5,45,[],[0.29107],[25]
4.5,46,[],[0.24799, 0.22998],[16, 57]
4.5,47,[],[],[]
4.5,48,[],[],[]
4.5,49,[],[0.3221],[82]
4.5,50,[],[0.26294],[42]
4.5,51,[],[0.31513],[76]
4.5,52,[],[0.2344, 0.26159],[50, 13]
4.5,53,[],[],[]
4.5,54,[],[0.33424],[65]
4.5,55,[],[],[]
4.5,56,[],[0.33925],[41]
4.5,57,[],[],[]
4.5,58,[],[0.24087],[64]
4.5,59,[],[],[]
4.5,60,[],[0.27669, 0.20326],[24, 59]
4.5,61,[],[0.22397],[91]
4.5,62,[],[],[]
4.5,63,[],[0.27145],[75]
4.5,64,[],[0.20379],[62]
4.5,65,[],[0.21245],[73]
4.5,66,[],[0.2749],[50]
4.5,67,[],[],[]
4.5,68,[],[0.35694],[64]
4.5,69,[],[0.22478, 0.26159],[42, 13]
4.5,70,[],[0.20575],[48]
4.5,71,[],[0.2554, 0.20326],[13, 59]
4.5,72,[],[],[]
4.5,73,[],[0.45722, 0.2027],[33, 29]
4.5,74,[],[0.36647, 0.2027],[40, 29]
4.5,75,[],[],[]
4.5,76,[],[0.36915],[73]
4.5,77,[],[0.27108, 0.22998],[37, 57]
4.5,78,[],[],[]
4.5,79,[],[],[]
4.5,80,[],[],[]
4.5,81,[],[0.28063],[54]
4.5,82,[],[],[]
4.5,83,[],[],[]
4.5,84,[],[],[]
4.5,85,[],[0.3046],[51]
4.5,86,[],[0.22998],[80]
4.5,87,[],[0.37136],[58]
4.5,88,[],[],[]
4.5,89,[],[0.24708],[61]
4.5,90,[],[0.4001, 0.2027],[62, 29]
4.5,91,[],[],[]
4.5,92,[],[0.27306],[34]
4.5,93,[],[],[]
4.5,94,[],[],[]
4.5,95,[],[],[]
4.5,96,[],[0.30344, 0.2027],[42, 29]
4.5,97,[],[],[]
4.5,98,[],[0.24473],[74]
4.5,99,[],[0.2255],[28]
4.5,100,[],[0.21878],[48]
4.5,101,[],[0.24071],[56]
4.5,102,[],[0.23329],[85]
4.5,103,[],[],[]
4.5,104,[],[0.33894],[79]
4.5,105,[],[0.3281],[51]
4.5,106,[],[0.22697],[68]
4.5,107,[],[],[]
4.5,108,[],[0.20986],[58]
4.5,109,[],[0.33309],[52]
4.5,110,[],[],[]
4.5,111,[],[0.21446],[59]
4.5,112,[],[0.22847],[94]
4.5,113,[],[0.21602, 0.2027],[51, 29]
4.5,114,[],[],[]
4.5,115,[],[0.29443, 0.2027],[14, 73]
4.5,116,[],[0.25412, 0.26159],[64, 13]
4.5,117,[],[0.21436],[75]
4.5,118,[],[],[]
4.5,119,[],[0.39141],[72]
4.5,120,[],[0.20647],[77]
4.5,121,[],[0.2593],[31]
4.5,122,[],[0.34126, 0.2027],[55, 29]
4.5,123,[],[0.2345],[84]
4.5,124,[],[0.21883],[77]
4.5,125,[],[],[]
4.5,126,[],[],[]
4.5,127,[],[],[]
4.5,128,[],[0.22842],[79]
4.5,129,[],[0.25105],[67]
4.5,130,[],[0.22599],[77]
4.5,131,[],[0.21489],[70]
4.5,132,[],[0.20491],[46]
4.5,133,[],[0.27579],[73]
4.5,134,[],[0.25733],[61]
4.5,135,[],[0.44473],[62]
4.5,136,[],[],[]
4.5,137,[],[0.26295],[64]
4.5,138,[],[0.20875, 0.26906],[50, 13]
4.5,139,[],[0.21253],[51]
4.5,140,[],[0.22693],[65]
4.5,141,[],[0.26771],[67]
4.5,142,[],[0.27626, 0.20326],[22, 59]
4.5,143,[],[0.35924, 0.2027],[55, 29]
4.5,144,[],[],[]
4.5,145,[],[0.22259, 0.26906],[77, 13]
4.5,146,[],[],[]
4.5,147,[],[0.22117],[71]
4.5,148,[],[],[]
4.5,149,[],[0.27716],[41]
4.5,150,[],[0.21284],[82]
4.5,151,[],[0.37188],[67]
4.5,152,[],[0.22996],[63]
4.5,153,[],[0.25308, 0.27037],[28, 57]
4.5,154,[],[],[]
4.5,155,[],[],[]
4.5,156,[],[0.34333, 0.2027],[43, 29]
4.5,157,[],[],[]
4.5,158,[],[],[]
4.5,159,[],[0.36283],[73]
4.5,160,[],[],[]
4.5,161,[],[0.26697],[30]
4.5,162,[],[0.4222],[64]
4.5,163,[],[0.21769],[62]
4.5,164,[],[0.20721],[45]
4.5,165,[],[0.27894],[47]
4.5,166,[],[0.21607],[21]
4.5,167,[],[0.27767],[51]
4.5,168,[],[],[]
4.5,169,[],[0.22716, 0.26906],[59, 13]
4.5,170,[],[],[]
4.5,171,[],[],[]
4.5,172,[],[0.28556],[50]
4.5,173,[],[],[]
4.5,174,[],[0.3303],[58]
4.5,175,[],[],[]
4.5,176,[],[0.26256],[64]
4.5,177,[],[0.42112, 0.2027],[49, 29]
4.5,178,[],[0.2032, 0.22216],[49, 23]
4.5,179,[],[0.29294, 0.2027],[23, 29]
4.5,180,[],[0.32728],[68]
4.5,181,[],[0.23666],[78]
4.5,182,[],[0.27808],[54]
4.5,183,[],[],[]
4.5,184,[],[0.20845, 0.2027],[28, 29]
4.5,185,[],[],[]
4.5,186,[],[0.26979],[65]
4.5,187,[],[],[]
4.5,188,[],[0.34241],[63]
4.5,189,[],[],[]
4.5,190,[],[],[]
4.5,191,[],[],[]
4.5,192,[],[0.24122, 0.26906],[27, 13]
4.5,193,[],[],[]
4.5,194,[],[],[]
4.5,195,[],[0.32695, 0.2027],[51, 29]
4.5,196,[],[],[]
4.5,197,[],[0.37228],[58]
4.5,198,[],[0.22355, 0.2027],[47, 29]
4.5,199,[],[0.21526],[64]

