4.5,0,[],[],[]
4.5,1,[],[0.22837],[57]
4.5,2,[],[0.2172],[52]
4.5,3,[],[0.20327],[72]
4.5,4,[],[],[]
4.5,5,[],[],[]
4.5,6,[],[0.23636],[62]
4.5,7,[],[],[]
4.5,8,[],[0.23314],[56]
4.5,9,[],[],[]
4.5,10,[],[],[]
4.5,11,[],[],[]
4.5,12,[],[0.2049],[79]
4.5,13,[],[0.23211],[38]
4.5,14,[],[0.22403],[69]
4.5,15,[],[],[]
4.5,16,[],[],[]
4.5,17,[],[0.2461],[52]
4.5,18,[],[0.2919],[40]
4.5,19,[],[0.22993],[93]
4.5,20,[],[],[]
4.5,21,[],[],[]
4.5,22,[],[0.27575, 0.25031],[51, 39]
4.5,23,[],[0.20503],[56]
4.5,24,[],[],[]
4.5,25,[],[0.25762],[65]
4.5,26,[],[0.2571],[42]
4.5,27,[],[],[]
4.5,28,[],[0.28331],[74]
4.5,29,[],[0.20681],[26]
4.5,30,[],[0.21967],[58]
4.5,31,[],[0.22054],[57]
4.5,32,[],[],[]
4.5,33,[],[],[]
4.5,34,[],[],[]
4.5,35,[],[0.25518],[42]
4.5,36,[],[0.25792],[39]
4.5,37,[],[],[]
4.5,38,[],[0.21452],[58]
4.5,39,[],[0.21138],[89]
4.5,40,[],[],[]
4.5,41,[],[],[]
4.5,42,[],[],[]
4.5,43,[],[],[]
4.5,44,[],[0.25928],[60]
4.5,45,[],[0.22427],[42]
4.5,46,[],[0.20789],[37]
4.5,47,[],[0.21281],[63]
4.5,48,[],[0.23183],[86]
4.5,49,[],[0.23353],[79]
4.5,50,[],[0.23278],[61]
4.5,51,[],[],[]
4.5,52,[],[0.25786],[58]
4.5,53,[],[0.22798],[44]
4.5,54,[],[0.22662],[67]
4.5,55,[],[0.21603],[52]
4.5,56,[],[],[]
4.5,57,[],[0.32334],[78]
4.5,58,[],[0.2357],[54]
4.5,59,[],[0.23698],[74]
4.5,60,[],[0.20209],[72]
4.5,61,[],[0.27291],[59]
4.5,62,[],[],[]
4.5,63,[],[0.26141],[50]
4.5,64,[],[0.20113],[63]
4.5,65,[],[0.20454],[50]
4.5,66,[],[0.24645],[37]
4.5,67,[],[0.20583],[61]
4.5,68,[],[0.23647],[43]
4.5,69,[],[0.2026],[78]
4.5,70,[],[0.21171],[30]
4.5,71,[],[0.25035],[76]
4.5,72,[],[0.20342],[91]
4.5,73,[],[0.223],[61]
4.5,74,[],[],[]
4.5,75,[],[0.22629],[55]
4.5,76,[],[],[]
4.5,77,[],[],[]
4.5,78,[],[0.22233],[49]
4.5,79,[],[],[]
4.5,80,[],[0.22904],[87]
4.5,81,[],[0.2404],[56]
4.5,82,[],[0.23127],[80]
4.5,83,[],[0.22205],[83]
4.5,84,[],[],[]
4.5,85,[],[],[]
4.5,86,[],[0.25914],[84]
4.5,87,[],[],[]
4.5,88,[],[],[]
4.5,89,[],[0.20571, 0.21519],[31, 44]
4.5,90,[],[],[]
4.5,91,[],[],[]
4.5,92,[],[],[]
4.5,93,[],[],[]
4.5,94,[],[0.21114],[70]
4.5,95,[],[0.21751],[60]
4.5,96,[],[0.20007],[44]
4.5,97,[],[],[]
4.5,98,[],[0.21454],[76]
4.5,99,[],[],[]
4.5,100,[],[0.2516],[68]
4.5,101,[],[],[]
4.5,102,[],[0.281],[48]
4.5,103,[],[0.20294],[54]
4.5,104,[],[],[]
4.5,105,[],[0.21249],[61]
4.5,106,[],[0.20244],[50]
4.5,107,[],[0.31813],[43]
4.5,108,[],[],[]
4.5,109,[],[],[]
4.5,110,[],[0.21676],[54]
4.5,111,[],[],[]
4.5,112,[],[],[]
4.5,113,[],[],[]
4.5,114,[],[],[]
4.5,115,[],[],[]
4.5,116,[],[0.29838, 0.25031],[24, 39]
4.5,117,[],[0.20555],[42]
4.5,118,[],[0.20567, 0.25031],[37, 39]
4.5,119,[],[0.2486],[45]
4.5,120,[],[],[]
4.5,121,[],[],[]
4.5,122,[],[],[]
4.5,123,[],[0.20556, 0.23144],[44, 44]
4.5,124,[],[0.2621],[70]
4.5,125,[],[],[]
4.5,126,[],[0.29293],[48]
4.5,127,[],[],[]
4.5,128,[],[],[]
4.5,129,[],[],[]
4.5,130,[],[0.2124],[52]
4.5,131,[],[0.20195],[81]
4.5,132,[],[],[]
4.5,133,[],[0.21349],[57]
4.5,134,[],[0.2428],[64]
4.5,135,[],[0.20469],[51]
4.5,136,[],[],[]
4.5,137,[],[],[]
4.5,138,[],[0.32935],[34]
4.5,139,[],[],[]
4.5,140,[],[0.25946],[59]
4.5,141,[],[],[]
4.5,142,[],[0.22872],[68]
4.5,143,[],[0.20808],[70]
4.5,144,[],[],[]
4.5,145,[],[],[]
4.5,146,[],[0.2496],[77]
4.5,147,[],[],[]
4.5,148,[],[],[]
4.5,149,[],[],[]
4.5,150,[],[0.25383],[83]
4.5,151,[],[],[]
4.5,152,[],[],[]
4.5,153,[],[0.23851],[40]
4.5,154,[],[0.20987],[61]
4.5,155,[],[],[]
4.5,156,[],[0.21268],[91]
4.5,157,[],[],[]
4.5,158,[],[0.31191],[45]
4.5,159,[],[0.21922, 0.21627],[43, 38]
4.5,160,[],[0.23071],[60]
4.5,161,[],[0.2095],[59]
4.5,162,[],[0.22997],[78]
4.5,163,[],[],[]
4.5,164,[],[],[]
4.5,165,[],[0.279],[63]
4.5,166,[],[0.20731],[90]
4.5,167,[],[0.23933],[62]
4.5,168,[],[0.21222],[76]
4.5,169,[],[0.20919],[48]
4.5,170,[],[0.29708],[54]
4.5,171,[],[0.20198],[69]
4.5,172,[],[],[]
4.5,173,[],[],[]
4.5,174,[],[],[]
4.5,175,[],[],[]
4.5,176,[],[],[]
4.5,177,[],[0.20039],[62]
4.5,178,[],[0.23709, 0.21519],[31, 44]
4.5,179,[],[0.28533],[79]
4.5,180,[],[],[]
4.5,181,[],[0.27134],[41]
4.5,182,[],[0.20651, 0.25031],[47, 39]
4.5,183,[],[0.23617],[84]
4.5,184,[],[],[]
4.5,185,[],[],[]
4.5,186,[],[0.22514],[79]
4.5,187,[],[0.21512],[70]
4.5,188,[],[],[]
4.5,189,[],[],[]
4.5,190,[],[0.20228],[47]
4.5,191,[],[0.30469],[75]
4.5,192,[],[],[]
4.5,193,[],[0.24554, 0.25031],[18, 39]
4.5,194,[],[],[]
4.5,195,[],[],[]
4.5,196,[],[],[]
4.5,197,[],[0.21658],[46]
4.5,198,[],[],[]
4.5,199,[],[0.2055],[37]

