2.5,0,[0.0177, 0.00058, 0.01344, 0.05142, 0.02357, 0.00338, 0.00349, 0.0018, 0.05186, 0.07994, 0.00402, 0.00262, 0.02448, 0.00084, 0.00293, 0.01596, 0.00152, 0.01264, 0.02417, 0.0441, 0.00193, 0.00097, 0.04409, 0.05619, 0.00948, 0.04371, 0.02094, 0.00657, 0.05717, 0.05482, 0.07744, 0.02775, 0.02332, 0.0064, 0.02805, 0.05409, 0.01271, 0.04869, 0.00683, 0.06227, 0.02401, 0.00588, 0.05618, 0.00302, 0.01608, 0.05112, 0.00371],[0.22229, 0.22089, 0.22765, 0.26006, 0.30247],[11, 1, 1, 5, 14],47,5
2.5,1,[0.04051, 0.01817, 0.06241, 0.04513, 0.01027, 0.00242, 0.00267, 0.00157, 0.00866, 0.02451, 0.03044, 0.00372, 0.00198, 0.07509, 0.02779, 0.03614, 0.07172, 0.00648, 0.03689, 0.0118, 0.01061, 0.03727, 0.00684, 0.00458, 0.03463, 0.02562, 0.00305, 0.08523, 0.03457, 0.09149, 0.02594, 0.02845, 0.08507, 0.00123, 0.00369, 0.01668, 0.02009, 0.02942, 0.00783, 0.00614, 0.01093, 0.00371, 0.00624, 0.00217, 0.02599, 0.00647, 0.02207, 0.03184, 0.04596, 0.00528, 0.0625, 0.04435, 0.02342, 0.06676],[0.26107, 0.36115, 0.21586, 0.2132, 0.21022, 0.29562, 0.21101],[6, 1, 8, 12, 6, 9, 5],54,7
2.5,2,[0.00796, 0.01536, 0.00697, 0.01426, 0.07148, 0.01331, 0.08148, 0.04291, 0.00587, 0.09765, 0.08344, 0.0879, 0.04935],[],[],13,0
2.5,3,[0.0003, 0.01275, 0.00756, 0.04864, 0.00527, 0.03118, 0.02011, 0.07742, 0.05421, 0.02295, 0.02556, 0.03731, 0.01141, 0.03486, 0.01579, 0.01984, 0.00192, 0.01368, 0.01408, 0.0368, 0.07121, 0.01003, 0.02041, 0.00368, 0.03984, 0.02481, 0.06342, 0.00206, 0.00229, 0.05841, 0.02837, 0.03135, 0.02071, 0.00391, 0.03114, 0.02377, 0.01107, 0.0248, 0.03208, 0.03357, 0.02205, 0.08351, 0.0108, 0.00057, 0.00052, 0.00084, 0.04596, 0.0037, 0.00871, 0.06702],[0.27657, 0.24117, 0.22117, 0.20273],[10, 12, 11, 10],50,4
2.5,4,[0.01269, 0.01566, 0.02403, 0.04242, 0.09161, 0.08945, 0.03031, 0.01518, 0.07143, 0.02556, 0.03731, 0.01141, 0.03486, 0.01579, 0.01984, 0.00192, 0.01368, 0.01408, 0.0368, 0.07121, 0.01003, 0.02041, 0.00368, 0.03984, 0.02481, 0.06342, 0.00206, 0.00229, 0.05841, 0.02837, 0.03135, 0.02071, 0.00391, 0.03114, 0.02377, 0.01107, 0.0248, 0.03208, 0.03357, 0.02205, 0.08351, 0.0108],[0.24484, 0.24117, 0.22117],[9, 12, 11],42,3
2.5,5,[0.00087, 0.00107, 0.07867, 0.03039, 0.04555, 0.00308, 0.02609, 0.00352, 0.08606, 0.0435, 0.01733, 0.06843, 0.01671, 0.00118, 0.05767, 0.06888, 0.08523, 0.00157, 0.00866, 0.02451, 0.03044, 0.00372, 0.00198, 0.07509, 0.02779, 0.02054, 0.06877, 0.06838, 0.07974, 0.05812, 0.00262, 0.02448, 0.00084, 0.00293, 0.01596, 0.00152, 0.01264, 0.02417, 0.0441],[0.20484, 0.27916, 0.24371, 0.2093, 0.22089, 0.22765, 0.26006],[12, 5, 8, 5, 1, 1, 5],39,7
2.5,6,[0.0476, 0.04044, 0.04117, 0.04398, 0.02467, 0.00748, 0.04308, 0.05963, 0.01145, 0.0625, 0.02851, 0.03267, 0.05549, 0.07758, 0.00391, 0.03114, 0.02377, 0.01107, 0.0248, 0.03208, 0.03357, 0.02205, 0.08351, 0.0108, 0.00057, 0.00052, 0.00084, 0.0037, 0.00871, 0.06992, 0.00752, 0.02089, 0.05269, 0.00271, 0.0721, 0.03401, 0.00332, 0.01046, 0.09948, 0.06137, 0.0629, 0.02612, 0.00378, 0.04014, 0.02058, 0.06291],[0.22774, 0.21285, 0.26992, 0.20273],[1, 7, 6, 10],46,4
2.5,7,[0.01108, 0.006, 0.08369, 0.00411, 0.02054, 0.06877, 0.06838, 0.07974, 0.05812, 0.04291, 0.0393, 0.00262, 0.01943, 0.02448, 0.00741, 0.01922, 0.04917, 0.00923, 0.01906, 0.02994, 0.07864, 0.00084, 0.00293, 0.01596, 0.00152],[0.20905, 0.2093, 0.22089, 0.22765],[4, 7, 2, 8],25,4
2.5,8,[0.01449, 0.00252, 0.0686, 0.02924, 0.02527, 0.05055, 0.09953, 0.094, 0.06636, 0.00243, 0.07699, 0.03614, 0.07172, 0.00648, 0.03689, 0.0118, 0.01061, 0.03727, 0.00684, 0.00458, 0.03463, 0.02562, 0.00305, 0.00157, 0.00866, 0.02451, 0.03044, 0.00372, 0.00198, 0.07509],[0.21499, 0.21586],[11, 12],30,2
2.5,9,[0.02762, 0.0451, 0.04374, 0.0506, 0.01559, 0.02208],[],[],6,0
2.5,10,[0.01403, 0.04988, 0.03416, 0.06633, 0.09667, 0.00624, 0.00217, 0.02599, 0.00647, 0.02207, 0.03184, 0.04596, 0.00528, 0.0625, 0.04435, 0.02342, 0.06676, 0.00391, 0.03114, 0.02377, 0.01107, 0.0248, 0.03208, 0.03357, 0.02205, 0.08351, 0.0108, 0.0934, 0.03141, 0.03881, 0.0745, 0.03392, 0.00366, 0.02041, 0.00368, 0.03984, 0.02481, 0.06342],[0.26044, 0.21101, 0.24268, 0.22117],[5, 5, 7, 16],38,4
2.5,11,[0.00043, 0.03649, 0.02592, 0.03104, 0.05311, 0.02499, 0.05499, 0.02485, 0.05613, 0.04448, 0.02054, 0.06877],[0.24295],[10],12,1
2.5,12,[0.00973, 0.06678, 0.00731, 0.04922, 0.03193, 0.0623, 0.00391, 0.03114, 0.02377, 0.01107, 0.0248, 0.03208, 0.03357, 0.02205, 0.08351, 0.0108, 0.00057, 0.00052, 0.00084, 0.04596, 0.0037, 0.00871, 0.06702, 0.06992, 0.00624, 0.00217, 0.02599, 0.00647, 0.02207, 0.00123, 0.00369, 0.01668, 0.02009, 0.02942, 0.00783, 0.00614, 0.01093, 0.00371, 0.08523, 0.03457, 0.09149, 0.02594, 0.02845],[0.32534, 0.20273, 0.23683, 0.29562, 0.21022],[6, 10, 8, 5, 9],43,5
2.5,13,[0.01104, 0.01323, 0.05462, 0.07533, 0.0232, 0.00534, 0.05042, 0.05621, 0.0025, 0.07894, 0.01753, 0.00641, 0.00221, 0.00407, 0.00416, 0.04922, 0.02276, 0.06147, 0.07261, 0.00906, 0.00472],[0.20224, 0.23893],[5, 8],21,2
2.5,14,[0.02485, 0.00242, 0.00104, 0.04657, 0.04582, 0.07403, 0.07403, 0.01283, 0.00454, 0.06483, 0.00262, 0.02448, 0.00084, 0.00293, 0.01596, 0.00152, 0.01264, 0.02417, 0.0441, 0.00193, 0.00097, 0.04409, 0.05619, 0.00948, 0.04371, 0.02094, 0.00657, 0.05717, 0.05482, 0.07744, 0.02775, 0.02332, 0.0064, 0.02805, 0.05409, 0.01271, 0.04869, 0.00683, 0.06227, 0.02401, 0.00588, 0.05618, 0.00302, 0.01608, 0.05112, 0.00371, 0.01872, 0.00281, 0.05516],[0.22356, 0.22089, 0.22765, 0.26006, 0.30247, 0.33788],[10, 1, 1, 5, 14, 15],49,6
2.5,15,[0.04556, 0.03949, 0.06132, 0.01236, 0.01803, 0.01805, 0.03514, 0.01389, 0.06492, 0.04044, 0.04117, 0.04398, 0.02467, 0.00748, 0.04308, 0.05963],[0.21913, 0.21285],[9, 7],16,2
2.5,16,[0.00195, 0.02038, 0.01665, 0.02138, 0.06843, 0.04044, 0.04117, 0.04398, 0.02467, 0.00748, 0.04308, 0.05963, 0.01145, 0.0625, 0.02851, 0.03267, 0.05549, 0.07758, 0.00391, 0.03114, 0.02377, 0.01107, 0.0248, 0.03208, 0.03357, 0.02205, 0.08351, 0.0108, 0.00057, 0.00052, 0.00084, 0.0037, 0.00871, 0.06992, 0.00752, 0.02089, 0.05269, 0.00271, 0.0721, 0.03401, 0.00332, 0.01046, 0.09948, 0.06137, 0.0629, 0.02612, 0.00378, 0.04014, 0.02058, 0.06291],[0.20467, 0.21285, 0.26992, 0.20273],[5, 7, 6, 10],50,4
2.5,17,[0.01549, 0.00267, 0.08281, 0.07137, 0.0209, 0.01358, 0.00334, 0.00168, 0.07126, 0.01763, 0.06199, 0.06474, 0.04102, 0.00946, 0.00131, 0.01353],[0.2076],[13],16,1
2.5,18,[0.0093, 0.00272, 0.03988, 0.0016, 0.04362, 0.00148, 0.00833, 0.04919, 0.06309, 0.00211, 0.01558, 0.08752, 0.09971, 0.07174, 0.00391, 0.03114, 0.02377, 0.01107, 0.0248, 0.03208, 0.03357, 0.02205, 0.08351, 0.0108, 0.00057, 0.00052, 0.00084, 0.04596, 0.0037, 0.00871, 0.06702, 0.06992, 0.00624, 0.00217, 0.02599, 0.00647, 0.02207, 0.00123, 0.00369, 0.01668, 0.02009, 0.02942, 0.00783, 0.00614, 0.01093, 0.00371, 0.08523, 0.03457, 0.09149, 0.02594, 0.02845, 0.08507, 0.03614, 0.07172, 0.00648, 0.03689, 0.0118],[0.27385, 0.20273, 0.23683, 0.29562, 0.21022, 0.2132],[14, 10, 8, 5, 9, 6],57,6
2.5,19,[0.00136, 0.01184, 0.01707, 0.0464, 0.0321, 0.03109, 0.00234, 0.02196, 0.01734, 0.02641, 0.02815, 0.00856, 0.0894, 0.06098, 0.04659, 0.05596, 0.02448, 0.00262],[0.21467, 0.21882, 0.22089],[7, 9, 1],18,3
2.5,20,[0.01051, 0.06438, 0.02806, 0.03105, 0.05721, 0.0481, 0.07974, 0.05015, 0.04471, 0.04442, 0.03073, 0.00157, 0.00866, 0.02451, 0.03044, 0.00372, 0.00198, 0.07509, 0.02779, 0.03614, 0.07172, 0.00648, 0.03689, 0.0118, 0.01061, 0.03727, 0.00684, 0.00458, 0.03463, 0.02562, 0.00305, 0.08523, 0.03457, 0.09149, 0.02594, 0.02845, 0.08507, 0.00123, 0.00369, 0.01668, 0.02009, 0.02942, 0.00783, 0.00614, 0.01093, 0.00371, 0.00624, 0.00217, 0.02599, 0.00647],[0.2015, 0.23097, 0.21586, 0.2132, 0.21022, 0.29562],[2, 9, 8, 12, 6, 9],50,6
2.5,21,[0.02535, 0.00176, 0.00268, 0.04529, 0.0229, 0.00157, 0.00866, 0.02451, 0.03044, 0.00372, 0.00198, 0.07509, 0.02779, 0.03614, 0.00648, 0.03689, 0.0118, 0.01061, 0.03727, 0.00684, 0.00458, 0.03463, 0.02562, 0.00305, 0.00333, 0.01045, 0.03457, 0.09149, 0.02594, 0.02845, 0.08507, 0.00123, 0.00369, 0.01668, 0.02009, 0.02942, 0.00783, 0.00614, 0.01093, 0.00371, 0.00624, 0.00217, 0.02599, 0.00647, 0.02207, 0.03184, 0.04596, 0.00528, 0.0625, 0.04435, 0.02342, 0.06676, 0.00391],[0.28519, 0.21586, 0.2132, 0.21022, 0.29562, 0.21101, 0.24268],[5, 8, 13, 5, 9, 5, 7],53,7
2.5,22,[0.00407, 0.00536, 0.00129, 0.03374, 0.02257, 0.03901, 0.0041, 0.01083, 0.02345, 0.00153, 0.00466, 0.04185, 0.07894, 0.07937, 0.03156, 0.00187, 0.02556, 0.03731, 0.01141, 0.03486, 0.01579, 0.01984, 0.00192, 0.01368, 0.01408, 0.0368, 0.07121, 0.01003, 0.02041, 0.00368, 0.03984, 0.02481, 0.06342, 0.00206, 0.00229, 0.05841, 0.02837, 0.03135, 0.02071, 0.00391, 0.03114, 0.02377, 0.01107, 0.0248, 0.03208, 0.03357, 0.02205, 0.08351, 0.0108, 0.00057, 0.00052, 0.00084, 0.04596, 0.0037, 0.00871, 0.06702],[0.23308, 0.254, 0.24117, 0.22117, 0.20273],[8, 8, 12, 11, 10],56,5
2.5,23,[0.00249, 0.02037, 0.05307, 0.09228, 0.04352, 0.00418, 0.00217, 0.04044, 0.01878, 0.00461, 0.01704, 0.05675, 0.00211, 0.07436, 0.05657, 0.03548, 0.00391, 0.03114, 0.02377, 0.01107, 0.0248, 0.03208, 0.03357, 0.02205, 0.08351, 0.0108, 0.02041, 0.00368, 0.03984, 0.02481, 0.06342, 0.00206, 0.00229, 0.05841, 0.02837, 0.03135, 0.02071, 0.02556, 0.03731, 0.01141, 0.03486, 0.01579, 0.01984, 0.00192, 0.01368, 0.01408, 0.0368, 0.07121, 0.01003, 0.02345, 0.00153, 0.00466, 0.04185],[0.20313, 0.30309, 0.22117, 0.24117, 0.254],[5, 11, 10, 11, 12],53,5
2.5,24,[0.01717, 0.00114, 0.02566, 0.01457, 0.06327, 0.07056, 0.09536, 0.00426, 0.0268, 0.01882, 0.0282, 0.025, 0.04325, 0.00192, 0.01392, 0.00636, 0.03051, 0.08685, 0.01705, 0.00251, 0.06624, 0.07537],[0.2154],[9],22,1
2.5,25,[0.00068, 0.02461, 0.00535, 0.03883, 0.07549, 0.0941, 0.0884, 0.00391, 0.03114, 0.02377, 0.01107, 0.0248, 0.03208, 0.03357, 0.02205, 0.08351, 0.0108, 0.00057, 0.00052, 0.00084, 0.04596, 0.0037, 0.00871, 0.06702, 0.06992, 0.00624, 0.00217, 0.02599, 0.00647, 0.02207, 0.00123, 0.00369, 0.01668, 0.02009, 0.02942, 0.00783, 0.00614, 0.01093, 0.00371, 0.08523, 0.03457, 0.09149, 0.02594, 0.02845, 0.08507, 0.03614],[0.24314, 0.20273, 0.23683, 0.29562, 0.21022, 0.2132],[7, 10, 8, 5, 9, 6],46,6
2.5,26,[0.01512, 0.04063, 0.06176, 0.03407, 0.00777, 0.03135, 0.09881, 0.03635, 0.04995, 0.01835],[],[],10,0
2.5,27,[0.04454, 0.01952, 0.05171, 0.05227, 0.0587, 0.00146, 0.00707, 0.01427, 0.09882, 0.0556, 0.07189, 0.01145, 0.0625, 0.02851, 0.03267, 0.05549, 0.07758, 0.04044, 0.04117, 0.04398, 0.02467, 0.00748, 0.04308, 0.05963, 0.00391, 0.03114, 0.02377, 0.01107, 0.0248, 0.03208, 0.03357, 0.02205, 0.08351, 0.0108],[0.21603, 0.21285, 0.27371],[11, 6, 7],34,3
2.5,28,[0.01328, 0.00977, 0.00561, 0.00576, 0.02937, 0.0012, 0.0012, 0.00631, 0.04274, 0.07274, 0.01655, 0.07048, 0.05592, 0.07377, 0.04752, 0.0047, 0.00262, 0.02448, 0.00084, 0.00293, 0.01596],[0.24319, 0.22089, 0.22765],[16, 1, 1],21,3
2.5,29,[0.01158, 0.01801, 0.00196, 0.00222, 0.00224, 0.00247, 0.02417, 0.0441, 0.00193, 0.00097, 0.04409, 0.05619, 0.00948, 0.04371, 0.02094, 0.00657, 0.05717, 0.05482, 0.07744, 0.02775, 0.02332, 0.0064, 0.02805, 0.05409, 0.01271, 0.04869, 0.00683, 0.06227, 0.02401, 0.00588, 0.05618, 0.00302, 0.01608, 0.05112, 0.00371, 0.01872, 0.00281, 0.05516, 0.04506, 0.00935, 0.01472, 0.01882, 0.0282, 0.025, 0.04325, 0.00192, 0.01392, 0.00636, 0.03051, 0.08685, 0.01705, 0.00251, 0.06624, 0.07537],[0.26667, 0.30247, 0.33788, 0.2401],[6, 14, 15, 6],54,4
2.5,30,[0.03209, 0.07444, 0.07435, 0.06449, 0.0358, 0.01145, 0.0625, 0.02851, 0.03267, 0.05549, 0.07758, 0.04044, 0.04117, 0.04398, 0.02467, 0.00748, 0.04308, 0.05963, 0.00391, 0.03114, 0.02377, 0.01107, 0.0248, 0.03208, 0.03357, 0.02205],[0.22102, 0.21285, 0.27371],[5, 6, 7],26,3
2.5,31,[0.00384, 0.01446, 0.07089, 0.06199, 0.07266, 0.00419, 0.00771, 0.06606, 0.00278, 0.02417, 0.0441, 0.00193, 0.00097, 0.04409, 0.05619, 0.00948, 0.04371, 0.02094, 0.00657, 0.05717, 0.05482, 0.07744, 0.02775, 0.00652, 0.02332, 0.0064, 0.02805, 0.05409, 0.01271, 0.04869, 0.00683, 0.06227, 0.02401, 0.00588, 0.05618, 0.00302, 0.01608, 0.05112, 0.00371, 0.01872, 0.00281, 0.05516, 0.04506, 0.00935, 0.01472, 0.01882, 0.0282, 0.025, 0.04325, 0.00192, 0.01392, 0.00636, 0.03051, 0.08685, 0.01705, 0.00251, 0.06624, 0.07537],[0.20371, 0.30247, 0.33788, 0.2401],[9, 15, 15, 6],58,4
2.5,32,[0.00044, 0.02307, 0.01845, 0.02383, 0.08567, 0.09496, 0.05316, 0.00212, 0.09645, 0.04864, 0.00985, 0.00564, 0.00756, 0.00829, 0.00226, 0.05662, 0.02041, 0.00368, 0.03984, 0.02481, 0.06342, 0.00206, 0.00229, 0.05841, 0.02837, 0.03135, 0.02071, 0.00391, 0.03114, 0.02377, 0.01107, 0.0248, 0.03208, 0.03357, 0.02205, 0.08351, 0.0108, 0.00057, 0.00052, 0.00084, 0.04596, 0.0037, 0.00871, 0.06702],[0.20083, 0.20969, 0.22117, 0.20273],[10, 6, 11, 10],44,4
2.5,33,[0.00573, 0.00983, 0.04875, 0.03981, 0.01762, 0.02284, 0.00222, 0.00275, 0.08071, 0.02744, 0.00391, 0.03114, 0.02377, 0.01107, 0.0248, 0.03208, 0.03357, 0.02205, 0.08351, 0.0108, 0.00057, 0.00052, 0.00084, 0.04596, 0.0037, 0.00871, 0.06702, 0.06992, 0.00624, 0.00217, 0.02599, 0.00647, 0.02207, 0.00123, 0.00369, 0.01668, 0.02009, 0.02942, 0.00783, 0.00614, 0.01093, 0.00371, 0.08523, 0.03457, 0.09149, 0.02594, 0.02845, 0.08507, 0.03614, 0.07172, 0.00648, 0.03689, 0.0118],[0.22781, 0.20273, 0.23683, 0.29562, 0.21022, 0.2132],[10, 10, 8, 5, 9, 6],53,6
2.5,34,[0.0145, 0.02837, 0.00378, 0.0031, 0.00548, 0.04651, 0.01002, 0.02367, 0.01344, 0.00742, 0.0756, 0.01061, 0.00843, 0.01171, 0.00338, 0.0239, 0.02332, 0.0064, 0.02805, 0.05409, 0.01271, 0.04869, 0.00683, 0.06227, 0.02401, 0.00588, 0.05618, 0.00302, 0.01608, 0.05112, 0.00371, 0.02417, 0.00413, 0.00114, 0.06469, 0.04033, 0.06654, 0.06152, 0.00218, 0.03972],[0.20086, 0.30247],[16, 15],40,2
2.5,35,[0.00604, 0.04519, 0.00785, 0.03286, 0.05233, 0.08974, 0.00391, 0.03114, 0.02377, 0.01107, 0.0248, 0.03208, 0.03357, 0.02205, 0.08351, 0.0108, 0.00057, 0.00052, 0.00084, 0.04596, 0.0037, 0.00871, 0.06702, 0.06992, 0.00624, 0.00217, 0.02599, 0.00647, 0.02207, 0.00123, 0.00369, 0.01668, 0.02009, 0.02942, 0.00783, 0.00614, 0.01093, 0.00371, 0.08523, 0.03457, 0.09149, 0.02594, 0.02845, 0.08507, 0.03614, 0.07172, 0.00648],[0.20464, 0.20273, 0.23683, 0.29562, 0.21022, 0.2132],[6, 10, 8, 5, 9, 6],47,6
2.5,36,[0.03262, 0.00602, 0.02398, 0.00156, 0.06429, 0.03019, 0.02332, 0.0064, 0.02805, 0.05409, 0.01271, 0.04869, 0.00683, 0.06227, 0.02401, 0.00588, 0.05618, 0.00302, 0.01608, 0.05112, 0.00371, 0.02417, 0.00413, 0.00114, 0.06469, 0.04033, 0.06654, 0.06152, 0.00218, 0.03972, 0.06109, 0.00719, 0.02584, 0.01182, 0.06788, 0.00309, 0.02586, 0.01817],[0.20997, 0.30247],[6, 15],38,2
2.5,37,[0.01375, 0.07377, 0.07415, 0.07661, 0.00084, 0.00293, 0.01596, 0.00152, 0.01264, 0.02448, 0.00262, 0.02054, 0.06877, 0.06838, 0.07974, 0.05812, 0.00157, 0.00866, 0.02451, 0.03044, 0.00372, 0.00198, 0.07509, 0.02779, 0.03614, 0.07172, 0.00648, 0.03689, 0.0118, 0.01061, 0.03727, 0.00684, 0.00458, 0.03463, 0.02562, 0.00305, 0.08523, 0.03457, 0.09149, 0.02594, 0.02845, 0.08507, 0.00123, 0.00369, 0.01668, 0.02009, 0.02942, 0.00783, 0.00614, 0.01093, 0.00371, 0.00624, 0.00217, 0.02599, 0.00647],[0.22344, 0.22765, 0.22089, 0.2093, 0.24371, 0.21586, 0.2132, 0.21022, 0.29562],[4, 5, 1, 1, 5, 8, 12, 6, 9],55,9
2.5,38,[0.03365, 0.05325, 0.00267, 0.00157, 0.00866, 0.02451, 0.03044, 0.00372, 0.00198, 0.07509, 0.02779, 0.03614, 0.07172, 0.00648, 0.03689, 0.0118, 0.01061, 0.03727, 0.00684, 0.00458, 0.03463, 0.02562, 0.00305, 0.08523, 0.03457, 0.09149, 0.02594, 0.02845, 0.08507, 0.00123, 0.00369, 0.01668, 0.02009, 0.02942, 0.00783, 0.00614, 0.01093, 0.00371, 0.00624, 0.00217, 0.02599, 0.00647, 0.02207, 0.03184, 0.04596, 0.00528, 0.0625, 0.04435, 0.02342, 0.06676, 0.00391],[0.27505, 0.36115, 0.21586, 0.2132, 0.21022, 0.29562, 0.21101, 0.24268],[2, 1, 8, 12, 6, 9, 5, 7],51,8
2.5,39,[0.00641, 0.00183, 0.04965, 0.01761, 0.03946, 0.01086, 0.05818, 0.01806, 0.00878, 0.00905, 0.00258, 0.02332, 0.0064, 0.02805, 0.05409, 0.01271, 0.04869, 0.00683, 0.06227, 0.02401, 0.00588, 0.05618, 0.00302, 0.01608, 0.05112, 0.00371, 0.02417, 0.00413, 0.00114, 0.06469, 0.04033, 0.06654, 0.06152, 0.00218, 0.03972, 0.06109, 0.00719, 0.02584, 0.01182, 0.06788, 0.00309, 0.02586, 0.00084, 0.00293, 0.01596, 0.00152, 0.01264, 0.02448, 0.00262, 0.02054, 0.06877, 0.06838, 0.07974, 0.05812],[0.28893, 0.30247, 0.28225, 0.22765, 0.22089, 0.2093],[11, 15, 16, 5, 1, 1],54,6
2.5,40,[0.00195, 0.05845, 0.02918, 0.00684, 0.08578, 0.00942, 0.05937, 0.00843, 0.00418, 0.00217, 0.04044, 0.01878, 0.00461, 0.01704, 0.05675, 0.00211, 0.07436, 0.05657, 0.03548, 0.00391, 0.03114, 0.02377, 0.01107, 0.0248, 0.03208, 0.03357, 0.02205, 0.08351, 0.0108, 0.00057, 0.00052, 0.00084, 0.04596, 0.0037, 0.00871, 0.06702, 0.06992, 0.00624, 0.00217, 0.02599, 0.00647, 0.02207, 0.00123, 0.00369, 0.01668, 0.02009, 0.02942],[0.2413, 0.30309, 0.20273, 0.23683, 0.29562],[8, 11, 10, 8, 5],47,5
2.5,41,[0.0055, 0.03043, 0.03761, 0.06181, 0.02318, 0.00391, 0.03114, 0.02377, 0.01107, 0.0248, 0.03208, 0.03357, 0.02205, 0.08351, 0.0108, 0.00057, 0.00052, 0.00084, 0.04596, 0.0037, 0.00871, 0.06702, 0.06992, 0.00624, 0.00217, 0.02599, 0.00647, 0.02207, 0.00123, 0.00369, 0.01668, 0.02009, 0.02942, 0.00783, 0.00614, 0.01093, 0.00371, 0.08523, 0.03457, 0.09149, 0.02594, 0.02845, 0.08507, 0.03614, 0.07172, 0.00648, 0.03689, 0.0118, 0.01061, 0.03727, 0.00684, 0.00458, 0.03463, 0.02562, 0.00305, 0.00333, 0.00157, 0.00866],[0.21164, 0.20273, 0.23683, 0.29562, 0.21022, 0.2132, 0.21586],[5, 10, 8, 5, 9, 6, 13],58,7
2.5,42,[0.02665, 0.0087, 0.0239, 0.00813, 0.00857, 0.04405, 0.02548, 0.01597, 0.09271, 0.00203, 0.0024, 0.00736, 0.02289, 0.08522, 0.00892, 0.04044, 0.04117, 0.04398, 0.02467, 0.00748, 0.04308, 0.05963, 0.01145, 0.0625, 0.02851, 0.03267, 0.05549, 0.07758, 0.00391, 0.03114, 0.02377, 0.01107, 0.0248, 0.03208, 0.03357, 0.02205, 0.08351, 0.0108],[0.32063, 0.21285, 0.26992, 0.20273],[15, 7, 6, 10],38,4
2.5,43,[0.00412, 0.00447, 0.00164, 0.00168, 0.02263, 0.00418, 0.00217, 0.04044, 0.01878, 0.00461, 0.01704, 0.05675, 0.00211, 0.07436, 0.05657, 0.03548, 0.00391, 0.03114, 0.02377, 0.01107, 0.0248, 0.03208, 0.03357, 0.02205, 0.08351, 0.0108, 0.00057, 0.00052, 0.00084, 0.04596, 0.0037, 0.00871, 0.06702, 0.06992, 0.00624, 0.00217, 0.02599, 0.00647, 0.02207, 0.00123, 0.00369, 0.01668, 0.02009, 0.02942, 0.00783, 0.00614, 0.01093, 0.00371, 0.08523, 0.03457, 0.09149, 0.02594],[0.20465, 0.30309, 0.20273, 0.23683, 0.29562, 0.21022],[5, 11, 10, 8, 5, 9],52,6
2.5,44,[0.03674, 0.00092, 0.00097, 0.00393, 0.00263, 0.00134, 0.04011, 0.03191, 0.01176, 0.04044, 0.04117, 0.04398, 0.02467, 0.00748, 0.04308, 0.05963, 0.01145, 0.0625, 0.02851, 0.03267, 0.05549, 0.07758, 0.00391, 0.03114, 0.02377, 0.01107, 0.0248, 0.03208, 0.03357, 0.02205, 0.08351, 0.0108, 0.00057, 0.00052, 0.00084, 0.0037, 0.00871, 0.06992, 0.00752, 0.02089, 0.05269, 0.00271, 0.0721, 0.03401, 0.00332, 0.01046, 0.09948, 0.06137, 0.0629, 0.02612, 0.00378, 0.04014, 0.02058, 0.06291],[0.21525, 0.21285, 0.26992, 0.20273],[9, 7, 6, 10],54,4
2.5,45,[0.0063, 0.02556, 0.00185, 0.02253, 0.00201, 0.0287, 0.00687, 0.00391, 0.03114, 0.02377, 0.01107, 0.0248, 0.03208, 0.03357, 0.02205, 0.08351, 0.0108, 0.00057, 0.00052, 0.00084, 0.04596, 0.0037, 0.00871, 0.06702, 0.06992, 0.00624, 0.00217, 0.02599, 0.00647, 0.02207, 0.00123, 0.00369, 0.01668, 0.02009, 0.02942, 0.00783, 0.00614, 0.01093, 0.00371, 0.08523, 0.03457, 0.09149, 0.02594, 0.02845, 0.08507, 0.03614, 0.07172, 0.00648, 0.03689, 0.0118, 0.01061, 0.03727, 0.00684, 0.00458, 0.03463, 0.02562, 0.00305, 0.00333, 0.00157, 0.00866],[0.25773, 0.20273, 0.23683, 0.29562, 0.21022, 0.2132, 0.21586],[7, 10, 8, 5, 9, 6, 13],60,7
2.5,46,[0.00043, 0.02138, 0.00767, 0.07303, 0.06446, 0.07624, 0.05336, 0.00465, 0.08368, 0.06362, 0.09826, 0.01986, 0.04044, 0.04117, 0.04398, 0.02467, 0.00748, 0.04308, 0.05963, 0.01145, 0.0625, 0.02851, 0.03267, 0.05549, 0.07758, 0.00391, 0.03114, 0.02377, 0.01107, 0.0248, 0.03208, 0.03357, 0.02205, 0.08351, 0.0108, 0.00057],[0.28424, 0.21285, 0.26992, 0.20273],[12, 7, 6, 10],36,4
2.5,47,[0.00163, 0.05669, 0.06889, 0.05231, 0.02443, 0.09988, 0.00407, 0.00416, 0.04904, 0.04922, 0.02276, 0.06147, 0.07261, 0.00906, 0.00472, 0.05796, 0.01566, 0.08869, 0.0066, 0.00995, 0.00997, 0.00338, 0.00391, 0.03114, 0.02377, 0.01107, 0.0248, 0.03208, 0.03357, 0.02205, 0.08351, 0.0108, 0.00057, 0.00052, 0.00084, 0.04596, 0.0037, 0.00871, 0.06702, 0.06992, 0.00624, 0.00217, 0.02599, 0.00647, 0.02207],[0.29438, 0.24066, 0.20273, 0.23683],[6, 16, 10, 8],45,4
2.5,48,[0.03382, 0.00682, 0.07056, 0.00363, 0.02448, 0.00084, 0.00293, 0.01596, 0.00152, 0.01264, 0.02417, 0.0441, 0.00193, 0.00097, 0.04409, 0.05619, 0.00948, 0.04371, 0.02094, 0.00657, 0.05717, 0.05482, 0.07744, 0.02775, 0.02332, 0.0064, 0.02805, 0.05409, 0.01271, 0.04869, 0.00683, 0.06227, 0.02401, 0.00588, 0.05618, 0.00302, 0.01608, 0.05112, 0.00371, 0.01872, 0.00281, 0.05516, 0.04506, 0.00935, 0.01472, 0.01882, 0.0282, 0.025, 0.04325, 0.00192, 0.01392, 0.00636, 0.03051, 0.08685, 0.01705, 0.00251, 0.06624, 0.07537],[0.21907, 0.22765, 0.26006, 0.30247, 0.33788, 0.2401],[4, 1, 5, 14, 15, 6],58,6
2.5,49,[0.00549, 0.06964, 0.03306, 0.04935, 0.04743, 0.00157, 0.00866, 0.02451, 0.03044, 0.00372, 0.00198, 0.07509, 0.02779, 0.02054, 0.06877, 0.06838, 0.07974, 0.05812, 0.00262, 0.02448, 0.00084, 0.00293, 0.01596, 0.00152, 0.01264, 0.02417, 0.0441, 0.00193, 0.00097, 0.04409, 0.05619, 0.00948, 0.04371, 0.02094, 0.00657, 0.05717, 0.05482, 0.07744, 0.02775, 0.02332, 0.0064, 0.02805, 0.05409, 0.01271, 0.04869, 0.00683, 0.06227, 0.02401, 0.00588, 0.05618, 0.00302, 0.01608, 0.05112, 0.00371],[0.20624, 0.24371, 0.2093, 0.22089, 0.22765, 0.26006, 0.30247, 0.33788],[5, 8, 5, 1, 1, 5, 14, 15],54,8
2.5,50,[0.00051, 0.02534, 0.01274, 0.00104, 0.0588, 0.06676, 0.07442, 0.05925, 0.01081, 0.00407, 0.00416, 0.04904, 0.04922, 0.02276, 0.06147, 0.07261, 0.00906, 0.00472, 0.05796, 0.01566, 0.08869, 0.0066, 0.00995, 0.00997, 0.00338, 0.00391, 0.03114, 0.02377, 0.01107, 0.0248, 0.03208, 0.03357, 0.02205, 0.08351, 0.0108, 0.00057, 0.00052, 0.00084, 0.04596, 0.0037, 0.00871, 0.06702, 0.06992, 0.00624, 0.00217, 0.02599, 0.00647, 0.02207],[0.27125, 0.24066, 0.20273, 0.23683],[9, 16, 10, 8],48,4
2.5,51,[0.00362, 0.01666, 0.03142, 0.03072, 0.0189, 0.0672, 0.00419, 0.03366, 0.04217, 0.02448, 0.00262, 0.02054, 0.06877, 0.06838, 0.07974, 0.05812, 0.00157, 0.00866, 0.02451, 0.03044, 0.00372, 0.00198, 0.07509, 0.02779, 0.03614, 0.07172, 0.00648, 0.03689, 0.0118, 0.01061, 0.03727, 0.00684, 0.00458, 0.03463, 0.02562, 0.00305, 0.08523, 0.03457, 0.09149, 0.02594, 0.02845, 0.08507, 0.00123, 0.00369, 0.01668, 0.02009, 0.02942, 0.00783, 0.00614, 0.01093, 0.00371, 0.00624, 0.00217, 0.02599, 0.00647, 0.02207],[0.21188, 0.22089, 0.2093, 0.24371, 0.21586, 0.2132, 0.21022, 0.29562],[9, 1, 1, 5, 8, 12, 6, 9],56,8
2.5,52,[0.00187, 0.05212, 0.09811, 0.039, 0.01668, 0.00518, 0.06328, 0.0081, 0.03372, 0.03206, 0.08034, 0.02976, 0.00391, 0.03114, 0.02377, 0.01107, 0.0248, 0.03208, 0.03357, 0.02205, 0.08351, 0.0108, 0.00057, 0.00052, 0.00084, 0.04596, 0.0037],[0.25407, 0.20273],[12, 10],27,2
2.5,53,[0.02009, 0.00916, 0.00115, 0.00118, 0.01474, 0.06985, 0.0125, 0.07551, 0.08275, 0.00215, 0.02893, 0.01242, 0.0402, 0.00123, 0.00369, 0.01668, 0.02009, 0.02942, 0.00783, 0.00614, 0.01093, 0.00371, 0.00624, 0.00217, 0.02599, 0.00647, 0.02207, 0.03184, 0.04596, 0.00528, 0.0625, 0.04435, 0.02342, 0.06676, 0.00391, 0.03114, 0.02377, 0.01107, 0.0248],[0.23003, 0.29562, 0.21101, 0.24268],[13, 9, 5, 7],39,4
2.5,54,[0.02989, 0.02603, 0.03009, 0.07765, 0.06082, 0.06714, 0.07529, 0.03227, 0.02041, 0.00368, 0.03984, 0.02481, 0.06342, 0.00206, 0.00229, 0.05841, 0.02837, 0.03135, 0.02071, 0.00391, 0.03114, 0.02377, 0.01107, 0.0248, 0.03208, 0.03357, 0.02205, 0.08351, 0.0108],[0.24655, 0.22117, 0.20273],[8, 11, 10],29,3
2.5,55,[0.05058, 0.00508, 0.09336, 0.01664, 0.08841, 0.03614, 0.07172, 0.00648, 0.03689, 0.0118, 0.01061, 0.03727, 0.00684, 0.00458, 0.03463, 0.02562, 0.00305, 0.08523, 0.03457, 0.09149, 0.02594, 0.02845, 0.08507, 0.00123, 0.00369, 0.01668, 0.02009, 0.02942, 0.00783, 0.00614, 0.01093, 0.00371, 0.00624, 0.00217, 0.02599, 0.00647, 0.02207, 0.03184, 0.04596, 0.00528, 0.0625, 0.04435, 0.02342, 0.06676, 0.00391],[0.26634, 0.2132, 0.21022, 0.29562, 0.21101, 0.24268],[5, 12, 6, 9, 5, 7],45,6
2.5,56,[0.05241, 0.01609, 0.06543, 0.08664, 0.0615, 0.00519, 0.00407, 0.00416, 0.04904, 0.04922, 0.02276, 0.06147, 0.07261, 0.00906, 0.00472, 0.05796, 0.01566, 0.08869, 0.0066, 0.00995, 0.00997, 0.00338, 0.00391, 0.03114, 0.02377, 0.01107, 0.0248, 0.03208, 0.03357],[0.20439, 0.24066],[6, 16],29,2
2.5,57,[0.00263, 0.02928, 0.02095, 0.00449, 0.00719, 0.00182, 0.05671, 0.01635, 0.00729, 0.00624, 0.00217, 0.02599, 0.00647, 0.02207, 0.03184, 0.04596, 0.00528, 0.0625, 0.04435, 0.02342, 0.06676, 0.00391, 0.03114, 0.02377, 0.01107, 0.0248, 0.03208, 0.03357, 0.02205, 0.08351, 0.0108, 0.02041, 0.00368, 0.03984, 0.02481, 0.06342, 0.00206, 0.00229, 0.05841, 0.02837, 0.03135, 0.02071],[0.24166, 0.21101, 0.24268, 0.22117],[9, 5, 7, 10],42,4
2.5,58,[0.00383, 0.00083, 0.00716, 0.00391, 0.03114, 0.02377, 0.01107, 0.0248, 0.03208, 0.03357, 0.02205, 0.08351, 0.0108, 0.00057, 0.00052, 0.00084, 0.04596, 0.0037, 0.00871, 0.06702, 0.06992, 0.00624, 0.00217, 0.02599, 0.00647, 0.02207, 0.00123, 0.00369, 0.01668, 0.02009, 0.02942, 0.00783, 0.00614, 0.01093, 0.00371, 0.08523, 0.03457, 0.09149, 0.02594, 0.02845, 0.08507, 0.03614, 0.07172, 0.00648, 0.03689, 0.0118, 0.01061, 0.03727, 0.00684, 0.00458, 0.03463, 0.02562, 0.00305, 0.00333, 0.00157, 0.00866],[0.23518, 0.20273, 0.23683, 0.29562, 0.21022, 0.2132, 0.21586],[3, 10, 8, 5, 9, 6, 13],56,7
2.5,59,[0.00765, 0.02389, 0.06736, 0.00123, 0.00369, 0.01668, 0.02009, 0.02942, 0.00783, 0.00614, 0.01093, 0.00371, 0.03457, 0.09149, 0.02594, 0.02845, 0.08507, 0.03614, 0.00648, 0.03689, 0.0118, 0.01061, 0.03727, 0.00684, 0.00458, 0.03463, 0.02562, 0.00305, 0.00333, 0.00157, 0.00866, 0.02451, 0.03044, 0.00372, 0.00198, 0.07509, 0.02779, 0.02054, 0.06877, 0.06838],[0.26261, 0.21022, 0.2132, 0.21586, 0.24371],[3, 9, 5, 12, 8],40,5
2.5,60,[0.0473, 0.04372, 0.00977, 0.01301, 0.0156, 0.03863, 0.06707, 0.02972, 0.04088, 0.07337, 0.02448, 0.00262, 0.02054, 0.06877, 0.06838, 0.07974, 0.05812, 0.00157, 0.00866, 0.02451, 0.03044, 0.00372],[0.25654, 0.22089, 0.2093, 0.24371],[10, 1, 1, 5],22,4
2.5,61,[0.00549, 0.06076, 0.0092, 0.08474, 0.01084, 0.01405, 0.06436, 0.05168, 0.08453, 0.06863, 0.01864, 0.03614, 0.07172, 0.00648],[0.29784],[11],14,1
2.5,62,[0.01562, 0.01674, 0.05713, 0.06476, 0.06344, 0.07881, 0.05062, 0.02943, 0.0572, 0.0156, 0.0676, 0.02223, 0.06246, 0.03517, 0.00979, 0.01001, 0.01021, 0.00681, 0.00701, 0.00655, 0.00149, 0.04758, 0.00797, 0.04811, 0.04228, 0.00169, 0.00196, 0.02954, 0.03707, 0.09074, 0.0813, 0.00548, 0.07987, 0.00407, 0.00416, 0.04904, 0.04922, 0.02276, 0.06147, 0.07261],[0.20931, 0.23393],[17, 16],40,2
2.5,63,[0.00734, 0.00815, 0.00085, 0.06955, 0.00702, 0.05588, 0.09285, 0.00504, 0.07774, 0.05191, 0.01436, 0.01913, 0.02385, 0.00685, 0.00733, 0.02417, 0.00413],[0.32563],[15],17,1
2.5,64,[0.00053, 0.01211, 0.06781, 0.00112, 0.07855, 0.01269, 0.00172, 0.00182, 0.03378, 0.00157, 0.00866, 0.02451, 0.03044, 0.00372, 0.00198, 0.07509, 0.02779, 0.03614, 0.07172, 0.00648, 0.03689, 0.0118, 0.01061, 0.03727, 0.00684, 0.00458, 0.03463, 0.02562, 0.00305, 0.08523, 0.03457, 0.09149, 0.02594, 0.02845, 0.08507, 0.00123, 0.00369, 0.01668, 0.02009, 0.02942, 0.00783, 0.00614, 0.01093, 0.00371, 0.00624, 0.00217, 0.02599, 0.00647, 0.02207, 0.03184, 0.04596, 0.00528],[0.33514, 0.21586, 0.2132, 0.21022, 0.29562, 0.21101],[9, 8, 12, 6, 9, 5],52,6
2.5,65,[0.01446, 0.00608, 0.01951, 0.02059, 0.00992, 0.01872, 0.00281, 0.05516, 0.04506, 0.00935, 0.02417, 0.00413, 0.00114, 0.06469, 0.04033, 0.06654, 0.06152, 0.00218, 0.03972, 0.06109, 0.00719, 0.02584, 0.01182, 0.06788, 0.00309, 0.02586, 0.00084, 0.00293, 0.01596, 0.00152, 0.01264, 0.02448, 0.00262, 0.02054, 0.06877, 0.06838, 0.07974, 0.05812, 0.00157, 0.00866, 0.02451, 0.03044, 0.00372, 0.00198, 0.07509],[0.20198, 0.22306, 0.28225, 0.22765, 0.22089, 0.2093, 0.24371],[5, 5, 16, 5, 1, 1, 5],45,7
2.5,66,[0.00854, 0.00748, 0.03498, 0.05856, 0.0116, 0.02613, 0.08666, 0.06642, 0.00844, 0.0288, 0.05985, 0.04658, 0.01736, 0.00349, 0.08676, 0.04023, 0.01872, 0.00281, 0.05516, 0.04506, 0.00935, 0.02417, 0.00413, 0.00114, 0.06469, 0.04033, 0.06654, 0.06152, 0.00218, 0.03972, 0.06109, 0.00719, 0.02584, 0.01182, 0.06788, 0.00309, 0.02586],[0.21843, 0.22306],[16, 5],37,2
2.5,67,[0.01341, 0.02337, 0.03047, 0.00199, 0.05171, 0.00137, 0.08252, 0.04016, 0.045, 0.00407, 0.00416, 0.04904, 0.04922, 0.02276, 0.06147, 0.07261, 0.00906, 0.00472, 0.05796, 0.01566, 0.08869, 0.0066, 0.00995, 0.00997, 0.00338, 0.00391, 0.03114, 0.02377, 0.01107, 0.0248, 0.03208, 0.03357, 0.02205, 0.08351, 0.0108, 0.00057, 0.00052, 0.00084, 0.04596, 0.0037, 0.00871, 0.06702, 0.06992, 0.00624, 0.00217, 0.02599, 0.00647, 0.02207],[0.23792, 0.24066, 0.20273, 0.23683],[9, 16, 10, 8],48,4
2.5,68,[0.03795, 0.04424, 0.06318, 0.00799, 0.06979, 0.00188, 0.03241, 0.07372, 0.00644, 0.07556, 0.05583, 0.05136, 0.00267, 0.01618, 0.0027, 0.01389, 0.01959, 0.02262, 0.00391, 0.03114, 0.02377],[0.21313],[18],21,1
2.5,69,[0.0003, 0.00068, 0.03161, 0.00109, 0.02239, 0.02758, 0.06016, 0.00759, 0.01131, 0.03147, 0.0615, 0.0199, 0.01829],[],[],13,0
2.5,70,[0.00174, 0.01306, 0.06971, 0.07521, 0.04728, 0.07164, 0.02239, 0.03187, 0.03614, 0.07172, 0.00648, 0.03689, 0.0118, 0.01061, 0.03727, 0.00684, 0.00458, 0.03463, 0.02562, 0.00305, 0.00157, 0.00866, 0.02451, 0.03044, 0.00372, 0.00198, 0.07509, 0.02779, 0.02054, 0.06877, 0.06838, 0.07974, 0.05812, 0.00262, 0.02448, 0.00084, 0.00293, 0.01596, 0.00152, 0.01264, 0.02417, 0.0441, 0.00193, 0.00097, 0.04409, 0.05619, 0.00948, 0.04371, 0.02094, 0.00657, 0.05717, 0.05482, 0.07744, 0.02775, 0.02332, 0.0064, 0.02805],[0.26538, 0.21586, 0.24371, 0.2093, 0.22089, 0.22765, 0.26006, 0.30247],[8, 12, 8, 5, 1, 1, 5, 14],57,8
2.5,71,[0.02448, 0.00082, 0.0085, 0.09205, 0.00148, 0.0053, 0.00188, 0.00262, 0.01943, 0.02054, 0.06877, 0.06838, 0.07974, 0.05812, 0.04291, 0.0393, 0.06688, 0.00526, 0.03423, 0.08497, 0.00157, 0.00866, 0.02451, 0.03044, 0.00372, 0.00198, 0.07509, 0.02779, 0.03614, 0.07172, 0.00648, 0.03689, 0.0118, 0.01061, 0.03727, 0.00684, 0.00458, 0.03463, 0.02562, 0.00305, 0.08523],[0.20809, 0.2093, 0.24371, 0.21586, 0.2132],[7, 2, 11, 8, 12],41,5
2.5,72,[0.00478, 0.02631, 0.03399, 0.06049, 0.00119, 0.0353, 0.06361, 0.05372, 0.03854, 0.00213, 0.00889, 0.00157, 0.00866, 0.02451, 0.03044, 0.00372, 0.00198, 0.07509, 0.02779, 0.03614, 0.07172, 0.00648, 0.03689, 0.0118, 0.01061, 0.03727, 0.00684, 0.00458, 0.03463, 0.02562, 0.00305, 0.08523, 0.03457, 0.09149, 0.02594, 0.02845, 0.08507, 0.00123, 0.00369, 0.01668, 0.02009, 0.02942, 0.00783, 0.00614, 0.01093, 0.00371, 0.00624, 0.00217, 0.02599, 0.00647, 0.02207],[0.21634, 0.21586, 0.2132, 0.21022, 0.29562],[11, 8, 12, 6, 9],51,5
2.5,73,[0.00085, 0.00166, 0.03696, 0.02538, 0.04551, 0.03901, 0.08178, 0.04136, 0.01461, 0.02305, 0.09068, 0.06997, 0.02389, 0.07503, 0.05637, 0.00262, 0.02054, 0.06877, 0.05812, 0.00157, 0.00866, 0.02451, 0.03044, 0.00372, 0.00198, 0.07509, 0.02779, 0.03614, 0.07172, 0.00648],[0.22729, 0.2093, 0.24371, 0.21586],[15, 1, 3, 8],30,4
2.5,74,[0.0025, 0.05206, 0.0013, 0.01584, 0.01551, 0.06347, 0.00365, 0.06955, 0.02417, 0.0441, 0.00193, 0.00097, 0.04409, 0.05619, 0.00948, 0.04371, 0.02094, 0.00657, 0.05717, 0.05482, 0.07744, 0.02775, 0.00084, 0.00293, 0.01596, 0.00152, 0.01264, 0.02448, 0.00262, 0.02054, 0.06877, 0.06838, 0.07974, 0.05812, 0.00157, 0.00866, 0.02451, 0.03044, 0.00372, 0.00198, 0.07509, 0.02779, 0.03614, 0.07172, 0.00648, 0.03689, 0.0118, 0.01061, 0.03727, 0.00684, 0.00458, 0.03463, 0.02562, 0.00305],[0.24557, 0.26006, 0.22765, 0.22089, 0.2093, 0.24371, 0.21586, 0.2132],[8, 14, 5, 1, 1, 5, 8, 12],54,8
2.5,75,[0.03555, 0.03657, 0.03639, 0.0492, 0.03412, 0.07845, 0.05308, 0.0504, 0.00758, 0.00255, 0.00264],[],[],11,0
2.5,76,[0.02448, 0.00262, 0.02054, 0.06877, 0.06838, 0.07974, 0.05812, 0.00157, 0.00866, 0.02451, 0.03044, 0.00372, 0.00198, 0.07509, 0.02779, 0.03614, 0.07172, 0.00648, 0.03689, 0.0118, 0.01061, 0.03727, 0.00684, 0.00458, 0.03463, 0.02562, 0.00305, 0.08523, 0.03457, 0.09149, 0.02594, 0.02845, 0.08507, 0.00123, 0.00369, 0.01668, 0.02009, 0.02942, 0.00783, 0.00614, 0.01093, 0.00371, 0.00624, 0.00217, 0.02599, 0.00647, 0.02207, 0.03184, 0.04596, 0.00528, 0.0625, 0.04435, 0.02342, 0.06676, 0.00391],[0.23633, 0.22089, 0.2093, 0.24371, 0.21586, 0.2132, 0.21022, 0.29562, 0.21101, 0.24268],[0, 1, 1, 5, 8, 12, 6, 9, 5, 7],55,10
2.5,77,[0.02823, 0.03145, 0.04566, 0.01168, 0.00109, 0.05158, 0.00469, 0.00641, 0.07557, 0.00648, 0.08431, 0.00752, 0.00276, 0.00569, 0.00391, 0.03114, 0.02377, 0.01107, 0.0248, 0.03208, 0.03357, 0.02205, 0.08351, 0.0108, 0.00057, 0.00052, 0.00084, 0.04596, 0.0037, 0.00871, 0.06702, 0.06992, 0.00624, 0.00217, 0.02599, 0.00647, 0.02207, 0.00123, 0.00369, 0.01668, 0.02009, 0.02942, 0.00783, 0.00614, 0.01093, 0.00371, 0.08523, 0.03457, 0.09149, 0.02594, 0.02845, 0.08507],[0.2372, 0.20273, 0.23683, 0.29562, 0.21022, 0.2132],[14, 10, 8, 5, 9, 6],52,6
2.5,78,[0.02572, 0.00711, 0.05449, 0.0094, 0.06669, 0.00312, 0.00213, 0.05548, 0.09968, 0.04784, 0.02556, 0.03731, 0.01141, 0.03486, 0.01579, 0.01984, 0.00192, 0.01368, 0.01408, 0.0368, 0.07121, 0.01003, 0.02041, 0.00368, 0.03984, 0.02481, 0.06342, 0.00206, 0.00229, 0.05841, 0.02837, 0.03135, 0.02071, 0.00391, 0.03114, 0.02377, 0.01107, 0.0248, 0.03208, 0.03357, 0.02205, 0.08351, 0.0108, 0.00057, 0.00052, 0.00084, 0.04596, 0.0037, 0.00871, 0.06702],[0.2697, 0.24117, 0.22117, 0.20273],[10, 12, 11, 10],50,4
2.5,79,[0.02102, 0.02404, 0.03475, 0.00458, 0.05219, 0.00124, 0.01104, 0.00362, 0.00363, 0.01712, 0.05061, 0.02417, 0.0441, 0.00193, 0.00097, 0.04409, 0.05619, 0.00948, 0.04371, 0.02094, 0.00657, 0.05717, 0.05482, 0.07744, 0.02775, 0.00084, 0.00293, 0.01596, 0.00152, 0.01264, 0.02448, 0.00262, 0.02054, 0.06877, 0.06838, 0.07974, 0.05812, 0.00157, 0.00866, 0.02451, 0.03044, 0.00372, 0.00198, 0.07509, 0.02779, 0.03614],[0.21282, 0.26006, 0.22765, 0.22089, 0.2093, 0.24371, 0.21586],[11, 14, 5, 1, 1, 5, 8],46,7
2.5,80,[0.04081, 0.01564, 0.02913, 0.07781, 0.04022, 0.00173, 0.00978, 0.00418, 0.00217, 0.04044, 0.01878, 0.00461, 0.01704, 0.05675, 0.00211, 0.07436, 0.05657, 0.03548, 0.00391, 0.03114, 0.02377, 0.01107, 0.0248, 0.03208, 0.03357, 0.02205, 0.08351, 0.0108, 0.02041, 0.00368, 0.03984, 0.02481, 0.06342, 0.00206, 0.00229, 0.05841, 0.02837, 0.03135, 0.02071, 0.02556, 0.03731, 0.01141, 0.03486, 0.01579, 0.01984, 0.00192, 0.01368, 0.01408, 0.0368, 0.07121, 0.01003],[0.20062, 0.30309, 0.22117, 0.24117],[7, 11, 10, 11],51,4
2.5,81,[0.0253, 0.00057, 0.00052, 0.00084, 0.04596, 0.0037, 0.00871, 0.06702, 0.06992, 0.00391, 0.03114, 0.02377, 0.01107, 0.0248, 0.03208, 0.03357, 0.02205, 0.08351, 0.0108, 0.02041, 0.00368, 0.03984, 0.02481, 0.06342, 0.00206, 0.00229, 0.05841, 0.02837, 0.03135, 0.02071, 0.02556, 0.03731, 0.01141, 0.03486, 0.01579, 0.01984, 0.00192, 0.01368, 0.01408, 0.0368, 0.07121, 0.01003, 0.02345, 0.00153, 0.00466, 0.04185],[0.21427, 0.20273, 0.22117, 0.24117, 0.254],[1, 8, 10, 11, 12],46,5
2.5,82,[0.00086, 0.00108, 0.04736, 0.00505, 0.00613, 0.07899, 0.06397, 0.02417, 0.0441, 0.00193, 0.00097, 0.04409, 0.05619, 0.00948, 0.04371, 0.02094, 0.00657, 0.05717, 0.05482, 0.07744, 0.02775, 0.00084, 0.00293, 0.01596, 0.00152, 0.01264, 0.02448, 0.00262, 0.02054, 0.06877, 0.06838, 0.07974, 0.05812, 0.00157, 0.00866, 0.02451, 0.03044, 0.00372, 0.00198, 0.07509, 0.02779, 0.03614, 0.07172, 0.00648, 0.03689, 0.0118, 0.01061, 0.03727, 0.00684, 0.00458, 0.03463, 0.02562, 0.00305],[0.27938, 0.26006, 0.22765, 0.22089, 0.2093, 0.24371, 0.21586, 0.2132],[7, 14, 5, 1, 1, 5, 8, 12],53,8
2.5,83,[0.01589, 0.00744, 0.0011, 0.00234, 0.04044, 0.04117, 0.04398, 0.02467, 0.00748, 0.04308, 0.05963, 0.01145, 0.0625, 0.02851, 0.03267, 0.05549, 0.07758, 0.00391, 0.03114, 0.02377, 0.01107, 0.0248, 0.03208, 0.03357, 0.02205, 0.08351, 0.0108, 0.00057, 0.00052, 0.00084, 0.0037, 0.00871, 0.06992, 0.00752, 0.02089, 0.05269, 0.00271, 0.0721, 0.03401, 0.00332, 0.01046, 0.09948, 0.06137, 0.0629, 0.02612, 0.00378, 0.04014, 0.02058, 0.06291],[0.21408, 0.21285, 0.26992, 0.20273],[4, 7, 6, 10],49,4
2.5,84,[0.01606, 0.01565, 0.05307, 0.00392, 0.00405, 0.00041, 0.04503, 0.05042, 0.06443, 0.02586, 0.01348, 0.07937, 0.00998, 0.00236, 0.00725, 0.06623, 0.02476, 0.06446, 0.06586, 0.04287, 0.05559, 0.02722, 0.07529, 0.01104],[0.20187],[5],24,1
2.5,85,[0.00059, 0.03025, 0.06058, 0.06016, 0.0464, 0.00178, 0.00732, 0.07764, 0.06616, 0.09698, 0.01861, 0.03187, 0.00982, 0.00249, 0.06446, 0.00524, 0.02041, 0.00368, 0.03984, 0.02481, 0.06342, 0.00206, 0.00229, 0.05841, 0.02837, 0.03135, 0.02071, 0.00391, 0.03114, 0.02377, 0.01107, 0.0248, 0.03208],[0.22884, 0.22117],[16, 11],33,2
2.5,86,[0.0262, 0.03102, 0.00753, 0.08104, 0.03058, 0.00084, 0.00293, 0.01596, 0.00152, 0.01264, 0.02417, 0.0441, 0.00193, 0.00097, 0.04409, 0.05619, 0.00948, 0.04371, 0.02094, 0.00657, 0.05717, 0.05482, 0.07744, 0.02775, 0.02332, 0.0064, 0.02805, 0.05409, 0.01271, 0.04869, 0.00683, 0.06227, 0.02401, 0.00588, 0.05618, 0.00302, 0.01608, 0.05112, 0.00371, 0.01872, 0.00281, 0.05516, 0.04506, 0.00935],[0.25346, 0.26006, 0.30247, 0.33788],[5, 5, 14, 15],44,4
2.5,87,[0.00517, 0.0282, 0.07399, 0.07638, 0.04382, 0.03467, 0.02556, 0.03731, 0.01141, 0.03486, 0.01579, 0.01984, 0.00192, 0.01368, 0.01408, 0.0368, 0.07121, 0.01003, 0.02041, 0.00368, 0.03984, 0.02481, 0.06342, 0.00206, 0.00229, 0.05841, 0.02837, 0.03135, 0.02071, 0.00391, 0.03114, 0.02377, 0.01107, 0.0248, 0.03208, 0.03357, 0.02205, 0.08351, 0.0108, 0.00057, 0.00052, 0.00084, 0.04596, 0.0037, 0.00871, 0.06702],[0.25695, 0.24117, 0.22117, 0.20273],[6, 12, 11, 10],46,4
2.5,88,[0.04904, 0.05272, 0.00818, 0.0399, 0.00501, 0.06796, 0.01464, 0.00235, 0.01561, 0.09437, 0.06703, 0.00391, 0.03114, 0.02377, 0.01107, 0.0248, 0.03208, 0.03357, 0.02205, 0.08351, 0.0108, 0.00057, 0.00052, 0.00084, 0.04596, 0.0037, 0.00871, 0.06702, 0.06992, 0.00624, 0.00217, 0.02599, 0.00647, 0.02207, 0.00123, 0.00369, 0.01668, 0.02009, 0.02942, 0.00783, 0.00614, 0.01093, 0.00371, 0.08523, 0.03457, 0.09149, 0.02594, 0.02845, 0.08507, 0.03614, 0.07172, 0.00648, 0.03689, 0.0118, 0.01061, 0.03727, 0.00684, 0.00458, 0.03463],[0.2098, 0.28257, 0.20273, 0.23683, 0.29562, 0.21022, 0.2132],[0, 11, 10, 8, 5, 9, 6],59,7
2.5,89,[0.00104, 0.02982, 0.07863, 0.00123, 0.00369, 0.01668, 0.02009, 0.02942, 0.00783, 0.00614, 0.01093, 0.00371, 0.02731, 0.08523, 0.03457, 0.09149, 0.02594, 0.02845, 0.08507, 0.03614, 0.07172, 0.00648, 0.03689, 0.0118, 0.01061, 0.03727, 0.00684, 0.00458, 0.03463, 0.02562, 0.00305, 0.00333, 0.00157, 0.00866, 0.02451, 0.03044, 0.00372, 0.00198, 0.07509],[0.21976, 0.21022, 0.2132, 0.21586],[3, 10, 6, 13],39,4
2.5,90,[0.05712, 0.02266, 0.09817, 0.03023, 0.06758, 0.02099, 0.06877, 0.00284, 0.00149, 0.03102, 0.02053, 0.00157, 0.00866, 0.02451, 0.03044, 0.00372, 0.00198, 0.07509, 0.02779, 0.03614, 0.07172, 0.00648, 0.03689, 0.0118, 0.01061, 0.03727, 0.00684, 0.00458, 0.03463, 0.02562, 0.00305, 0.08523, 0.03457, 0.09149, 0.02594, 0.02845, 0.08507, 0.00123, 0.00369, 0.01668, 0.02009, 0.02942, 0.00783],[0.22394, 0.25169, 0.21586, 0.2132, 0.21022],[5, 6, 8, 12, 6],43,5
2.5,91,[0.00146, 0.02779, 0.05179, 0.00631, 0.08081, 0.09452, 0.02118, 0.00993, 0.05447, 0.09734, 0.0875, 0.02556, 0.03731, 0.01141, 0.03486, 0.01579, 0.01984, 0.00192, 0.01368, 0.01408, 0.0368, 0.07121, 0.01003, 0.02041, 0.00368, 0.03984, 0.02481, 0.06342, 0.00206, 0.00229, 0.05841, 0.02837, 0.03135, 0.02071, 0.00391, 0.03114, 0.02377, 0.01107, 0.0248, 0.03208, 0.03357, 0.02205, 0.08351, 0.0108, 0.00057, 0.00052, 0.00084, 0.04596, 0.0037, 0.00871, 0.06702],[0.26443, 0.24117, 0.22117, 0.20273],[11, 12, 11, 10],51,4
2.5,92,[0.06321, 0.06407, 0.07063, 0.02443, 0.01113, 0.05464, 0.01669, 0.00967, 0.02417, 0.0441, 0.00193, 0.00097, 0.04409, 0.05619, 0.00948, 0.04371, 0.02094, 0.00657, 0.05717, 0.05482, 0.07744, 0.02775, 0.00652, 0.02332, 0.0064, 0.02805, 0.05409, 0.01271, 0.04869, 0.00683, 0.06227, 0.02401, 0.00588, 0.05618, 0.00302, 0.01608, 0.05112, 0.00371, 0.01872, 0.00281, 0.05516, 0.04506, 0.00935, 0.01472, 0.01882, 0.0282, 0.025, 0.04325, 0.00192, 0.01392, 0.00636, 0.03051, 0.08685, 0.01705, 0.00251, 0.06624, 0.07537],[0.20317, 0.30247, 0.33788, 0.2401],[8, 15, 15, 6],57,4
2.5,93,[0.0158, 0.00132, 0.03491, 0.04379, 0.00505, 0.01732, 0.02201, 0.00185, 0.07677, 0.06329, 0.0645, 0.01167, 0.01549, 0.06497, 0.04123, 0.00407, 0.00416, 0.04904, 0.04922, 0.02276, 0.06147, 0.07261, 0.00906, 0.00472, 0.05796, 0.01566],[0.22104],[15],26,1
2.5,94,[0.0061, 0.00086, 0.03122, 0.02745, 0.00835, 0.01233, 0.02876, 0.0151, 0.01221, 0.06834, 0.03904, 0.02039, 0.02041, 0.00368, 0.03984, 0.02481, 0.06342, 0.00206, 0.00229, 0.05841, 0.02837, 0.03135, 0.02071, 0.00391, 0.03114, 0.02377, 0.01107, 0.0248, 0.03208, 0.03357, 0.02205, 0.08351, 0.0108, 0.00057, 0.00052, 0.00084, 0.04596, 0.0037, 0.00871, 0.06702],[0.24243, 0.22117, 0.20273],[12, 11, 10],40,3
2.5,95,[0.02368, 0.08867, 0.08083, 0.09334, 0.05043, 0.01846, 0.00267, 0.00157, 0.00866, 0.02451, 0.03044, 0.00372, 0.00198, 0.07509, 0.02779, 0.03614, 0.07172, 0.00648, 0.03689, 0.0118, 0.01061, 0.03727, 0.00684, 0.00458, 0.03463, 0.02562, 0.00305, 0.08523, 0.03457, 0.09149, 0.02594, 0.02845, 0.08507, 0.00123, 0.00369, 0.01668, 0.02009, 0.02942, 0.00783, 0.00614],[0.25506, 0.36115, 0.21586, 0.2132, 0.21022],[6, 1, 8, 12, 6],40,5
2.5,96,[0.08715, 0.03385, 0.02757, 0.01283, 0.07829, 0.01204, 0.00391, 0.03114, 0.02377, 0.01107, 0.0248, 0.03208, 0.03357, 0.02205, 0.08351, 0.0108, 0.00057, 0.00052, 0.00084, 0.04596, 0.0037, 0.00871, 0.06702, 0.06992, 0.00624, 0.00217, 0.02599, 0.00647, 0.02207, 0.00123, 0.00369, 0.01668, 0.02009],[0.24802, 0.20273, 0.23683, 0.29562],[6, 10, 8, 5],33,4
2.5,97,[0.01275, 0.03309, 0.0282, 0.0485, 0.05652, 0.05057, 0.00157, 0.00866, 0.02451, 0.03044, 0.00372, 0.00198, 0.07509, 0.02779, 0.03614, 0.07172, 0.00648, 0.03689, 0.0118, 0.01061, 0.03727, 0.00684, 0.00458, 0.03463, 0.02562, 0.00305, 0.08523, 0.03457, 0.09149, 0.02594, 0.02845, 0.08507, 0.00123, 0.00369, 0.01668, 0.02009, 0.02942, 0.00783, 0.00614, 0.01093, 0.00371, 0.00624, 0.00217, 0.02599, 0.00647, 0.02207, 0.03184, 0.04596, 0.00528, 0.0625, 0.04435, 0.02342, 0.06676, 0.00391],[0.24132, 0.21586, 0.2132, 0.21022, 0.29562, 0.21101, 0.24268],[6, 8, 12, 6, 9, 5, 7],54,7
2.5,98,[0.02056, 0.03741, 0.03774, 0.07338, 0.09357, 0.03665, 0.03983, 0.03611, 0.00407, 0.00416, 0.04904, 0.04922, 0.02276, 0.06147, 0.07261, 0.00906, 0.00472, 0.05796, 0.01566, 0.08869, 0.0066, 0.00995, 0.00997, 0.00338, 0.00391, 0.03114, 0.02377, 0.01107, 0.0248, 0.03208, 0.03357, 0.02205, 0.08351, 0.0108, 0.00057, 0.00052, 0.00084, 0.04596, 0.0037, 0.00871, 0.06702, 0.06992, 0.00624, 0.00217, 0.02599, 0.00647, 0.02207],[0.26248, 0.24066, 0.20273, 0.23683],[8, 16, 10, 8],47,4
2.5,99,[0.0174, 0.002, 0.01055, 0.00262, 0.02054, 0.06877, 0.06838, 0.07974, 0.05812, 0.00157, 0.00866, 0.02451, 0.03044, 0.00372, 0.00198, 0.07509, 0.02779, 0.03614, 0.07172, 0.00648, 0.03689, 0.0118, 0.01061, 0.03727, 0.00684, 0.00458, 0.03463, 0.02562, 0.00305, 0.08523, 0.03457, 0.09149, 0.02594, 0.02845, 0.08507, 0.00123, 0.00369, 0.01668, 0.02009, 0.02942, 0.00783, 0.00614, 0.01093, 0.00371, 0.00624, 0.00217, 0.02599, 0.00647, 0.02207, 0.03184, 0.04596, 0.00528, 0.0625, 0.04435, 0.02342, 0.06676, 0.00391],[0.26613, 0.2093, 0.24371, 0.21586, 0.2132, 0.21022, 0.29562, 0.21101, 0.24268],[3, 1, 5, 8, 12, 6, 9, 5, 7],57,9
2.5,100,[0.01013, 0.04047, 0.00157, 0.01813, 0.07521, 0.01997, 0.0157, 0.0902, 0.04164, 0.08037, 0.05779, 0.05618, 0.00324, 0.05101, 0.02433],[],[],15,0
2.5,101,[0.00766, 0.01168, 0.04474, 0.0585, 0.00554, 0.03661, 0.00337, 0.02584, 0.0864, 0.04908, 0.02556, 0.03731, 0.01141, 0.03486, 0.01579, 0.01984, 0.00192, 0.01368, 0.01408, 0.0368, 0.07121, 0.01003, 0.02041, 0.00368, 0.03984, 0.02481, 0.06342, 0.00206, 0.00229, 0.05841, 0.02837, 0.03135, 0.02071, 0.00391, 0.03114, 0.02377, 0.01107, 0.0248, 0.03208, 0.03357, 0.02205, 0.08351, 0.0108, 0.00057, 0.00052, 0.00084, 0.04596, 0.0037, 0.00871, 0.06702],[0.28789, 0.24117, 0.22117, 0.20273],[10, 12, 11, 10],50,4
2.5,102,[0.00499, 0.01378, 0.02388, 0.00941, 0.02162, 0.05082, 0.01002, 0.00206, 0.01443],[],[],9,0
2.5,103,[0.00362, 0.0223, 0.07351, 0.07147, 0.00985, 0.00564, 0.00756, 0.00829, 0.00226, 0.05662, 0.02041, 0.00368, 0.03984, 0.02481, 0.06342, 0.00206, 0.00229, 0.05841, 0.02837, 0.03135, 0.02071, 0.00391, 0.03114, 0.02377, 0.01107, 0.0248, 0.03208, 0.03357, 0.02205, 0.08351, 0.0108, 0.00057, 0.00052, 0.00084, 0.04596, 0.0037, 0.00871, 0.06702],[0.23232, 0.20969, 0.22117, 0.20273],[4, 6, 11, 10],38,4
2.5,104,[0.01466, 0.00849, 0.00546, 0.01583, 0.00052, 0.02196, 0.00112, 0.09824, 0.04745, 0.03122, 0.04586, 0.02099, 0.06877, 0.00284, 0.00149, 0.03102, 0.02053, 0.00262, 0.02448, 0.00084, 0.00293, 0.01596, 0.00152, 0.01264, 0.02417, 0.00193, 0.00097, 0.04409, 0.05619, 0.00948, 0.04371, 0.02094, 0.00657, 0.05717, 0.05482, 0.07744, 0.02775, 0.00652, 0.02332, 0.0064, 0.02805, 0.05409, 0.01271, 0.04869, 0.00683, 0.06227, 0.02401, 0.00588],[0.20882, 0.21626, 0.26882, 0.22089, 0.22765, 0.26006, 0.30247],[4, 7, 6, 1, 1, 5, 14],48,7
2.5,105,[0.01701, 0.09941, 0.00169, 0.04304, 0.03518, 0.06942, 0.04904, 0.05272, 0.00818, 0.0399, 0.00501, 0.06796, 0.01464, 0.00235, 0.01561, 0.09437, 0.06703, 0.01732, 0.05373, 0.06443, 0.00145, 0.00602, 0.01872, 0.00281, 0.05516, 0.04506, 0.00935, 0.02417, 0.00413, 0.00114, 0.06469, 0.04033, 0.06654, 0.06152, 0.00218, 0.03972, 0.06109, 0.00719, 0.02584, 0.01182, 0.06788, 0.00309, 0.02586, 0.00084, 0.00293, 0.01596, 0.00152, 0.01264],[0.20094, 0.2045, 0.31501, 0.22306, 0.28225, 0.22765],[6, 11, 5, 5, 16, 5],48,6
2.5,106,[0.0221, 0.01778, 0.0398, 0.01045, 0.00057, 0.00052, 0.00084, 0.04596, 0.0037, 0.00871, 0.06702, 0.06992, 0.00391, 0.03114, 0.02377, 0.01107, 0.0248, 0.03208, 0.03357, 0.02205, 0.08351, 0.0108, 0.0934, 0.03141, 0.03881, 0.0745, 0.03392, 0.00366, 0.00761, 0.05362, 0.0707, 0.02518, 0.02041, 0.00368, 0.03984, 0.02481, 0.06342],[0.28496, 0.20273, 0.22117],[4, 8, 20],37,3
2.5,107,[0.00024, 0.00104, 0.00134, 0.06921, 0.03308, 0.00123, 0.00369, 0.01668, 0.02009, 0.02942, 0.00783, 0.00614, 0.01093, 0.00371, 0.02731, 0.08523, 0.03457, 0.09149, 0.02594, 0.02845, 0.08507, 0.03614, 0.07172, 0.00648, 0.03689, 0.0118, 0.01061, 0.03727, 0.00684, 0.00458, 0.03463, 0.02562, 0.00305, 0.00333, 0.00157, 0.00866, 0.02451, 0.03044, 0.00372, 0.00198, 0.07509],[0.20919, 0.21022, 0.2132, 0.21586],[5, 10, 6, 13],41,4
2.5,108,[0.00229, 0.00275, 0.03231, 0.03614, 0.07172, 0.00648, 0.03689, 0.0118, 0.01061, 0.03727, 0.00684, 0.00458, 0.03463, 0.02562, 0.00305, 0.00157, 0.00866, 0.02451, 0.03044, 0.00372, 0.00198, 0.07509, 0.02779, 0.02054, 0.06877, 0.06838, 0.07974, 0.05812, 0.00262, 0.02448, 0.00084, 0.00293, 0.01596, 0.00152, 0.01264, 0.02417, 0.0441, 0.00193, 0.00097, 0.04409, 0.05619, 0.00948, 0.04371, 0.02094, 0.00657, 0.05717, 0.05482, 0.07744, 0.02775, 0.02332, 0.0064, 0.02805],[0.23934, 0.21586, 0.24371, 0.2093, 0.22089, 0.22765, 0.26006, 0.30247],[3, 12, 8, 5, 1, 1, 5, 14],52,8
2.5,109,[0.00374, 0.03082, 0.00211, 0.03758, 0.07624, 0.00535, 0.01348, 0.0303, 0.02835, 0.08811, 0.00391, 0.03114, 0.02377, 0.01107, 0.0248, 0.03208, 0.03357, 0.02205, 0.08351, 0.0108, 0.00057, 0.00052, 0.00084, 0.04596, 0.0037, 0.00871, 0.06702, 0.06992, 0.00624, 0.00217, 0.02599, 0.00647, 0.02207, 0.00123, 0.00369, 0.01668, 0.02009, 0.02942, 0.00783, 0.00614, 0.01093, 0.00371, 0.08523, 0.03457, 0.09149, 0.02594, 0.02845, 0.08507, 0.03614, 0.07172, 0.00648, 0.03689, 0.0118, 0.01061, 0.03727, 0.00684, 0.00458, 0.03463, 0.02562],[0.20385, 0.20273, 0.23683, 0.29562, 0.21022, 0.2132],[10, 10, 8, 5, 9, 6],59,6
2.5,110,[0.00615, 0.0251, 0.04562, 0.03699, 0.07263, 0.08893, 0.0834, 0.08805, 0.02282, 0.03789, 0.02931, 0.05687, 0.03681, 0.00985, 0.00564, 0.00756, 0.00829, 0.00226, 0.05662, 0.02041, 0.00368, 0.03984, 0.02481, 0.06342, 0.00206, 0.00229, 0.05841, 0.02837, 0.03135, 0.02071, 0.00391, 0.03114, 0.02377, 0.01107, 0.0248, 0.03208, 0.03357, 0.02205, 0.08351, 0.0108, 0.00057, 0.00052, 0.00084, 0.04596, 0.0037, 0.00871, 0.06702],[0.21495, 0.20969, 0.22117, 0.20273],[13, 6, 11, 10],47,4
2.5,111,[0.00239, 0.00095, 0.07796, 0.00149, 0.00825, 0.04044, 0.04117, 0.04398, 0.02467, 0.00748, 0.04308, 0.05963, 0.01145, 0.0625, 0.02851, 0.03267, 0.05549, 0.07758, 0.00391, 0.03114, 0.02377, 0.01107, 0.0248, 0.03208, 0.03357, 0.02205, 0.08351, 0.0108, 0.00057, 0.00052, 0.00084, 0.0037, 0.00871, 0.06992, 0.00752, 0.02089, 0.05269, 0.00271, 0.0721, 0.03401, 0.00332, 0.01046, 0.09948, 0.06137, 0.0629, 0.02612, 0.00378, 0.04014, 0.02058, 0.06291],[0.26583, 0.21285, 0.26992, 0.20273],[5, 7, 6, 10],50,4
2.5,112,[0.00835, 0.01506, 0.07901, 0.05129, 0.00293, 0.00191, 0.08497, 0.00236, 0.02417, 0.0441, 0.00193, 0.00097, 0.04409, 0.05619, 0.00948, 0.04371, 0.02094, 0.00657, 0.05717, 0.05482, 0.07744, 0.02775, 0.00084, 0.00293, 0.01596, 0.00152, 0.01264, 0.02448, 0.00262, 0.02054, 0.06877, 0.06838, 0.07974, 0.05812, 0.00157, 0.00866, 0.02451, 0.03044, 0.00372, 0.00198, 0.07509, 0.02779, 0.03614, 0.07172, 0.00648, 0.03689, 0.0118, 0.01061, 0.03727, 0.00684, 0.00458, 0.03463, 0.02562, 0.00305],[0.27673, 0.26006, 0.22765, 0.22089, 0.2093, 0.24371, 0.21586, 0.2132],[8, 14, 5, 1, 1, 5, 8, 12],54,8
2.5,113,[0.02121, 0.07797, 0.05219, 0.00708, 0.03628, 0.06781, 0.06402, 0.05943, 0.00243, 0.0052, 0.03426, 0.02178, 0.01276, 0.02041, 0.00368, 0.03984, 0.02481, 0.06342, 0.00206, 0.00229, 0.05841, 0.02837, 0.03135, 0.02071, 0.02556, 0.03731, 0.01141, 0.03486, 0.01579, 0.01984, 0.00192, 0.01368, 0.01408, 0.0368, 0.07121, 0.01003],[0.20724, 0.24117, 0.254],[13, 11, 12],36,3
2.5,114,[0.00927, 0.00537, 0.0029, 0.06021, 0.01417, 0.00418, 0.00217, 0.04044, 0.01878, 0.00461, 0.01704, 0.05675, 0.00211, 0.07436, 0.05657, 0.03548, 0.00391, 0.03114, 0.02377, 0.01107, 0.0248, 0.03208, 0.03357, 0.02205, 0.08351, 0.0108, 0.00057, 0.00052, 0.00084, 0.04596, 0.0037, 0.00871, 0.06702, 0.06992, 0.00624, 0.00217, 0.02599, 0.00647, 0.02207, 0.00123, 0.00369, 0.01668, 0.02009, 0.02942, 0.00783, 0.00614, 0.01093, 0.00371, 0.08523, 0.03457, 0.09149, 0.02594],[0.20372, 0.30309, 0.20273, 0.23683, 0.29562, 0.21022],[5, 11, 10, 8, 5, 9],52,6
2.5,115,[0.01832, 0.08254, 0.00155, 0.00171, 0.0216, 0.09897, 0.07013, 0.05349, 0.00287, 0.02097, 0.0124, 0.00327, 0.02082, 0.02041, 0.00368, 0.03984, 0.02481, 0.06342, 0.00206, 0.00229, 0.05841, 0.02837, 0.03135, 0.02071, 0.04986],[0.21397],[13],25,1
2.5,116,[0.02769, 0.05495, 0.05271, 0.04094, 0.01303, 0.04296, 0.09074, 0.02556, 0.03731, 0.01141, 0.03486, 0.01579, 0.01984, 0.00192, 0.01368, 0.01408, 0.0368, 0.07121, 0.01003, 0.02041, 0.00368, 0.03984, 0.02481, 0.06342, 0.00206, 0.00229, 0.05841, 0.02837, 0.03135, 0.02071, 0.00391, 0.03114, 0.02377, 0.01107, 0.0248, 0.03208, 0.03357, 0.02205, 0.08351, 0.0108, 0.00057, 0.00052, 0.00084, 0.04596, 0.0037, 0.00871, 0.06702],[0.2808, 0.24117, 0.22117, 0.20273],[7, 12, 11, 10],47,4
2.5,117,[0.02705, 0.04639, 0.02417, 0.02343, 0.07697, 0.01152, 0.07098, 0.06015, 0.05513, 0.00485, 0.00246, 0.02062, 0.00391, 0.03114, 0.02377, 0.01107, 0.0248, 0.03208, 0.03357, 0.02205, 0.08351],[0.24394],[12],21,1
2.5,118,[0.03059, 0.00136, 0.01599, 0.03118, 0.03327, 0.07747, 0.05207, 0.00197, 0.0924, 0.00914, 0.05025, 0.07089, 0.07171, 0.05673, 0.02436, 0.00262, 0.02054, 0.06877, 0.05812, 0.00157, 0.00866, 0.02451, 0.03044, 0.00372, 0.00198, 0.07509, 0.02779],[0.21845, 0.2093, 0.24371, 0.21586],[15, 1, 3, 8],27,4
2.5,119,[0.07863, 0.00255, 0.02806, 0.03105, 0.05721, 0.0481, 0.07974, 0.05015, 0.04471, 0.04442, 0.03073, 0.00157, 0.00866, 0.02451, 0.03044, 0.00372, 0.00198, 0.07509, 0.02779, 0.03614, 0.07172, 0.00648, 0.03689, 0.0118, 0.01061, 0.03727, 0.00684, 0.00458, 0.03463, 0.02562, 0.00305, 0.08523, 0.03457, 0.09149, 0.02594, 0.02845, 0.08507, 0.00123, 0.00369, 0.01668, 0.02009, 0.02942, 0.00783, 0.00614, 0.01093, 0.00371, 0.00624, 0.00217, 0.02599, 0.00647],[0.21917, 0.23097, 0.21586, 0.2132, 0.21022, 0.29562],[2, 9, 8, 12, 6, 9],50,6
2.5,120,[0.03689, 0.01328, 0.03048, 0.00731, 0.06483, 0.05397, 0.06625, 0.00772, 0.06922, 0.03092, 0.08424, 0.03266, 0.01295, 0.00979, 0.02332, 0.0064, 0.02805, 0.05409, 0.01271, 0.04869],[0.23934],[14],20,1
2.5,121,[0.00823, 0.06125, 0.02509, 0.05917, 0.00084, 0.00293, 0.01596, 0.00152, 0.01264, 0.02448, 0.00262, 0.02054, 0.06877, 0.06838, 0.07974, 0.05812, 0.00157, 0.00866, 0.02451, 0.03044, 0.00372, 0.00198, 0.07509, 0.02779, 0.03614, 0.07172, 0.00648, 0.03689, 0.0118, 0.01061, 0.03727, 0.00684, 0.00458, 0.03463, 0.02562, 0.00305, 0.08523, 0.03457, 0.09149, 0.02594, 0.02845, 0.08507, 0.00123, 0.00369, 0.01668, 0.02009, 0.02942, 0.00783, 0.00614, 0.01093, 0.00371, 0.00624, 0.00217, 0.02599, 0.00647, 0.02207],[0.22907, 0.22765, 0.22089, 0.2093, 0.24371, 0.21586, 0.2132, 0.21022, 0.29562, 0.21101],[4, 5, 1, 1, 5, 8, 12, 6, 9, 5],56,10
2.5,122,[0.00687, 0.02212, 0.03888, 0.05545, 0.01968, 0.02673, 0.08405, 0.04621, 0.00833, 0.00572, 0.00291, 0.02417, 0.00413, 0.00114, 0.06469, 0.04033, 0.06654, 0.06152, 0.00218, 0.03972, 0.06109, 0.00719, 0.02584, 0.01182, 0.06788, 0.00309, 0.02586, 0.00084, 0.00293, 0.01596, 0.00152, 0.01264, 0.02448, 0.00262, 0.02054, 0.06877, 0.06838, 0.07974, 0.05812, 0.00157, 0.00866, 0.02451, 0.03044, 0.00372, 0.00198, 0.07509],[0.2027, 0.28225, 0.22765, 0.22089, 0.2093, 0.24371],[11, 16, 5, 1, 1, 5],46,6
2.5,123,[0.01708, 0.01009, 0.01124, 0.00244, 0.03798, 0.01413, 0.0442, 0.04288, 0.07842, 0.04511, 0.02448, 0.00262, 0.02054, 0.06877, 0.06838, 0.07974, 0.05812, 0.00157, 0.00866, 0.02451, 0.03044, 0.00372, 0.00198, 0.07509, 0.02779, 0.03614, 0.07172, 0.00648, 0.03689, 0.0118, 0.01061, 0.03727, 0.00684, 0.00458, 0.03463, 0.02562, 0.00305, 0.08523, 0.03457, 0.09149, 0.02594, 0.02845, 0.08507, 0.00123, 0.00369, 0.01668, 0.02009, 0.02942, 0.00783, 0.00614, 0.01093, 0.00371, 0.00624, 0.00217, 0.02599, 0.00647],[0.23441, 0.22089, 0.2093, 0.24371, 0.21586, 0.2132, 0.21022, 0.29562],[10, 1, 1, 5, 8, 12, 6, 9],56,8
2.5,124,[0.01443, 0.0129, 0.00283, 0.06056, 0.06956, 0.00421, 0.01261, 0.00966, 0.01333, 0.00717, 0.00185, 0.00395, 0.01924, 0.01146, 0.02343, 0.02099, 0.06877],[0.2278],[15],17,1
2.5,125,[0.03496, 0.00805, 0.035, 0.03882, 0.0595, 0.07741, 0.09473, 0.00491, 0.07109, 0.00391, 0.03114, 0.02377, 0.01107, 0.0248, 0.03208, 0.03357, 0.02205, 0.08351, 0.0108, 0.00057, 0.00052, 0.00084, 0.04596, 0.0037, 0.00871, 0.06702, 0.06992, 0.00624, 0.00217, 0.02599, 0.00647, 0.02207, 0.00123, 0.00369, 0.01668, 0.02009, 0.02942, 0.00783, 0.00614, 0.01093, 0.00371, 0.08523, 0.03457, 0.09149, 0.02594, 0.02845, 0.08507, 0.03614, 0.07172, 0.00648],[0.24929, 0.20273, 0.23683, 0.29562, 0.21022, 0.2132],[9, 10, 8, 5, 9, 6],50,6
2.5,126,[0.00627, 0.0084, 0.00391, 0.03114, 0.02377, 0.01107, 0.0248, 0.03208, 0.03357, 0.02205, 0.08351, 0.0108, 0.00057, 0.00052, 0.00084, 0.04596, 0.0037, 0.00871, 0.06702, 0.06992, 0.00624, 0.00217, 0.02599, 0.00647, 0.02207, 0.00123, 0.00369, 0.01668, 0.02009, 0.02942, 0.00783, 0.00614, 0.01093, 0.00371, 0.08523, 0.03457, 0.09149, 0.02594, 0.02845, 0.08507, 0.03614, 0.07172, 0.00648, 0.03689, 0.0118, 0.01061, 0.03727, 0.00684, 0.00458, 0.03463, 0.02562, 0.00305, 0.00333, 0.00157, 0.00866],[0.2558, 0.20273, 0.23683, 0.29562, 0.21022, 0.2132, 0.21586],[2, 10, 8, 5, 9, 6, 13],55,7
2.5,127,[0.00103, 0.00806, 0.00147, 0.0575, 0.00394, 0.09173, 0.04559, 0.01562, 0.03838, 0.08415, 0.01872, 0.00281, 0.05516, 0.04506, 0.00935, 0.02417, 0.00413, 0.00114, 0.06469, 0.04033, 0.06654, 0.06152, 0.00218, 0.03972, 0.06109, 0.00719, 0.02584, 0.01182, 0.06788, 0.00309, 0.02586, 0.00084, 0.00293, 0.01596, 0.00152, 0.01264, 0.02448, 0.00262, 0.02054, 0.06877, 0.06838, 0.07974, 0.05812, 0.00157, 0.00866, 0.02451, 0.03044, 0.00372, 0.00198, 0.07509],[0.25947, 0.22306, 0.28225, 0.22765, 0.22089, 0.2093, 0.24371],[10, 5, 16, 5, 1, 1, 5],50,7
2.5,128,[0.02945, 0.00183, 0.05098, 0.05599, 0.03012, 0.00267, 0.00157, 0.00866, 0.02451, 0.03044, 0.00372, 0.00198, 0.07509, 0.02779, 0.03614, 0.07172, 0.00648, 0.03689, 0.0118, 0.01061, 0.03727, 0.00684, 0.00458, 0.03463, 0.02562, 0.00305, 0.08523, 0.03457, 0.09149, 0.02594, 0.02845, 0.08507, 0.00123, 0.00369, 0.01668, 0.02009, 0.02942, 0.00783, 0.00614, 0.01093, 0.00371, 0.00624, 0.00217, 0.02599, 0.00647, 0.02207, 0.03184, 0.04596, 0.00528, 0.0625, 0.04435, 0.02342, 0.06676, 0.00391],[0.27292, 0.36115, 0.21586, 0.2132, 0.21022, 0.29562, 0.21101, 0.24268],[5, 1, 8, 12, 6, 9, 5, 7],54,8
2.5,129,[0.00892, 0.00114, 0.09834, 0.00219, 0.05214, 0.02332, 0.0064, 0.02805, 0.05409, 0.01271, 0.04869, 0.00683, 0.06227, 0.02401, 0.00588, 0.05618, 0.00302, 0.01608, 0.05112, 0.00371, 0.02417, 0.00413, 0.00114, 0.06469, 0.04033, 0.06654, 0.06152, 0.00218, 0.03972, 0.06109, 0.00719, 0.02584, 0.01182, 0.06788, 0.00309, 0.02586, 0.01872, 0.00281, 0.05516, 0.04506, 0.00935, 0.01882, 0.0282, 0.025, 0.04325, 0.00192, 0.01392, 0.00636, 0.03051, 0.08685, 0.01705, 0.00251, 0.06624],[0.26762, 0.30247, 0.22306, 0.2401],[5, 15, 16, 5],53,4
2.5,130,[0.00966, 0.0011, 0.07414, 0.00236, 0.01975, 0.00178, 0.05764, 0.00588, 0.08125, 0.04748, 0.05648, 0.03614, 0.07172, 0.00648, 0.03689, 0.0118, 0.01061, 0.03727, 0.00684, 0.00458, 0.03463, 0.02562, 0.00305, 0.08523, 0.03457, 0.09149, 0.02594, 0.02845, 0.08507, 0.00123, 0.00369, 0.01668, 0.02009, 0.02942, 0.00783, 0.00614, 0.01093],[0.20454, 0.2132, 0.21022],[11, 12, 6],37,3
2.5,131,[0.00058, 0.00112, 0.00121, 0.00137, 0.00267, 0.00157, 0.00866, 0.02451, 0.03044, 0.00372, 0.00198, 0.07509, 0.02779, 0.03614, 0.07172, 0.00648, 0.03689, 0.0118, 0.01061, 0.03727, 0.00684, 0.00458, 0.03463, 0.02562, 0.00305, 0.08523, 0.03457, 0.09149, 0.02594, 0.02845, 0.08507, 0.00123, 0.00369, 0.01668, 0.02009, 0.02942, 0.00783, 0.00614, 0.01093, 0.00371, 0.00624, 0.00217, 0.02599, 0.00647, 0.02207, 0.03184, 0.04596, 0.00528, 0.0625, 0.04435, 0.02342, 0.06676, 0.00391],[0.25167, 0.36115, 0.21586, 0.2132, 0.21022, 0.29562, 0.21101, 0.24268],[4, 1, 8, 12, 6, 9, 5, 7],53,8
2.5,132,[0.00345, 0.00934, 0.03878, 0.02332, 0.0064, 0.02805, 0.05409, 0.01271, 0.04869, 0.00683, 0.06227, 0.02401, 0.00588, 0.05618, 0.00302, 0.01608, 0.05112, 0.00371, 0.02417, 0.00413, 0.00114, 0.06469, 0.04033, 0.06654, 0.06152, 0.00218, 0.03972, 0.06109, 0.00719, 0.02584, 0.01182, 0.06788, 0.00309, 0.02586, 0.01817, 0.09992, 0.01115, 0.01872, 0.00281, 0.05516, 0.04506, 0.00935, 0.01882],[0.20058, 0.30247, 0.22306, 0.2401],[3, 15, 19, 5],43,4
2.5,133,[0.0175, 0.03738, 0.0604, 0.03541, 0.03624, 0.03306, 0.01435, 0.02292, 0.09285],[],[],9,0
2.5,134,[0.00812, 0.02046, 0.00172, 0.00184, 0.0712, 0.02965, 0.02417, 0.00413, 0.00114, 0.06469, 0.04033, 0.06654, 0.06152, 0.00218, 0.03972, 0.06109, 0.00719, 0.02584, 0.01182, 0.06788, 0.00309, 0.02586, 0.01872, 0.00281, 0.05516, 0.04506, 0.00935, 0.01882, 0.0282, 0.025, 0.04325, 0.00192, 0.01392, 0.00636, 0.03051, 0.08685, 0.01705, 0.00251, 0.06624, 0.07537],[0.2258, 0.22306, 0.2401],[6, 16, 5],40,3
2.5,135,[0.00049, 0.00052, 0.02933, 0.0357, 0.00088, 0.02891, 0.01289, 0.0019, 0.05137, 0.04757, 0.00251, 0.00584, 0.07224, 0.01532, 0.00342, 0.02545, 0.00761, 0.00822, 0.02417, 0.00413, 0.00114, 0.06469, 0.04033, 0.06654, 0.06152, 0.00218, 0.03972, 0.06109, 0.00719, 0.02584, 0.01182, 0.06788, 0.00309, 0.02586, 0.01872, 0.00281, 0.05516, 0.04506, 0.00935],[0.3299, 0.22306],[18, 16],39,2
2.5,136,[0.00046, 0.00228, 0.00262, 0.02054, 0.06877, 0.06838, 0.07974, 0.05812, 0.00157, 0.00866, 0.02451, 0.03044, 0.00372, 0.00198, 0.07509, 0.02779, 0.03614, 0.07172, 0.00648, 0.03689, 0.0118, 0.01061, 0.03727, 0.00684, 0.00458, 0.03463, 0.02562, 0.00305, 0.08523, 0.03457, 0.09149, 0.02594, 0.02845, 0.08507, 0.00123, 0.00369, 0.01668, 0.02009, 0.02942, 0.00783, 0.00614, 0.01093, 0.00371, 0.00624, 0.00217, 0.02599, 0.00647, 0.02207, 0.03184, 0.04596, 0.00528, 0.0625, 0.04435, 0.02342, 0.06676, 0.00391],[0.23926, 0.2093, 0.24371, 0.21586, 0.2132, 0.21022, 0.29562, 0.21101, 0.24268],[2, 1, 5, 8, 12, 6, 9, 5, 7],56,9
2.5,137,[0.01025, 0.01513, 0.05249, 0.01049, 0.01479, 0.03566, 0.08341, 0.04388, 0.09361, 0.02104, 0.04459, 0.08718, 0.09081, 0.06524, 0.01872, 0.00281, 0.05516, 0.04506, 0.00935, 0.01882, 0.0282, 0.025, 0.04325, 0.00192, 0.01392, 0.00636, 0.03051, 0.08685, 0.01705, 0.00251, 0.06624, 0.07537],[0.20608, 0.2401],[14, 5],32,2
2.5,138,[0.02068, 0.06618, 0.05181, 0.00304, 0.03244, 0.0792, 0.00084, 0.00293, 0.01596, 0.00152, 0.01264, 0.02448, 0.00262, 0.02054, 0.06877, 0.06838, 0.07974, 0.05812, 0.00157, 0.00866, 0.02451, 0.03044, 0.00372, 0.00198, 0.07509, 0.02779, 0.03614, 0.07172, 0.00648, 0.03689, 0.0118, 0.01061, 0.03727, 0.00684, 0.00458, 0.03463, 0.02562, 0.00305, 0.08523, 0.03457, 0.09149, 0.02594, 0.02845, 0.08507, 0.00123, 0.00369, 0.01668, 0.02009, 0.02942, 0.00783, 0.00614, 0.01093, 0.00371, 0.00624, 0.00217, 0.02599, 0.00647, 0.02207],[0.20205, 0.22765, 0.22089, 0.2093, 0.24371, 0.21586, 0.2132, 0.21022, 0.29562, 0.21101],[6, 5, 1, 1, 5, 8, 12, 6, 9, 5],58,10
2.5,139,[0.0084, 0.00055, 0.00167, 0.04652, 0.01398, 0.03865, 0.0025, 0.01677, 0.07985, 0.03648, 0.09166, 0.01895, 0.03912, 0.01651, 0.08339, 0.08565, 0.05821, 0.00763, 0.00084, 0.00293, 0.01596, 0.00152, 0.01264, 0.02448, 0.00262, 0.02054, 0.06877, 0.06838, 0.07974, 0.05812, 0.00157, 0.00866, 0.02451, 0.03044, 0.00372, 0.00198, 0.07509, 0.02779, 0.03614, 0.07172, 0.00648, 0.03689, 0.0118, 0.01061, 0.03727],[0.20968, 0.22765, 0.22089, 0.2093, 0.24371, 0.21586],[18, 5, 1, 1, 5, 8],45,6
2.5,140,[0.00134, 0.01719, 0.00756, 0.06363, 0.02235, 0.0246, 0.03184, 0.04596, 0.00528, 0.0625, 0.04435, 0.02342, 0.06676, 0.00391, 0.03114, 0.02377, 0.01107, 0.0248, 0.03208, 0.03357, 0.02205, 0.08351, 0.0108, 0.02041, 0.00368, 0.03984, 0.02481, 0.06342, 0.00206, 0.00229, 0.05841, 0.02837, 0.03135, 0.02071],[0.23431, 0.24268, 0.22117],[6, 7, 10],34,3
2.5,141,[0.04952, 0.08899, 0.03171, 0.07184, 0.00084, 0.00293, 0.01596, 0.00152, 0.01264, 0.02448, 0.00262, 0.02054, 0.06877, 0.06838, 0.07974, 0.05812, 0.00157, 0.00866, 0.02451, 0.03044, 0.00372, 0.00198, 0.07509, 0.02779, 0.03614, 0.07172, 0.00648, 0.03689, 0.0118, 0.01061, 0.03727, 0.00684, 0.00458, 0.03463, 0.02562, 0.00305, 0.08523, 0.03457, 0.09149, 0.02594, 0.02845, 0.08507, 0.00123, 0.00369, 0.01668, 0.02009, 0.02942, 0.00783, 0.00614, 0.01093, 0.00371, 0.00624, 0.00217, 0.02599, 0.00647, 0.02207],[0.21097, 0.22765, 0.22089, 0.2093, 0.24371, 0.21586, 0.2132, 0.21022, 0.29562, 0.21101],[4, 5, 1, 1, 5, 8, 12, 6, 9, 5],56,10
2.5,142,[0.03268, 0.03042, 0.00176, 0.02923, 0.00331, 0.04664, 0.0386, 0.02665, 0.00814, 0.09672, 0.05321, 0.04643, 0.00238, 0.00504, 0.00262, 0.02448, 0.00084, 0.00293, 0.01596, 0.00152, 0.01264, 0.02417, 0.0441, 0.00193, 0.00097, 0.04409],[0.20282, 0.22089, 0.22765, 0.26006],[14, 1, 1, 5],26,4
2.5,143,[0.07687, 0.00214, 0.02332, 0.0064, 0.02805, 0.05409, 0.01271, 0.04869, 0.00683, 0.06227, 0.02401, 0.00588, 0.05618, 0.00302, 0.01608, 0.05112, 0.00371, 0.02417, 0.00413, 0.00114, 0.06469, 0.04033, 0.06152, 0.00218, 0.03972, 0.06109, 0.00719, 0.02584, 0.01182, 0.06788, 0.00309, 0.02586, 0.01872, 0.00281, 0.05516, 0.04506, 0.00935, 0.01882, 0.0282, 0.025, 0.04325, 0.00192, 0.01392, 0.00636, 0.03051, 0.08685, 0.01705, 0.00251, 0.06624, 0.07537],[0.2029, 0.30247, 0.22306, 0.2401],[2, 15, 15, 5],50,4
2.5,144,[0.00062, 0.01761, 0.01095, 0.00543, 0.02332, 0.0064, 0.02805, 0.05409, 0.01271, 0.04869, 0.00683, 0.06227, 0.02401, 0.00588, 0.05618, 0.00302, 0.01608, 0.05112, 0.00371, 0.02417, 0.00413, 0.00114, 0.06469, 0.04033, 0.06654, 0.06152, 0.00218, 0.03972, 0.06109, 0.00719, 0.02584, 0.01182, 0.06788, 0.00309, 0.02586, 0.01872, 0.00281, 0.05516, 0.04506, 0.00935, 0.01882, 0.0282, 0.025, 0.04325, 0.00192, 0.01392, 0.00636, 0.03051, 0.08685, 0.01705, 0.00251, 0.06624],[0.25801, 0.30247, 0.22306, 0.2401],[4, 15, 16, 5],52,4
2.5,145,[0.0155, 0.02519, 0.02569, 0.00984, 0.05251, 0.0262, 0.05733, 0.00207, 0.01145, 0.0625, 0.02851, 0.03267, 0.05549, 0.07758, 0.00391, 0.03114, 0.02377, 0.01107, 0.0248, 0.03208, 0.03357, 0.02205, 0.08351, 0.0108, 0.00057, 0.00052, 0.00084, 0.0037, 0.00871, 0.06992, 0.00752, 0.02089, 0.05269, 0.00271, 0.0721, 0.03401, 0.00332, 0.01046, 0.09948, 0.06137, 0.0629, 0.02612, 0.00378, 0.04014, 0.02058, 0.06291],[0.22666, 0.26992, 0.20273],[8, 6, 10],46,3
2.5,146,[0.01573, 0.00686, 0.03019, 0.0821, 0.0079, 0.00832, 0.00418, 0.00217, 0.04044, 0.01878, 0.00461, 0.01704, 0.05675, 0.00211, 0.07436, 0.05657, 0.03548, 0.00391, 0.03114, 0.02377, 0.01107, 0.0248, 0.03208, 0.03357, 0.02205, 0.08351, 0.0108, 0.02041, 0.00368, 0.03984, 0.02481, 0.06342, 0.00206, 0.00229, 0.05841, 0.02837, 0.03135, 0.02071, 0.02556, 0.03731, 0.01141, 0.03486, 0.01579, 0.01984, 0.00192, 0.01368, 0.01408, 0.0368, 0.07121, 0.01003, 0.02345, 0.00153, 0.00466, 0.04185],[0.22625, 0.30309, 0.22117, 0.24117, 0.254],[6, 11, 10, 11, 12],54,5
2.5,147,[0.00077, 0.03011, 0.08808, 0.00464, 0.00418, 0.00217, 0.04044, 0.01878, 0.00461, 0.01704, 0.05675, 0.00211, 0.07436, 0.05657, 0.03548, 0.00391, 0.03114, 0.02377, 0.01107, 0.0248, 0.03208, 0.03357, 0.02205, 0.08351, 0.0108, 0.00057, 0.00052, 0.00084, 0.04596, 0.0037, 0.00871, 0.06702, 0.06992, 0.00624, 0.00217, 0.02599, 0.00647, 0.02207, 0.00123, 0.00369, 0.01668, 0.02009, 0.02942, 0.00783, 0.00614, 0.01093, 0.00371, 0.08523, 0.03457, 0.09149, 0.02594],[0.27884, 0.30309, 0.20273, 0.23683, 0.29562, 0.21022],[4, 11, 10, 8, 5, 9],51,6
2.5,148,[0.02385, 0.04893, 0.047, 0.00121, 0.00122, 0.02399, 0.0337, 0.08536, 0.00711, 0.00844, 0.01724, 0.04311, 0.05284, 0.08102, 0.09123, 0.02321, 0.00535, 0.08875, 0.00289, 0.06899, 0.0712],[],[],21,0
2.5,149,[0.05333, 0.02481, 0.00629, 0.02468, 0.02272, 0.00245, 0.00157, 0.00866, 0.02451, 0.03044, 0.00372, 0.00198, 0.07509, 0.02779, 0.02054, 0.06877, 0.06838, 0.07974, 0.05812, 0.00262, 0.02448, 0.00084, 0.00293, 0.01596, 0.00152, 0.01264, 0.02417, 0.0441, 0.00193, 0.00097, 0.04409, 0.05619, 0.00948, 0.04371, 0.02094, 0.00657, 0.05717, 0.05482, 0.07744, 0.02775, 0.02332, 0.0064, 0.02805, 0.05409, 0.01271, 0.04869, 0.00683, 0.06227, 0.02401, 0.00588, 0.05618, 0.00302, 0.01608],[0.22378, 0.24371, 0.2093, 0.22089, 0.22765, 0.26006, 0.30247],[6, 8, 5, 1, 1, 5, 14],53,7
2.5,150,[0.00317, 0.01268, 0.04997, 0.00772, 0.02135, 0.0193, 0.04044, 0.04117, 0.04398, 0.02467, 0.00748, 0.04308, 0.05963, 0.01145, 0.0625, 0.02851, 0.03267, 0.05549, 0.07758, 0.00391, 0.03114, 0.02377, 0.01107, 0.0248, 0.03208, 0.03357, 0.02205, 0.08351, 0.0108],[0.26913, 0.21285, 0.26992],[6, 7, 6],29,3
2.5,151,[0.00178, 0.00672, 0.01701, 0.01167, 0.07095, 0.06307, 0.00885, 0.02283, 0.01872, 0.00281, 0.05516, 0.04506, 0.00935, 0.02417, 0.00413, 0.00114, 0.06469, 0.04033, 0.06654, 0.06152, 0.00218, 0.03972, 0.06109, 0.00719, 0.02584, 0.01182, 0.06788, 0.00309, 0.02586, 0.00084, 0.00293, 0.01596, 0.00152, 0.01264, 0.02448, 0.00262, 0.02054, 0.06877, 0.06838, 0.07974, 0.05812, 0.00157, 0.00866, 0.02451, 0.03044, 0.00372, 0.00198, 0.07509],[0.26755, 0.22306, 0.28225, 0.22765, 0.22089, 0.2093, 0.24371],[8, 5, 16, 5, 1, 1, 5],48,7
2.5,152,[0.00817, 0.0262, 0.03596, 0.06012, 0.03541, 0.06006, 0.04615, 0.06872, 0.00084, 0.00293, 0.01596, 0.00152, 0.01264, 0.02448, 0.00262, 0.02054, 0.06877, 0.06838, 0.07974, 0.05812, 0.00157, 0.00866, 0.02451, 0.03044, 0.00372, 0.00198, 0.07509, 0.02779, 0.03614, 0.07172, 0.00648, 0.03689, 0.0118, 0.01061, 0.03727, 0.00684, 0.00458, 0.03463, 0.02562, 0.00305, 0.08523, 0.03457, 0.09149, 0.02594, 0.02845, 0.08507, 0.00123],[0.22708, 0.22765, 0.22089, 0.2093, 0.24371, 0.21586, 0.2132, 0.21022],[8, 5, 1, 1, 5, 8, 12, 6],47,8
2.5,153,[0.00379, 0.05774, 0.04397, 0.04983, 0.01868, 0.0646, 0.04044, 0.04117, 0.04398, 0.02467, 0.00748, 0.04308, 0.05963, 0.01145, 0.0625, 0.02851, 0.03267, 0.05549, 0.07758, 0.00391, 0.03114, 0.02377, 0.01107, 0.0248, 0.03208, 0.03357, 0.02205, 0.08351, 0.0108],[0.20946, 0.21285, 0.26992, 0.20273],[6, 7, 6, 10],29,4
2.5,154,[0.00878, 0.0253, 0.01611, 0.07318, 0.00139, 0.01282, 0.00192, 0.00614, 0.01729, 0.00891, 0.02075, 0.07652, 0.00291, 0.00945, 0.0762, 0.00391, 0.03114, 0.02377, 0.01107, 0.0248, 0.03208, 0.03357, 0.02205, 0.08351, 0.0108, 0.00057, 0.00052, 0.00084, 0.04596],[0.28529, 0.20273],[15, 10],29,2
2.5,155,[0.00944, 0.03101, 0.05839, 0.06211, 0.00759, 0.07564, 0.01329, 0.01672, 0.06081, 0.00391, 0.03114, 0.02377, 0.01107, 0.0248, 0.03208, 0.03357, 0.02205, 0.08351, 0.0108, 0.00057, 0.00052, 0.00084, 0.04596, 0.0037, 0.00871, 0.06702, 0.06992, 0.00624, 0.00217, 0.02599, 0.00647, 0.02207, 0.00123, 0.00369, 0.01668, 0.02009, 0.02942, 0.00783, 0.00614, 0.01093, 0.00371, 0.08523, 0.03457, 0.09149, 0.02594, 0.02845, 0.08507, 0.03614, 0.07172, 0.00648, 0.03689, 0.0118, 0.01061, 0.03727, 0.00684, 0.00458, 0.03463],[0.29015, 0.20273, 0.23683, 0.29562, 0.21022, 0.2132],[9, 10, 8, 5, 9, 6],57,6
2.5,156,[0.00031, 0.00228, 0.00193, 0.00197, 0.02068, 0.04463, 0.08985, 0.002, 0.04207, 0.03879, 0.0286, 0.04836, 0.08197, 0.03614, 0.07172, 0.00648, 0.03689, 0.0118, 0.01061, 0.03727, 0.00684, 0.00458, 0.03463, 0.02562, 0.00305, 0.00157, 0.00866, 0.02451, 0.03044, 0.00372, 0.00198, 0.07509, 0.02779, 0.02054, 0.06877, 0.06838, 0.07974, 0.05812, 0.00262, 0.02448, 0.00084, 0.00293, 0.01596, 0.00152],[0.24048, 0.21586, 0.24371, 0.2093, 0.22089, 0.22765],[13, 12, 8, 5, 1, 1],44,6
2.5,157,[0.00156, 0.01203, 0.03262, 0.07238, 0.00267, 0.09271, 0.01165, 0.02849, 0.09001, 0.00383, 0.01308, 0.01114, 0.03614, 0.07172, 0.00648, 0.03689, 0.0118, 0.01061, 0.03727, 0.00684, 0.00458, 0.03463, 0.02562, 0.00305, 0.00157, 0.00866, 0.02451, 0.03044, 0.00372, 0.00198, 0.07509, 0.02779, 0.02054, 0.06877, 0.06838, 0.07974, 0.05812, 0.00262, 0.02448, 0.00084, 0.00293, 0.01596, 0.00152],[0.26979, 0.21586, 0.24371, 0.2093, 0.22089, 0.22765],[12, 12, 8, 5, 1, 1],43,6
2.5,158,[0.00047, 0.00221, 0.0019, 0.07617, 0.00201, 0.08535, 0.00123, 0.00369, 0.01668, 0.02009, 0.02942, 0.00783, 0.00614, 0.01093, 0.00371, 0.02731, 0.08523, 0.03457, 0.09149, 0.02594, 0.02845, 0.08507, 0.03614, 0.07172, 0.00648, 0.03689, 0.0118, 0.01061, 0.03727, 0.00684, 0.00458, 0.03463, 0.02562, 0.00305, 0.00333, 0.00157, 0.00866, 0.02451, 0.03044, 0.00372, 0.00198, 0.07509],[0.23644, 0.21022, 0.2132, 0.21586],[6, 10, 6, 13],42,4
2.5,159,[0.04843, 0.08206, 0.0536, 0.00172, 0.00717, 0.00778, 0.03557, 0.08282, 0.01661, 0.00281, 0.04254, 0.04398, 0.01804, 0.00336, 0.01042, 0.02417, 0.0441, 0.00193, 0.00097, 0.04409, 0.05619, 0.00948, 0.04371, 0.02094],[0.21802],[15],24,1
2.5,160,[0.0293, 0.01522, 0.0863, 0.07144, 0.00525, 0.06766, 0.0916, 0.02332, 0.0064, 0.02805, 0.05409, 0.01271, 0.04869, 0.00683, 0.06227, 0.02401, 0.00588, 0.05618, 0.00302, 0.01608, 0.05112, 0.00371, 0.02417, 0.00413, 0.00114, 0.04033, 0.06654, 0.06152, 0.00218, 0.03972, 0.06109, 0.00719, 0.02584, 0.01182, 0.06788, 0.00309, 0.02586, 0.00084, 0.00293, 0.01596, 0.00152, 0.01264, 0.02448, 0.00262, 0.02054, 0.06877, 0.06838, 0.07974, 0.05812, 0.00157, 0.00866, 0.02451],[0.30529, 0.30247, 0.28225, 0.22765, 0.22089, 0.2093, 0.24371],[7, 15, 15, 5, 1, 1, 5],52,7
2.5,161,[0.00493, 0.00084, 0.00956, 0.0232, 0.04101, 0.0131, 0.00705, 0.06896, 0.01228, 0.0908, 0.02417, 0.0441, 0.00193, 0.00097, 0.04409, 0.05619, 0.00948, 0.04371, 0.02094, 0.00657, 0.05717, 0.05482, 0.07744, 0.02775, 0.00084, 0.00293, 0.01596, 0.00152, 0.01264, 0.02448, 0.00262, 0.02054, 0.06877, 0.06838, 0.07974, 0.05812, 0.00157, 0.00866, 0.02451, 0.03044, 0.00372, 0.00198, 0.07509, 0.02779],[0.26533, 0.26006, 0.22765, 0.22089, 0.2093, 0.24371, 0.21586],[10, 14, 5, 1, 1, 5, 8],44,7
2.5,162,[0.02352, 0.00544, 0.00257, 0.00361, 0.02834, 0.01777, 0.00727, 0.00309, 0.00515, 0.03374, 0.02948, 0.04941, 0.00697, 0.00265, 0.00352],[0.22701],[14],15,1
2.5,163,[0.00362, 0.00555, 0.01993, 0.00874, 0.05397, 0.08984, 0.08894, 0.09591, 0.00196, 0.08564, 0.00391, 0.03114, 0.02377, 0.01107, 0.0248, 0.03208, 0.03357, 0.02205, 0.08351, 0.0108, 0.02041, 0.00368, 0.03984, 0.02481, 0.06342, 0.00206, 0.00229, 0.05841, 0.02837, 0.03135, 0.02071, 0.02556, 0.03731, 0.01141, 0.03486, 0.01579, 0.01984, 0.00192, 0.01368, 0.01408, 0.0368, 0.07121, 0.01003, 0.02345, 0.00153, 0.00466, 0.04185, 0.07894],[0.27194, 0.22117, 0.24117, 0.254],[10, 10, 11, 12],48,4
2.5,164,[0.00125, 0.03202, 0.01437, 0.00855, 0.07338, 0.05716, 0.06848, 0.00277, 0.0534, 0.00851, 0.02332, 0.0064, 0.02805, 0.05409, 0.01271, 0.04869, 0.00683, 0.06227, 0.02401, 0.00588, 0.05618, 0.00302, 0.01608, 0.05112, 0.00371, 0.02417, 0.00413, 0.00114, 0.06469, 0.04033, 0.06654, 0.06152, 0.00218, 0.03972, 0.06109, 0.00719, 0.02584, 0.01182, 0.06788],[0.23452, 0.30247],[10, 15],39,2
2.5,165,[0.02909, 0.00178, 0.00433, 0.00764, 0.00655, 0.05625, 0.00294, 0.0694, 0.08632, 0.03126, 0.02793, 0.08645, 0.00224, 0.00123, 0.00369, 0.01668, 0.02009, 0.02942, 0.00783, 0.00614, 0.01093, 0.00371, 0.00624, 0.00217, 0.02599, 0.00647, 0.02207, 0.03184, 0.04596, 0.00528, 0.0625, 0.04435, 0.02342, 0.06676, 0.00391, 0.03114, 0.02377, 0.01107, 0.0248, 0.03208, 0.03357, 0.02205, 0.08351, 0.0108, 0.02041, 0.00368, 0.03984, 0.02481, 0.06342],[0.25398, 0.29562, 0.21101, 0.24268, 0.22117],[13, 9, 5, 7, 10],49,5
2.5,166,[0.00458, 0.01752, 0.0135, 0.02142, 0.02429, 0.00136, 0.03404, 0.07434, 0.03847, 0.00888, 0.06326, 0.03614, 0.07172, 0.00648, 0.03689, 0.0118, 0.01061, 0.03727, 0.00684, 0.00458, 0.03463, 0.02562, 0.00305, 0.00157, 0.00866, 0.02451, 0.03044, 0.00372, 0.00198, 0.07509, 0.02779, 0.02054, 0.06877, 0.06838, 0.07974, 0.05812],[0.22265, 0.21586, 0.24371, 0.2093],[11, 12, 8, 5],36,4
2.5,167,[0.00894, 0.01132, 0.02824, 0.03289, 0.04984, 0.02807, 0.04224, 0.07864, 0.02519, 0.02448, 0.00262, 0.02054, 0.06877, 0.06838, 0.07974, 0.05812, 0.00157, 0.00866, 0.02451, 0.03044, 0.00372, 0.00198, 0.07509, 0.02779, 0.03614, 0.07172, 0.00648, 0.03689, 0.0118, 0.01061, 0.03727, 0.00684, 0.00458, 0.03463, 0.02562, 0.00305, 0.08523, 0.03457, 0.09149, 0.02594, 0.02845, 0.08507, 0.00123, 0.00369, 0.01668, 0.02009, 0.02942, 0.00783, 0.00614, 0.01093, 0.00371, 0.00624, 0.00217, 0.02599, 0.00647],[0.24654, 0.22089, 0.2093, 0.24371, 0.21586, 0.2132, 0.21022, 0.29562],[9, 1, 1, 5, 8, 12, 6, 9],55,8
2.5,168,[0.0008, 0.01719, 0.07541, 0.07413, 0.07024, 0.02324, 0.05859, 0.00507, 0.03614, 0.07172, 0.00648, 0.03689, 0.0118, 0.01061, 0.03727, 0.00684, 0.00458, 0.03463, 0.02562, 0.00305, 0.00157, 0.00866, 0.02451, 0.03044, 0.00372, 0.00198, 0.07509, 0.02779, 0.02054, 0.06877, 0.06838, 0.07974, 0.05812, 0.00262, 0.02448, 0.00084, 0.00293, 0.01596, 0.00152, 0.01264, 0.02417, 0.0441, 0.00193, 0.00097, 0.04409, 0.05619, 0.00948, 0.04371, 0.02094, 0.00657, 0.05717, 0.05482, 0.07744, 0.02775, 0.02332, 0.0064],[0.26157, 0.21586, 0.24371, 0.2093, 0.22089, 0.22765, 0.26006, 0.30247],[8, 12, 8, 5, 1, 1, 5, 14],56,8
2.5,169,[0.0323, 0.02709, 0.00469, 0.02378, 0.02939, 0.00983, 0.04163, 0.00323, 0.05142, 0.02041, 0.00368, 0.03984, 0.02481, 0.06342, 0.00206, 0.00229, 0.05841, 0.02837, 0.03135, 0.02071, 0.00391, 0.03114, 0.02377, 0.01107, 0.0248, 0.03208, 0.03357, 0.02205, 0.08351, 0.0108, 0.00057, 0.00052, 0.00084, 0.04596, 0.0037, 0.00871],[0.22636, 0.22117, 0.20273],[9, 11, 10],36,3
2.5,170,[0.05094, 0.01676, 0.00174, 0.05306, 0.02114, 0.00057, 0.00052, 0.00084, 0.04596, 0.0037, 0.00871, 0.06702, 0.06992, 0.00391, 0.03114, 0.02377, 0.01107, 0.0248, 0.03208, 0.03357, 0.02205, 0.08351, 0.0108, 0.0934, 0.03141, 0.03881, 0.0745, 0.03392, 0.00366, 0.00761, 0.05362, 0.0707, 0.02518, 0.02041, 0.00368, 0.03984, 0.02481, 0.06342],[0.27603, 0.20273, 0.22117],[5, 8, 20],38,3
2.5,171,[0.01068, 0.02019, 0.00944, 0.0017, 0.06989, 0.04044, 0.04117, 0.04398, 0.02467, 0.00748, 0.04308, 0.05963, 0.01145, 0.0625, 0.02851, 0.03267, 0.05549, 0.07758, 0.00391, 0.03114, 0.02377, 0.01107, 0.0248, 0.03208, 0.03357, 0.02205, 0.08351, 0.0108, 0.00057, 0.00052, 0.00084, 0.0037, 0.00871, 0.06992, 0.00752, 0.02089, 0.05269, 0.00271, 0.0721, 0.03401, 0.00332, 0.01046, 0.09948, 0.06137, 0.0629, 0.02612, 0.00378, 0.04014, 0.02058, 0.06291],[0.21276, 0.21285, 0.26992, 0.20273],[5, 7, 6, 10],50,4
2.5,172,[0.0003, 0.02953, 0.07333, 0.05523, 0.0696, 0.03126, 0.02641, 0.08117, 0.02448, 0.00262, 0.02054, 0.06877, 0.06838, 0.07974, 0.05812, 0.00157, 0.00866, 0.02451, 0.03044, 0.00372, 0.00198, 0.07509, 0.02779, 0.03614, 0.07172, 0.00648, 0.03689, 0.0118, 0.01061, 0.03727, 0.00684, 0.00458, 0.03463, 0.02562, 0.00305, 0.08523, 0.03457, 0.09149, 0.02594, 0.02845, 0.08507, 0.00123, 0.00369, 0.01668, 0.02009, 0.02942, 0.00783, 0.00614, 0.01093, 0.00371, 0.00624, 0.00217, 0.02599, 0.00647, 0.02207, 0.03184],[0.29995, 0.22089, 0.2093, 0.24371, 0.21586, 0.2132, 0.21022, 0.29562, 0.21101],[8, 1, 1, 5, 8, 12, 6, 9, 5],56,9
2.5,173,[0.00018, 0.04103, 0.02381, 0.02927, 0.00544, 0.06723, 0.03746, 0.09138, 0.00601, 0.01769, 0.01975, 0.05236, 0.00183, 0.07896, 0.0155, 0.07825, 0.09569, 0.00479, 0.03595, 0.02448, 0.00262, 0.02054, 0.06877, 0.06838, 0.07974, 0.05812],[0.28156, 0.22089, 0.2093],[19, 1, 1],26,3
2.5,174,[0.00756, 0.03808, 0.01486, 0.00714, 0.0182, 0.07889, 0.04481, 0.03382, 0.00262, 0.0054, 0.00273, 0.01777, 0.04048, 0.00322, 0.00057, 0.00052, 0.00084, 0.04596, 0.0037, 0.00871, 0.06702, 0.06992, 0.00624, 0.00217, 0.02599, 0.00647, 0.02207, 0.00123, 0.00369, 0.01668, 0.02009, 0.02942, 0.00783, 0.00614, 0.01093, 0.00371, 0.08523, 0.03457],[0.22234, 0.23683, 0.29562, 0.21022],[14, 8, 5, 9],38,4
2.5,175,[0.01626, 0.03259, 0.01434, 0.01524, 0.01375, 0.04768, 0.00162, 0.0466, 0.013, 0.06525, 0.03368, 0.00233, 0.01553, 0.08178, 0.00041, 0.04503, 0.05042, 0.06443, 0.02586, 0.01348, 0.07937, 0.00998, 0.00236, 0.00725, 0.06623, 0.02476, 0.06446, 0.06586, 0.04287, 0.05559, 0.02722, 0.07529, 0.01104],[0.21307],[14],33,1
2.5,176,[0.05894, 0.00281, 0.02062, 0.01993, 0.05261, 0.00196, 0.06558, 0.00391, 0.03114, 0.02377, 0.01107, 0.0248, 0.03208, 0.03357, 0.02205, 0.08351, 0.0108, 0.00057, 0.00052, 0.00084, 0.04596, 0.0037, 0.00871, 0.06702, 0.06992, 0.00624, 0.00217, 0.02599, 0.00647, 0.02207, 0.00123, 0.00369, 0.01668, 0.02009, 0.02942, 0.00783, 0.00614, 0.01093, 0.00371, 0.08523, 0.03457, 0.09149, 0.02594, 0.02845, 0.08507, 0.03614, 0.07172, 0.00648, 0.03689, 0.0118, 0.01061, 0.03727, 0.00684, 0.00458, 0.03463, 0.02562, 0.00305, 0.00333],[0.32647, 0.20273, 0.23683, 0.29562, 0.21022, 0.2132, 0.21586],[7, 10, 8, 5, 9, 6, 13],58,7
2.5,177,[0.01324, 0.04679, 0.07406, 0.0769, 0.00737, 0.00152, 0.04655, 0.00358, 0.02074, 0.03053, 0.00391, 0.03114, 0.02377, 0.01107, 0.0248, 0.03208, 0.03357, 0.02205, 0.08351, 0.0108, 0.00057, 0.00052, 0.00084, 0.04596, 0.0037, 0.00871, 0.06702, 0.06992, 0.00624, 0.00217, 0.02599, 0.00647],[0.22959, 0.20273, 0.23683],[10, 10, 8],32,3
2.5,178,[0.00437, 0.02401, 0.04404, 0.01584, 0.00143, 0.02529, 0.08081, 0.00171, 0.05472, 0.00588, 0.01419, 0.02008, 0.01798, 0.00157, 0.00866, 0.02451, 0.03044],[0.20298],[13],17,1
2.5,179,[0.04826, 0.00831, 0.01191, 0.01218, 0.03307, 0.00221, 0.036, 0.01468, 0.09207, 0.03341, 0.04044, 0.04117, 0.04398, 0.02467],[0.23297],[10],14,1
2.5,180,[0.04881, 0.0734, 0.05305, 0.07506, 0.05392, 0.04806, 0.0023, 0.03109, 0.00391, 0.03114, 0.02377, 0.01107, 0.0248, 0.03208, 0.03357, 0.02205, 0.08351, 0.0108, 0.00057, 0.00052, 0.00084, 0.04596, 0.0037, 0.00871, 0.06702, 0.06992, 0.00624, 0.00217, 0.02599, 0.00647, 0.02207, 0.00123, 0.00369, 0.01668, 0.02009, 0.02942, 0.00783],[0.31363, 0.20273, 0.23683, 0.29562],[8, 10, 8, 5],37,4
2.5,181,[0.03913, 0.00251, 0.03058, 0.01079, 0.0185, 0.05468, 0.00135, 0.05193, 0.02179, 0.01451, 0.02788, 0.00391, 0.03114, 0.02377, 0.01107],[0.2408],[11],15,1
2.5,182,[0.02164, 0.00449, 0.01531, 0.01321, 0.02332, 0.0064, 0.02805, 0.05409, 0.01271, 0.04869, 0.00683, 0.06227, 0.02401, 0.00588, 0.05618, 0.00302, 0.01608, 0.05112, 0.00371, 0.02417, 0.00413, 0.00114, 0.06469, 0.04033, 0.06654, 0.06152, 0.00218, 0.03972, 0.06109, 0.00719, 0.02584, 0.01182, 0.06788, 0.00309, 0.02586, 0.01872, 0.00281, 0.05516, 0.04506, 0.00935, 0.01882, 0.0282, 0.025, 0.04325, 0.00192, 0.01392, 0.00636, 0.03051, 0.08685, 0.01705, 0.00251, 0.06624],[0.26012, 0.30247, 0.22306, 0.2401],[4, 15, 16, 5],52,4
2.5,183,[0.00115, 0.00079, 0.00167, 0.01187, 0.0526, 0.06644, 0.00182, 0.03288, 0.0502, 0.00796, 0.03161, 0.02736, 0.0285, 0.00316, 0.02375, 0.00391, 0.03114, 0.02377, 0.01107, 0.0248, 0.03208, 0.03357, 0.02205, 0.08351, 0.0108, 0.00057, 0.00052, 0.00084, 0.04596, 0.0037, 0.00871, 0.06702, 0.06992, 0.00624, 0.00217, 0.02599, 0.00647, 0.02207, 0.00123],[0.2467, 0.20273, 0.23683, 0.29562],[15, 10, 8, 5],39,4
2.5,184,[0.00314, 0.02787, 0.00386, 0.02234, 0.0806, 0.04451, 0.04373, 0.04009, 0.01224, 0.00157, 0.00866, 0.02451, 0.03044, 0.00372, 0.00198, 0.07509, 0.02779, 0.02054, 0.06877, 0.06838, 0.07974, 0.05812, 0.00262, 0.02448, 0.00084, 0.00293, 0.01596, 0.00152, 0.01264, 0.02417, 0.0441, 0.00193, 0.00097, 0.04409, 0.05619, 0.00948, 0.04371, 0.02094, 0.00657, 0.05717, 0.05482, 0.07744, 0.02775, 0.02332, 0.0064, 0.02805, 0.05409],[0.24108, 0.24371, 0.2093, 0.22089, 0.22765, 0.26006, 0.30247],[9, 8, 5, 1, 1, 5, 14],47,7
2.5,185,[0.05316, 0.04044, 0.07611, 0.07579, 0.00648, 0.02417, 0.0441, 0.00193, 0.00097, 0.04409, 0.05619, 0.00948, 0.04371, 0.02094, 0.00657, 0.05717, 0.05482, 0.07744, 0.02775, 0.00652, 0.02332, 0.0064, 0.02805, 0.05409, 0.01271, 0.04869, 0.00683, 0.06227, 0.02401, 0.00588, 0.05618, 0.00302, 0.01608, 0.05112, 0.00371, 0.01872, 0.00281, 0.05516, 0.04506, 0.00935, 0.01472, 0.01882, 0.0282, 0.025, 0.04325, 0.00192, 0.01392, 0.00636, 0.03051, 0.08685, 0.01705, 0.00251, 0.06624, 0.07537],[0.20691, 0.30247, 0.33788, 0.2401],[5, 15, 15, 6],54,4
2.5,186,[0.00068, 0.00591, 0.01247, 0.00159, 0.00226, 0.09667, 0.00252, 0.00517, 0.00267, 0.00157, 0.00866, 0.02451, 0.03044, 0.00372, 0.00198, 0.07509, 0.02779, 0.03614, 0.07172, 0.00648, 0.03689, 0.0118, 0.01061, 0.03727, 0.00684, 0.00458, 0.03463, 0.02562, 0.00305, 0.08523, 0.03457, 0.09149, 0.02594, 0.02845, 0.08507, 0.00123, 0.00369, 0.01668, 0.02009, 0.02942, 0.00783, 0.00614, 0.01093, 0.00371, 0.00624, 0.00217, 0.02599, 0.00647, 0.02207, 0.03184, 0.04596, 0.00528, 0.0625, 0.04435, 0.02342, 0.06676, 0.00391],[0.25888, 0.36115, 0.21586, 0.2132, 0.21022, 0.29562, 0.21101, 0.24268],[8, 1, 8, 12, 6, 9, 5, 7],57,8
2.5,187,[0.02048, 0.01471, 0.05022, 0.03187, 0.02916, 0.07383, 0.00677, 0.01553, 0.05646, 0.08507, 0.07563, 0.09809, 0.05924, 0.0674, 0.01073, 0.00814, 0.02758, 0.00084, 0.00293, 0.01596, 0.00152, 0.01264, 0.02448, 0.00262, 0.02054, 0.06877, 0.06838, 0.07974],[0.21067, 0.22765, 0.22089, 0.2093],[17, 5, 1, 1],28,4
2.5,188,[0.00658, 0.00093, 0.03216, 0.01557, 0.05808, 0.09094, 0.00347, 0.08279, 0.04044, 0.04117, 0.04398, 0.02467, 0.00748, 0.04308, 0.05963, 0.00391, 0.03114, 0.02377, 0.01107, 0.0248, 0.03208, 0.03357, 0.02205, 0.08351, 0.0108, 0.00057, 0.00052, 0.00084, 0.04596, 0.0037, 0.00871, 0.06992, 0.00752, 0.02089, 0.05269, 0.00271, 0.0721, 0.03401, 0.00332, 0.01046, 0.09948, 0.06137, 0.0629, 0.02612, 0.00378, 0.04014, 0.02058],[0.2033, 0.27371, 0.20273],[8, 7, 10],47,3
2.5,189,[0.00243, 0.01061, 0.0012, 0.04498, 0.03206, 0.02209, 0.05843, 0.01203, 0.05066, 0.00185, 0.03286, 0.08045, 0.05065, 0.00429, 0.00659],[],[],15,0
2.5,190,[0.00213, 0.01455, 0.00961, 0.09326, 0.01713, 0.02264, 0.01706, 0.01145, 0.0625, 0.02851, 0.03267, 0.05549, 0.07758, 0.00391, 0.03114, 0.02377, 0.01107, 0.0248, 0.03208, 0.03357, 0.02205, 0.08351, 0.0108, 0.00057, 0.00052, 0.00084, 0.0037, 0.00871, 0.06992, 0.00752, 0.02089, 0.05269, 0.00271, 0.0721, 0.03401, 0.00624, 0.00217, 0.02599, 0.00647, 0.02207, 0.05963, 0.04034],[0.22118, 0.26992, 0.20273, 0.23683],[7, 6, 10, 12],42,4
2.5,191,[0.00308, 0.01714, 0.02785, 0.02286, 0.00981, 0.05928, 0.03268, 0.0466, 0.02417, 0.00413, 0.00114, 0.06469, 0.04033, 0.06654, 0.06152, 0.00218, 0.03972, 0.06109, 0.00719, 0.02584, 0.01182, 0.06788, 0.00309],[0.21353],[8],23,1
2.5,192,[0.03015, 0.00089, 0.04136, 0.03863, 0.00755, 0.00985, 0.00564, 0.00756, 0.00829, 0.00226, 0.05662, 0.02041, 0.00368, 0.03984, 0.02481, 0.06342, 0.00206, 0.00229, 0.05841, 0.02837, 0.03135, 0.02071, 0.00391, 0.03114, 0.02377, 0.01107, 0.0248, 0.03208, 0.03357, 0.02205, 0.08351, 0.0108, 0.00057, 0.00052, 0.00084, 0.04596, 0.0037, 0.00871, 0.06702],[0.20156, 0.20969, 0.22117, 0.20273],[5, 6, 11, 10],39,4
2.5,193,[0.00518, 0.00876, 0.05126, 0.00915, 0.00421, 0.01288, 0.04416, 0.05136, 0.01971, 0.00624, 0.00217, 0.02599, 0.00647, 0.02207, 0.03184, 0.04596, 0.00528, 0.0625, 0.04435, 0.02342, 0.06676, 0.00391, 0.03114, 0.02377, 0.01107, 0.0248, 0.03208, 0.03357, 0.02205, 0.08351, 0.0108],[0.24449, 0.21101, 0.24268],[9, 5, 7],31,3
2.5,194,[0.00899, 0.03761, 0.08344, 0.00563, 0.00192, 0.00415, 0.00198, 0.06981, 0.0639, 0.00985, 0.00564, 0.00756, 0.00829, 0.00226, 0.05662, 0.00391, 0.03114, 0.02377, 0.01107, 0.0248, 0.03208, 0.03357, 0.02205, 0.08351, 0.0108, 0.00057, 0.00052, 0.00084, 0.04596, 0.0037, 0.00871, 0.06702, 0.06992, 0.00624, 0.00217, 0.02599, 0.00647, 0.02207, 0.00123, 0.00369, 0.01668, 0.02009, 0.02942, 0.00783, 0.00614, 0.01093],[0.20011, 0.21678, 0.2942, 0.20273, 0.23683, 0.29562],[5, 4, 6, 10, 8, 5],46,6
2.5,195,[0.00458, 0.00265, 0.0137, 0.01269, 0.04887, 0.03249, 0.07515, 0.01872, 0.00281, 0.05516, 0.04506, 0.00935, 0.02417, 0.00413, 0.00114, 0.06469, 0.04033, 0.06654, 0.06152, 0.00218, 0.03972, 0.06109, 0.00719, 0.02584, 0.01182, 0.06788, 0.00309, 0.02586, 0.00084, 0.00293, 0.01596, 0.00152, 0.01264, 0.02448, 0.00262],[0.23646, 0.22306, 0.28225, 0.22765, 0.22089],[7, 5, 16, 5, 1],35,5
2.5,196,[0.03338, 0.08668, 0.00165, 0.00418, 0.00217, 0.04044, 0.01878, 0.00461, 0.01704, 0.05675, 0.00211, 0.07436, 0.05657, 0.03548, 0.00391, 0.03114, 0.02377, 0.01107, 0.0248, 0.03208, 0.03357, 0.02205, 0.08351, 0.0108, 0.02041, 0.00368, 0.03984, 0.02481, 0.06342, 0.00206, 0.00229, 0.05841, 0.02837, 0.03135, 0.02071, 0.02556, 0.03731, 0.01141, 0.03486, 0.01579, 0.01984, 0.00192, 0.01368, 0.01408, 0.0368, 0.07121, 0.01003, 0.02345, 0.00153, 0.00466, 0.04185],[0.21476, 0.30309, 0.22117, 0.24117, 0.254],[3, 11, 10, 11, 12],51,5
2.5,197,[0.00181, 0.00842, 0.04147, 0.01069, 0.00391, 0.03114, 0.02377, 0.01107, 0.0248, 0.03208, 0.03357, 0.02205, 0.08351, 0.0108, 0.00057, 0.00052, 0.00084, 0.04596, 0.0037, 0.00871, 0.06702, 0.06992, 0.00624, 0.00217, 0.02599, 0.00647, 0.02207, 0.00123, 0.00369, 0.01668, 0.02009, 0.02942, 0.00783, 0.00614, 0.01093, 0.00371, 0.08523, 0.03457, 0.09149, 0.02594, 0.02845, 0.08507, 0.03614, 0.07172, 0.00648, 0.03689, 0.0118, 0.01061, 0.03727, 0.00684, 0.00458, 0.03463, 0.02562, 0.00305, 0.00333, 0.00157, 0.00866],[0.23015, 0.20273, 0.23683, 0.29562, 0.21022, 0.2132, 0.21586],[4, 10, 8, 5, 9, 6, 13],57,7
2.5,198,[0.00528, 0.00109, 0.00758, 0.07277, 0.00485, 0.00133, 0.03606, 0.07423, 0.02112, 0.08025, 0.03455, 0.04856, 0.01894, 0.05038, 0.03921, 0.02868, 0.01159, 0.00296, 0.00407, 0.00416, 0.04904],[0.20401],[18],21,1
2.5,199,[0.00475, 0.00554, 0.00422, 0.01411, 0.09505, 0.07134, 0.06955, 0.00267, 0.00157, 0.00866, 0.02451, 0.03044, 0.00372, 0.00198, 0.07509, 0.02779, 0.03614, 0.07172],[0.25406, 0.36115, 0.21586],[7, 1, 8],18,3

