2.5,0,[0.0009, 0.02512, 0.03625, 0.0033, 0.00119, 0.02133, 0.04555, 0.00927, 0.06662, 0.00169, 0.04119, 0.03083, 0.04102, 0.00101, 0.03594, 0.04914, 0.00182, 0.04962, 0.06136, 0.08272, 0.01563, 0.00609, 0.00177, 0.00877, 0.02119, 0.00094, 0.05964, 0.09111, 0.03525, 0.06493, 0.00259, 0.00296, 0.0408, 0.02301, 0.02688, 0.01237, 0.01284, 0.03052, 0.05317, 0.06338, 0.00857, 0.00966, 0.06642, 0.02103, 0.05671, 0.00729, 0.04053, 0.02152, 0.02712, 0.01726, 0.05608, 0.04831, 0.04916, 0.02531, 0.00437, 0.00221],[0.23788, 0.21342, 0.22012, 0.31549, 0.22624],[3, 9, 10, 13, 10],56,5
2.5,1,[0.02311, 0.03289, 0.07401, 0.0033, 0.00119, 0.02133, 0.04555, 0.00927, 0.06662, 0.00169, 0.04119, 0.03083, 0.04102, 0.00101, 0.03594, 0.04914, 0.00182, 0.04962, 0.06136, 0.08272, 0.01563, 0.00609, 0.00177, 0.00877, 0.02119, 0.00094, 0.05964, 0.09111, 0.03525, 0.06493, 0.00259, 0.00296, 0.0408, 0.02301, 0.02688, 0.01237, 0.01284, 0.03052, 0.05317, 0.06338, 0.00857, 0.00966, 0.06642, 0.02103, 0.05671, 0.00729, 0.04053, 0.02152, 0.02712, 0.01726, 0.05608, 0.04831, 0.04916, 0.02531, 0.00437, 0.00221],[0.2053, 0.21342, 0.22012, 0.31549, 0.22624],[3, 9, 10, 13, 10],56,5
2.5,2,[0.02967, 0.00279, 0.02054, 0.05097, 0.00911, 0.01458, 0.00525, 0.02402, 0.04891, 0.00919, 0.06049, 0.02546, 0.00098, 0.03345, 0.00772, 0.05607, 0.03994, 0.01954, 0.00722, 0.02912, 0.08265, 0.04233, 0.01245, 0.03373, 0.04902, 0.00989, 0.01696, 0.04726, 0.07507, 0.00199, 0.00294, 0.01377, 0.0038, 0.00147, 0.01337, 0.05232, 0.03355, 0.04014, 0.06964, 0.0682, 0.00317, 0.01273, 0.04322, 0.09202, 0.05903, 0.00243],[0.20007, 0.27269, 0.3093],[12, 17, 14],46,3
2.5,3,[0.01277, 0.00194, 0.00475, 0.09989, 0.00176, 0.00177, 0.00612, 0.04648, 0.00119, 0.00132, 0.01273, 0.04486, 0.02892, 0.0533, 0.04102, 0.00101, 0.03594, 0.04914, 0.00182, 0.04962, 0.06136, 0.08272, 0.01563, 0.00609, 0.00177, 0.00877, 0.02119, 0.00094, 0.05964, 0.09111, 0.03525, 0.06493, 0.00259, 0.00296, 0.0408, 0.02301, 0.02688, 0.03888, 0.04253, 0.00374, 0.07158, 0.02374, 0.00402, 0.01158, 0.03449, 0.00768, 0.00565, 0.04562, 0.0886, 0.0218],[0.20277, 0.21465, 0.22012, 0.28587],[6, 8, 10, 19],50,4
2.5,4,[0.0005, 0.00187, 0.02391, 0.04411, 0.00183, 0.01237, 0.01284, 0.03052, 0.05317, 0.06338, 0.00857, 0.00966, 0.06642, 0.02103, 0.05671, 0.04102, 0.00101, 0.03594, 0.04914, 0.00182, 0.04962, 0.06136, 0.08272, 0.01563, 0.00609, 0.00177, 0.00877, 0.02119, 0.00094, 0.05964, 0.09111, 0.03525, 0.06493, 0.00259, 0.00296, 0.0408, 0.02301, 0.02688, 0.0033, 0.00119, 0.02133, 0.04555, 0.00927, 0.06662, 0.00169, 0.04119, 0.03083, 0.00117, 0.00926, 0.04092],[0.22965, 0.28507, 0.22012, 0.33895, 0.2105],[5, 10, 10, 13, 9],50,5
2.5,5,[0.00042, 0.01117, 0.06707, 0.01427, 0.04329, 0.01303, 0.06706, 0.00308, 0.00328, 0.09346, 0.01004, 0.05669, 0.02149, 0.00131, 0.00626, 0.0018, 0.0839, 0.04798, 0.00333, 0.07648, 0.09041, 0.00098, 0.03345, 0.00772, 0.05607, 0.03994, 0.01954, 0.00722, 0.02912, 0.08265, 0.04233, 0.01245, 0.03373, 0.04902, 0.00989, 0.01696, 0.04726, 0.07507, 0.01144, 0.00174, 0.00565, 0.0345, 0.02316, 0.02126],[0.20889, 0.22868, 0.26266],[13, 8, 17],44,3
2.5,6,[0.04347, 0.02533, 0.02155, 0.03137, 0.0803, 0.00823, 0.06017, 0.00098, 0.03345, 0.00772, 0.05607, 0.03994, 0.01954, 0.00722, 0.02912, 0.08265, 0.04233, 0.01245, 0.03373, 0.04902, 0.00989, 0.01696, 0.04726, 0.07507, 0.00199, 0.00294, 0.01377, 0.0038, 0.00147, 0.01337, 0.05232, 0.03355, 0.04014, 0.06964, 0.0682, 0.00317, 0.01273, 0.04322, 0.09202, 0.05903, 0.00243, 0.00531, 0.00811, 0.05367],[0.21283, 0.27269, 0.3093],[7, 17, 14],44,3
2.5,7,[0.01904, 0.00888, 0.01321, 0.03547, 0.04046, 0.07066, 0.0316, 0.00412, 0.00829, 0.00628, 0.0217, 0.0839, 0.09202, 0.05903, 0.00243, 0.00531, 0.00811, 0.05367, 0.00914, 0.01518, 0.0015, 0.03767, 0.00403, 0.00704, 0.01649, 0.00976],[0.23633, 0.26336],[11, 8],26,2
2.5,8,[0.00168, 0.01942, 0.00528, 0.00342, 0.01346, 0.05418, 0.02634, 0.00521, 0.0258, 0.00591, 0.07719, 0.00373, 0.07102, 0.01518, 0.0015, 0.03767, 0.00403, 0.00704, 0.01649, 0.00976, 0.01683, 0.05679, 0.03129, 0.00318, 0.07527, 0.0839, 0.09202, 0.05903, 0.00243, 0.00531, 0.00811, 0.05367, 0.00914, 0.03182, 0.02957, 0.05607, 0.02716, 0.0255, 0.02294, 0.00688, 0.04659, 0.0251, 0.00199, 0.00294, 0.01377, 0.0038, 0.00147, 0.01337, 0.05232, 0.03355, 0.04014, 0.06964, 0.0682],[0.22932, 0.26336, 0.25265, 0.24145],[13, 12, 8, 9],53,4
2.5,9,[0.05102, 0.04145, 0.00177, 0.00877, 0.02119, 0.00094, 0.05964, 0.09111, 0.03525, 0.06493, 0.00259, 0.00296, 0.0408, 0.02301, 0.04102, 0.00101, 0.03594, 0.04914, 0.00182, 0.04962, 0.06136, 0.08272, 0.01563, 0.00609, 0.04984, 0.01509, 0.01013, 0.01066, 0.07015, 0.00315, 0.06002, 0.0033, 0.00119, 0.02133, 0.04555, 0.00927, 0.06662, 0.00169, 0.04119, 0.03083, 0.00117, 0.00926, 0.04092, 0.01498, 0.02201],[0.21361, 0.22012, 0.21342, 0.2105],[2, 12, 17, 9],45,4
2.5,10,[0.0095, 0.01832, 0.03775, 0.07994, 0.04515, 0.03557, 0.04668, 0.0018, 0.08178, 0.06638, 0.09824, 0.04429, 0.01026, 0.01191, 0.04102, 0.00101, 0.03594, 0.04914, 0.00182, 0.04962, 0.06136, 0.08272, 0.01563, 0.00609, 0.00177, 0.00877, 0.02119, 0.00094, 0.05964, 0.09111],[0.3432, 0.22012],[14, 10],30,2
2.5,11,[0.0188, 0.02598, 0.01424, 0.00098, 0.03345, 0.00772, 0.05607, 0.03994, 0.01954, 0.00722, 0.02912, 0.08265, 0.04233, 0.01245, 0.03373, 0.04902, 0.00989, 0.01696, 0.04726, 0.07507, 0.00131, 0.00626, 0.0018, 0.0839, 0.04798, 0.00333, 0.07648, 0.09041, 0.00199, 0.00294, 0.01377, 0.0038, 0.00147, 0.01337, 0.05232, 0.03355, 0.04014, 0.06964, 0.0682, 0.00317],[0.24679, 0.22868, 0.24474],[3, 17, 8],40,3
2.5,12,[0.00768, 0.00458, 0.0522, 0.00579, 0.01402, 0.00811, 0.04884, 0.01329, 0.01745, 0.00808, 0.05589, 0.04102, 0.00101, 0.03594, 0.04914, 0.00182, 0.04962, 0.06136, 0.08272, 0.01563, 0.00609, 0.00177, 0.00877, 0.02119, 0.00094, 0.05964, 0.09111, 0.03525, 0.06493, 0.00259, 0.00296, 0.0408, 0.02301, 0.02688, 0.01237, 0.01284, 0.03052, 0.05317, 0.06338, 0.00857, 0.00966, 0.06642, 0.02103, 0.05671, 0.00729, 0.04053, 0.02152, 0.02712, 0.01726, 0.05608, 0.04831, 0.04916, 0.02531, 0.00437, 0.00221],[0.20905, 0.22012, 0.31549, 0.22624],[11, 10, 13, 10],55,4
2.5,13,[0.00757, 0.02842, 0.03466, 0.02018, 0.00537, 0.04573, 0.04524, 0.04077, 0.05188, 0.03182, 0.02957, 0.05607, 0.02716, 0.0255, 0.02294, 0.00688, 0.04659, 0.0251, 0.0839, 0.09202, 0.05903, 0.00243, 0.00531, 0.00811, 0.05367, 0.00914, 0.01518, 0.0015, 0.03767, 0.00403, 0.00704, 0.01649, 0.00976, 0.01683, 0.05679, 0.03129, 0.00318, 0.07527, 0.00132, 0.00285, 0.04504, 0.00139, 0.00838, 0.02143, 0.03661, 0.00684, 0.01511, 0.02883],[0.22918, 0.25265, 0.26336, 0.25753],[9, 9, 8, 12],48,4
2.5,14,[0.00547, 0.0014, 0.01204, 0.04039, 0.00414, 0.01237, 0.01284, 0.03052, 0.05317, 0.06338, 0.00857, 0.00966, 0.06642, 0.02103, 0.05671, 0.04102, 0.00101, 0.03594, 0.04914, 0.00182, 0.04962, 0.06136, 0.08272, 0.01563, 0.00609, 0.00177, 0.00877, 0.02119, 0.00094, 0.05964, 0.09111, 0.03525, 0.06493, 0.00259, 0.00296, 0.0408, 0.02301, 0.02688, 0.0033, 0.00119, 0.02133, 0.04555, 0.00927, 0.06662, 0.00169, 0.04119, 0.03083, 0.00117, 0.00926, 0.04092],[0.30433, 0.28507, 0.22012, 0.33895, 0.2105],[5, 10, 10, 13, 9],50,5
2.5,15,[0.00957, 0.00068, 0.02951, 0.00303, 0.07596, 0.01234, 0.00771, 0.01872, 0.00322, 0.04555, 0.01322, 0.05272, 0.04009, 0.0057, 0.01554, 0.04868, 0.0927, 0.0189, 0.06584, 0.0079, 0.00792, 0.04102, 0.00101, 0.03594, 0.04914, 0.00182, 0.04962, 0.06136, 0.08272, 0.01563, 0.00609, 0.00177, 0.00877, 0.02119, 0.00094, 0.05964, 0.09111, 0.03525, 0.06493, 0.00259, 0.00296, 0.0408, 0.02301, 0.02688, 0.01237, 0.01284, 0.03052, 0.05317, 0.06338, 0.00857, 0.00966, 0.06642, 0.02103, 0.05671, 0.00729, 0.04053, 0.02152, 0.02712, 0.01726],[0.20085, 0.23115, 0.22012, 0.31549, 0.22624],[8, 13, 10, 13, 10],59,5
2.5,16,[0.00195, 0.0063, 0.00683, 0.00618, 0.01238, 0.02501, 0.00962, 0.06497, 0.09288, 0.0138, 0.07858, 0.01518, 0.0015, 0.03767, 0.00403, 0.00704, 0.01649, 0.00976, 0.01683, 0.05679, 0.03129, 0.00318, 0.07527, 0.0839, 0.09202, 0.05903, 0.00243, 0.00531, 0.00811, 0.05367, 0.00914, 0.03182, 0.02957, 0.05607, 0.02716, 0.0255, 0.02294, 0.00688, 0.04659, 0.0251, 0.00199, 0.00294, 0.01377, 0.0038, 0.00147, 0.01337, 0.05232, 0.03355, 0.04014, 0.06964, 0.0682],[0.23725, 0.26336, 0.25265, 0.24145],[11, 12, 8, 9],51,4
2.5,17,[0.01722, 0.00352, 0.07, 0.00371, 0.09763, 0.05555, 0.04103, 0.00259, 0.01161, 0.03182, 0.02957, 0.05607, 0.02716, 0.0255, 0.02294, 0.00688, 0.04659, 0.0251, 0.00199, 0.00294, 0.01377, 0.0038, 0.00147, 0.01337, 0.05232, 0.03355, 0.04014, 0.06964, 0.0682, 0.00317, 0.01273, 0.04322, 0.0162, 0.01249, 0.02633, 0.00727, 0.08147, 0.00323, 0.00161, 0.0147, 0.04846, 0.01021, 0.0136, 0.00724, 0.03765, 0.01225, 0.0021, 0.02564],[0.24141, 0.24145, 0.23386, 0.22174, 0.21821],[9, 9, 14, 4, 6],48,5
2.5,18,[0.00072, 0.04219, 0.02658, 0.00195, 0.00199, 0.01217, 0.04276, 0.08786, 0.05056, 0.01273, 0.01542, 0.09212, 0.04487, 0.02703, 0.00785, 0.0299, 0.00533, 0.03427, 0.00503, 0.01851, 0.02829, 0.00706, 0.00477, 0.04227, 0.00376, 0.0503, 0.00129, 0.02834, 0.08147, 0.02699, 0.02491, 0.04177, 0.0119, 0.00502, 0.0157, 0.00276, 0.08394, 0.08097, 0.02953, 0.01396, 0.00251, 0.0196, 0.00189, 0.04053, 0.02366, 0.01921, 0.02322],[0.22497, 0.21878, 0.23011],[15, 9, 16],47,3
2.5,19,[0.00694, 0.08185, 0.07617, 0.01724, 0.01708, 0.05624, 0.00209, 0.07922, 0.09855, 0.02456, 0.01392, 0.00296, 0.0062, 0.04006, 0.00688, 0.03851, 0.09111, 0.01412, 0.02319, 0.03551, 0.07619, 0.0515, 0.04477, 0.04774, 0.0721, 0.0027, 0.07984, 0.07498, 0.01903, 0.02604, 0.0033, 0.00119, 0.02133, 0.04555, 0.00927, 0.06662, 0.00169, 0.04119, 0.03083, 0.00117, 0.00926, 0.04092, 0.01498, 0.02201, 0.00958, 0.02262, 0.01519, 0.0458],[0.21271, 0.26298, 0.2105],[12, 18, 9],48,3
2.5,20,[0.00137, 0.00108, 0.00119, 0.03098, 0.00304, 0.04416, 0.02232, 0.00178, 0.00925, 0.06851, 0.04102, 0.00101, 0.03594, 0.04914, 0.00182, 0.04962, 0.06136, 0.08272, 0.01563, 0.00609, 0.00177, 0.00877, 0.02119, 0.00094, 0.05964, 0.09111, 0.03525, 0.06493, 0.00259, 0.00296, 0.0408, 0.02301, 0.02688],[0.29531, 0.22012],[10, 10],33,2
2.5,21,[0.01119, 0.02837, 0.01529, 0.01586, 0.0045, 0.00494, 0.01625, 0.00302, 0.0067, 0.0503, 0.00293, 0.01132, 0.02048, 0.03446, 0.0206, 0.03672, 0.0299, 0.00533, 0.03427, 0.00503, 0.01851, 0.02829, 0.00706, 0.00477, 0.04227, 0.00199, 0.00294, 0.01377, 0.0038, 0.00147, 0.01337, 0.05232, 0.03355, 0.04014],[0.21898, 0.23217, 0.34971],[8, 8, 9],34,3
2.5,22,[0.01305, 0.04685, 0.04508, 0.00342, 0.0614, 0.08445, 0.00721, 0.00866, 0.06943, 0.07313, 0.08307, 0.00901, 0.03073, 0.04978, 0.00199, 0.00294, 0.01377, 0.0038, 0.00147, 0.01337, 0.05232, 0.03355, 0.04014, 0.06964, 0.0682, 0.00317, 0.01273, 0.04322, 0.00098, 0.03345, 0.00772, 0.05607, 0.03994, 0.01954, 0.00722, 0.02912, 0.08265, 0.04233, 0.01245, 0.03373, 0.04902, 0.00989, 0.01696, 0.04726],[0.23877, 0.27269],[14, 14],44,2
2.5,23,[0.0304, 0.00251, 0.02749, 0.06543, 0.02189, 0.07533, 0.01035, 0.08676, 0.04102, 0.00148, 0.0768, 0.08901, 0.07978, 0.05826, 0.0153, 0.08291, 0.02593, 0.00177, 0.00877, 0.02119, 0.00094, 0.05964, 0.09111, 0.03525, 0.06493, 0.00259, 0.00296, 0.0408, 0.02301, 0.02688, 0.01237, 0.01284, 0.03052, 0.05317, 0.06338, 0.00857, 0.00966, 0.06642, 0.02103],[0.23944, 0.24264, 0.31549],[8, 9, 13],39,3
2.5,24,[0.0335, 0.05125, 0.03909, 0.02123, 0.04924, 0.00214, 0.02255, 0.03715, 0.04102, 0.00148, 0.0768, 0.08901, 0.07978, 0.05826, 0.0153, 0.08291, 0.02593, 0.00177, 0.00877, 0.02119, 0.00094, 0.05964, 0.09111, 0.03525, 0.06493, 0.00259, 0.00296, 0.0408],[0.23069, 0.24264],[8, 9],28,2
2.5,25,[0.02412, 0.0434, 0.01321, 0.00792, 0.01122, 0.02939, 0.01308, 0.014, 0.07444, 0.00322, 0.04555, 0.01322, 0.05272, 0.04009, 0.0057, 0.01554, 0.04868, 0.0927, 0.0189, 0.06584, 0.0079, 0.00792, 0.04102, 0.00101, 0.03594, 0.04914, 0.00182, 0.04962, 0.06136, 0.08272, 0.01563, 0.00609, 0.00177, 0.00877, 0.02119, 0.00094, 0.05964, 0.09111, 0.03525, 0.06493, 0.00259, 0.00296, 0.0408, 0.02301, 0.02688, 0.01237, 0.01284, 0.03052, 0.05317, 0.06338, 0.00857, 0.00966, 0.06642, 0.02103, 0.05671, 0.00729, 0.04053, 0.02152, 0.02712, 0.01726],[0.31821, 0.23115, 0.22012, 0.31549, 0.22624],[9, 13, 10, 13, 10],60,5
2.5,26,[0.00268, 0.01585, 0.00529, 0.01458, 0.01319, 0.06217, 0.00098, 0.01149, 0.05576, 0.0654, 0.03465, 0.00177, 0.00877, 0.02119, 0.00094, 0.05964, 0.09111, 0.03525, 0.06493, 0.00259, 0.00296, 0.0408, 0.02301, 0.04102, 0.00101, 0.03594, 0.04914, 0.00182, 0.04962, 0.06136, 0.08272, 0.01563, 0.00609, 0.04984, 0.01509, 0.01013, 0.01066, 0.07015, 0.00315, 0.06002, 0.0033, 0.00119, 0.02133, 0.04555, 0.00927, 0.06662, 0.00169, 0.04119, 0.03083, 0.00117, 0.00926, 0.04092, 0.01498],[0.21074, 0.28351, 0.22012, 0.21342, 0.2105],[6, 5, 12, 17, 9],53,5
2.5,27,[0.01355, 0.00402, 0.00848, 0.05261, 0.02004, 0.08143, 0.03589, 0.01518, 0.0015, 0.03767, 0.00403, 0.00704, 0.01649, 0.00976, 0.01683, 0.05679, 0.03129, 0.00318, 0.07527, 0.0839, 0.09202, 0.05903, 0.00243, 0.00531, 0.00811, 0.05367, 0.00914, 0.03182, 0.02957, 0.05607, 0.02716, 0.0255, 0.02294, 0.00688, 0.04659, 0.0251, 0.00199, 0.00294, 0.01377, 0.0038, 0.00147, 0.01337, 0.05232, 0.03355, 0.04014, 0.06964, 0.0682],[0.20241, 0.26336, 0.25265, 0.24145],[7, 12, 8, 9],47,4
2.5,28,[0.01276, 0.03011, 0.00297, 0.03299, 0.08064, 0.08147, 0.00323, 0.00161, 0.0147, 0.04846, 0.01021, 0.0162, 0.01249, 0.02633, 0.00727, 0.00199, 0.00294, 0.01377, 0.0038, 0.00147, 0.01337, 0.05232, 0.03355, 0.04014, 0.06964, 0.0682, 0.00317, 0.01273, 0.04322, 0.00098, 0.03345, 0.00772, 0.05607],[0.24217, 0.22174, 0.23386, 0.27269],[5, 6, 4, 14],33,4
2.5,29,[0.00298, 0.00337, 0.0341, 0.01653, 0.01191, 0.0561, 0.03465, 0.00322, 0.04555, 0.01322, 0.05272, 0.04009, 0.0057, 0.01554, 0.04868, 0.0927, 0.0189, 0.06584, 0.0079, 0.00792, 0.04102, 0.00101, 0.03594, 0.04914, 0.00182, 0.04962, 0.06136, 0.08272, 0.01563, 0.00609, 0.00177, 0.00877, 0.02119, 0.00094],[0.27331, 0.23115, 0.22012],[7, 13, 10],34,3
2.5,30,[0.04719, 0.00953, 0.04092, 0.0146, 0.09016, 0.00322, 0.04555, 0.01322, 0.05272, 0.04009, 0.0057, 0.01554, 0.04868, 0.0927, 0.0189, 0.06584, 0.0079, 0.00792, 0.04102, 0.00101, 0.03594, 0.04914, 0.00182, 0.04962, 0.06136, 0.08272, 0.01563, 0.00609, 0.00177, 0.00877, 0.02119, 0.00094, 0.05964, 0.09111, 0.03525, 0.06493, 0.00259, 0.00296, 0.0408, 0.02301, 0.02688, 0.01237, 0.01284, 0.03052, 0.05317, 0.06338, 0.00857],[0.43127, 0.23115, 0.22012, 0.31549],[5, 13, 10, 13],47,4
2.5,31,[0.01696, 0.03383, 0.0288, 0.00448, 0.0839, 0.09202, 0.05903, 0.00243, 0.00531, 0.00811, 0.05367, 0.00914, 0.03182, 0.02957, 0.05607, 0.02716, 0.0255, 0.02294, 0.00688, 0.04659, 0.0251, 0.00199, 0.00294, 0.01377, 0.0038, 0.00147, 0.01337, 0.05232, 0.03355, 0.04014, 0.06964, 0.0682, 0.00317, 0.01273, 0.04322, 0.0162, 0.01249, 0.02633, 0.00727, 0.08147, 0.00323, 0.00161, 0.0147, 0.04846, 0.01021, 0.0136, 0.00724, 0.03765, 0.01225, 0.0021, 0.02564],[0.24576, 0.25265, 0.24145, 0.23386, 0.22174, 0.21821],[4, 8, 9, 14, 4, 6],51,6
2.5,32,[0.03597, 0.05288, 0.00338, 0.0299, 0.00533, 0.03427, 0.00503, 0.01851, 0.02829, 0.00706, 0.00477, 0.04227, 0.00376, 0.0503, 0.00129, 0.02834, 0.08147, 0.02699, 0.02491, 0.04177, 0.0119, 0.00502, 0.0157, 0.00276, 0.08394, 0.08097, 0.02953, 0.01396, 0.00251, 0.0196, 0.00189, 0.04053, 0.02366, 0.01921, 0.02322],[0.23919, 0.21878, 0.23011],[3, 9, 16],35,3
2.5,33,[0.00662, 0.00245, 0.00506, 0.00152, 0.04768, 0.04402, 0.01508, 0.00672, 0.01644, 0.01, 0.04904, 0.01116, 0.02056, 0.02124, 0.04102, 0.00101, 0.03594, 0.04914, 0.00182, 0.04962, 0.06136, 0.08272, 0.01563, 0.00609, 0.00177, 0.00877, 0.02119, 0.00094, 0.05964, 0.09111, 0.03525, 0.06493, 0.00259, 0.00296, 0.0408, 0.02301, 0.02688, 0.01237, 0.01284, 0.03052, 0.05317, 0.06338, 0.00857, 0.00966, 0.06642, 0.02103, 0.05671, 0.00729, 0.04053, 0.02152, 0.02712, 0.01726, 0.05608, 0.04831, 0.04916, 0.02531, 0.00437, 0.00221],[0.21078, 0.22012, 0.31549, 0.22624],[14, 10, 13, 10],58,4
2.5,34,[0.02664, 0.03777, 0.00136, 0.01793, 0.00429, 0.03007, 0.01239, 0.01044, 0.02501, 0.0056],[],[],10,0
2.5,35,[0.01927, 0.02637, 0.01839, 0.02324, 0.01503, 0.04829, 0.00387, 0.01771, 0.0763, 0.05032],[],[],10,0
2.5,36,[0.05622, 0.0575, 0.03815, 0.01517, 0.0096, 0.04648, 0.03057, 0.09847, 0.04009, 0.07925, 0.01158, 0.05317, 0.03449, 0.00768, 0.00565, 0.04562, 0.04102, 0.00101, 0.03594, 0.04914, 0.00182, 0.04962, 0.06136, 0.01563, 0.00609, 0.04984, 0.01509, 0.01013, 0.01066, 0.07015, 0.00315, 0.06002, 0.0033, 0.00119],[0.20368, 0.23277, 0.21342],[10, 6, 16],34,3
2.5,37,[0.00577, 0.02322, 0.06323, 0.03719, 0.0321, 0.07766, 0.01846, 0.03114, 0.04627, 0.00268, 0.05743, 0.00325],[0.21238],[11],12,1
2.5,38,[0.01801, 0.0637, 0.04361, 0.01198, 0.08729, 0.01089, 0.0162, 0.01249, 0.02633, 0.00727, 0.00199, 0.00294, 0.01377, 0.0038, 0.00147, 0.01337, 0.05232, 0.03355, 0.04014, 0.06964, 0.0682, 0.00317, 0.01273, 0.04322, 0.00098, 0.03345, 0.00772, 0.05607, 0.03994, 0.01954, 0.00722, 0.02912, 0.08265, 0.04233, 0.01245, 0.03373, 0.04902, 0.00989, 0.01696, 0.04726, 0.07507, 0.00131, 0.00626, 0.0018, 0.0839, 0.04798, 0.00333, 0.07648, 0.09041, 0.00132, 0.00285, 0.04504, 0.00139, 0.00838],[0.23867, 0.23386, 0.27269, 0.22868, 0.2227],[6, 4, 14, 17, 8],54,5
2.5,39,[0.00348, 0.06058, 0.01236, 0.06212, 0.06986, 0.0164, 0.03324, 0.06573, 0.01029, 0.04102, 0.00101, 0.03594, 0.04914, 0.00182, 0.04962, 0.06136, 0.08272, 0.01563, 0.00609, 0.00177, 0.00877, 0.02119, 0.00094, 0.05964, 0.09111, 0.03525, 0.06493, 0.00259, 0.00296, 0.0408, 0.02301, 0.02688, 0.01237, 0.01284, 0.03052, 0.05317, 0.06338, 0.00857, 0.00966, 0.06642, 0.02103, 0.05671, 0.00729, 0.04053, 0.02152, 0.02712, 0.01726, 0.05608, 0.04831, 0.04916, 0.02531, 0.00437, 0.00221],[0.21602, 0.22012, 0.31549, 0.22624],[9, 10, 13, 10],53,4
2.5,40,[0.03984, 0.04163, 0.06875, 0.00437, 0.01055, 0.03217, 0.02711, 0.05279, 0.01079, 0.04956, 0.0162, 0.01249, 0.02633, 0.00727, 0.00199, 0.00294, 0.01377, 0.0038, 0.00147, 0.01337, 0.05232, 0.03355, 0.04014, 0.06964, 0.0682, 0.00317, 0.01273, 0.04322, 0.00098, 0.03345, 0.00772, 0.05607, 0.03994, 0.01954, 0.00722, 0.02912, 0.08265, 0.04233, 0.01245],[0.25714, 0.23386, 0.27269],[10, 4, 14],39,3
2.5,41,[0.00234, 0.05164, 0.00244, 0.08147, 0.00323, 0.00161, 0.0147, 0.04846, 0.01021, 0.0162, 0.01249, 0.02633, 0.00727, 0.00199, 0.00294, 0.01377, 0.0038, 0.00147, 0.01337, 0.05232, 0.03355, 0.04014, 0.06964, 0.0682, 0.00317, 0.01273, 0.04322, 0.00098, 0.03345, 0.00772, 0.05607, 0.03994, 0.01954, 0.00722, 0.02912, 0.08265, 0.04233, 0.01245, 0.03373, 0.04902, 0.00989, 0.01696, 0.04726, 0.07507, 0.00131, 0.00626, 0.0018, 0.0839, 0.04798, 0.00333, 0.07648, 0.09041, 0.00132, 0.00285, 0.04504, 0.00139, 0.00838],[0.20103, 0.22174, 0.23386, 0.27269, 0.22868, 0.2227],[3, 6, 4, 14, 17, 8],57,6
2.5,42,[0.03796, 0.00915, 0.05438, 0.03494, 0.00181, 0.0243, 0.00852, 0.06881, 0.04102, 0.00148, 0.0768, 0.08901, 0.07978, 0.05826, 0.0153, 0.08291, 0.02593, 0.00177, 0.00877, 0.02119, 0.00094, 0.05964, 0.09111, 0.03525, 0.06493, 0.00259, 0.00296, 0.0408, 0.02301, 0.02688, 0.01237, 0.01284, 0.03052, 0.05317, 0.06338, 0.00857, 0.00966, 0.06642, 0.02103, 0.05671, 0.0192, 0.02303, 0.03373, 0.03164, 0.00695, 0.02506, 0.00261],[0.21938, 0.24264, 0.31549, 0.23946],[8, 9, 13, 10],47,4
2.5,43,[0.00872, 0.04575, 0.04707, 0.00821, 0.08253, 0.01088, 0.00098, 0.03345, 0.00772, 0.05607, 0.03994, 0.01954, 0.00722, 0.02912, 0.08265, 0.04233, 0.01245, 0.03373, 0.04902, 0.00989, 0.01696, 0.04726, 0.07507, 0.00199, 0.00294, 0.01377, 0.0038, 0.00147, 0.01337, 0.05232, 0.03355, 0.04014, 0.06964, 0.0682, 0.00317, 0.01273, 0.04322, 0.05903, 0.00243, 0.00531, 0.00811, 0.05367, 0.00914],[0.21749, 0.27269, 0.3093],[6, 17, 14],43,3
2.5,44,[0.01627, 0.00504, 0.03782, 0.07597, 0.0504, 0.08958, 0.01707, 0.01142, 0.00898, 0.0368, 0.01002, 0.00745, 0.09038, 0.0839, 0.09202, 0.05903, 0.00243, 0.00531, 0.00811, 0.05367],[0.23048],[13],20,1
2.5,45,[0.04119, 0.06399, 0.07901, 0.05169, 0.07086, 0.05596, 0.0091, 0.01636, 0.01984, 0.01687, 0.0718, 0.05939, 0.02484, 0.0923, 0.00359, 0.01083, 0.00729, 0.00366, 0.00785, 0.00395, 0.00406, 0.03351, 0.09352, 0.06093, 0.0264, 0.00736, 0.01671, 0.0123, 0.07317, 0.01387, 0.00402, 0.06872, 0.04102, 0.00148, 0.0768, 0.08901, 0.07978],[0.21849, 0.24761],[25, 7],37,2
2.5,46,[0.04803, 0.00282, 0.0192, 0.00171, 0.0062, 0.04006, 0.00688, 0.03851, 0.09111, 0.01412, 0.02319, 0.03551, 0.07619, 0.0515, 0.0033, 0.00119, 0.02133, 0.04555, 0.00927, 0.06662, 0.00169, 0.04119, 0.03083, 0.04102, 0.00101, 0.03594, 0.04914, 0.00182, 0.04962, 0.06136, 0.01563, 0.00609, 0.04984, 0.01509, 0.01013, 0.01066, 0.07015, 0.00315, 0.06002, 0.00612, 0.04648, 0.00119, 0.00132, 0.01273, 0.04486, 0.02892, 0.0533, 0.00251, 0.0196, 0.00189, 0.04053, 0.02366, 0.01921],[0.21395, 0.26298, 0.21342, 0.21465, 0.21275, 0.21448],[4, 10, 9, 16, 8, 0],53,6
2.5,47,[0.00946, 0.0107, 0.0155, 0.00156, 0.06349, 0.00131, 0.00626, 0.0018, 0.0839, 0.04798, 0.00333, 0.07648, 0.09041, 0.00098, 0.03345, 0.00772, 0.05607, 0.03994, 0.01954, 0.00722, 0.02912, 0.08265, 0.04233, 0.01245, 0.03373, 0.04902, 0.00989, 0.01696, 0.04726, 0.07507, 0.00199, 0.00294, 0.01377, 0.0038, 0.00147, 0.01337, 0.05232, 0.03355, 0.04014, 0.06964, 0.0682, 0.00317, 0.01273, 0.04322, 0.0162, 0.01249, 0.02633, 0.00727],[0.20717, 0.22868, 0.27269, 0.23386, 0.22174],[5, 8, 17, 14, 4],48,5
2.5,48,[0.00913, 0.00054, 0.0068, 0.00076, 0.04885, 0.00332, 0.02832, 0.0013, 0.04818, 0.00145, 0.03021, 0.04568, 0.00177, 0.06132, 0.0131, 0.07523, 0.03454, 0.03774, 0.02857],[],[],19,0
2.5,49,[0.00099, 0.05754, 0.00162, 0.00182, 0.0128, 0.08147, 0.00323, 0.00161, 0.0147, 0.04846, 0.01021, 0.0162, 0.01249, 0.02633, 0.00727, 0.00199, 0.00294, 0.01377, 0.0038, 0.00147, 0.01337, 0.05232, 0.03355, 0.04014, 0.06964, 0.0682, 0.00317, 0.01273, 0.04322, 0.00098, 0.03345, 0.00772, 0.05607, 0.03994, 0.01954, 0.00722, 0.02912, 0.08265, 0.04233, 0.01245, 0.03373, 0.04902, 0.00989, 0.01696, 0.04726, 0.07507, 0.00131, 0.00626, 0.0018, 0.0839, 0.04798, 0.00333, 0.07648, 0.09041, 0.00132, 0.00285, 0.04504, 0.00139, 0.00838],[0.24108, 0.22174, 0.23386, 0.27269, 0.22868, 0.2227],[5, 6, 4, 14, 17, 8],59,6
2.5,50,[0.00169, 0.00091, 0.00334, 0.01998, 0.04671, 0.0109, 0.06741, 0.03971, 0.00484, 0.03036, 0.04102, 0.00101, 0.03594, 0.04914, 0.00182, 0.04962, 0.06136, 0.08272, 0.01563, 0.00609, 0.00177, 0.00877, 0.02119, 0.00094, 0.05964, 0.09111, 0.03525, 0.06493, 0.00259, 0.00296, 0.0408, 0.02301, 0.02688, 0.01237, 0.01284, 0.03052, 0.05317, 0.06338, 0.00857, 0.00966, 0.06642, 0.02103, 0.05671, 0.00729, 0.04053, 0.02152, 0.02712, 0.01726, 0.05608, 0.04831, 0.04916, 0.02531, 0.00437, 0.00221],[0.21189, 0.22012, 0.31549, 0.22624],[10, 10, 13, 10],54,4
2.5,51,[0.00844, 0.00201, 0.04009, 0.00546, 0.03784, 0.0254, 0.00131, 0.00626, 0.0018, 0.0839, 0.04798, 0.00333, 0.07648, 0.09041, 0.00098, 0.03345, 0.00772, 0.05607, 0.03994, 0.01954, 0.00722, 0.02912, 0.08265, 0.04233, 0.01245, 0.03373, 0.04902, 0.00989, 0.01696, 0.04726, 0.07507, 0.00199],[0.2213, 0.22868, 0.27269],[6, 8, 17],32,3
2.5,52,[0.02308, 0.0126, 0.0262, 0.02212, 0.00741, 0.02534, 0.08373, 0.02722, 0.04355, 0.00199, 0.00294, 0.01377, 0.0038, 0.00147, 0.01337, 0.05232, 0.03355, 0.04014, 0.06964, 0.0682, 0.00317, 0.01273, 0.04322, 0.00098, 0.03345, 0.00772, 0.05607, 0.03994, 0.01954, 0.00722, 0.02912, 0.08265, 0.04233, 0.01245, 0.03373, 0.04902, 0.00989, 0.01696, 0.04726, 0.07507, 0.00131, 0.00626, 0.0018, 0.0839, 0.04798, 0.00333, 0.07648, 0.09041],[0.21665, 0.27269, 0.22868, 0.2227],[9, 14, 17, 8],48,4
2.5,53,[0.00331, 0.06397, 0.04396, 0.01439, 0.05006, 0.00786, 0.04929, 0.07799, 0.01487, 0.04159, 0.03684, 0.01694, 0.01861, 0.03274, 0.04292, 0.00131, 0.00626, 0.0018, 0.0839, 0.04798, 0.00333, 0.07648, 0.09041],[0.22006, 0.24474],[15, 8],23,2
2.5,54,[0.0042, 0.00166, 0.09213, 0.00141, 0.08923, 0.04824, 0.00192, 0.01429, 0.00236, 0.02672, 0.08246, 0.0062, 0.04006, 0.00688, 0.03851, 0.09111, 0.01412, 0.02319, 0.03551, 0.07619, 0.0515, 0.04477, 0.04774, 0.0721, 0.0027, 0.07984, 0.07498, 0.01903, 0.02604, 0.0033, 0.00119, 0.02133, 0.04555, 0.00927, 0.06662, 0.00169, 0.04119, 0.03083, 0.00117, 0.00926, 0.04092, 0.01498, 0.02201, 0.00958, 0.02262, 0.01519, 0.0458],[0.22272, 0.26298, 0.2105],[11, 18, 9],47,3
2.5,55,[0.0191, 0.08309, 0.0496, 0.01304, 0.02662, 0.0098, 0.01158, 0.05317, 0.03449, 0.00768, 0.00565, 0.04562, 0.04102, 0.00101, 0.03594, 0.04914, 0.00182, 0.04962, 0.06136, 0.08272, 0.01563, 0.00609, 0.00177, 0.00877, 0.02119, 0.00094, 0.05964, 0.09111, 0.03525, 0.06493],[0.20088, 0.23277, 0.22012],[6, 6, 10],30,3
2.5,56,[0.00998, 0.00064, 0.04155, 0.00172, 0.00663, 0.07567, 0.00131, 0.00626, 0.0018, 0.0839, 0.04798, 0.00333, 0.07648, 0.09041, 0.00098, 0.03345, 0.00772, 0.05607, 0.03994, 0.01954, 0.00722, 0.02912, 0.08265, 0.04233, 0.01245, 0.03373, 0.04902, 0.00989, 0.01696, 0.04726, 0.07507, 0.00199, 0.00294, 0.01377, 0.0038, 0.00147, 0.01337, 0.05232, 0.03355, 0.04014, 0.06964, 0.0682, 0.00317, 0.01273, 0.04322, 0.0162],[0.24676, 0.22868, 0.27269, 0.23386],[6, 8, 17, 14],46,4
2.5,57,[0.00076, 0.00673, 0.00226, 0.07677, 0.03629, 0.0159, 0.09532, 0.0318, 0.01146, 0.04102, 0.00148, 0.0768, 0.08901, 0.07978, 0.05826, 0.0153, 0.08291, 0.02593, 0.00612, 0.04648, 0.00119, 0.00132, 0.01273, 0.04486, 0.02892, 0.0533, 0.00755, 0.04343, 0.05131, 0.05109, 0.0341, 0.06242, 0.05815, 0.0033, 0.00119, 0.02133, 0.04555],[0.22569, 0.25523, 0.20032, 0.28032],[9, 9, 8, 7],37,4
2.5,58,[0.00414, 0.02736, 0.0253, 0.03001, 0.007, 0.02766, 0.03427, 0.00271, 0.01092, 0.00824, 0.00094, 0.01915, 0.00973, 0.00299, 0.00503, 0.0617, 0.00863, 0.05039, 0.03235, 0.01858, 0.02137, 0.00322, 0.04555, 0.01322, 0.05272, 0.04009, 0.0057, 0.01554, 0.04868, 0.0927],[0.24887, 0.296],[10, 11],30,2
2.5,59,[0.00258, 0.01759, 0.01606, 0.06558, 0.04924, 0.00753, 0.01525, 0.00221, 0.0291, 0.00098, 0.03345, 0.00772, 0.05607, 0.03994, 0.01954, 0.00722, 0.02912, 0.08265, 0.04233, 0.01245, 0.03373, 0.04902, 0.00989, 0.01696, 0.04726, 0.07507, 0.00131, 0.00626, 0.0018, 0.0839, 0.04798, 0.00333, 0.07648, 0.09041, 0.00199, 0.00294, 0.01377, 0.0038, 0.00147, 0.01337, 0.05232, 0.03355, 0.04014, 0.06964, 0.0682, 0.00317],[0.28621, 0.22868, 0.24474],[9, 17, 8],46,3
2.5,60,[0.00119, 0.00725, 0.00248, 0.01011, 0.00138, 0.00416, 0.02862, 0.00809, 0.01498, 0.01713, 0.01781, 0.03554, 0.07723, 0.01313, 0.00264, 0.05615, 0.0308, 0.01999, 0.0748, 0.0495],[],[],20,0
2.5,61,[0.01501, 0.03642, 0.02849, 0.00356, 0.00181, 0.04007, 0.00208, 0.0523, 0.08979, 0.01925, 0.0839, 0.09202, 0.05903, 0.00243, 0.00531, 0.00811, 0.05367, 0.00914, 0.03182, 0.02957, 0.05607, 0.02716, 0.0255, 0.02294, 0.00688, 0.04659, 0.0251, 0.00199, 0.00294, 0.01377, 0.0038, 0.00147, 0.01337, 0.05232, 0.03355, 0.04014, 0.06964, 0.0682, 0.00317, 0.01273, 0.04322, 0.0162, 0.01249, 0.02633, 0.00727, 0.08147, 0.00323, 0.00161, 0.0147, 0.04846, 0.01021, 0.0136],[0.22057, 0.25265, 0.24145, 0.23386, 0.22174, 0.21821],[10, 8, 9, 14, 4, 6],52,6
2.5,62,[0.00176, 0.05358, 0.01707, 0.01184, 0.05402, 0.06466, 0.00279, 0.00866, 0.04571, 0.02514, 0.0135, 0.05087, 0.00195, 0.00736, 0.01671, 0.0123, 0.07317, 0.01387, 0.00402, 0.06872, 0.04102, 0.00148, 0.0768, 0.08901, 0.07978, 0.05826, 0.0153, 0.08291, 0.02593, 0.00177, 0.00877, 0.02119, 0.00094, 0.05964, 0.09111, 0.03525, 0.06493, 0.00259, 0.00296, 0.0408, 0.02301, 0.02688, 0.01237, 0.01284, 0.03052, 0.05317, 0.06338],[0.24881, 0.22724, 0.24761, 0.24264, 0.31549],[7, 6, 7, 9, 13],47,5
2.5,63,[0.01045, 0.00649, 0.01772, 0.0034, 0.01095, 0.02663, 0.08147, 0.00323, 0.00161, 0.0147, 0.04846, 0.01021, 0.00199, 0.00294, 0.01377, 0.0038, 0.00147, 0.01337, 0.05232, 0.03355, 0.04014, 0.06964, 0.0682, 0.00317, 0.01273, 0.04322, 0.00098, 0.03345, 0.00772, 0.05607, 0.03994, 0.01954, 0.00722, 0.02912, 0.08265, 0.04233, 0.01245, 0.03373, 0.04902, 0.00989, 0.01696, 0.04726, 0.07507, 0.00131, 0.00626, 0.0018, 0.0839, 0.04798, 0.00333, 0.07648, 0.09041, 0.00132, 0.00285, 0.04504],[0.21467, 0.37873, 0.27269, 0.22868, 0.2227],[6, 6, 14, 17, 8],54,5
2.5,64,[0.04744, 0.09459, 0.01828, 0.00925, 0.06405, 0.06963, 0.06295, 0.00222, 0.04599, 0.00199, 0.00294, 0.01377, 0.0038, 0.00147, 0.01337, 0.05232, 0.03355, 0.04014, 0.06964, 0.0682, 0.00317, 0.01273, 0.04322, 0.03182, 0.02957, 0.02716, 0.0255, 0.02294, 0.00688, 0.04659, 0.0251, 0.0839, 0.09202, 0.05903, 0.00243, 0.00531, 0.00811, 0.05367, 0.00914, 0.01518, 0.0015, 0.03767, 0.00403, 0.00704, 0.01649, 0.00976, 0.01683, 0.05679, 0.03129, 0.00318, 0.07527],[0.24119, 0.24145, 0.25265, 0.26336, 0.25753],[9, 14, 8, 8, 12],51,5
2.5,65,[0.01387, 0.01548, 0.00558, 0.0025, 0.02314, 0.02979, 0.06681, 0.06565, 0.00962, 0.06382, 0.09233, 0.01862, 0.04102, 0.00101, 0.03594, 0.04914, 0.00182, 0.04962, 0.06136, 0.08272, 0.01563, 0.00609, 0.00177, 0.00877, 0.02119, 0.00094, 0.05964, 0.09111, 0.03525, 0.06493, 0.00259, 0.00296, 0.0408, 0.02301, 0.02688, 0.0033, 0.00119, 0.02133, 0.04555, 0.00927, 0.06662, 0.00169, 0.04119, 0.03083],[0.29804, 0.22012, 0.33895, 0.2105],[12, 10, 13, 9],44,4
2.5,66,[0.00094, 0.09101, 0.008, 0.09275, 0.04102, 0.00101, 0.03594, 0.04914, 0.00182, 0.04962, 0.06136, 0.08272, 0.01563, 0.00609, 0.0033, 0.00119, 0.02133, 0.04555, 0.00927, 0.06662, 0.00169, 0.04119, 0.03083, 0.0062, 0.04006, 0.00688, 0.03851, 0.01412, 0.02319, 0.03551, 0.0515, 0.04477, 0.04774, 0.0027, 0.07984, 0.07498, 0.01903, 0.02604, 0.01158, 0.05317, 0.03449, 0.00768, 0.00565, 0.04562, 0.00729, 0.04053, 0.02152, 0.02712, 0.01726, 0.05608, 0.04831, 0.04916, 0.02531, 0.00437, 0.00221],[0.25256, 0.21342, 0.26298, 0.25565, 0.22217],[4, 10, 9, 15, 6],55,5
2.5,67,[0.01195, 0.02231, 0.01087, 0.0601, 0.06065, 0.00574, 0.06042, 0.00143, 0.0019, 0.02137, 0.02414, 0.09566, 0.04102, 0.00148, 0.0768, 0.08901, 0.07978, 0.05826, 0.0153, 0.08291, 0.02593, 0.01683],[0.20107],[12],22,1
2.5,68,[0.01657, 0.01156, 0.00121, 0.01376, 0.09638, 0.0062, 0.04006, 0.00688, 0.03851, 0.09111, 0.01412, 0.02319, 0.03551, 0.07619, 0.0515, 0.0033, 0.00119, 0.02133, 0.04555, 0.00927, 0.06662, 0.00169, 0.04119, 0.03083, 0.00101, 0.03594, 0.04914, 0.00182, 0.04962, 0.06136, 0.01563, 0.00609, 0.04984, 0.01509, 0.01013, 0.01066, 0.07015, 0.00315, 0.06002, 0.00612, 0.04648, 0.00119, 0.00132, 0.01273, 0.04486, 0.02892, 0.0533, 0.00251, 0.0196, 0.00189, 0.04053, 0.02366, 0.01921, 0.02322],[0.2479, 0.26298, 0.21342, 0.21465, 0.21275, 0.21448],[5, 10, 9, 15, 8, 0],54,6
2.5,69,[0.01516, 0.00704, 0.01387, 0.02776, 0.01382, 0.03216, 0.07303, 0.01527, 0.07452, 0.08265, 0.02208, 0.04119, 0.02815, 0.00211, 0.08506, 0.01144, 0.09202, 0.00174, 0.00565, 0.0345, 0.09266, 0.02316, 0.02126, 0.08214, 0.05836],[0.24246, 0.26571],[9, 6],25,2
2.5,70,[0.02719, 0.01169, 0.08787, 0.02044, 0.08285, 0.0238, 0.01827, 0.00918, 0.00311, 0.03945, 0.0033, 0.00119, 0.02133, 0.04555, 0.00927, 0.06662, 0.00169, 0.04119, 0.03083, 0.04102, 0.00101, 0.03594, 0.04914, 0.00182, 0.04962, 0.06136, 0.08272, 0.01563, 0.00609, 0.00177, 0.00877, 0.02119, 0.00094, 0.05964, 0.09111, 0.03525, 0.06493, 0.00259, 0.00296, 0.0408, 0.02301, 0.02688, 0.01237, 0.01284, 0.03052, 0.05317, 0.06338, 0.00857],[0.20601, 0.21342, 0.22012, 0.31549],[10, 9, 10, 13],48,4
2.5,71,[0.00037, 0.03361, 0.0057, 0.03814, 0.01538, 0.07869, 0.09826, 0.0461, 0.01965, 0.06921, 0.04041, 0.04333, 0.02179, 0.02087],[],[],14,0
2.5,72,[0.00622, 0.01567, 0.05683, 0.05199, 0.00452, 0.07537, 0.00866, 0.04571, 0.02514, 0.0135, 0.05087, 0.00195, 0.00736, 0.01671, 0.0123, 0.07317, 0.01387, 0.00402, 0.06872, 0.04102, 0.00148, 0.0768, 0.08901, 0.07978, 0.05826, 0.0153, 0.08291, 0.02593, 0.00177, 0.00877, 0.02119, 0.00094, 0.05964, 0.09111, 0.03525, 0.06493, 0.00259, 0.00296, 0.0408, 0.02301, 0.02688, 0.01237, 0.01284, 0.03052, 0.05317, 0.06338],[0.26168, 0.22724, 0.24761, 0.24264, 0.31549],[6, 6, 7, 9, 13],46,5
2.5,73,[0.00142, 0.00048, 0.05487, 0.00213, 0.05724, 0.00169, 0.05494, 0.08631, 0.01304, 0.05244, 0.04102, 0.00101, 0.03594, 0.04914, 0.00182, 0.04962, 0.06136, 0.08272, 0.01563, 0.00609, 0.00177, 0.00877, 0.02119, 0.00094, 0.05964, 0.09111, 0.03525, 0.06493, 0.00259, 0.00296, 0.0408, 0.02301, 0.02688, 0.01158, 0.03449, 0.00768, 0.00565, 0.04562, 0.00729, 0.04053, 0.02152, 0.02712, 0.01726, 0.05608, 0.04831, 0.04916, 0.02531, 0.00437, 0.00221],[0.33673, 0.22012, 0.28587, 0.22217],[10, 10, 13, 5],49,4
2.5,74,[0.00972, 0.01256, 0.01493, 0.04664, 0.00196, 0.01427, 0.00905, 0.0025, 0.05403, 0.00314, 0.0033],[0.22641],[10],11,1
2.5,75,[0.00343, 0.00513, 0.04506, 0.0162, 0.01249, 0.02633, 0.00727, 0.00199, 0.00294, 0.01377, 0.0038, 0.00147, 0.01337, 0.05232, 0.03355, 0.04014, 0.06964, 0.0682, 0.00317, 0.01273, 0.04322, 0.00098, 0.03345, 0.00772, 0.05607, 0.03994, 0.01954, 0.00722, 0.02912, 0.08265, 0.04233, 0.01245, 0.03373, 0.04902, 0.00989, 0.01696, 0.04726, 0.07507, 0.00366, 0.00131, 0.00626, 0.0018, 0.0839, 0.04798, 0.00333, 0.07648, 0.09041, 0.00132, 0.00285, 0.04504, 0.00139],[0.23082, 0.23386, 0.27269, 0.22868, 0.2227],[3, 4, 14, 18, 8],51,5
2.5,76,[0.00132, 0.01596, 0.04834, 0.01411, 0.00177, 0.00877, 0.02119, 0.00094, 0.05964, 0.09111, 0.03525, 0.06493, 0.00259, 0.00296, 0.0408, 0.02301, 0.04102, 0.00101, 0.03594, 0.04914, 0.00182, 0.04962, 0.06136, 0.08272, 0.01563, 0.00609, 0.04984, 0.01509, 0.01013, 0.01066, 0.07015, 0.00315, 0.06002, 0.0033, 0.00119, 0.02133, 0.04555, 0.00927, 0.06662, 0.00169, 0.04119, 0.03083, 0.00117, 0.00926, 0.04092, 0.01498, 0.02201, 0.00958, 0.02262, 0.01519, 0.0458],[0.21775, 0.22012, 0.21342, 0.2105],[4, 12, 17, 9],51,4
2.5,77,[0.01523, 0.00588, 0.03205, 0.05421, 0.01191, 0.01279, 0.08838, 0.01444, 0.04102, 0.00148, 0.0768, 0.08901, 0.07978, 0.05826, 0.0153, 0.08291, 0.02593, 0.00177, 0.00877, 0.02119, 0.00094, 0.05964, 0.09111, 0.03525, 0.06493, 0.00259, 0.00296, 0.0408, 0.02301, 0.02688, 0.01237, 0.01284, 0.03052, 0.05317, 0.06338, 0.00857, 0.00966, 0.06642, 0.02103, 0.05671, 0.0192, 0.02303, 0.03373, 0.03164],[0.2524, 0.24264, 0.31549, 0.23946],[8, 9, 13, 10],44,4
2.5,78,[0.03271, 0.06112, 0.01391, 0.09111, 0.01087, 0.00181, 0.05976, 0.01731, 0.00098, 0.03345, 0.00772, 0.05607, 0.03994, 0.01954, 0.00722, 0.02912, 0.08265, 0.04233, 0.01245, 0.03373, 0.04902, 0.00989, 0.01696, 0.04726, 0.07507, 0.00199, 0.00294, 0.01377, 0.0038, 0.00147, 0.01337, 0.05232, 0.03355, 0.04014, 0.06964, 0.0682, 0.00317, 0.01273, 0.04322, 0.05903, 0.00243, 0.00531, 0.00811, 0.05367, 0.00914],[0.20157, 0.27269, 0.3093],[8, 17, 14],45,3
2.5,79,[0.00058, 0.03468, 0.06722, 0.07075, 0.0074, 0.0014, 0.03419, 0.01593, 0.00388, 0.05397, 0.07098, 0.00449, 0.03026, 0.04101, 0.01026, 0.04328, 0.04102, 0.00148, 0.0768, 0.08901, 0.07978, 0.05826, 0.0153, 0.08291, 0.02593, 0.00612, 0.04648, 0.00119, 0.00132, 0.01273, 0.04486, 0.02892, 0.0533, 0.00251, 0.0196, 0.00189, 0.04053, 0.02366],[0.20675, 0.25523, 0.21275, 0.21448],[16, 9, 8, 0],38,4
2.5,80,[0.00419, 0.04581, 0.02846, 0.07295, 0.00781, 0.08132, 0.01619, 0.0302, 0.06085, 0.05937, 0.03163, 0.00269, 0.0027, 0.04455, 0.04102, 0.00101, 0.03594, 0.04914, 0.00182, 0.04962, 0.06136, 0.08272, 0.01563, 0.00609, 0.04984, 0.01509, 0.01013, 0.01066, 0.07015, 0.00315, 0.06002, 0.0033, 0.00119, 0.02133, 0.04555, 0.00927, 0.06662, 0.00169, 0.04119, 0.03083],[0.20311, 0.21342],[14, 17],40,2
2.5,81,[0.00725, 0.00265, 0.03633, 0.03785, 0.08655, 0.01154, 0.01687, 0.02754, 0.06927, 0.00176, 0.04233, 0.00623, 0.03227, 0.03089, 0.0299, 0.00533, 0.03427, 0.00503, 0.01851, 0.02829, 0.00706, 0.00477, 0.04227, 0.00199, 0.00294, 0.01377, 0.0038, 0.00147, 0.01337, 0.05232, 0.03355, 0.04014, 0.06964],[0.25048, 0.34971],[14, 9],33,2
2.5,82,[0.00681, 0.0269, 0.01063, 0.07896, 0.01037, 0.0026, 0.00303, 0.00911, 0.00322, 0.04555, 0.01322, 0.05272, 0.04009, 0.0057, 0.01554, 0.04868, 0.0927, 0.0189, 0.06584, 0.0079, 0.00792, 0.04102, 0.00101, 0.03594, 0.04914, 0.00182, 0.04962, 0.06136, 0.08272, 0.01563, 0.00609, 0.00177, 0.00877, 0.02119, 0.00094, 0.05964, 0.09111, 0.03525, 0.06493, 0.00259, 0.00296, 0.0408, 0.02301, 0.02688, 0.01237, 0.01284, 0.03052, 0.05317, 0.06338, 0.00857, 0.00966, 0.06642, 0.02103, 0.05671, 0.00729, 0.04053, 0.02152, 0.02712, 0.01726],[0.20388, 0.23115, 0.22012, 0.31549, 0.22624],[8, 13, 10, 13, 10],59,5
2.5,83,[0.0069, 0.01462, 0.04821, 0.00818, 0.00251, 0.0152, 0.07213, 0.0373, 0.014, 0.0063, 0.03013, 0.0323, 0.04102, 0.00101, 0.03594, 0.04914, 0.00182, 0.04962, 0.06136, 0.08272, 0.01563, 0.00609, 0.00177, 0.00877, 0.02119, 0.00094, 0.05964, 0.09111, 0.03525, 0.06493, 0.00259, 0.00296, 0.0408, 0.02301, 0.02688, 0.01237, 0.01284, 0.03052, 0.05317, 0.06338, 0.00857, 0.00966, 0.06642, 0.02103, 0.05671, 0.00729, 0.04053],[0.20651, 0.22012, 0.31549, 0.22624],[12, 10, 13, 10],47,4
2.5,84,[0.04078, 0.00794, 0.02125, 0.06411, 0.01073, 0.04864, 0.0039, 0.00199, 0.00619, 0.0021, 0.02892, 0.03182, 0.02957, 0.05607, 0.02716, 0.0255, 0.02294, 0.00688, 0.04659, 0.0251, 0.01144, 0.00174, 0.00565, 0.0345, 0.09266, 0.02316, 0.02126, 0.08214, 0.05836],[0.23698, 0.21558],[11, 9],29,2
2.5,85,[0.00516, 0.06299, 0.0434, 0.02832, 0.07732, 0.00736, 0.01671, 0.0123, 0.07317, 0.01387, 0.00402, 0.06872, 0.04102, 0.00148, 0.0768, 0.08901, 0.07978, 0.05826, 0.0153, 0.08291, 0.02593, 0.00177, 0.00877, 0.02119, 0.00094, 0.05964, 0.09111, 0.03525, 0.06493, 0.00259, 0.00296, 0.0408, 0.02301, 0.02688, 0.01237, 0.01284, 0.03052, 0.05317, 0.06338],[0.28513, 0.24761, 0.24264, 0.31549],[5, 7, 9, 13],39,4
2.5,86,[0.0062, 0.00291, 0.00381, 0.08294, 0.00748, 0.0908, 0.08581, 0.013, 0.04609, 0.00157, 0.09041, 0.09266, 0.00203, 0.01863, 0.00199, 0.00294, 0.01377, 0.0038, 0.00147, 0.01337, 0.05232, 0.03355, 0.04014, 0.06964, 0.0682, 0.00317, 0.01273, 0.04322, 0.03182, 0.02957, 0.02716, 0.0255, 0.02294, 0.00688, 0.04659, 0.0251, 0.05903, 0.00243, 0.00531, 0.00811, 0.05367, 0.00914, 0.06283, 0.05641, 0.01518, 0.0015, 0.03767, 0.00403, 0.00704, 0.01649],[0.24698, 0.28954, 0.24145, 0.25265, 0.26336],[7, 7, 14, 8, 8],50,5
2.5,87,[0.0597, 0.00347, 0.02122, 0.06204, 0.03151, 0.08351, 0.00199, 0.00294, 0.01377, 0.0038, 0.00147, 0.01337, 0.05232, 0.03355, 0.04014, 0.06964, 0.0682, 0.00317, 0.01273, 0.04322, 0.00098, 0.03345, 0.00772, 0.03994, 0.01954, 0.00722, 0.02912, 0.08265, 0.04233, 0.01245, 0.03373, 0.04902, 0.00989, 0.01696, 0.04726],[0.22092, 0.27269],[6, 14],35,2
2.5,88,[0.01484, 0.00213, 0.00407, 0.07264, 0.0014, 0.05231, 0.07455, 0.02258, 0.02531, 0.03311, 0.04168, 0.08876, 0.0767, 0.03125, 0.01885, 0.01597, 0.02392],[],[],17,0
2.5,89,[0.0232, 0.00249, 0.00334, 0.00491, 0.02799, 0.06213, 0.04349, 0.00159, 0.02256, 0.0299, 0.00533, 0.03427, 0.00503, 0.01851, 0.02829, 0.00706, 0.00477, 0.04227, 0.00199, 0.00294, 0.01377, 0.0038, 0.00147, 0.01337, 0.05232, 0.03355, 0.04014, 0.06964, 0.0682, 0.00317, 0.01273, 0.04322, 0.00098, 0.03345, 0.00772, 0.05607, 0.03994, 0.01954, 0.00722, 0.02912, 0.08265, 0.04233, 0.01245, 0.03373, 0.04902, 0.00989, 0.01696, 0.04726],[0.25536, 0.34971, 0.27269],[9, 9, 14],48,3
2.5,90,[0.00183, 0.00054, 0.0282, 0.00599, 0.01513, 0.00724, 0.09941, 0.00815, 0.024, 0.01408, 0.04102, 0.00148, 0.0768, 0.08901, 0.07978, 0.05826, 0.0153, 0.08291, 0.02593, 0.00177, 0.00877, 0.02119, 0.00094, 0.05964, 0.09111, 0.03525, 0.06493, 0.00259, 0.00296, 0.0408, 0.02301, 0.02688, 0.01237, 0.01284, 0.03052, 0.06338, 0.00857, 0.00966, 0.06642, 0.02103, 0.05671, 0.0192, 0.02303, 0.03373, 0.03164, 0.00695, 0.02506, 0.00261, 0.0033, 0.00119],[0.2062, 0.24264, 0.31549, 0.23946, 0.2737],[10, 9, 13, 9, 7],50,5
2.5,91,[0.00087, 0.01387, 0.01008, 0.05685, 0.01841, 0.06378, 0.02877, 0.06585, 0.00494, 0.06489, 0.00098, 0.03345, 0.00772, 0.05607, 0.03994, 0.01954, 0.00722, 0.02912, 0.08265, 0.04233, 0.01245, 0.03373, 0.04902, 0.00989, 0.01696, 0.04726, 0.07507, 0.00131, 0.00626, 0.0018, 0.0839, 0.04798, 0.00333, 0.07648, 0.09041, 0.00199, 0.00294, 0.01377, 0.0038, 0.00147, 0.01337, 0.05232, 0.03355, 0.04014, 0.06964, 0.0682, 0.00317],[0.28477, 0.22868, 0.24474],[10, 17, 8],47,3
2.5,92,[0.00015, 0.00063, 0.00186, 0.04062, 0.02674, 0.00855, 0.00604, 0.0839, 0.09202, 0.05903, 0.00243, 0.00531, 0.00811, 0.05367, 0.00914, 0.03182, 0.02957, 0.05607, 0.02716, 0.0255, 0.02294, 0.00688, 0.04659, 0.0251, 0.00199, 0.00294, 0.01377, 0.0038, 0.00147, 0.01337, 0.05232, 0.03355, 0.04014, 0.06964, 0.0682, 0.00317, 0.01273, 0.04322, 0.0162, 0.01249, 0.02633, 0.00727, 0.08147, 0.00323, 0.00161, 0.0147, 0.04846],[0.21632, 0.25265, 0.24145, 0.23386, 0.22174],[7, 8, 9, 14, 4],47,5
2.5,93,[0.0292, 0.00626, 0.00185, 0.00306, 0.01283, 0.00922, 0.01214, 0.01771, 0.00284, 0.00291, 0.00874, 0.06129, 0.04546, 0.00177, 0.00877, 0.02119, 0.00094, 0.05964, 0.09111, 0.03525, 0.06493, 0.00259, 0.00296, 0.0408, 0.02301, 0.04102, 0.00101, 0.03594, 0.04914, 0.00182, 0.04962, 0.06136, 0.08272, 0.01563, 0.00609, 0.04984, 0.01509, 0.01013, 0.01066, 0.07015, 0.00315, 0.06002, 0.0033, 0.00119, 0.02133, 0.04555, 0.00927, 0.06662, 0.00169, 0.04119, 0.03083],[0.25463, 0.22012, 0.21342],[13, 12, 17],51,3
2.5,94,[0.0163, 0.00445, 0.09132, 0.01068, 0.08882, 0.04102, 0.00101, 0.03594, 0.04914, 0.00182, 0.04962, 0.06136, 0.08272, 0.01563, 0.00609, 0.00177, 0.00877, 0.02119, 0.00094, 0.05964, 0.09111, 0.03525, 0.06493, 0.00259, 0.00296, 0.0408, 0.02301, 0.02688, 0.01237, 0.01284, 0.03052, 0.00857, 0.00966, 0.06642, 0.02103, 0.05671, 0.00729, 0.04053, 0.02152, 0.02712, 0.01726, 0.05608, 0.04831, 0.04916, 0.02531, 0.00437, 0.00221],[0.24614, 0.22012, 0.31549, 0.22624],[5, 10, 13, 8],47,4
2.5,95,[0.02893, 0.00268, 0.00193, 0.00177, 0.00877, 0.02119, 0.00094, 0.05964, 0.09111, 0.03525, 0.06493, 0.00259, 0.00296, 0.0408, 0.02301, 0.04102, 0.00101, 0.03594, 0.04914, 0.00182, 0.04962, 0.06136, 0.08272, 0.01563, 0.00609, 0.04984, 0.01509, 0.01013, 0.01066, 0.07015, 0.00315, 0.06002, 0.0033, 0.00119, 0.02133, 0.04555, 0.00927, 0.06662, 0.00169, 0.04119, 0.03083, 0.00117, 0.00926, 0.04092, 0.01498, 0.02201, 0.00958, 0.02262, 0.01519, 0.0458],[0.25335, 0.22012, 0.21342, 0.2105],[3, 12, 17, 9],50,4
2.5,96,[0.03962, 0.00495, 0.02225, 0.04105, 0.07846, 0.0022, 0.05378, 0.01263, 0.02535, 0.07327, 0.0471, 0.03667, 0.05631, 0.00303, 0.05586, 0.00322, 0.04555, 0.01322, 0.05272, 0.04009, 0.0057, 0.01554, 0.04868, 0.0927, 0.0189, 0.06584, 0.0079, 0.00792, 0.04102, 0.00101, 0.03594, 0.04914, 0.00182, 0.04962, 0.06136, 0.08272, 0.01563, 0.00609, 0.00177, 0.00877, 0.02119],[0.29843, 0.23115, 0.22012],[15, 13, 10],41,3
2.5,97,[0.01413, 0.03145, 0.02613, 0.01433, 0.00617, 0.046, 0.00131, 0.00626, 0.0018, 0.0839, 0.04798, 0.00333, 0.07648, 0.09041, 0.00098, 0.03345, 0.00772, 0.05607, 0.03994, 0.01954, 0.00722, 0.02912, 0.08265, 0.04233, 0.01245, 0.03373, 0.04902, 0.00989, 0.01696, 0.04726, 0.07507, 0.00199, 0.00294, 0.01377, 0.0038, 0.00147, 0.01337, 0.05232],[0.21949, 0.22868, 0.27269],[6, 8, 17],38,3
2.5,98,[0.00381, 0.04055, 0.00227, 0.0511, 0.07406, 0.00303, 0.09101, 0.06956, 0.02438, 0.03251, 0.09149, 0.00784, 0.01234, 0.01657, 0.01256, 0.01518, 0.0015, 0.03767, 0.00403, 0.00704, 0.01649, 0.00976, 0.01683, 0.05679, 0.03129, 0.00318, 0.07527, 0.0839, 0.09202, 0.05903, 0.00243, 0.00531, 0.00811, 0.05367, 0.00914],[0.24341, 0.26336, 0.25265],[15, 12, 8],35,3
2.5,99,[0.07658, 0.01663, 0.03182, 0.09632, 0.01152, 0.0557, 0.01118, 0.08065, 0.09838, 0.00199, 0.00294, 0.01377, 0.0038, 0.00147, 0.01337, 0.05232, 0.03355, 0.04014, 0.06964, 0.0682, 0.00317, 0.01273, 0.04322, 0.00131, 0.00626, 0.0018, 0.0839, 0.04798, 0.00333, 0.07648, 0.09041, 0.00132, 0.00285, 0.04504, 0.00139, 0.00838, 0.02143, 0.03661, 0.00684, 0.01511, 0.02883],[0.22036, 0.24474, 0.2227],[9, 14, 8],41,3
2.5,100,[0.01167, 0.00078, 0.02124, 0.00975, 0.00171, 0.00218, 0.00458, 0.01126, 0.00883, 0.0797, 0.08618, 0.00098, 0.03345, 0.00772, 0.05607, 0.03994, 0.01954, 0.00722, 0.02912, 0.08265, 0.04233, 0.01245, 0.03373, 0.04902, 0.00989, 0.01696, 0.04726, 0.07507, 0.00131, 0.00626, 0.0018, 0.0839, 0.04798, 0.00333, 0.07648, 0.09041, 0.00199, 0.00294, 0.01377, 0.0038, 0.00147, 0.01337, 0.05232, 0.03355, 0.04014, 0.06964, 0.0682, 0.00317],[0.2518, 0.22868, 0.24474],[11, 17, 8],48,3
2.5,101,[0.00629, 0.00485, 0.02694, 0.01654, 0.0092, 0.02704, 0.06803, 0.01466, 0.02333, 0.00131, 0.00626, 0.0018, 0.0839, 0.04798, 0.00333, 0.07648, 0.09041, 0.00098, 0.03345, 0.00772, 0.05607, 0.03994, 0.01954, 0.00722, 0.02912, 0.08265, 0.04233, 0.01245, 0.03373, 0.04902, 0.00989, 0.01696, 0.04726, 0.07507, 0.00199, 0.00294, 0.01377, 0.0038, 0.00147, 0.01337, 0.05232, 0.03355, 0.04014, 0.06964, 0.0682, 0.00317, 0.01273, 0.04322, 0.0162],[0.23508, 0.22868, 0.27269, 0.23386],[9, 8, 17, 14],49,4
2.5,102,[0.01323, 0.0501, 0.04467, 0.08144, 0.06467, 0.0069, 0.00524, 0.01953, 0.07037, 0.07182, 0.08615, 0.00199, 0.00294, 0.01377, 0.0038, 0.00147, 0.01337, 0.05232, 0.03355, 0.04014, 0.06964, 0.0682, 0.00317, 0.01273, 0.04322, 0.00098, 0.03345, 0.00772, 0.05607, 0.03994, 0.01954, 0.00722, 0.02912, 0.08265, 0.04233, 0.01245, 0.03373, 0.04902, 0.00989, 0.01696, 0.04726, 0.07507],[0.23653, 0.27269, 0.22868],[11, 14, 17],42,3
2.5,103,[0.03458, 0.01618, 0.0033, 0.00119, 0.02133, 0.04555, 0.00927, 0.06662, 0.00169, 0.04119, 0.03083, 0.04102, 0.00101, 0.03594, 0.04914, 0.00182, 0.04962, 0.06136, 0.08272, 0.01563, 0.00609, 0.00177, 0.00877, 0.02119, 0.00094, 0.05964, 0.09111, 0.03525, 0.06493, 0.00259, 0.00296, 0.0408, 0.02301, 0.02688, 0.01237, 0.01284, 0.03052, 0.05317, 0.06338, 0.00857, 0.00966, 0.06642, 0.02103, 0.05671, 0.00729, 0.04053, 0.02152, 0.02712, 0.01726, 0.05608, 0.04831, 0.04916, 0.02531, 0.00437, 0.00221],[0.20666, 0.21342, 0.22012, 0.31549, 0.22624],[2, 9, 10, 13, 10],55,5
2.5,104,[0.00292, 0.03451, 0.00147, 0.01272, 0.00101, 0.00825, 0.01309, 0.03625, 0.04297, 0.04102, 0.00101, 0.03594, 0.04914, 0.00182, 0.04962, 0.06136, 0.08272, 0.01563, 0.00609, 0.0033, 0.00119, 0.02133, 0.04555, 0.00927, 0.06662, 0.00169, 0.04119, 0.03083, 0.0062, 0.04006, 0.00688, 0.03851, 0.01412, 0.02319, 0.03551, 0.0515, 0.04477, 0.04774, 0.0027, 0.07984, 0.07498, 0.01903, 0.02604, 0.01158, 0.05317, 0.03449, 0.00768, 0.00565, 0.04562],[0.23362, 0.21342, 0.26298, 0.25565],[9, 10, 9, 15],49,4
2.5,105,[0.09098, 0.03718, 0.01066, 0.01512, 0.0022, 0.04102, 0.00101, 0.03594, 0.04914, 0.00182, 0.04962, 0.06136, 0.08272, 0.01563, 0.00609, 0.00177, 0.00877, 0.02119, 0.00094, 0.05964, 0.09111, 0.03525, 0.06493, 0.00259, 0.00296, 0.0408, 0.02301, 0.02688, 0.01237, 0.01284, 0.03052, 0.05317, 0.06338, 0.00857, 0.00966, 0.06642, 0.02103, 0.05671, 0.00729, 0.04053, 0.02152, 0.02712, 0.01726, 0.05608, 0.04831, 0.04916, 0.02531, 0.00437, 0.00221],[0.22874, 0.22012, 0.31549, 0.22624],[5, 10, 13, 10],49,4
2.5,106,[0.00086, 0.05947, 0.02383, 0.00212, 0.00679, 0.07293, 0.00273, 0.08478, 0.03502, 0.00376, 0.0503, 0.00129, 0.02834, 0.08147, 0.02699, 0.02491, 0.04177, 0.0119, 0.00502, 0.0157, 0.00276, 0.08394, 0.08097, 0.02953, 0.01396, 0.00251, 0.0196, 0.00189, 0.04053, 0.02366, 0.01921, 0.02322],[0.26222, 0.23011],[9, 16],32,2
2.5,107,[0.0014, 0.06024, 0.02583, 0.0042, 0.00236, 0.00511, 0.00531, 0.00972, 0.03465, 0.00722, 0.00275, 0.00094, 0.01915, 0.00973, 0.00299, 0.00503, 0.00863, 0.05039, 0.03235],[0.20219, 0.22619],[4, 7],19,2
2.5,108,[0.01855, 0.02464, 0.06334, 0.0431, 0.02872, 0.0299, 0.00533, 0.03427, 0.00503, 0.01851, 0.02829, 0.00706, 0.00477, 0.04227, 0.00376, 0.00129, 0.02834, 0.08147, 0.02699, 0.02491, 0.04177, 0.0119, 0.00502, 0.0157, 0.00276, 0.08097, 0.02953, 0.01396, 0.00251, 0.0196, 0.00189, 0.04053, 0.02366, 0.01921, 0.02322],[0.2944, 0.21878, 0.23011],[5, 9, 14],35,3
2.5,109,[0.0153, 0.04188, 0.00744, 0.04539, 0.06393, 0.0949, 0.09083, 0.00568, 0.02081, 0.03071, 0.02484, 0.01788],[],[],12,0
2.5,110,[0.04819, 0.03293, 0.0702, 0.04189, 0.01237, 0.01284, 0.03052, 0.05317, 0.06338, 0.00857, 0.00966, 0.06642, 0.02103, 0.05671, 0.04102, 0.00101, 0.03594, 0.04914, 0.00182, 0.04962, 0.06136, 0.01563, 0.00609, 0.04984, 0.01509, 0.01013, 0.01066, 0.07015, 0.00315, 0.06002, 0.00177, 0.00877, 0.02119, 0.00094],[0.2271, 0.28507, 0.22012],[4, 10, 16],34,3
2.5,111,[0.06101, 0.01351, 0.09134, 0.00784, 0.0796, 0.01765, 0.07794, 0.04947, 0.01235, 0.03289, 0.00259, 0.07801, 0.09015, 0.00849, 0.04102, 0.00101, 0.03594, 0.04914, 0.00182, 0.04962, 0.06136, 0.08272, 0.01563],[0.23596],[14],23,1
2.5,112,[0.04266, 0.01233, 0.02031, 0.03093, 0.02679, 0.00324, 0.0345, 0.04132, 0.06469, 0.00502, 0.04387, 0.03343],[],[],12,0
2.5,113,[0.02715, 0.01336, 0.0221, 0.00381, 0.04994, 0.0563, 0.0839, 0.09202, 0.05903, 0.00243, 0.00531, 0.00811, 0.05367, 0.00914, 0.03182, 0.02957, 0.05607, 0.02716, 0.0255, 0.02294, 0.00688, 0.04659, 0.0251, 0.00199, 0.00294, 0.01377, 0.0038, 0.00147, 0.01337, 0.05232, 0.03355, 0.04014, 0.06964, 0.0682, 0.00317, 0.01273, 0.04322, 0.0162, 0.01249, 0.02633, 0.00727, 0.08147, 0.00323, 0.00161, 0.0147, 0.04846, 0.01021],[0.20456, 0.25265, 0.24145, 0.23386, 0.22174, 0.21821],[6, 8, 9, 14, 4, 6],47,6
2.5,114,[0.05262, 0.00329, 0.00612, 0.04648, 0.00119, 0.00132, 0.01273, 0.04486, 0.02892, 0.0533, 0.04102, 0.00101, 0.03594, 0.04914, 0.00182, 0.04962, 0.06136, 0.08272, 0.01563, 0.00609, 0.00177, 0.00877, 0.02119, 0.00094, 0.05964, 0.09111, 0.03525, 0.06493, 0.00259, 0.00296, 0.0408, 0.02301, 0.02688, 0.03888, 0.04253, 0.00374, 0.07158, 0.02374, 0.00402, 0.01237, 0.01284, 0.03052, 0.05317, 0.00857, 0.00966, 0.06642, 0.02103],[0.22979, 0.21465, 0.22012, 0.31549],[2, 8, 10, 19],47,4
2.5,115,[0.00183, 0.02591, 0.00144, 0.09124, 0.01041, 0.04102, 0.00148, 0.0768, 0.08901, 0.07978, 0.05826, 0.0153, 0.08291, 0.02593, 0.00177, 0.00877, 0.02119, 0.00094, 0.05964, 0.09111, 0.03525, 0.06493, 0.00259, 0.00296, 0.0408, 0.02301, 0.02688, 0.01237, 0.01284, 0.03052, 0.05317, 0.06338, 0.00857, 0.00966, 0.06642, 0.02103, 0.05671, 0.0192, 0.02303, 0.03373, 0.03164, 0.00695, 0.02506, 0.00261, 0.0033, 0.00119, 0.02133, 0.00927, 0.06662, 0.00169, 0.04119],[0.20236, 0.24264, 0.31549, 0.23946, 0.2737],[5, 9, 13, 10, 7],51,5
2.5,116,[0.00155, 0.00285, 0.00211, 0.07796, 0.04186, 0.04461, 0.07246, 0.01606, 0.01867, 0.02609, 0.03352, 0.01335],[],[],12,0
2.5,117,[0.00952, 0.00518, 0.03974, 0.01342, 0.0101, 0.01287, 0.07868, 0.00199, 0.00294, 0.01377, 0.0038, 0.00147, 0.01337, 0.05232, 0.03355, 0.04014, 0.06964, 0.0682, 0.00317, 0.01273, 0.04322, 0.00098, 0.03345, 0.00772, 0.05607, 0.03994, 0.01954, 0.00722, 0.02912, 0.08265, 0.04233, 0.01245, 0.03373, 0.04902, 0.00989, 0.01696, 0.04726, 0.07507, 0.00131, 0.00626, 0.0018, 0.0839, 0.04798, 0.00333, 0.07648, 0.09041, 0.00132, 0.00285, 0.04504, 0.00139, 0.00838],[0.27336, 0.27269, 0.22868, 0.2227],[7, 14, 17, 8],51,4
2.5,118,[0.02124, 0.00414, 0.03824, 0.00198, 0.01516, 0.00252, 0.0274, 0.03332, 0.0033, 0.00119, 0.02133, 0.04555, 0.00927, 0.06662, 0.00169, 0.04119, 0.03083, 0.04102, 0.00101, 0.03594, 0.04914, 0.00182, 0.04962, 0.06136, 0.08272, 0.01563, 0.00609, 0.00177, 0.00877, 0.02119],[0.21067, 0.21342, 0.22012],[8, 9, 10],30,3
2.5,119,[0.00363, 0.00964, 0.00195, 0.04876, 0.03812, 0.00329, 0.0033, 0.00119, 0.02133, 0.04555, 0.00927, 0.06662, 0.00169, 0.04119, 0.03083, 0.04102, 0.00101, 0.03594, 0.04914, 0.00182, 0.04962, 0.06136, 0.08272, 0.01563, 0.00609, 0.00177, 0.00877, 0.02119, 0.00094, 0.05964, 0.09111, 0.03525, 0.06493, 0.00259, 0.00296, 0.0408, 0.02301, 0.02688, 0.01237, 0.01284, 0.03052, 0.05317, 0.06338, 0.00857, 0.00966, 0.06642, 0.02103, 0.05671, 0.00729, 0.04053, 0.02152, 0.02712, 0.01726, 0.05608, 0.04831, 0.04916, 0.02531, 0.00437],[0.21645, 0.21342, 0.22012, 0.31549, 0.22624],[6, 9, 10, 13, 10],58,5
2.5,120,[0.04669, 0.00423, 0.01568, 0.00212, 0.02724, 0.09086, 0.09094, 0.07289, 0.01459, 0.00893, 0.0839, 0.09202, 0.05903, 0.00243, 0.00531, 0.00811, 0.05367, 0.00914, 0.03182, 0.02957, 0.05607, 0.02716, 0.0255, 0.02294, 0.00688, 0.04659, 0.0251, 0.00199, 0.00294, 0.01377, 0.0038, 0.00147, 0.01337, 0.05232],[0.23356, 0.25265, 0.24145],[10, 8, 9],34,3
2.5,121,[0.00095, 0.00052, 0.01003, 0.0118, 0.0065, 0.0376, 0.03725, 0.03319, 0.02281, 0.00705, 0.05653, 0.08285, 0.08661, 0.03175, 0.09504, 0.0164],[],[],16,0
2.5,122,[0.00919, 0.00177, 0.00877, 0.02119, 0.00094, 0.05964, 0.09111, 0.03525, 0.06493, 0.00259, 0.00296, 0.0408, 0.02301, 0.04102, 0.00101, 0.03594, 0.04914, 0.00182, 0.04962, 0.06136, 0.08272, 0.01563, 0.00609, 0.04984, 0.01509, 0.01013, 0.01066, 0.07015, 0.00315, 0.06002, 0.0033, 0.00119, 0.02133, 0.04555, 0.00927, 0.06662, 0.00169, 0.04119, 0.03083, 0.00117, 0.00926, 0.04092, 0.01498, 0.02201, 0.00958, 0.02262, 0.01519, 0.0458],[0.25854, 0.22012, 0.21342, 0.2105],[1, 12, 17, 9],48,4
2.5,123,[0.00632, 0.00859, 0.01932, 0.0033, 0.00119, 0.02133, 0.04555, 0.00927, 0.06662, 0.00169, 0.04119, 0.03083, 0.04102, 0.00101, 0.03594, 0.04914, 0.00182, 0.04962, 0.06136, 0.08272, 0.01563, 0.00609, 0.00177, 0.00877, 0.02119, 0.00094, 0.05964, 0.09111, 0.03525, 0.06493, 0.00259, 0.00296, 0.0408, 0.02301, 0.02688, 0.01237, 0.01284, 0.03052, 0.05317, 0.06338, 0.00857, 0.00966, 0.06642, 0.02103, 0.05671, 0.00729, 0.04053, 0.02152, 0.02712, 0.01726, 0.05608, 0.04831, 0.04916, 0.02531, 0.00437, 0.00221],[0.2025, 0.21342, 0.22012, 0.31549, 0.22624],[3, 9, 10, 13, 10],56,5
2.5,124,[0.01991, 0.04513, 0.01033, 0.045, 0.06562, 0.06991, 0.07767, 0.00177, 0.00877, 0.02119, 0.00094, 0.05964, 0.09111, 0.03525, 0.06493, 0.00259, 0.00296, 0.0408, 0.02301, 0.02688, 0.01237, 0.01284, 0.03052, 0.05317, 0.06338, 0.00857, 0.00966, 0.06642, 0.02103, 0.05671, 0.0192, 0.02303, 0.03373, 0.03164, 0.00695, 0.06572, 0.02506, 0.00261, 0.0033, 0.00119, 0.02133, 0.04555, 0.00927, 0.06662, 0.00169],[0.22683, 0.31549, 0.23946, 0.2737],[7, 13, 10, 8],45,4
2.5,125,[0.0044, 0.01435, 0.01363, 0.02739, 0.05923, 0.0022, 0.00199, 0.00294, 0.01377, 0.0038, 0.00147, 0.01337, 0.05232, 0.03355, 0.04014, 0.06964, 0.0682, 0.00317, 0.01273, 0.04322, 0.00098, 0.03345, 0.00772, 0.05607, 0.03994, 0.01954, 0.00722, 0.02912, 0.08265, 0.04233, 0.01245, 0.03373, 0.04902, 0.00989, 0.01696, 0.04726, 0.07507, 0.00131],[0.23015, 0.27269, 0.22868],[6, 14, 17],38,3
2.5,126,[0.00274, 0.00562, 0.00362, 0.05504, 0.0853, 0.00157, 0.00518, 0.0408, 0.02331, 0.019, 0.06653, 0.07008, 0.01343, 0.02163, 0.0156, 0.09776, 0.08147, 0.00323, 0.00161, 0.0147, 0.04846, 0.01021, 0.00199, 0.00294, 0.01377, 0.0038, 0.00147, 0.01337, 0.05232, 0.03355, 0.04014, 0.06964, 0.0682, 0.00317, 0.01273, 0.04322, 0.00098, 0.03345, 0.00772],[0.20354, 0.37873, 0.27269],[16, 6, 14],39,3
2.5,127,[0.00037, 0.00092, 0.00113, 0.0012, 0.04246, 0.02942, 0.00189, 0.00765, 0.07785, 0.00642, 0.00859, 0.0033, 0.00119, 0.02133, 0.04555, 0.00927, 0.06662, 0.00169, 0.04119, 0.03083, 0.04102, 0.00101, 0.03594, 0.04914, 0.00182, 0.04962, 0.06136, 0.08272, 0.01563, 0.00609, 0.00177, 0.00877, 0.02119, 0.00094, 0.05964, 0.09111, 0.03525, 0.06493, 0.00259, 0.00296, 0.0408, 0.02301, 0.02688, 0.01237, 0.01284, 0.03052, 0.05317, 0.06338, 0.00857, 0.00966],[0.21364, 0.21342, 0.22012, 0.31549],[11, 9, 10, 13],50,4
2.5,128,[0.03301, 0.00319, 0.02939, 0.04102, 0.00148, 0.0768, 0.08901, 0.07978, 0.05826, 0.0153, 0.08291, 0.02593, 0.00177, 0.00877, 0.02119, 0.00094, 0.05964, 0.09111, 0.03525, 0.06493, 0.00259, 0.00296, 0.0408, 0.02301, 0.02688, 0.01237, 0.01284, 0.03052, 0.05317, 0.06338, 0.00857, 0.00966, 0.06642, 0.02103, 0.05671, 0.0192, 0.02303, 0.03373, 0.03164, 0.00695, 0.02506, 0.00261, 0.0033, 0.00119, 0.02133, 0.04555, 0.00927, 0.06662, 0.00169],[0.21776, 0.24264, 0.31549, 0.23946, 0.2737],[3, 9, 13, 10, 7],49,5
2.5,129,[0.00026, 0.00045, 0.00743, 0.00477, 0.07332, 0.00953, 0.00256, 0.0336, 0.0993, 0.03009, 0.01755, 0.03317, 0.0062, 0.04006, 0.00688, 0.03851, 0.09111, 0.01412, 0.02319, 0.03551, 0.07619, 0.0515, 0.0033, 0.00119, 0.02133, 0.04555, 0.00927, 0.06662, 0.00169, 0.04119, 0.03083, 0.04102, 0.00101, 0.03594, 0.04914, 0.00182, 0.04962, 0.06136, 0.01563, 0.00609, 0.04984, 0.01509, 0.01013, 0.01066, 0.07015, 0.00315, 0.06002, 0.00612, 0.04648, 0.00119, 0.00132, 0.01273],[0.20504, 0.26298, 0.21342, 0.21465],[12, 10, 9, 16],52,4
2.5,130,[0.00213, 0.01011, 0.0142, 0.06734, 0.01145, 0.0839, 0.09202, 0.05903, 0.00243, 0.00531, 0.00811, 0.05367, 0.00914, 0.06283, 0.05641, 0.03182, 0.02957, 0.05607, 0.02716, 0.0255, 0.02294, 0.00688, 0.04659, 0.0251, 0.00199, 0.00294, 0.01377, 0.0038],[0.21155, 0.25265, 0.24145],[5, 10, 9],28,3
2.5,131,[0.01401, 0.04267, 0.01301, 0.02095, 0.00131, 0.00626, 0.0018, 0.0839, 0.04798, 0.00333, 0.07648, 0.09041, 0.00098, 0.03345, 0.00772, 0.05607, 0.03994, 0.01954, 0.00722, 0.02912, 0.08265, 0.04233, 0.01245, 0.03373, 0.04902, 0.00989, 0.01696, 0.04726, 0.07507, 0.00199, 0.00294, 0.01377, 0.0038, 0.00147, 0.01337, 0.05232, 0.03355, 0.04014, 0.06964, 0.0682, 0.00317, 0.01273, 0.04322, 0.0162, 0.01249, 0.02633, 0.00727],[0.21524, 0.22868, 0.27269, 0.23386, 0.22174],[4, 8, 17, 14, 4],47,5
2.5,132,[0.00294, 0.00134, 0.01617, 0.01336, 0.00823, 0.0648, 0.00245, 0.03279, 0.00287, 0.00595, 0.01323, 0.0663, 0.04811, 0.08631, 0.0299],[0.21483],[14],15,1
2.5,133,[0.00781, 0.00052, 0.01058, 0.01024, 0.04102, 0.00148, 0.0768, 0.08901, 0.07978, 0.05826, 0.0153, 0.08291, 0.02593, 0.00177, 0.00877, 0.02119, 0.00094, 0.05964, 0.09111, 0.03525, 0.06493, 0.00259, 0.00296, 0.0408, 0.02301, 0.02688, 0.01237, 0.01284, 0.03052, 0.05317, 0.06338, 0.00857, 0.00966, 0.06642, 0.02103, 0.05671, 0.0192, 0.02303, 0.03373, 0.03164, 0.00695, 0.02506, 0.00261, 0.0033, 0.00119, 0.02133, 0.04555, 0.00927, 0.06662, 0.00169],[0.28753, 0.24264, 0.31549, 0.23946, 0.2737],[4, 9, 13, 10, 7],50,5
2.5,134,[0.00771, 0.08718, 0.03735, 0.0447, 0.08258, 0.00923, 0.04102, 0.00148, 0.0768, 0.08901, 0.07978, 0.05826, 0.0153, 0.08291, 0.02593, 0.00177, 0.00877, 0.02119, 0.00094, 0.05964, 0.09111, 0.03525, 0.06493, 0.00259, 0.00296, 0.0408, 0.02301, 0.02688, 0.01237, 0.01284, 0.03052, 0.05317, 0.06338, 0.00857, 0.00966, 0.06642, 0.02103, 0.05671, 0.0192, 0.02303, 0.03373, 0.03164, 0.00695, 0.02506, 0.00261, 0.0033, 0.00119, 0.02133, 0.00927],[0.21797, 0.24264, 0.31549, 0.23946, 0.2737],[6, 9, 13, 10, 7],49,5
2.5,135,[0.01796, 0.00084, 0.04278, 0.00141, 0.00141, 0.0582, 0.00413, 0.02871, 0.00966, 0.08754, 0.00978, 0.00997, 0.02595, 0.02877],[],[],14,0
2.5,136,[0.0165, 0.00389, 0.01126, 0.09776, 0.07163, 0.02321, 0.04058, 0.00216, 0.05181, 0.04102, 0.00148, 0.0768, 0.08901, 0.07978, 0.05826, 0.0153, 0.08291, 0.02593, 0.00177, 0.00877, 0.02119, 0.00094, 0.05964, 0.09111, 0.03525, 0.06493, 0.00259, 0.00296, 0.0408, 0.02301, 0.02688, 0.01237, 0.01284, 0.03052, 0.05317, 0.06338, 0.00857, 0.00966, 0.06642, 0.02103, 0.05671, 0.0192, 0.02303, 0.03373, 0.03164, 0.00695, 0.02506, 0.00261, 0.0033, 0.00119, 0.02133, 0.00927, 0.06662, 0.00169, 0.04119],[0.23223, 0.24264, 0.31549, 0.23946, 0.2737],[9, 9, 13, 10, 7],55,5
2.5,137,[0.00062, 0.03922, 0.00318, 0.06233, 0.06478, 0.03779, 0.00569, 0.04306, 0.01184, 0.08335, 0.00376, 0.0503, 0.00129, 0.02834, 0.08147, 0.02699, 0.02491, 0.04177, 0.0119, 0.00502, 0.0157, 0.00276, 0.08394, 0.08097, 0.02953, 0.01396, 0.00251, 0.0196, 0.00189, 0.04053, 0.02366, 0.01921, 0.02322],[0.2404, 0.23011],[10, 16],33,2
2.5,138,[0.03016, 0.00276, 0.09573, 0.00181, 0.00741, 0.02262, 0.0543, 0.00444, 0.00231, 0.04648, 0.01788, 0.0178, 0.00959, 0.06245, 0.05867, 0.07922],[0.2056, 0.24102],[9, 7],16,2
2.5,139,[0.00307, 0.01226, 0.04746, 0.08014, 0.03712, 0.00953, 0.01237, 0.01284, 0.03052, 0.05317, 0.06338, 0.00857, 0.00966, 0.06642, 0.02103, 0.05671, 0.04102, 0.00101, 0.03594, 0.04914, 0.00182, 0.04962, 0.06136, 0.08272, 0.01563, 0.00609, 0.00177, 0.00877, 0.02119, 0.00094, 0.05964, 0.09111, 0.03525, 0.06493, 0.00259, 0.00296, 0.0408, 0.02301, 0.02688, 0.0033, 0.00119, 0.02133, 0.04555, 0.00927, 0.06662, 0.00169, 0.04119, 0.03083, 0.00117, 0.00926, 0.04092],[0.31176, 0.28507, 0.22012, 0.33895, 0.2105],[6, 10, 10, 13, 9],51,5
2.5,140,[0.00089, 0.0469, 0.00198, 0.02047, 0.0677, 0.09867, 0.09752, 0.05333, 0.04379, 0.01428, 0.07146, 0.07549, 0.04813, 0.0033, 0.00119, 0.02133, 0.04555, 0.00927, 0.06662, 0.00169, 0.04119, 0.03083, 0.04102, 0.00101, 0.03594, 0.04914, 0.00182, 0.04962, 0.06136, 0.08272, 0.01563, 0.00609, 0.00177, 0.00877, 0.02119, 0.00094, 0.05964, 0.09111, 0.03525, 0.06493, 0.00259, 0.00296, 0.0408, 0.02301, 0.02688, 0.01237, 0.01284, 0.03052, 0.05317, 0.06338, 0.00857],[0.21801, 0.21342, 0.22012, 0.31549],[13, 9, 10, 13],51,4
2.5,141,[0.00144, 0.00717, 0.01792, 0.01235, 0.00248, 0.01392, 0.00893, 0.05787, 0.0103, 0.00358, 0.01807, 0.0798, 0.09924, 0.08275, 0.01518, 0.0015, 0.03767, 0.00403, 0.00704, 0.01649, 0.00976, 0.01683, 0.05679, 0.03129, 0.00318, 0.07527, 0.0839, 0.09202, 0.05903, 0.00243, 0.00531, 0.00811, 0.05367, 0.00914, 0.03182, 0.02957, 0.05607, 0.02716, 0.0255, 0.02294, 0.00688, 0.04659, 0.0251, 0.00199, 0.00294, 0.01377, 0.0038, 0.00147, 0.01337, 0.05232, 0.03355, 0.04014, 0.06964, 0.0682],[0.23022, 0.26336, 0.25265, 0.24145],[14, 12, 8, 9],54,4
2.5,142,[0.07417, 0.01301, 0.00134, 0.00888, 0.05405, 0.00199, 0.00294, 0.01377, 0.0038, 0.00147, 0.01337, 0.05232, 0.03355, 0.04014, 0.06964, 0.0682, 0.00317, 0.01273, 0.04322, 0.00098, 0.03345, 0.00772, 0.05607, 0.03994, 0.01954, 0.00722, 0.02912, 0.08265, 0.04233, 0.01245, 0.03373, 0.04902, 0.00989, 0.01696, 0.04726, 0.07507, 0.00131, 0.00626, 0.0018, 0.0839, 0.04798, 0.00333, 0.07648, 0.09041, 0.00132, 0.00285, 0.04504, 0.00139, 0.00838],[0.3021, 0.27269, 0.22868, 0.2227],[5, 14, 17, 8],49,4
2.5,143,[0.00905, 0.00455, 0.00466, 0.0615, 0.00272, 0.00089, 0.06338, 0.03607, 0.02419, 0.00138, 0.0886, 0.05205, 0.01944, 0.00608, 0.04102, 0.00101, 0.03594, 0.04914, 0.00182, 0.04962, 0.06136, 0.08272, 0.01563, 0.00609, 0.00177, 0.00877, 0.02119, 0.00094, 0.05964, 0.09111, 0.03525, 0.06493, 0.00259, 0.00296, 0.0408, 0.02301, 0.02688, 0.0033, 0.00119, 0.02133, 0.04555, 0.00927, 0.06662],[0.21011, 0.31055, 0.22012, 0.33895],[5, 9, 10, 13],43,4
2.5,144,[0.00202, 0.0055, 0.00958, 0.03382, 0.04945, 0.0162, 0.01249, 0.02633, 0.00727, 0.00199, 0.00294, 0.01377, 0.0038, 0.00147, 0.01337, 0.05232, 0.03355, 0.04014, 0.06964, 0.0682, 0.00317, 0.01273, 0.04322, 0.00098, 0.03345, 0.00772, 0.05607, 0.03994, 0.01954, 0.00722, 0.02912, 0.08265, 0.04233, 0.01245, 0.03373, 0.04902, 0.00989, 0.01696, 0.04726, 0.07507, 0.00131, 0.00626, 0.0018, 0.0839, 0.04798, 0.00333, 0.07648, 0.09041, 0.00132, 0.00285, 0.04504, 0.00139, 0.00838],[0.24091, 0.23386, 0.27269, 0.22868, 0.2227],[5, 4, 14, 17, 8],53,5
2.5,145,[0.00868, 0.00303, 0.01031, 0.0431, 0.04058, 0.0156, 0.00799, 0.00686, 0.04409, 0.0201, 0.01296, 0.00964, 0.02621, 0.07344, 0.02683, 0.02829, 0.01518, 0.0015, 0.03767, 0.00403, 0.00704, 0.01649, 0.00976, 0.01683, 0.05679, 0.03129, 0.00318, 0.07527],[0.22229],[16],28,1
2.5,146,[0.01017, 0.00288, 0.01058, 0.04209, 0.00265, 0.0839, 0.09202, 0.05903, 0.00243, 0.00531, 0.00811, 0.05367, 0.00914, 0.03182, 0.02957, 0.05607, 0.02716, 0.0255, 0.02294, 0.00688, 0.04659, 0.0251, 0.00199, 0.00294, 0.01377, 0.0038, 0.00147, 0.01337, 0.05232, 0.03355, 0.04014, 0.06964, 0.0682, 0.00317, 0.01273, 0.04322, 0.0162, 0.01249, 0.02633, 0.00727, 0.08147, 0.00323, 0.00161, 0.0147, 0.04846, 0.01021, 0.0136, 0.00724, 0.03765, 0.01225, 0.0021, 0.02564],[0.30768, 0.25265, 0.24145, 0.23386, 0.22174, 0.21821],[5, 8, 9, 14, 4, 6],52,6
2.5,147,[0.01049, 0.01502, 0.0296, 0.02783, 0.04567, 0.09269, 0.03805, 0.01196, 0.05887, 0.05476, 0.00589, 0.02746, 0.0839, 0.09202, 0.05903, 0.00243, 0.00531, 0.00811, 0.05367, 0.00914, 0.01518, 0.0015, 0.03767, 0.00403, 0.00704, 0.01649, 0.00976, 0.01683, 0.05679, 0.03129, 0.00318, 0.07527, 0.00132, 0.00285, 0.04504, 0.00139, 0.00838, 0.02143, 0.03661, 0.00684, 0.01511],[0.27735, 0.26336, 0.25753],[12, 8, 12],41,3
2.5,148,[0.00134, 0.00495, 0.00708, 0.05358, 0.003, 0.02619, 0.00906, 0.08815, 0.02718, 0.00967, 0.01793, 0.05639],[],[],12,0
2.5,149,[0.00105, 0.0014, 0.03534, 0.04479, 0.05328, 0.09268, 0.00202, 0.01052, 0.07265, 0.01237, 0.01284, 0.03052, 0.05317, 0.06338, 0.00857, 0.00966, 0.06642, 0.02103, 0.05671, 0.04102, 0.00101, 0.03594, 0.04914, 0.00182, 0.04962, 0.06136, 0.08272, 0.01563, 0.00609, 0.00177, 0.00877, 0.02119, 0.00094, 0.05964, 0.09111, 0.03525],[0.29881, 0.28507, 0.22012],[9, 10, 10],36,3
2.5,150,[0.05187, 0.01989, 0.00202, 0.00199, 0.00294, 0.01377, 0.0038, 0.00147, 0.01337, 0.05232, 0.03355, 0.04014, 0.06964, 0.0682, 0.00317, 0.01273, 0.04322, 0.00098, 0.03345, 0.00772, 0.05607, 0.03994, 0.01954, 0.00722, 0.02912, 0.08265, 0.04233, 0.01245, 0.03373, 0.04902, 0.00989, 0.01696, 0.04726, 0.07507, 0.00131, 0.00626, 0.0018, 0.0839, 0.04798, 0.00333, 0.07648, 0.09041, 0.00132, 0.00285, 0.04504, 0.00139, 0.00838],[0.32753, 0.27269, 0.22868, 0.2227],[3, 14, 17, 8],47,4
2.5,151,[0.00319, 0.01923, 0.00141, 0.01401, 0.03753, 0.01154, 0.01858, 0.02794, 0.00568, 0.00295, 0.00603, 0.0839, 0.09202, 0.05903, 0.00243, 0.00531, 0.00811, 0.05367, 0.00914, 0.03182, 0.02957, 0.05607, 0.02716, 0.0255, 0.02294, 0.00688, 0.04659, 0.0251, 0.00199, 0.00294, 0.01377, 0.0038, 0.00147, 0.01337, 0.05232, 0.03355, 0.04014, 0.06964, 0.0682, 0.00317, 0.01273, 0.04322, 0.0162, 0.01249, 0.02633, 0.00727, 0.08147, 0.00323, 0.00161, 0.0147, 0.04846, 0.01021, 0.0136, 0.00724, 0.03765, 0.01225, 0.0021, 0.02564],[0.27996, 0.25265, 0.24145, 0.23386, 0.22174, 0.21821],[11, 8, 9, 14, 4, 6],58,6
2.5,152,[0.0172, 0.05329, 0.01109, 0.00914, 0.06227, 0.00944, 0.02671, 0.00098, 0.03345, 0.00772, 0.05607, 0.03994, 0.01954, 0.00722, 0.02912, 0.08265, 0.04233, 0.01245, 0.03373, 0.04902, 0.00989, 0.01696, 0.04726, 0.07507, 0.00199, 0.00294, 0.01377, 0.0038],[0.23506, 0.27269],[7, 17],28,2
2.5,153,[0.00105, 0.03616, 0.02597, 0.01093, 0.02442, 0.01704, 0.03101, 0.09139, 0.04149, 0.01339, 0.07656, 0.05737, 0.03923, 0.0248, 0.03601, 0.01237, 0.01284, 0.03052, 0.05317, 0.06338, 0.00857, 0.00966, 0.06642, 0.02103, 0.05671, 0.04102, 0.00101, 0.03594, 0.04914, 0.00182, 0.04962, 0.06136, 0.08272, 0.01563, 0.00609],[0.30128, 0.28507],[15, 10],35,2
2.5,154,[0.00289, 0.04177, 0.00113, 0.00177, 0.00877, 0.02119, 0.00094, 0.05964, 0.09111, 0.03525, 0.06493, 0.00259, 0.00296, 0.0408, 0.02301, 0.04102, 0.00101, 0.03594, 0.04914, 0.00182, 0.04962, 0.06136, 0.08272, 0.01563, 0.00609, 0.04984, 0.01509, 0.01013, 0.01066, 0.07015, 0.00315, 0.06002, 0.0033, 0.00119, 0.02133, 0.04555, 0.00927, 0.06662, 0.00169, 0.04119, 0.03083, 0.00117, 0.00926, 0.04092, 0.01498, 0.02201, 0.00958, 0.02262, 0.01519, 0.0458],[0.25035, 0.22012, 0.21342, 0.2105],[3, 12, 17, 9],50,4
2.5,155,[0.00088, 0.02217, 0.00115, 0.01495, 0.08144, 0.0391, 0.02351, 0.01297, 0.05363, 0.01001, 0.08125, 0.01144, 0.09202, 0.00174, 0.00565, 0.0345, 0.03182, 0.02957, 0.05607, 0.02716, 0.0255, 0.02294, 0.00688, 0.04659, 0.0251],[0.20785, 0.21558],[11, 5],25,2
2.5,156,[0.00224, 0.03027, 0.00919, 0.02465, 0.05507, 0.01091, 0.01187, 0.00976, 0.05869, 0.00816, 0.07706, 0.04833, 0.04911, 0.00322, 0.04555, 0.01322, 0.05272, 0.04009, 0.0057, 0.01554, 0.04868, 0.0927, 0.0189, 0.06584, 0.0079, 0.00792, 0.04102, 0.00101, 0.03594, 0.04914, 0.00182, 0.04962, 0.06136, 0.08272, 0.01563, 0.00609, 0.00177, 0.00877, 0.02119, 0.00094, 0.05964, 0.09111, 0.03525],[0.31466, 0.23115, 0.22012],[13, 13, 10],43,3
2.5,157,[0.02108, 0.06087, 0.01682, 0.01237, 0.01284, 0.03052, 0.05317, 0.06338, 0.00857, 0.00966, 0.06642, 0.02103, 0.05671, 0.04102, 0.00101, 0.03594, 0.04914, 0.00182, 0.04962, 0.06136, 0.08272, 0.01563, 0.00609, 0.00177, 0.00877, 0.02119, 0.00094, 0.05964, 0.09111, 0.03525, 0.06493, 0.00259, 0.00296, 0.0408, 0.02301, 0.02688, 0.0033, 0.00119, 0.02133, 0.04555, 0.00927, 0.06662, 0.00169, 0.04119, 0.03083, 0.00117, 0.00926, 0.04092],[0.21954, 0.28507, 0.22012, 0.33895, 0.2105],[3, 10, 10, 13, 9],48,5
2.5,158,[0.00628, 0.03254, 0.02943, 0.00336, 0.0055, 0.05576, 0.00605, 0.02218, 0.04021, 0.06403, 0.0939, 0.00094, 0.01915, 0.00973, 0.00299],[0.22447],[11],15,1
2.5,159,[0.01064, 0.02853, 0.05552, 0.00297, 0.01017, 0.0037, 0.0822, 0.00444, 0.00094, 0.01915, 0.00973, 0.00299, 0.00503, 0.0617, 0.00863, 0.05039, 0.03235, 0.01858, 0.02137, 0.00322, 0.04555, 0.01322, 0.05272, 0.04009, 0.0057, 0.01554, 0.04868, 0.0927, 0.0189],[0.21546, 0.296],[8, 11],29,2
2.5,160,[0.00343, 0.06035, 0.05339, 0.03789, 0.00511, 0.05399, 0.01264, 0.00646, 0.05, 0.04102, 0.00101, 0.03594, 0.04914, 0.00182, 0.04962, 0.06136, 0.08272, 0.01563, 0.00609, 0.00177, 0.00877, 0.02119, 0.00094, 0.05964, 0.09111, 0.03525, 0.06493, 0.00259, 0.00296, 0.0408, 0.02301, 0.02688, 0.01158, 0.03449, 0.00768, 0.00565, 0.04562, 0.00729, 0.04053, 0.02152, 0.02712, 0.01726, 0.05608],[0.34211, 0.22012, 0.28587, 0.22217],[9, 10, 13, 5],43,4
2.5,161,[0.03318, 0.00249, 0.02225, 0.04791, 0.04085, 0.09275, 0.08889, 0.01693, 0.05185, 0.00098, 0.03345, 0.00772, 0.05607, 0.03994, 0.01954, 0.00722, 0.02912, 0.08265, 0.04233, 0.01245, 0.03373, 0.04902, 0.00989, 0.01696, 0.04726, 0.07507, 0.00131, 0.00626, 0.0018, 0.0839, 0.04798, 0.00333, 0.07648, 0.09041, 0.00199, 0.00294, 0.01377, 0.0038, 0.00147, 0.01337, 0.05232, 0.03355, 0.04014, 0.06964, 0.0682, 0.00317],[0.2259, 0.22868, 0.24474],[9, 17, 8],46,3
2.5,162,[0.00021, 0.03473, 0.00322, 0.00343, 0.01237, 0.01284, 0.03052, 0.05317, 0.06338, 0.00857, 0.00966, 0.06642, 0.02103, 0.05671, 0.04102, 0.00101, 0.03594, 0.04914, 0.00182, 0.04962, 0.06136, 0.08272, 0.01563, 0.00609, 0.00177, 0.00877, 0.02119, 0.00094, 0.05964, 0.09111, 0.03525, 0.06493, 0.00259, 0.00296, 0.0408, 0.02301, 0.02688, 0.0033, 0.00119, 0.02133, 0.04555, 0.00927, 0.06662, 0.00169, 0.04119, 0.03083, 0.00117, 0.00926, 0.04092],[0.23184, 0.28507, 0.22012, 0.33895, 0.2105],[4, 10, 10, 13, 9],49,5
2.5,163,[0.00309, 0.00423, 0.03124, 0.0022, 0.02857, 0.02354, 0.0033, 0.00119, 0.02133, 0.04555, 0.00927, 0.06662, 0.00169, 0.04119, 0.03083, 0.04102, 0.00101, 0.03594, 0.04914, 0.00182, 0.04962, 0.06136, 0.08272, 0.01563, 0.00609, 0.00177, 0.00877, 0.02119, 0.00094, 0.05964, 0.09111, 0.03525, 0.06493, 0.00259, 0.00296, 0.0408, 0.02301, 0.02688, 0.01237, 0.01284, 0.03052, 0.05317, 0.06338, 0.00857, 0.00966, 0.06642, 0.02103, 0.05671, 0.00729, 0.04053, 0.02152, 0.02712, 0.01726, 0.05608, 0.04831, 0.04916, 0.02531, 0.00437, 0.00221],[0.20808, 0.21342, 0.22012, 0.31549, 0.22624],[6, 9, 10, 13, 10],59,5
2.5,164,[0.04098, 0.04664, 0.02289, 0.03769, 0.08272, 0.0076, 0.01544, 0.04613, 0.01634, 0.01107, 0.0162, 0.01249, 0.02633, 0.00727, 0.00199, 0.00294, 0.01377, 0.0038, 0.00147, 0.01337, 0.05232, 0.03355, 0.04014, 0.06964, 0.0682, 0.00317, 0.01273, 0.04322, 0.00098, 0.03345, 0.00772, 0.05607, 0.03994, 0.01954, 0.00722, 0.02912, 0.08265, 0.04233, 0.01245, 0.03373, 0.04902, 0.00989, 0.01696, 0.04726, 0.07507, 0.00131, 0.00626],[0.26254, 0.23386, 0.27269, 0.22868],[10, 4, 14, 17],47,4
2.5,165,[0.00096, 0.00904, 0.04763, 0.01846, 0.03846, 0.00936, 0.04685, 0.02066, 0.04913, 0.07844, 0.00157, 0.00657, 0.01168, 0.00641, 0.00886, 0.03562, 0.00734, 0.00256, 0.03588, 0.01825, 0.01996, 0.01176, 0.0138, 0.00131, 0.00626, 0.0018, 0.0839, 0.04798],[0.23474],[23],28,1
2.5,166,[0.01173, 0.05963, 0.02665, 0.02082, 0.00771, 0.00307, 0.00977, 0.01648, 0.00177, 0.00877, 0.02119, 0.00094, 0.05964, 0.09111, 0.03525, 0.06493, 0.00259, 0.00296, 0.0408, 0.02301, 0.04102, 0.00101, 0.03594, 0.04914, 0.00182, 0.04962, 0.06136, 0.08272, 0.01563, 0.00609, 0.04984, 0.01509, 0.01013, 0.01066, 0.07015, 0.00315, 0.06002, 0.0033, 0.00119, 0.02133, 0.04555, 0.00927, 0.06662, 0.00169, 0.04119, 0.03083, 0.00117],[0.22631, 0.22012, 0.21342, 0.2105],[8, 12, 17, 9],47,4
2.5,167,[0.01068, 0.0256, 0.05352, 0.01474, 0.06887, 0.00399, 0.04042, 0.04102, 0.00148, 0.0768, 0.08901, 0.07978, 0.05826, 0.0153, 0.08291, 0.02593, 0.00177, 0.00877, 0.02119, 0.00094, 0.05964, 0.09111, 0.03525, 0.06493, 0.00259, 0.00296, 0.0408, 0.02301, 0.02688, 0.01237, 0.01284, 0.03052, 0.05317, 0.06338, 0.00857, 0.00966, 0.06642, 0.02103],[0.32917, 0.24264, 0.31549],[7, 9, 13],38,3
2.5,168,[0.00047, 0.01404, 0.00245, 0.02963, 0.00446, 0.03725, 0.00223, 0.01011, 0.06542, 0.00298, 0.00312, 0.02822, 0.0839, 0.09202, 0.05903, 0.00243, 0.00531, 0.00811, 0.05367, 0.00914, 0.03182, 0.02957, 0.05607, 0.02716, 0.0255, 0.02294, 0.00688, 0.04659, 0.0251, 0.00199, 0.00294, 0.01377, 0.0038, 0.00147, 0.01337, 0.05232, 0.03355, 0.04014, 0.06964, 0.0682, 0.00317, 0.01273, 0.04322, 0.0162, 0.01249, 0.02633, 0.00727, 0.08147, 0.00323, 0.00161],[0.35279, 0.25265, 0.24145, 0.23386, 0.22174],[12, 8, 9, 14, 4],50,5
2.5,169,[0.05513, 0.02817, 0.08091, 0.02854, 0.08147, 0.00323, 0.00161, 0.0147, 0.04846, 0.01021, 0.0162, 0.01249, 0.02633, 0.00727, 0.00199, 0.00294, 0.01377, 0.0038, 0.00147, 0.01337, 0.05232, 0.03355, 0.04014, 0.06964, 0.0682, 0.00317, 0.01273, 0.04322, 0.00098, 0.03345, 0.00772, 0.05607, 0.03994, 0.01954, 0.00722, 0.02912, 0.08265, 0.04233, 0.01245, 0.03373, 0.04902, 0.00989, 0.01696, 0.04726, 0.07507, 0.00131, 0.00626, 0.0018, 0.0839, 0.04798, 0.00333, 0.07648, 0.09041],[0.21079, 0.22174, 0.23386, 0.27269, 0.22868],[4, 6, 4, 14, 17],53,5
2.5,170,[0.00747, 0.00106, 0.00149, 0.0047, 0.05546, 0.00565, 0.01256, 0.00634, 0.08494, 0.04491, 0.02023, 0.07913, 0.01711, 0.00297, 0.02122, 0.02698],[],[],16,0
2.5,171,[0.00455, 0.02511, 0.00323, 0.00681, 0.01663, 0.08662, 0.01092, 0.03496, 0.00523, 0.05647, 0.00886, 0.01184, 0.02749, 0.00619, 0.03147, 0.02596, 0.0033, 0.01326, 0.01368, 0.0279, 0.02541, 0.01847, 0.00199, 0.00294, 0.01377, 0.0038],[0.21996],[22],26,1
2.5,172,[0.00124, 0.00371, 0.0147, 0.0535, 0.0042, 0.05369, 0.00337, 0.00374, 0.02621, 0.03811, 0.05046, 0.01178, 0.008, 0.02039, 0.0181, 0.00736, 0.01671, 0.0123, 0.07317, 0.01387, 0.00402, 0.06872, 0.04102, 0.00148, 0.0768, 0.08901, 0.07978, 0.05826, 0.0153, 0.08291, 0.02593, 0.00177, 0.00877, 0.02119, 0.00094, 0.05964, 0.09111, 0.03525, 0.06493, 0.00259],[0.20315, 0.24761, 0.24264],[15, 7, 9],40,3
2.5,173,[0.02211, 0.06796, 0.01163, 0.07978, 0.0021, 0.06198, 0.04866, 0.01317, 0.0027, 0.0162, 0.01249, 0.02633, 0.00727, 0.00199, 0.00294, 0.01377, 0.0038, 0.00147, 0.01337, 0.05232, 0.03355, 0.04014, 0.06964, 0.0682, 0.00317, 0.01273, 0.04322, 0.00098, 0.03345, 0.00772, 0.05607, 0.03994, 0.01954, 0.00722, 0.02912, 0.08265, 0.04233, 0.01245, 0.03373, 0.04902, 0.00989, 0.01696, 0.04726, 0.07507, 0.00131, 0.00626, 0.0018, 0.0839, 0.04798, 0.00333, 0.07648, 0.09041, 0.00132, 0.00285],[0.2285, 0.23386, 0.27269, 0.22868, 0.2227],[9, 4, 14, 17, 8],54,5
2.5,174,[0.03465, 0.00106, 0.00537, 0.00274, 0.04701, 0.09288, 0.00685, 0.03086, 0.00713, 0.04134, 0.00268, 0.02414, 0.03843, 0.02489, 0.04092, 0.00111, 0.00189, 0.01806, 0.02086, 0.07135, 0.03325, 0.07398, 0.08479, 0.00322, 0.04555, 0.01322],[0.21671, 0.20905],[14, 9],26,2
2.5,175,[0.01248, 0.04575, 0.00322, 0.04555, 0.01322, 0.05272, 0.04009, 0.0057, 0.01554, 0.04868, 0.0927, 0.0189, 0.06584, 0.0079, 0.00792, 0.04102, 0.00101, 0.03594, 0.04914, 0.00182, 0.04962, 0.06136, 0.08272, 0.01563, 0.00609, 0.00177, 0.00877, 0.02119, 0.00094, 0.05964, 0.09111, 0.03525, 0.06493, 0.00259, 0.00296, 0.0408, 0.02301, 0.02688, 0.01237, 0.01284, 0.03052, 0.05317, 0.06338, 0.00857, 0.00966, 0.06642, 0.02103, 0.05671, 0.00729, 0.04053, 0.02152, 0.02712, 0.01726],[0.20054, 0.23115, 0.22012, 0.31549, 0.22624],[2, 13, 10, 13, 10],53,5
2.5,176,[0.00377, 0.00781, 0.03865, 0.03455, 0.03584, 0.01728, 0.04035, 0.01842, 0.01946, 0.09549, 0.00286, 0.00614, 0.04102, 0.00101, 0.03594, 0.04914, 0.00182, 0.04962, 0.06136, 0.08272, 0.01563, 0.00609, 0.00177, 0.00877, 0.02119, 0.00094, 0.05964, 0.09111, 0.03525, 0.06493, 0.00259, 0.00296],[0.21127, 0.22012],[12, 10],32,2
2.5,177,[0.00245, 0.07799, 0.07986, 0.01692, 0.00942, 0.01992, 0.013, 0.04609, 0.00157, 0.09041, 0.09266, 0.00203, 0.01863, 0.00199, 0.00294, 0.01377, 0.0038, 0.00147, 0.01337, 0.05232, 0.03355, 0.04014, 0.06964, 0.0682, 0.00317, 0.01273, 0.04322, 0.03182, 0.02957, 0.02716, 0.0255, 0.02294, 0.00688, 0.04659, 0.0251, 0.05903, 0.00243, 0.00531, 0.00811, 0.05367, 0.00914, 0.06283, 0.05641, 0.01518, 0.0015, 0.03767, 0.00403, 0.00704, 0.01649],[0.23881, 0.28954, 0.24145, 0.25265, 0.26336],[6, 7, 14, 8, 8],49,5
2.5,178,[0.00131, 0.03209, 0.00404, 0.00464, 0.05333, 0.0783, 0.0673, 0.00232, 0.01948, 0.06141, 0.00802, 0.04333, 0.07921, 0.00295, 0.03109, 0.03128, 0.01902, 0.00318, 0.00098, 0.03345, 0.00772, 0.05607, 0.03994, 0.01954, 0.00722, 0.02912, 0.08265, 0.04233, 0.01245, 0.03373, 0.04902, 0.00989, 0.01696, 0.04726, 0.07507, 0.00131, 0.00626, 0.0018, 0.0839, 0.04798, 0.00333, 0.07648, 0.09041],[0.20929, 0.22868, 0.24474],[18, 17, 8],43,3
2.5,179,[0.01216, 0.00525, 0.00157, 0.04863, 0.03182, 0.02957, 0.05607, 0.02716, 0.0255, 0.02294, 0.00688, 0.04659, 0.0251, 0.0839, 0.09202, 0.05903, 0.00243, 0.00531, 0.00811, 0.05367, 0.00914, 0.01518, 0.0015, 0.03767, 0.00403, 0.00704, 0.01649, 0.00976, 0.01683, 0.05679, 0.03129, 0.00318, 0.07527, 0.00132, 0.00285, 0.04504, 0.00139, 0.00838, 0.02143, 0.03661, 0.00684, 0.01511, 0.02883],[0.21892, 0.25265, 0.26336, 0.25753],[4, 9, 8, 12],43,4
2.5,180,[0.01875, 0.00393, 0.00181, 0.02356, 0.00399, 0.08006, 0.03234, 0.00486, 0.02301, 0.01314, 0.0564, 0.01087, 0.00286, 0.00585, 0.00623, 0.01246, 0.09571, 0.05773, 0.00199, 0.00294, 0.01377, 0.0038, 0.00147, 0.01337, 0.05232, 0.03355, 0.04014, 0.06964, 0.0682, 0.00317, 0.01273, 0.04322, 0.00098, 0.03345, 0.00772, 0.05607, 0.03994, 0.01954, 0.00722, 0.02912, 0.08265, 0.04233, 0.01245, 0.03373, 0.04902, 0.00989, 0.01696, 0.04726, 0.07507, 0.00131, 0.00626, 0.0018, 0.0839, 0.04798, 0.00333, 0.07648, 0.09041, 0.00132, 0.00285],[0.21969, 0.27269, 0.22868, 0.2227],[18, 14, 17, 8],59,4
2.5,181,[0.03446, 0.05436, 0.08405, 0.01657, 0.07702, 0.01254, 0.06158, 0.00271, 0.07142, 0.07884, 0.01247, 0.02495, 0.05361, 0.00956, 0.02554, 0.03015, 0.08691, 0.00845, 0.09548, 0.00322, 0.04555, 0.01322, 0.05272, 0.04009, 0.0057, 0.01554, 0.04868, 0.0927, 0.0189, 0.06584, 0.0079, 0.00792, 0.04102, 0.00101, 0.03594, 0.04914],[0.30937, 0.23115],[19, 13],36,2
2.5,182,[0.00406, 0.00113, 0.02507, 0.00122, 0.08273, 0.04396, 0.02766, 0.0513, 0.08278, 0.00241, 0.01973, 0.07993, 0.05981, 0.04471, 0.00866, 0.04571, 0.02514, 0.0135, 0.05087, 0.00195, 0.03829, 0.01924, 0.01151, 0.02021],[0.20053],[14],24,1
2.5,183,[0.00522, 0.00958, 0.01309, 0.0788, 0.00924, 0.03003, 0.00813, 0.01237, 0.01284, 0.03052, 0.05317, 0.06338, 0.00857, 0.00966, 0.06642, 0.02103, 0.05671, 0.04102, 0.00101, 0.03594, 0.04914, 0.00182, 0.04962, 0.06136, 0.08272, 0.01563, 0.00609, 0.04984, 0.01509, 0.01013, 0.01066, 0.07015, 0.00315, 0.06002, 0.00177, 0.00877, 0.02119, 0.00094, 0.05964, 0.03525, 0.06493, 0.00259, 0.00296, 0.0408, 0.02301, 0.02688, 0.0033, 0.00119, 0.02133, 0.04555, 0.00927, 0.06662, 0.00169],[0.2251, 0.28507, 0.22012, 0.33895],[7, 10, 17, 12],53,4
2.5,184,[0.07809, 0.05705, 0.08996, 0.0062, 0.04006, 0.00688, 0.03851, 0.09111, 0.01412, 0.02319, 0.03551, 0.07619, 0.0515, 0.01158, 0.05317, 0.03449, 0.00768, 0.00565, 0.04562, 0.04102, 0.00101, 0.03594, 0.04914, 0.00182, 0.04962, 0.06136, 0.01563, 0.00609, 0.04984, 0.01509, 0.01013, 0.01066, 0.07015, 0.00315, 0.06002, 0.00612, 0.04648],[0.21815, 0.25565, 0.23277, 0.21465],[3, 10, 6, 16],37,4
2.5,185,[0.0656, 0.01257, 0.08565, 0.01301, 0.00855, 0.0582, 0.01763, 0.04481, 0.0062, 0.04006, 0.00688, 0.03851, 0.09111, 0.01412, 0.02319, 0.03551, 0.07619, 0.0515, 0.04477, 0.04774, 0.0721, 0.0027, 0.07984, 0.07498, 0.01903, 0.02604, 0.0033, 0.00119, 0.02133, 0.04555, 0.00927, 0.06662, 0.00169, 0.04119, 0.03083, 0.00117, 0.00926, 0.04092, 0.01498, 0.02201, 0.00958, 0.02262, 0.01519, 0.0458],[0.21356, 0.26298, 0.2105],[8, 18, 9],44,3
2.5,186,[0.0004, 0.011, 0.04971, 0.02911, 0.05259, 0.01848, 0.02467, 0.00322, 0.04555, 0.01322, 0.05272, 0.04009, 0.0057, 0.01554, 0.04868, 0.0927, 0.0189, 0.06584, 0.0079, 0.00792, 0.04102, 0.00101, 0.03594, 0.04914, 0.00182, 0.04962, 0.06136, 0.08272, 0.01563, 0.00609, 0.00177, 0.00877, 0.02119, 0.00094, 0.05964, 0.09111, 0.03525, 0.06493, 0.00259, 0.00296, 0.0408, 0.02301, 0.02688, 0.01237, 0.01284, 0.03052, 0.05317, 0.06338, 0.00857, 0.00966, 0.06642, 0.02103, 0.05671, 0.00729, 0.04053, 0.02152, 0.02712, 0.01726],[0.21235, 0.23115, 0.22012, 0.31549, 0.22624],[7, 13, 10, 13, 10],58,5
2.5,187,[0.00049, 0.01369, 0.02246, 0.0536, 0.0014, 0.00089, 0.06338, 0.03607, 0.02419, 0.00138, 0.0886, 0.05205, 0.01944, 0.00608, 0.04102, 0.00101, 0.03594, 0.04914, 0.00182, 0.04962, 0.06136, 0.01563, 0.00609, 0.00177, 0.00877, 0.02119, 0.00094, 0.05964, 0.09111, 0.03525, 0.06493, 0.00259, 0.00296, 0.0408, 0.02301, 0.02688, 0.0033, 0.00119, 0.02133, 0.04555, 0.00927, 0.06662, 0.00169],[0.2265, 0.31055, 0.22012, 0.33895],[5, 9, 9, 13],43,4
2.5,188,[0.00808, 0.01097, 0.01649, 0.02421, 0.08597, 0.05591, 0.03217, 0.03401, 0.04366, 0.01647, 0.08187, 0.01237, 0.01284, 0.03052, 0.05317, 0.06338, 0.00857, 0.00966, 0.06642, 0.02103, 0.05671, 0.04102, 0.00101, 0.03594, 0.04914, 0.00182, 0.04962, 0.06136, 0.08272, 0.01563, 0.00609, 0.00177, 0.00877, 0.02119, 0.00094, 0.05964, 0.09111, 0.03525],[0.29685, 0.28507, 0.22012],[11, 10, 10],38,3
2.5,189,[0.02001, 0.01102, 0.07445, 0.05522, 0.09266, 0.03731, 0.00199, 0.00294, 0.01377, 0.0038, 0.00147, 0.01337, 0.05232, 0.03355, 0.04014, 0.06964, 0.0682, 0.00317, 0.01273, 0.04322, 0.00098, 0.03345, 0.00772, 0.05607, 0.03994, 0.01954, 0.00722, 0.02912, 0.08265, 0.04233, 0.01245],[0.30562, 0.27269],[6, 14],31,2
2.5,190,[0.02519, 0.04603, 0.0086, 0.00477, 0.01407, 0.05968, 0.02046, 0.0839, 0.09202, 0.05903, 0.00243, 0.00531, 0.00811, 0.05367, 0.00914, 0.03182, 0.02957, 0.05607, 0.02716, 0.0255, 0.02294, 0.00688, 0.04659, 0.0251, 0.00199, 0.00294, 0.01377, 0.0038, 0.00147, 0.01337, 0.05232, 0.03355, 0.04014, 0.06964, 0.0682, 0.00317, 0.01273, 0.04322, 0.0162, 0.01249, 0.02633, 0.00727, 0.08147, 0.00323, 0.00161, 0.0147],[0.25371, 0.25265, 0.24145, 0.23386, 0.22174],[7, 8, 9, 14, 4],46,5
2.5,191,[0.0313, 0.06373, 0.05182, 0.09648, 0.03695, 0.00602, 0.05568, 0.09644, 0.09799, 0.00233, 0.00253, 0.07023, 0.00807, 0.02307, 0.01237, 0.01284, 0.03052, 0.05317, 0.06338, 0.00857, 0.00966, 0.06642, 0.02103, 0.05671, 0.0062, 0.04006, 0.00688, 0.03851, 0.09111, 0.01412, 0.02319, 0.03551, 0.0515, 0.04477, 0.04774, 0.0721, 0.0027, 0.07984, 0.07498, 0.01903, 0.02604, 0.0033, 0.00119],[0.23346, 0.29721, 0.26298],[14, 10, 17],43,3
2.5,192,[0.01061, 0.08343, 0.00681, 0.04946, 0.0039, 0.01851, 0.08373, 0.0082, 0.04047, 0.02808, 0.00318, 0.09004, 0.00338, 0.00339, 0.09612, 0.01056, 0.00353, 0.07941, 0.00131, 0.00626, 0.0018, 0.0839, 0.04798, 0.00333, 0.07648, 0.09041, 0.00098, 0.03345, 0.00772, 0.05607, 0.03994, 0.01954, 0.00722, 0.02912, 0.08265, 0.04233, 0.01245, 0.03373, 0.04902, 0.00989, 0.01696, 0.04726, 0.07507, 0.01144, 0.00174, 0.00565, 0.0345, 0.02316, 0.02126, 0.08214, 0.05836],[0.21519, 0.22868, 0.26266],[18, 8, 17],51,3
2.5,193,[0.01489, 0.07442, 0.01144, 0.00448, 0.00309, 0.08774, 0.00968, 0.00166, 0.03849, 0.07032, 0.0355, 0.04265, 0.04102, 0.00148, 0.0768, 0.08901, 0.07978, 0.05826, 0.0153, 0.08291, 0.02593, 0.00177, 0.00877, 0.02119, 0.00094, 0.05964, 0.09111, 0.03525, 0.06493, 0.00259, 0.00296, 0.0408, 0.02301, 0.02688, 0.01237, 0.01284, 0.03052, 0.05317],[0.25913, 0.24264, 0.31549],[12, 9, 13],38,3
2.5,194,[0.02871, 0.02067, 0.007, 0.04102, 0.00148, 0.0768, 0.08901, 0.07978, 0.05826, 0.0153, 0.08291, 0.02593, 0.00177, 0.00877, 0.02119, 0.00094, 0.05964, 0.09111, 0.03525, 0.06493, 0.00259, 0.00296, 0.0408, 0.02301, 0.02688, 0.01237, 0.01284, 0.03052, 0.05317, 0.06338, 0.00857, 0.00966, 0.06642, 0.02103, 0.05671, 0.0192, 0.02303, 0.03373, 0.03164, 0.00695, 0.02506, 0.00261, 0.0033, 0.00119, 0.02133, 0.04555, 0.00927, 0.06662, 0.00169],[0.27231, 0.24264, 0.31549, 0.23946, 0.2737],[3, 9, 13, 10, 7],49,5
2.5,195,[0.01929, 0.00227, 0.00272, 0.01995, 0.06943, 0.07113, 0.04471, 0.00895, 0.02737, 0.08728, 0.02257, 0.00736, 0.01671, 0.0123, 0.07317, 0.01387, 0.00402, 0.06872, 0.04102, 0.00148, 0.0768, 0.08901, 0.07978, 0.05826, 0.0153, 0.08291],[0.28257, 0.24761],[11, 7],26,2
2.5,196,[0.01151, 0.02527, 0.07775, 0.07836, 0.00393, 0.01653, 0.01697, 0.01336, 0.00098, 0.03345, 0.00772, 0.05607, 0.03994, 0.01954, 0.00722, 0.02912, 0.08265, 0.04233, 0.01245, 0.03373, 0.04902, 0.00989, 0.01696, 0.04726, 0.07507, 0.00131, 0.00626, 0.0018, 0.0839, 0.04798, 0.00333, 0.07648, 0.02957],[0.21958, 0.22868],[8, 17],33,2
2.5,197,[0.02638, 0.06152, 0.04739, 0.09576, 0.03197, 0.00189, 0.09137, 0.06075, 0.09836, 0.06544, 0.00509, 0.00791, 0.01237, 0.01284, 0.03052, 0.05317, 0.06338, 0.00857, 0.00966, 0.06642, 0.02103, 0.05671, 0.0062, 0.04006, 0.00688, 0.03851, 0.09111, 0.01412, 0.02319, 0.03551, 0.0515, 0.04477, 0.04774, 0.0721, 0.0027, 0.07984, 0.07498, 0.01903, 0.02604, 0.0033, 0.00119, 0.02133, 0.04555, 0.00927, 0.06662, 0.00169, 0.04119, 0.03083, 0.00117],[0.23241, 0.29721, 0.26298, 0.2105],[12, 10, 17, 9],49,4
2.5,198,[0.01719, 0.01438, 0.04292, 0.00135, 0.07134, 0.01519, 0.03122, 0.02831, 0.0299, 0.00533, 0.03427, 0.00503, 0.01851, 0.02829, 0.00706, 0.00477, 0.04227, 0.00376, 0.00129, 0.02834, 0.08147, 0.02699, 0.02491, 0.04177, 0.0119, 0.00502],[0.21238, 0.21878],[8, 9],26,2
2.5,199,[0.00199, 0.01119, 0.01775, 0.07457, 0.0015, 0.07267, 0.00098, 0.03345, 0.00772, 0.05607, 0.03994, 0.01954, 0.00722, 0.02912, 0.08265, 0.04233, 0.01245, 0.03373, 0.04902, 0.00989, 0.01696, 0.04726, 0.07507, 0.00131, 0.00626, 0.0018, 0.0839, 0.04798, 0.00333, 0.07648, 0.09041, 0.00132, 0.00285, 0.04504, 0.00139, 0.00838, 0.02143, 0.03661, 0.00684, 0.01511, 0.02883],[0.21331, 0.22868, 0.2227],[6, 17, 8],41,3

