2.5,0,[0.01663, 0.02887, 0.02299, 0.04187, 0.00182, 0.03171, 0.03889, 0.00513, 0.00923, 0.04005, 0.00255, 0.00656, 0.03664, 0.05213, 0.01376, 0.00435, 0.00238, 0.00608, 0.02817, 0.01783, 0.00178, 0.0511, 0.0401, 0.04496, 0.05138, 0.0283, 0.0154, 0.00418, 0.03966, 0.01701, 0.01189, 0.00745, 0.03806, 0.05823],[0.328, 0.2705, 0.2314, 0.22081],[7, 7, 12, 8],34,4
2.5,1,[0.03386, 0.00131, 0.05695, 0.04607, 0.00909, 0.00429, 0.01506, 0.01159, 0.00964, 0.03298, 0.06747, 0.09155, 0.00306, 0.00093, 0.00106, 0.04487, 0.04793, 0.00143, 0.01749, 0.00419, 0.00166, 0.03409, 0.05888, 0.01702, 0.02629, 0.07051, 0.02364, 0.01341, 0.02564, 0.00248, 0.01962, 0.02245, 0.01032, 0.02226, 0.09865, 0.03659],[0.20257, 0.2285, 0.34372],[12, 7, 10],36,3
2.5,2,[0.00454, 0.03542, 0.00849, 0.03826, 0.01941, 0.00617, 0.00345, 0.01179, 0.00364, 0.01378, 0.00256, 0.01705, 0.05691, 0.00508, 0.04219, 0.03801, 0.03734, 0.08714, 0.09348, 0.05682, 0.05724, 0.01029, 0.01993, 0.01935, 0.05361, 0.01594, 0.002, 0.01104, 0.00473, 0.00489, 0.04861, 0.0177, 0.00714, 0.00719, 0.01349, 0.02813, 0.03358, 0.06229, 0.0106, 0.01615, 0.01251, 0.04835, 0.00963, 0.00306, 0.00093, 0.00106, 0.04487, 0.04793, 0.00143],[0.23377, 0.20973, 0.22588, 0.2197],[7, 15, 12, 9],49,4
2.5,3,[0.01739, 0.06581, 0.08594, 0.02997, 0.02399, 0.00442, 0.04415, 0.02334, 0.0422, 0.08536, 0.04887, 0.02952, 0.08468, 0.00218, 0.00116, 0.00119, 0.04688, 0.00321, 0.00337, 0.01584, 0.07495, 0.04222, 0.01233, 0.07226, 0.02605, 0.01653, 0.00061, 0.01365, 0.04661, 0.02755, 0.0632, 0.00208, 0.01942, 0.05221, 0.00505, 0.09578, 0.0388, 0.00313, 0.05544, 0.03588, 0.02662, 0.00803, 0.03864, 0.06219, 0.07796, 0.03047, 0.08552, 0.00243],[0.22148, 0.41547, 0.2023, 0.29868, 0.23293],[3, 6, 4, 12, 14],48,5
2.5,4,[0.00184, 0.00495, 0.03534, 0.04679, 0.02397, 0.00306, 0.00093, 0.00106, 0.04487, 0.04793, 0.00143, 0.01749, 0.00419, 0.00166, 0.03409, 0.05888, 0.01702, 0.02629, 0.02364, 0.01341, 0.02564, 0.00248, 0.01962, 0.0674, 0.02245, 0.01032, 0.02226, 0.09865, 0.03659, 0.02448, 0.0771, 0.04639, 0.01494, 0.03347, 0.08536, 0.00741, 0.05906, 0.01431, 0.00194, 0.01308, 0.01653, 0.00061, 0.01365, 0.04661, 0.02755, 0.0632, 0.00208, 0.01942, 0.05221, 0.00505, 0.09578, 0.0388, 0.00313, 0.05544, 0.03588],[0.22652, 0.2285, 0.34372, 0.21199, 0.23497, 0.23293],[5, 7, 9, 11, 8, 14],55,6
2.5,5,[0.01867, 0.07181, 0.03737, 0.0807, 0.04371, 0.00318, 0.00197, 0.01635, 0.05888, 0.02299, 0.04991, 0.09248, 0.06941, 0.0248, 0.01157, 0.00248, 0.01962, 0.0674, 0.07533, 0.02245, 0.01032, 0.01494, 0.03347, 0.08536, 0.00741, 0.05906, 0.01431, 0.00194, 0.01308, 0.01653, 0.00061, 0.01365, 0.04661, 0.02755, 0.0632, 0.00208, 0.01942, 0.05221, 0.00505, 0.09578, 0.0388, 0.00313, 0.05544, 0.03588, 0.02662, 0.00803, 0.03864, 0.06219, 0.07796, 0.03047, 0.08552, 0.00243, 0.00486, 0.01535, 0.09045, 0.05964, 0.00148, 0.0007, 0.02425],[0.24126, 0.28678, 0.21199, 0.23497, 0.23293, 0.315],[6, 9, 6, 8, 14, 13],59,6
2.5,6,[0.00219, 0.03525, 0.05046, 0.03299, 0.04476, 0.00728, 0.02194, 0.01376, 0.00435, 0.00238, 0.00608, 0.02817, 0.01783, 0.00178, 0.0511, 0.0401, 0.04496, 0.05138, 0.0283, 0.0154, 0.00418, 0.03966, 0.01701, 0.01189, 0.00745, 0.03806, 0.05823, 0.00248],[0.20175, 0.2314, 0.22081],[7, 12, 8],28,3
2.5,7,[0.01077, 0.04005, 0.02864, 0.01385, 0.00112, 0.027, 0.023, 0.00382, 0.04041, 0.04833, 0.08868, 0.02336, 0.0154, 0.00418, 0.03966, 0.01701, 0.01189, 0.00745, 0.03806, 0.05823, 0.01376, 0.00435, 0.00238, 0.00608, 0.02817, 0.01783, 0.00178, 0.0511, 0.0401, 0.04496, 0.05138, 0.0283, 0.00513, 0.00923, 0.04005, 0.00255, 0.00656, 0.03664, 0.05213, 0.01653, 0.00061, 0.01365, 0.04661, 0.02755, 0.0632],[0.21808, 0.2314, 0.2705, 0.26481],[12, 8, 12, 7],45,4
2.5,8,[0.06857, 0.07096, 0.05128, 0.02747, 0.01949, 0.00202, 0.04558, 0.08584, 0.00248, 0.01962, 0.0674, 0.07533, 0.02245, 0.01032, 0.01179, 0.00364, 0.01378, 0.00256, 0.01705, 0.05691, 0.00508, 0.04219, 0.03801, 0.03734, 0.08714, 0.09348, 0.05682, 0.05724, 0.01029, 0.01993, 0.01935, 0.05361, 0.01594, 0.002, 0.01104, 0.00473],[0.2304, 0.27669, 0.20973],[8, 6, 15],36,3
2.5,9,[0.00463, 0.08299, 0.07476, 0.00926, 0.01815, 0.00181, 0.04034, 0.0289, 0.02228, 0.09524, 0.00248, 0.01962, 0.0674, 0.07533, 0.02245, 0.01032, 0.01179, 0.00364, 0.01378, 0.00256, 0.01705, 0.05691, 0.00508, 0.04219, 0.03801, 0.03734, 0.08714, 0.09348, 0.05682, 0.05724, 0.01029, 0.01993, 0.01935, 0.05361, 0.01594, 0.002, 0.01104],[0.27976, 0.27669, 0.20973],[10, 6, 15],37,3
2.5,10,[0.02066, 0.00882, 0.02116, 0.04235, 0.00716, 0.04833, 0.00971, 0.02465, 0.02691, 0.0027, 0.09763, 0.00513, 0.00923, 0.04005, 0.00255, 0.00656, 0.03664, 0.05213, 0.01376, 0.00435, 0.00238, 0.00608, 0.02817, 0.01783, 0.00178, 0.0511, 0.0401, 0.04496, 0.05138, 0.0283, 0.0154, 0.00418, 0.03966, 0.01701, 0.01189, 0.00745, 0.03806, 0.05823],[0.33823, 0.2705, 0.2314, 0.22081],[11, 7, 12, 8],38,4
2.5,11,[0.01314, 0.01142, 0.00935, 0.03887, 0.00219, 0.01667, 0.05188, 0.09504, 0.04494, 0.03966, 0.01853, 0.04645, 0.03717, 0.00537, 0.00378, 0.00239, 0.0989, 0.00248, 0.01962, 0.0674, 0.07533, 0.02245, 0.01032, 0.01494, 0.03347, 0.08536, 0.00741, 0.05906, 0.01431, 0.00194, 0.01308, 0.01653, 0.00061, 0.01365, 0.04661, 0.02755, 0.0632, 0.00208, 0.01942, 0.05221, 0.00505, 0.09578, 0.0388, 0.00313],[0.21225, 0.26009, 0.21199, 0.23497],[9, 8, 6, 8],44,4
2.5,12,[0.01561, 0.03176, 0.00695, 0.02607, 0.08536, 0.04887, 0.02952, 0.08468, 0.00218, 0.00116, 0.00119, 0.04688, 0.00321, 0.00337, 0.01584, 0.07495, 0.04222, 0.01233, 0.07226, 0.02605, 0.01653, 0.00061, 0.01365, 0.04661, 0.02755, 0.0632, 0.00208, 0.01942, 0.05221, 0.00505, 0.09578, 0.0388, 0.00313, 0.05544, 0.03588, 0.02662, 0.00803, 0.03864, 0.06219, 0.07796, 0.03047, 0.08552, 0.00243, 0.00486, 0.01535, 0.09045],[0.21757, 0.2023, 0.29868, 0.23293],[4, 4, 12, 14],46,4
2.5,13,[0.02835, 0.00271, 0.00218, 0.00116, 0.00119, 0.04688, 0.00321, 0.00337, 0.01584, 0.07495, 0.01653, 0.00061, 0.01365, 0.04661, 0.02755, 0.0632, 0.00208, 0.01942, 0.05221, 0.00505, 0.09578, 0.0388, 0.00313, 0.05544, 0.03588, 0.02662, 0.00803, 0.03864, 0.06219, 0.07796, 0.03047, 0.08552, 0.00243, 0.00486, 0.01535, 0.09045, 0.05964, 0.00148, 0.0007, 0.02425, 0.02664, 0.00162, 0.01231, 0.03581, 0.09386, 0.03596, 0.01711, 0.03439, 0.05899, 0.00303],[0.21139, 0.29868, 0.23293, 0.315, 0.28635],[2, 8, 14, 13, 13],50,5
2.5,14,[0.00265, 0.00116, 0.00145, 0.08375, 0.03269, 0.05041, 0.0241, 0.03966, 0.01853, 0.04645, 0.03717, 0.00537, 0.00378, 0.00239, 0.0989, 0.00248, 0.01962, 0.0674, 0.07533, 0.02245, 0.01032, 0.01179, 0.00364, 0.01378, 0.00256, 0.01705, 0.05691, 0.00508, 0.04219, 0.03801, 0.03734, 0.09348, 0.05682, 0.05724, 0.01029, 0.01993, 0.01935, 0.05361, 0.01594, 0.002, 0.01104, 0.00473, 0.00489, 0.04861],[0.22104, 0.26009, 0.27669, 0.20973],[7, 8, 6, 14],44,4
2.5,15,[0.00415, 0.00132, 0.00828, 0.01071, 0.00384, 0.00587, 0.00596, 0.06312, 0.00453, 0.04216, 0.02253, 0.06725, 0.01073, 0.00419, 0.00166, 0.03409, 0.05888, 0.01702, 0.02629, 0.07051, 0.02364, 0.01341, 0.02564, 0.00306, 0.00093, 0.00106, 0.04487, 0.04793, 0.00143, 0.01749, 0.01349, 0.02813, 0.03358, 0.06229, 0.0106, 0.01615, 0.01251, 0.04835, 0.00963, 0.01993, 0.01935, 0.05361, 0.01594, 0.002, 0.01104, 0.00473, 0.00489, 0.04861, 0.01179, 0.00364, 0.01378, 0.00256, 0.01705, 0.05691, 0.00508, 0.04219, 0.03801, 0.03734, 0.08714, 0.09348, 0.05682],[0.2871, 0.2285, 0.2197, 0.22588, 0.20973],[13, 10, 7, 9, 9],61,5
2.5,16,[0.00424, 0.02783, 0.03951, 0.00131, 0.00687, 0.0845, 0.08723, 0.04424, 0.0534, 0.02673, 0.08355, 0.00772, 0.01179, 0.00364, 0.01378, 0.00256, 0.01705, 0.05691, 0.00508, 0.04219, 0.03801, 0.03734, 0.08714, 0.09348, 0.05682, 0.05724, 0.01029, 0.01993, 0.01935, 0.05361, 0.01594, 0.002, 0.01104, 0.00473, 0.00489, 0.04861, 0.0177, 0.00714, 0.00719, 0.01349, 0.02813, 0.03358, 0.06229],[0.28357, 0.20973, 0.22588],[12, 15, 12],43,3
2.5,17,[0.03059, 0.02161, 0.02197, 0.01661, 0.04863, 0.01526, 0.00306, 0.00093, 0.00106, 0.04487, 0.04793, 0.00143, 0.01749, 0.00419, 0.00166, 0.03409, 0.05888, 0.01702, 0.02629, 0.07051, 0.02364, 0.01341, 0.02564, 0.00248, 0.01962, 0.0674, 0.02245, 0.01032, 0.02226, 0.09865, 0.03659, 0.02448, 0.0771, 0.04639, 0.01494, 0.03347, 0.08536, 0.00741, 0.05906, 0.01431, 0.00194, 0.01308, 0.01653, 0.00061, 0.01365, 0.04661, 0.02755, 0.0632, 0.00208, 0.01942, 0.05221, 0.00505, 0.09578, 0.0388, 0.00313, 0.05544],[0.23248, 0.2285, 0.34372, 0.21199, 0.23497],[6, 7, 10, 11, 8],56,5
2.5,18,[0.00063, 0.0469, 0.00981, 0.05183, 0.04867, 0.03012, 0.03288, 0.01365, 0.0846, 0.00694, 0.03099, 0.03892, 0.00772, 0.00312, 0.00419, 0.00166, 0.03409, 0.05888, 0.01702, 0.02629, 0.07051, 0.02364, 0.01341, 0.02564, 0.00306, 0.00093, 0.00106, 0.04487, 0.04793, 0.00143, 0.01749, 0.01349, 0.02813, 0.03358, 0.06229, 0.0106, 0.01615, 0.01251],[0.22107, 0.2285, 0.2197],[14, 10, 7],38,3
2.5,19,[0.01657, 0.01345, 0.02705, 0.059, 0.04495, 0.08536, 0.04887, 0.02952, 0.08468, 0.00218, 0.00116, 0.00119, 0.04688, 0.00321, 0.00337, 0.01584, 0.07495, 0.04222, 0.01233, 0.07226, 0.02605, 0.01653, 0.00061, 0.01365, 0.04661, 0.02755, 0.0632, 0.00208, 0.01942, 0.05221, 0.00505, 0.09578, 0.0388, 0.00313, 0.05544, 0.03588, 0.02662, 0.00803, 0.03864, 0.06219, 0.07796, 0.03047, 0.08552, 0.00243, 0.00486, 0.01535, 0.09045, 0.05964, 0.00148],[0.2348, 0.2023, 0.29868, 0.23293, 0.315],[5, 4, 12, 14, 13],49,5
2.5,20,[0.04731, 0.03768, 0.01606, 0.03043, 0.00193, 0.06072, 0.03698, 0.01113, 0.0067, 0.0146, 0.00419, 0.00166, 0.03409, 0.05888, 0.01702, 0.02629, 0.07051, 0.02364, 0.01341, 0.02564, 0.00306, 0.00093, 0.00106, 0.04487, 0.04793, 0.00143, 0.01749, 0.01349, 0.02813, 0.03358, 0.06229, 0.0106, 0.01615, 0.01251, 0.04835, 0.00963, 0.01993, 0.01935, 0.05361, 0.01594, 0.002, 0.01104, 0.00473, 0.00489, 0.04861, 0.01179, 0.00364, 0.01378, 0.00256, 0.01705, 0.05691, 0.00508, 0.04219, 0.03801, 0.03734, 0.08714, 0.09348, 0.05682],[0.21307, 0.2285, 0.2197, 0.22588, 0.20973],[10, 10, 7, 9, 9],58,5
2.5,21,[0.00483, 0.00608, 0.01466, 2e-05, 0.03563, 0.00565, 0.09078, 0.00306, 0.00093, 0.00106, 0.04487, 0.04793, 0.00143, 0.01749, 0.00419, 0.00166, 0.03409, 0.05888, 0.01702, 0.02629, 0.07051, 0.02364, 0.01341, 0.02564, 0.00248, 0.01962, 0.0674, 0.02245, 0.01032, 0.02226, 0.09865, 0.03659, 0.02448, 0.0771, 0.04639, 0.01199, 0.00956, 0.02278, 0.0811, 0.0888, 0.06189],[0.26864, 0.20911, 0.2285, 0.34372],[3, 4, 7, 10],41,4
2.5,22,[0.01522, 0.0154, 0.00418, 0.03966, 0.01701, 0.01189, 0.00745, 0.03806, 0.05823, 0.01376, 0.00435, 0.00238, 0.00608, 0.02817, 0.01783, 0.00178, 0.0511, 0.0401, 0.04496, 0.05138, 0.0283, 0.00513, 0.00923, 0.04005, 0.00255, 0.00656, 0.03664, 0.05213, 0.01653, 0.00061, 0.01365, 0.04661, 0.02755, 0.0632, 0.00208, 0.01942, 0.05221, 0.00505, 0.09578, 0.0388, 0.03588, 0.02662, 0.00803, 0.03864, 0.06219, 0.07796, 0.03047, 0.08552, 0.00243],[0.2453, 0.2314, 0.2705, 0.26481, 0.23293],[1, 8, 12, 7, 12],49,5
2.5,23,[0.0234, 0.03991, 0.02876, 0.00177, 0.0395, 0.0343, 0.04154, 0.01231, 0.0026, 0.08656, 0.08536, 0.04887, 0.02952, 0.08468, 0.00218, 0.00116, 0.00119, 0.04688, 0.00321, 0.00337, 0.01584, 0.07495, 0.04222, 0.01233, 0.07226, 0.02605, 0.01225, 0.01114, 0.03019, 0.02185, 0.00254, 0.0624, 0.0741, 0.08555, 0.08367, 0.03588, 0.02662, 0.00803, 0.03864],[0.21068, 0.2023, 0.21534, 0.21797],[10, 4, 12, 9],39,4
2.5,24,[0.0039, 0.04042, 0.01981, 0.01156, 0.00157, 0.09884, 0.02713, 0.00548, 0.06707, 0.01623, 0.04664, 0.01915, 0.08181, 0.05522, 0.00687, 0.09334, 0.08536, 0.04887, 0.02952, 0.08468, 0.00218, 0.00116, 0.00119, 0.04688, 0.00321, 0.00337, 0.01584, 0.07495, 0.04222, 0.01233, 0.07226, 0.02605, 0.01225, 0.01114, 0.03019, 0.02185, 0.00254, 0.0624, 0.0741, 0.08555, 0.08367],[0.22121, 0.2023, 0.21534],[16, 4, 12],41,3
2.5,25,[0.02782, 0.02426, 0.01168, 0.04689, 0.03588, 0.02662, 0.00803, 0.03864, 0.06219, 0.07796, 0.03047, 0.08552, 0.00243, 0.00486, 0.01535, 0.09045, 0.05964, 0.01653, 0.00061, 0.01365, 0.04661, 0.02755, 0.0632, 0.00208, 0.01942, 0.05221, 0.00505, 0.09578, 0.0388, 0.01494, 0.03347, 0.08536, 0.00741, 0.05906, 0.01431, 0.00194, 0.01308, 0.00248, 0.01962, 0.0674, 0.07533, 0.02245, 0.01032, 0.01179, 0.00364, 0.01378, 0.00256, 0.01705, 0.05691, 0.00508],[0.23422, 0.23293, 0.23497, 0.21199, 0.27669],[4, 13, 12, 8, 6],50,5
2.5,26,[0.00258, 0.00256, 0.04663, 0.00469, 0.02794, 0.01955, 0.00784, 0.09004, 0.05151, 0.07349, 0.00379, 0.00962, 0.00962, 0.0535, 0.00197, 0.0163, 0.03038, 0.00507, 0.0291, 0.01767, 0.00748, 0.05844, 0.00537, 0.01693, 0.03582, 0.07788, 0.07555, 0.01286, 0.0154, 0.00418],[0.23472, 0.24917],[14, 14],30,2
2.5,27,[0.00065, 0.08881, 0.02308, 0.00215, 0.00215, 0.00306, 0.00093, 0.00106, 0.04487, 0.04793, 0.00143, 0.01749, 0.00419, 0.00166, 0.03409, 0.05888, 0.01702, 0.02629, 0.07051, 0.02364, 0.01341, 0.02564, 0.00248, 0.01962, 0.0674, 0.02245, 0.01032, 0.02226, 0.09865, 0.03659, 0.02448, 0.0771, 0.04639, 0.01494, 0.03347, 0.08536, 0.00741, 0.05906, 0.01431, 0.00194, 0.01308, 0.01653, 0.00061, 0.01365, 0.04661, 0.02755, 0.0632, 0.00208, 0.01942, 0.05221, 0.00505, 0.09578, 0.0388, 0.00313, 0.05544, 0.03588],[0.26596, 0.2285, 0.34372, 0.21199, 0.23497, 0.23293],[5, 7, 10, 11, 8, 14],56,6
2.5,28,[0.03663, 0.01706, 0.00499, 0.0251, 0.0366, 0.04937, 0.00569, 0.00203, 0.03143, 0.00216, 0.03729, 0.03866, 0.00306, 0.00093, 0.00106, 0.04487, 0.04793, 0.00143, 0.01749, 0.00419, 0.00166, 0.03409, 0.05888, 0.01702, 0.02629, 0.07051, 0.02364, 0.01341, 0.02564, 0.00248, 0.01962, 0.0674, 0.02245, 0.01032, 0.02226, 0.09865, 0.03659, 0.02448, 0.0771, 0.04639, 0.01494, 0.03347, 0.08536, 0.00741],[0.29254, 0.2285, 0.34372, 0.21199],[12, 7, 10, 11],44,4
2.5,29,[0.00995, 0.00306, 0.00741, 0.06961, 0.02776, 0.0016, 0.05885, 0.07704, 0.02864, 0.04236, 0.00169, 0.08265, 0.03593, 0.01523, 0.01597, 0.04466, 0.00838, 0.00226, 0.03588, 0.02413, 0.00896, 0.00632, 0.01171, 0.00719, 0.00361, 0.09252, 0.09018, 0.07183, 0.00148, 0.0007, 0.02425, 0.02664, 0.00162, 0.01231, 0.03581, 0.09386, 0.03596, 0.01711, 0.03439, 0.05899],[0.21615, 0.34065],[17, 11],40,2
2.5,30,[0.04127, 0.0411, 0.06067, 0.09595, 0.01494, 0.03347, 0.08536, 0.00741, 0.05906, 0.01431, 0.00194, 0.01308, 0.00248, 0.01962, 0.0674, 0.07533, 0.02245, 0.01032, 0.01179, 0.00364, 0.01378, 0.00256, 0.01705, 0.05691, 0.00508, 0.04219, 0.03801, 0.03734, 0.08714, 0.09348, 0.05682, 0.05724, 0.01029, 0.01993, 0.01935, 0.05361, 0.01594, 0.002, 0.01104, 0.00473, 0.00489, 0.04861, 0.0177, 0.00714, 0.00719, 0.01349, 0.02813, 0.03358, 0.06229, 0.0106, 0.01615, 0.01251, 0.04835],[0.23182, 0.21199, 0.27669, 0.20973, 0.22588],[4, 8, 6, 15, 12],53,5
2.5,31,[0.00244, 0.00142, 0.00814, 0.06138, 0.03936, 0.01982, 0.01653, 0.00061, 0.01365, 0.04661, 0.02755, 0.0632, 0.00208, 0.01942, 0.05221, 0.00505, 0.09578, 0.0388, 0.03588, 0.02662, 0.00803, 0.03864, 0.06219, 0.07796],[0.23006, 0.23293],[6, 12],24,2
2.5,32,[0.02059, 0.04713, 0.00876, 0.02111, 0.01179, 0.00364, 0.01378, 0.00256, 0.01705, 0.05691, 0.00508, 0.04219, 0.03801, 0.03734, 0.08714, 0.09348, 0.05682, 0.05724, 0.01029, 0.01993, 0.01935, 0.05361, 0.01594, 0.002, 0.01104, 0.00473, 0.00489, 0.04861, 0.0177, 0.00714, 0.00719, 0.01349, 0.02813, 0.03358, 0.06229, 0.0106, 0.01615, 0.01251, 0.04835, 0.00963, 0.00306, 0.00093, 0.00106, 0.04487, 0.04793, 0.00143, 0.01749, 0.04541, 0.06194, 0.09123, 0.02993, 0.01694],[0.26932, 0.20973, 0.22588, 0.2197],[4, 15, 12, 9],52,4
2.5,33,[0.01522, 0.0154, 0.00418, 0.03966, 0.01701, 0.01189, 0.00745, 0.03806, 0.05823, 0.01376, 0.00435, 0.00238, 0.00608, 0.02817, 0.01783, 0.00178, 0.0511, 0.0401, 0.04496, 0.05138, 0.0283, 0.00513, 0.00923, 0.04005, 0.00255, 0.00656, 0.03664, 0.05213, 0.01653, 0.00061, 0.01365, 0.04661, 0.02755, 0.0632, 0.00208, 0.01942, 0.05221, 0.00505, 0.09578, 0.0388, 0.03588, 0.02662, 0.00803, 0.03864, 0.06219, 0.07796, 0.03047, 0.08552, 0.00243],[0.2453, 0.2314, 0.2705, 0.26481, 0.23293],[1, 8, 12, 7, 12],49,5
2.5,34,[0.02253, 0.01083, 0.00105, 0.02777, 0.02371, 0.02272, 0.00338, 0.02794, 0.06987, 0.07157, 0.01003, 0.04797, 0.0274, 0.0523, 0.01993, 0.01935, 0.05361, 0.01594, 0.002, 0.01104, 0.00473, 0.00489, 0.04861, 0.01349, 0.02813, 0.03358, 0.06229, 0.0106, 0.01615, 0.01251, 0.04835, 0.00963, 0.00306, 0.00093, 0.00106, 0.04487, 0.04793, 0.00143, 0.01749],[0.23076, 0.22588, 0.2197, 0.2285],[14, 9, 9, 7],39,4
2.5,35,[0.01461, 0.00088, 0.00156, 0.00173, 0.00197, 0.03039, 0.07923, 0.03257, 0.00329, 0.03641, 0.01025, 0.03699, 0.01879, 0.02305, 0.00432, 0.00419, 0.00166, 0.03409, 0.05888, 0.01702, 0.02629, 0.07051, 0.02364, 0.01341, 0.02564, 0.00306, 0.00093, 0.00106, 0.04487, 0.04793, 0.00143, 0.01749, 0.01349],[0.23584, 0.2285, 0.2197],[15, 10, 7],33,3
2.5,36,[0.03862, 0.00349, 0.01983, 0.08274, 0.00714, 0.03558, 0.03164, 0.00257, 0.04138, 0.09636, 0.08536, 0.04887, 0.02952, 0.08468, 0.00218, 0.00116, 0.00119, 0.04688, 0.00321, 0.00337, 0.01584, 0.04222, 0.01233, 0.07226, 0.02605, 0.01653, 0.00061, 0.01365, 0.04661, 0.02755, 0.0632, 0.00208],[0.20761, 0.2023, 0.29868],[10, 4, 11],32,3
2.5,37,[0.03184, 0.01615, 0.00215, 0.00736, 0.01718, 0.01227, 0.05112, 0.07735, 0.00148, 0.0007, 0.02425, 0.02664, 0.00162, 0.01231, 0.03581, 0.09386, 0.03596, 0.01711, 0.03439, 0.05899, 0.00303, 0.02116, 0.0388, 0.0041, 0.00278, 0.07796, 0.00165, 0.02245, 0.02312, 0.09252, 0.00194, 0.06867, 0.03141, 0.00839, 0.05866, 0.01632, 0.01654, 0.00485, 0.04688, 0.08483],[0.20101, 0.2403, 0.25146],[4, 4, 13],40,3
2.5,38,[0.00349, 0.00218, 0.0423, 0.04182, 0.00356, 0.03343, 0.00311, 0.00668, 0.06003, 0.08347, 0.00248, 0.01962, 0.0674, 0.07533, 0.02245, 0.01032, 0.01494, 0.03347, 0.08536, 0.00741, 0.05906, 0.01431, 0.00194, 0.01308, 0.01653, 0.00061, 0.01365, 0.04661, 0.02755, 0.0632, 0.00208, 0.01942, 0.05221, 0.00505, 0.09578, 0.0388, 0.00313, 0.05544, 0.03588, 0.02662, 0.00803, 0.03864, 0.06219, 0.07796, 0.03047, 0.08552, 0.00243, 0.00486, 0.01535, 0.09045, 0.05964, 0.00148, 0.0007, 0.02425, 0.02664, 0.00162, 0.01231, 0.03581, 0.09386, 0.03596, 0.01711, 0.03439, 0.05899, 0.00303, 0.00612],[0.30857, 0.21199, 0.23497, 0.23293, 0.315, 0.28635],[10, 6, 8, 14, 13, 13],65,6
2.5,39,[0.02769, 0.01181, 0.0818, 0.05814, 0.0286, 0.00206, 0.05056, 0.05088, 0.01179, 0.00364, 0.01378, 0.00256, 0.01705, 0.05691, 0.00508, 0.04219, 0.03801, 0.03734, 0.08714, 0.09348, 0.05682, 0.05724, 0.01029, 0.01993, 0.01935, 0.05361, 0.01594, 0.002, 0.01104, 0.00473, 0.00489, 0.04861, 0.0177, 0.00714, 0.00719, 2e-05, 0.03563, 0.00565, 0.09078, 0.00306, 0.00093, 0.00106, 0.04487, 0.04793, 0.00143, 0.01749],[0.32716, 0.20973, 0.22644, 0.20911],[8, 15, 12, 4],46,4
2.5,40,[0.00016, 0.04215, 0.07093, 0.04582, 0.0328, 0.09131, 0.01718, 0.01227, 0.05112, 0.07735, 0.00982, 0.00148, 0.0007, 0.02425, 0.02664, 0.00162, 0.01231, 0.03581, 0.09386, 0.03596, 0.01711, 0.03439, 0.05899, 0.00303, 0.00612, 0.02861, 0.02302, 0.02168, 0.00684, 0.04777, 0.00243, 0.03023, 0.04729, 0.02397, 0.01653, 0.00061, 0.01365, 0.04661, 0.02755, 0.0632, 0.00208, 0.01942],[0.20083, 0.2403, 0.28635, 0.2645],[6, 5, 13, 10],42,4
2.5,41,[0.02537, 0.02235, 0.06382, 0.01918, 0.09412, 0.0019, 0.02833, 0.08494, 0.00931, 0.00248, 0.01962, 0.0674, 0.07533, 0.02245, 0.01032, 0.01179, 0.00364, 0.01378, 0.00256, 0.01705, 0.05691, 0.00508, 0.04219, 0.03801, 0.03734, 0.08714, 0.09348, 0.05682, 0.05724, 0.01029, 0.01993, 0.01935, 0.05361, 0.01594, 0.002, 0.01104, 0.00473, 0.00489, 0.04861, 0.0177, 0.00714, 0.00719, 0.01349, 0.02813, 0.03358, 0.06229, 0.0106, 0.01615, 0.01251, 0.04835, 0.00963, 0.00306, 0.00093, 0.00106, 0.04487, 0.00143, 0.01749],[0.2224, 0.27669, 0.20973, 0.22588, 0.2197],[9, 6, 15, 12, 9],57,5
2.5,42,[0.00361, 0.00306, 0.00965, 0.04948, 0.02032, 0.01092, 0.01494, 0.03347, 0.08536, 0.00741, 0.05906, 0.01431, 0.00194, 0.01308, 0.00248, 0.01962, 0.0674, 0.07533, 0.02245, 0.01032, 0.01179, 0.00364, 0.01378, 0.00256, 0.01705, 0.05691, 0.00508, 0.04219, 0.03801, 0.03734, 0.08714, 0.09348, 0.05682, 0.05724, 0.01029, 0.01993, 0.01935, 0.05361, 0.01594, 0.002, 0.01104, 0.00473, 0.00489, 0.04861, 0.0177],[0.24326, 0.21199, 0.27669, 0.20973],[6, 8, 6, 15],45,4
2.5,43,[0.02277, 0.00939, 0.02361, 0.00226, 0.07066, 0.00419, 0.00166, 0.03409, 0.05888, 0.01702, 0.02629, 0.07051, 0.02364, 0.01341, 0.02564, 0.00306, 0.00093, 0.00106, 0.04487, 0.04793, 0.00143, 0.01749, 0.01349, 0.02813, 0.03358, 0.06229, 0.0106, 0.01615, 0.01251, 0.04835, 0.00963, 0.01993, 0.01935, 0.05361, 0.01594, 0.002, 0.01104, 0.00473, 0.00489, 0.04861, 0.01179, 0.00364, 0.01378, 0.00256, 0.01705, 0.05691, 0.00508, 0.04219, 0.03801, 0.03734, 0.08714, 0.09348, 0.05682],[0.21124, 0.2285, 0.2197, 0.22588, 0.20973],[5, 10, 7, 9, 9],53,5
2.5,44,[0.00485, 0.01061, 0.04494, 0.01832, 0.06189, 0.00824, 0.00459, 0.08384, 0.02181, 0.09873, 0.02138, 0.00308, 0.01256, 0.01638, 0.00704, 0.00357, 0.0806, 0.0037, 0.09734, 0.05617, 0.00377, 0.01376, 0.00435, 0.00238, 0.00608, 0.02817, 0.01783, 0.00178, 0.0511, 0.0401, 0.04496, 0.05138, 0.0283, 0.0154, 0.00418, 0.03966, 0.01701],[0.2752, 0.2314],[21, 12],37,2
2.5,45,[0.01652, 0.05187, 0.09323, 0.03364, 0.01615, 0.09106, 0.05895, 0.00306, 0.00093, 0.00106, 0.04487, 0.04793, 0.00143, 0.01749, 0.00419, 0.00166, 0.03409, 0.05888, 0.01702, 0.02629, 0.07051, 0.02364, 0.01341, 0.02564, 0.00248, 0.01962, 0.0674, 0.02245, 0.01032, 0.02226, 0.09865, 0.03659, 0.02448, 0.0771, 0.04639, 0.01494, 0.03347, 0.08536, 0.00741, 0.05906, 0.01431, 0.00194, 0.01308, 0.01653, 0.00061, 0.01365, 0.04661, 0.02755, 0.0632, 0.00208, 0.01942, 0.05221, 0.00505, 0.09578, 0.0388],[0.22544, 0.2285, 0.34372, 0.21199, 0.23497],[7, 7, 10, 11, 8],55,5
2.5,46,[0.0019, 0.00492, 0.02614, 0.00634, 0.02486, 0.01444, 0.00668, 0.06952, 0.08536, 0.04887, 0.02952, 0.08468, 0.00218, 0.00116, 0.00119, 0.04688, 0.00321, 0.00337, 0.01584, 0.07495, 0.04222, 0.01233, 0.07226, 0.02605, 0.01653, 0.00061, 0.01365, 0.04661, 0.02755, 0.0632, 0.00208, 0.01942, 0.05221, 0.00505, 0.09578, 0.0388, 0.00313, 0.05544, 0.03588, 0.02662, 0.00803, 0.03864, 0.06219, 0.07796, 0.03047, 0.00243, 0.00486, 0.01535, 0.09045, 0.05964, 0.00148],[0.23501, 0.2023, 0.29868, 0.23293, 0.315],[8, 4, 12, 14, 12],51,5
2.5,47,[0.01614, 0.01241, 0.02144, 0.00494, 0.00441, 0.0799, 0.07439, 0.01402, 0.05573, 0.02379, 0.01675, 0.01653, 0.00061, 0.01365, 0.04661, 0.02755, 0.0632, 0.00208, 0.01942, 0.05221, 0.00505, 0.09578, 0.0388, 0.01494, 0.03347, 0.08536, 0.00741, 0.05906, 0.01431, 0.00194, 0.01308, 0.00248, 0.01962, 0.0674, 0.07533, 0.02245, 0.01032, 0.01179, 0.00364, 0.01378, 0.00256, 0.01705, 0.05691, 0.00508, 0.04219, 0.03801, 0.03734, 0.08714, 0.09348, 0.05682, 0.05724, 0.01029, 0.01993, 0.01935, 0.05361, 0.01594, 0.002],[0.2507, 0.23497, 0.21199, 0.27669, 0.20973],[11, 12, 8, 6, 15],57,5
2.5,48,[0.01726, 0.08258, 0.05114, 0.0282, 0.00214, 0.03628, 0.00522, 0.06305, 0.03026, 0.02401, 0.06778, 0.00612, 0.02861, 0.02302, 0.02168, 0.00684, 0.04777, 0.00243, 0.03023, 0.04729, 0.02397, 0.01653, 0.00061, 0.01365, 0.04661, 0.02755, 0.0632, 0.00208, 0.01942],[0.27956, 0.23679, 0.2645],[4, 7, 10],29,3
2.5,49,[0.01544, 0.08218, 0.01524, 0.04231, 0.03102, 0.01684, 0.02711, 0.00248, 0.01962, 0.0674, 0.07533, 0.02245, 0.01032, 0.01494, 0.03347, 0.08536, 0.00741, 0.05906, 0.01431, 0.00194, 0.01308, 0.01653, 0.00061],[0.24268, 0.21199, 0.23497],[7, 6, 8],23,3
2.5,50,[0.01365, 0.00862, 0.01005, 0.01218, 0.02841, 0.0242, 0.08966, 0.08968, 0.00419, 0.00166, 0.03409, 0.05888, 0.01702, 0.02629, 0.07051, 0.02364, 0.01341, 0.02564, 0.00306, 0.00093, 0.00106, 0.04487, 0.04793, 0.00143, 0.01749, 0.01349, 0.02813, 0.03358, 0.06229, 0.0106, 0.01615, 0.01251, 0.04835, 0.00963, 0.01993, 0.01935, 0.05361, 0.01594, 0.002, 0.01104, 0.00473, 0.00489, 0.04861, 0.01179, 0.00364, 0.01378, 0.00256, 0.01705, 0.05691, 0.00508, 0.04219, 0.03801, 0.03734, 0.08714, 0.09348, 0.05682],[0.23174, 0.2285, 0.2197, 0.22588, 0.20973],[8, 10, 7, 9, 9],56,5
2.5,51,[0.03028, 0.03238, 0.05735, 0.00116, 0.08406, 0.03919, 0.09462, 0.00245, 0.01432, 0.07229, 0.0127, 0.00959, 0.08437, 0.01653, 0.00061, 0.01365, 0.04661, 0.02755, 0.0632, 0.00208, 0.01942, 0.05221, 0.00505, 0.09578, 0.0388, 0.01494, 0.03347, 0.08536, 0.00741, 0.05906, 0.01431, 0.00194, 0.01308, 0.00248, 0.01962, 0.0674, 0.07533, 0.02245, 0.01032, 0.01179, 0.00364, 0.01378, 0.00256, 0.01705, 0.05691, 0.00508, 0.04219, 0.03801, 0.03734, 0.08714, 0.09348, 0.05682, 0.05724, 0.01029, 0.01993, 0.01935, 0.05361],[0.28653, 0.23497, 0.21199, 0.27669, 0.20973],[13, 12, 8, 6, 15],57,5
2.5,52,[0.00097, 0.00205, 0.01993, 0.01935, 0.05361, 0.01594, 0.002, 0.01104, 0.00473, 0.00489, 0.04861, 0.01179, 0.00364, 0.01378, 0.00256, 0.01705, 0.05691, 0.00508, 0.04219, 0.03801, 0.03734, 0.08714, 0.09348, 0.05682, 0.05724, 0.01029, 0.00248, 0.01962, 0.0674, 0.07533, 0.02245, 0.01032, 0.01494, 0.03347, 0.08536],[0.23526, 0.20973, 0.27669, 0.21199],[2, 9, 15, 6],35,4
2.5,53,[0.0239, 0.01038, 0.00511, 0.00642, 0.0678, 0.02109, 0.01968, 0.00214, 0.03628, 0.00522, 0.06305, 0.03026, 0.02401, 0.06778, 0.00612, 0.02861, 0.02302, 0.02168, 0.00684, 0.04777, 0.00243, 0.03023, 0.04729, 0.02397, 0.01653, 0.00061, 0.01365, 0.04661, 0.02755, 0.0632, 0.00208, 0.01942],[0.24064, 0.23679, 0.2645],[7, 7, 10],32,3
2.5,54,[0.01004, 0.04114, 0.00143, 0.00176, 0.09147, 0.0078, 0.01579, 0.01424, 0.00888, 0.0045, 0.00248, 0.01962, 0.0674, 0.07533, 0.02245, 0.01032, 0.01494, 0.03347, 0.08536, 0.00741, 0.05906, 0.01431, 0.00194, 0.01308, 0.01653, 0.00061, 0.01365, 0.04661, 0.02755, 0.0632, 0.00208, 0.01942, 0.05221, 0.00505, 0.09578, 0.0388, 0.00313, 0.05544, 0.03588, 0.02662, 0.00803, 0.03864, 0.06219, 0.07796, 0.03047, 0.08552, 0.00243, 0.00486, 0.01535, 0.09045, 0.05964, 0.00148],[0.23445, 0.21199, 0.23497, 0.23293, 0.315],[10, 6, 8, 14, 13],52,5
2.5,55,[0.04178, 0.03399, 0.07902, 0.00155, 0.059, 0.00424, 0.08272, 0.0833, 0.02545, 0.04602, 0.07225, 0.0767, 0.02809, 0.01494, 0.03347, 0.08536, 0.00741, 0.05906, 0.01431, 0.00194, 0.01308, 0.01653, 0.00061, 0.01365, 0.04661, 0.02755, 0.0632, 0.00208, 0.01942, 0.05221, 0.00505, 0.09578, 0.0388, 0.00313, 0.05544, 0.03588, 0.02662, 0.00803, 0.03864, 0.06219, 0.07796, 0.03047, 0.08552, 0.00243, 0.00486, 0.01535, 0.09045, 0.05964, 0.00148, 0.0007, 0.02425, 0.02664, 0.00162, 0.01231, 0.03581],[0.2129, 0.23497, 0.23293, 0.315],[13, 8, 14, 13],55,4
2.5,56,[0.05012, 0.01663, 0.05026, 0.06834, 0.01517, 0.03663, 0.0435, 0.06983, 0.00219, 0.0171, 0.09385, 0.00261, 0.04913],[],[],13,0
2.5,57,[0.00402, 0.02324, 0.00185, 0.03801, 0.01685, 0.05711, 0.00214, 0.03628, 0.00522, 0.06305, 0.03026, 0.02401, 0.06778, 0.00612, 0.02861, 0.02302, 0.02168, 0.00684, 0.04777, 0.00243, 0.03023, 0.04729, 0.02397, 0.01653, 0.00061, 0.01365, 0.04661, 0.02755, 0.00208, 0.01942, 0.05221],[0.23311, 0.23679, 0.2645],[6, 7, 10],31,3
2.5,58,[0.03215, 0.04006, 0.02379, 0.03831, 0.02028, 0.01255, 0.00758, 0.0022, 0.01111, 0.01347, 0.04167, 0.03758, 0.08972, 0.00287, 0.07926, 0.01179, 0.00364, 0.01378, 0.00256, 0.01705, 0.05691, 0.00508, 0.04219, 0.03801, 0.03734, 0.08714, 0.09348, 0.05682, 0.05724, 0.01029, 0.01993, 0.01935, 0.05361, 0.01594, 0.002, 0.01104, 0.00473],[0.21796, 0.20973],[15, 15],37,2
2.5,59,[0.0018, 0.00107, 0.05205, 0.02318, 0.04342, 0.00245, 0.05957, 0.02715, 0.01409, 0.00148, 0.0007, 0.02425, 0.02664, 0.00162, 0.01231, 0.03581, 0.09386, 0.03596, 0.01711, 0.03439, 0.05899],[0.21226],[9],21,1
2.5,60,[0.00125, 0.00301, 0.01048, 0.06244, 0.03821, 0.01855, 0.01149, 0.05794, 0.07974, 0.0237, 0.02591, 0.05746, 0.08388, 0.02139, 0.00748, 0.00532],[],[],16,0
2.5,61,[0.00404, 0.00089, 0.04327, 0.00598, 0.06196, 0.00955, 0.00192, 0.0527, 0.09802, 0.0654, 0.07914, 0.00498, 0.08536, 0.04887, 0.02952, 0.08468, 0.00218, 0.00116, 0.00119, 0.04688, 0.00321, 0.00337, 0.01584, 0.07495, 0.04222, 0.01233, 0.07226, 0.02605, 0.01653, 0.00061, 0.01365, 0.04661, 0.02755, 0.0632, 0.00208, 0.01942, 0.05221, 0.00505, 0.09578, 0.0388, 0.00313, 0.05544, 0.03588, 0.02662, 0.00803, 0.03864, 0.06219, 0.07796, 0.03047, 0.08552, 0.00243, 0.00486, 0.01535, 0.09045, 0.05964, 0.00148],[0.22085, 0.2023, 0.29868, 0.23293, 0.315],[12, 4, 12, 14, 13],56,5
2.5,62,[0.0166, 0.00936, 0.07696, 0.05086, 0.02355, 0.03972, 0.0073, 0.00248, 0.01962, 0.0674, 0.07533, 0.02245, 0.01032, 0.01494, 0.03347, 0.08536, 0.00741, 0.05906, 0.01431, 0.00194, 0.01308, 0.01653, 0.00061, 0.01365, 0.04661, 0.02755, 0.0632, 0.00208, 0.01942, 0.05221, 0.00505, 0.09578, 0.0388, 0.00313, 0.05544, 0.03588, 0.02662, 0.00803, 0.03864, 0.06219, 0.07796, 0.03047, 0.08552, 0.00243, 0.00486, 0.01535, 0.09045, 0.05964, 0.00148, 0.0007, 0.02425, 0.02664, 0.00162, 0.01231, 0.03581],[0.20156, 0.21199, 0.23497, 0.23293, 0.315],[7, 6, 8, 14, 13],55,5
2.5,63,[0.01844, 0.00835, 0.03339, 0.04439, 0.00912, 0.02157, 0.08544, 0.00248, 0.01962, 0.0674, 0.07533, 0.02245, 0.01032, 0.01494, 0.03347, 0.08536, 0.00741, 0.05906, 0.01431, 0.00194, 0.01308, 0.01653, 0.00061, 0.01365, 0.04661, 0.02755, 0.0632, 0.00208, 0.01942, 0.05221, 0.00505, 0.09578, 0.0388, 0.00313, 0.05544, 0.03588, 0.02662, 0.00803, 0.03864, 0.06219, 0.07796, 0.03047, 0.08552, 0.00243, 0.00486, 0.01535, 0.09045, 0.05964, 0.00148, 0.0007, 0.02425, 0.02664, 0.00162],[0.2181, 0.21199, 0.23497, 0.23293, 0.315],[7, 6, 8, 14, 13],53,5
2.5,64,[0.03567, 0.02631, 0.00358, 0.07211, 0.02551, 0.00221, 0.00892, 0.00244, 0.05335, 0.04029, 0.06156, 0.01682, 0.03966, 0.01853, 0.04645, 0.03717, 0.00537, 0.00378, 0.00239, 0.0989, 0.00248, 0.01962, 0.0674, 0.07533, 0.02245, 0.01032, 0.01494, 0.03347, 0.08536],[0.2352, 0.26009, 0.21199],[12, 8, 6],29,3
2.5,65,[0.00089, 0.01776, 0.01964, 0.00493, 0.0256, 0.04164, 0.06034, 0.09777, 0.07376, 0.00607, 0.07917, 0.01376, 0.00435, 0.00238, 0.00608, 0.02817, 0.01783, 0.00178, 0.0511, 0.0401, 0.04496, 0.05138, 0.0283, 0.0154, 0.00418, 0.03966, 0.01701, 0.01189, 0.00745, 0.03806, 0.05823, 0.00248, 0.01962, 0.0674, 0.07533, 0.02245, 0.01032, 0.01494, 0.03347, 0.08536, 0.00741, 0.05906, 0.01431, 0.00194, 0.01308, 0.01653],[0.23377, 0.2314, 0.22081, 0.21199, 0.23497],[11, 12, 8, 6, 8],46,5
2.5,66,[0.00538, 0.01225, 0.05401, 0.01918, 0.02116, 0.0388, 0.0041, 0.00278, 0.07796, 0.00165, 0.02245, 0.02312, 0.09252, 0.00194, 0.06867, 0.06347, 0.03141, 0.00839, 0.05866, 0.01632, 0.01654, 0.00485, 0.04688, 0.08483, 0.03062, 0.06164, 0.00899, 0.01578, 0.01616, 0.0767, 0.00148, 0.0007, 0.02425, 0.02664, 0.00162, 0.01231, 0.03581, 0.09386, 0.03596, 0.01711, 0.03439, 0.05899, 0.00303, 0.00612, 0.02861, 0.02302, 0.02168, 0.00684, 0.04777, 0.00243],[0.25218, 0.25146, 0.28635],[4, 26, 13],50,3
2.5,67,[0.03965, 0.02476, 0.02269, 0.00463, 0.05825, 0.03602, 0.03129, 0.0167, 0.04846, 0.01422, 0.0391, 0.0124, 0.04446, 0.0154, 0.00418, 0.03966, 0.01701, 0.01189, 0.00745, 0.03806, 0.05823, 0.01376, 0.00435, 0.00238, 0.00608, 0.02817, 0.01783, 0.00178],[0.22333, 0.2314],[13, 8],28,2
2.5,68,[0.00394, 0.04164, 0.03758, 0.00802, 0.00222, 0.00714, 0.06825, 0.04152, 0.0422, 0.03588, 0.02662, 0.00803, 0.03864, 0.06219, 0.07796, 0.03047, 0.08552, 0.00243, 0.00486, 0.01535, 0.09045, 0.05964, 0.01653, 0.00061, 0.01365, 0.04661, 0.02755, 0.0632, 0.00208, 0.01942, 0.05221, 0.00505, 0.09578, 0.0388, 0.01494, 0.03347, 0.08536, 0.00741, 0.05906, 0.01431, 0.00194],[0.24535, 0.23293, 0.23497],[9, 13, 12],41,3
2.5,69,[0.00155, 0.05322, 0.02421, 0.07234, 0.06333, 0.04793, 0.02666, 0.07833, 0.05173, 0.07651, 0.03255, 0.01033, 0.07438, 0.03614, 0.06804, 0.02172, 0.08081, 0.00148, 0.0007, 0.02425],[0.30103],[17],20,1
2.5,70,[0.00098, 0.02198, 0.00711, 0.00574, 0.02863, 0.00136, 0.02864, 0.03659, 0.03075, 0.03139, 0.04828, 0.0154, 0.00418, 0.03966, 0.01701, 0.01189, 0.00745, 0.03806, 0.05823, 0.00248, 0.01962, 0.0674, 0.07533, 0.02245, 0.01032, 0.01494, 0.03347, 0.08536, 0.00741, 0.05906, 0.01431, 0.00194, 0.01308, 0.01653, 0.00061, 0.01365, 0.04661, 0.02755, 0.0632, 0.00208, 0.01942],[0.21845, 0.22081, 0.21199, 0.23497],[11, 8, 6, 8],41,4
2.5,71,[0.02939, 0.01409, 0.00141, 0.01756, 0.01789, 0.01156, 0.00351, 0.01967, 0.0716, 0.00434, 0.04215, 0.00956, 0.09248, 0.00843, 0.06465, 0.00248, 0.01962, 0.0674, 0.07533, 0.02245, 0.01032, 0.01494, 0.03347, 0.08536, 0.00741, 0.05906, 0.01431, 0.00194, 0.01308, 0.01653, 0.00061, 0.01365, 0.04661, 0.02755, 0.0632, 0.00208, 0.01942, 0.05221, 0.00505, 0.09578, 0.0388, 0.00313, 0.05544, 0.03588, 0.02662, 0.00803, 0.03864],[0.21061, 0.24329, 0.21199, 0.23497, 0.23293],[9, 6, 6, 8, 14],47,5
2.5,72,[0.03154, 0.01284, 0.0143, 0.05064, 0.04203, 0.07783, 0.04532, 0.04589, 0.01173, 0.04643, 0.00226, 0.03588, 0.02413, 0.00896, 0.00632, 0.01171, 0.00719, 0.00361, 0.09252, 0.09018, 0.07183, 0.01653, 0.00061, 0.01365, 0.04661, 0.02755, 0.0632, 0.00208, 0.01942, 0.05221],[0.20903, 0.25727],[10, 11],30,2
2.5,73,[0.00338, 0.01229, 0.01437, 0.04269, 0.01653, 0.00061, 0.01365, 0.04661, 0.02755, 0.0632, 0.00208, 0.01942, 0.05221, 0.00505, 0.09578, 0.0388, 0.03588, 0.02662, 0.00803, 0.03864, 0.06219, 0.07796, 0.03047, 0.08552, 0.00243, 0.00486, 0.01535, 0.09045, 0.05964, 0.00148, 0.0007, 0.02425, 0.02664, 0.00162, 0.01231, 0.03581, 0.09386, 0.03596, 0.01711, 0.03439, 0.05899, 0.00303, 0.00612, 0.02861, 0.02302, 0.02168, 0.00684, 0.04777, 0.00243, 0.03023, 0.04729, 0.02397, 0.00214, 0.03628, 0.00522, 0.06305, 0.03026],[0.20627, 0.23293, 0.315, 0.28635, 0.23679],[4, 12, 13, 13, 10],57,5
2.5,74,[0.01278, 0.02655, 0.00108, 0.01605, 0.05302, 0.06952, 0.01172, 0.01494, 0.03347, 0.08536, 0.00741, 0.05906, 0.01431, 0.00194, 0.01308, 0.00248, 0.01962, 0.0674, 0.07533, 0.02245, 0.01032, 0.01179, 0.00364, 0.01378, 0.00256, 0.01705, 0.05691, 0.00508, 0.04219, 0.03801, 0.03734, 0.08714, 0.09348, 0.05682, 0.05724, 0.01029, 0.01993, 0.01935, 0.05361, 0.01594, 0.002, 0.01104, 0.00473, 0.00489, 0.04861, 0.0177, 0.00714, 0.00719, 0.01349, 0.02813, 0.03358, 0.06229, 0.0106, 0.01615, 0.01251, 0.04835],[0.20437, 0.21199, 0.27669, 0.20973, 0.22588],[7, 8, 6, 15, 12],56,5
2.5,75,[0.01716, 0.05523, 0.01396, 0.01562, 0.02386, 0.04528, 0.02086, 0.07975, 0.0045, 0.00148, 0.0007, 0.02425, 0.02664, 0.00162, 0.01231, 0.03581, 0.09386, 0.03596, 0.01711, 0.03439, 0.05899, 0.00303, 0.00612, 0.02861, 0.02302, 0.02168, 0.00684, 0.04777, 0.00243, 0.03023, 0.04729, 0.02397],[0.20394, 0.28635, 0.2645],[9, 13, 10],32,3
2.5,76,[0.0003, 0.00968, 0.00248, 0.00394, 0.08926, 0.03588, 0.02662, 0.00803, 0.03864, 0.06219, 0.07796, 0.03047, 0.08552, 0.00243, 0.00486, 0.01535, 0.09045, 0.05964, 0.01653, 0.00061, 0.01365, 0.04661, 0.02755, 0.0632, 0.00208, 0.01942, 0.05221, 0.00505, 0.09578, 0.0388, 0.01494, 0.03347, 0.08536, 0.00741, 0.05906, 0.01431, 0.00194, 0.01308, 0.00248, 0.01962, 0.0674, 0.07533, 0.02245, 0.01032, 0.01179, 0.00364, 0.01378, 0.00256, 0.01705, 0.05691, 0.00508],[0.22608, 0.23293, 0.23497, 0.21199, 0.27669],[5, 13, 12, 8, 6],51,5
2.5,77,[0.01889, 0.01485, 0.04343, 0.04391, 0.00776, 0.01108, 0.02677, 0.04976, 0.07176, 0.05035, 0.01426, 0.0193, 0.04829, 0.01145, 0.00211, 0.03293, 0.01653],[0.24506],[16],17,1
2.5,78,[0.027, 0.00169, 0.05289, 0.06034, 0.04074, 0.00207, 0.08536, 0.04887, 0.02952, 0.08468, 0.00218, 0.00116, 0.00119, 0.04688, 0.00321, 0.00337, 0.01584, 0.07495, 0.04222, 0.01233, 0.07226, 0.02605, 0.01653, 0.00061, 0.01365, 0.04661, 0.02755, 0.0632, 0.00208, 0.01942, 0.05221, 0.00505, 0.09578, 0.0388, 0.00313, 0.05544, 0.03588, 0.02662, 0.00803, 0.03864, 0.06219, 0.07796, 0.03047, 0.08552, 0.00243, 0.00486, 0.01535],[0.24257, 0.2023, 0.29868, 0.23293],[6, 4, 12, 14],47,4
2.5,79,[0.03228, 0.00484, 0.00164, 0.09915, 0.0896, 0.01116, 0.00225, 0.00542, 0.00351, 0.00367, 0.0413, 0.0151, 0.00612, 0.02861, 0.02302, 0.02168, 0.00684, 0.04777, 0.00243, 0.03023, 0.04729, 0.02397, 0.00275, 0.0089, 0.01843],[0.20307],[12],25,1
2.5,80,[0.00917, 0.04773, 0.00137, 0.06102, 0.02705, 0.0346, 0.00148, 0.0007, 0.02425, 0.02664, 0.00162, 0.01231, 0.03581, 0.09386, 0.03596, 0.01711, 0.03439, 0.05899, 0.00303, 0.02116, 0.0388, 0.0041, 0.00278, 0.07796, 0.00165, 0.02245, 0.02312, 0.09252, 0.00194, 0.06867, 0.06347, 0.03141, 0.00839, 0.05866, 0.01632, 0.01654, 0.00485, 0.04688],[0.28553, 0.25146],[6, 13],38,2
2.5,81,[0.00209, 0.04266, 0.02206, 0.00359, 0.01362, 0.00352, 0.00785, 0.01653, 0.00061, 0.01365, 0.04661, 0.02755, 0.0632, 0.00208, 0.01942, 0.05221, 0.00505, 0.09578, 0.0388, 0.03588, 0.02662, 0.00803, 0.03864, 0.06219, 0.07796, 0.03047, 0.08552, 0.00243, 0.00486, 0.01535, 0.09045, 0.05964, 0.00148, 0.0007, 0.02425, 0.02664, 0.00162, 0.01231, 0.03581, 0.09386, 0.03596, 0.01711, 0.03439, 0.05899, 0.00303, 0.00612],[0.25136, 0.23293, 0.315, 0.28635],[7, 12, 13, 13],46,4
2.5,82,[0.00121, 0.00525, 0.03368, 0.01653, 0.00061, 0.01365, 0.04661, 0.02755, 0.0632, 0.00208, 0.01942, 0.05221, 0.00505, 0.09578, 0.0388, 0.03588, 0.02662, 0.00803, 0.03864, 0.06219, 0.07796, 0.03047, 0.08552, 0.00243, 0.00486, 0.01535, 0.09045, 0.05964, 0.00148, 0.0007, 0.02425, 0.02664, 0.00162, 0.01231, 0.03581, 0.09386, 0.03596, 0.01711, 0.03439, 0.05899, 0.00303, 0.00612, 0.02861, 0.02302, 0.02168, 0.00684, 0.04777, 0.00243, 0.03023, 0.04729, 0.02397, 0.00214, 0.03628, 0.00522, 0.06305, 0.03026, 0.02401, 0.08536],[0.24924, 0.23293, 0.315, 0.28635, 0.23679, 0.34359],[3, 12, 13, 13, 10, 6],58,6
2.5,83,[0.00781, 0.00112, 0.0132, 0.02496, 0.00349, 0.00189, 0.01906, 0.07177, 0.00283, 0.00197, 0.0163, 0.03038, 0.00507, 0.0291, 0.01767, 0.00748, 0.05844, 0.00537, 0.01693, 0.03582, 0.07788, 0.07555, 0.01286, 0.08536, 0.04887, 0.02952, 0.08468, 0.00218, 0.00116, 0.00119],[0.2383, 0.2554, 0.2023],[9, 14, 4],30,3
2.5,84,[0.00454, 0.00073, 0.03654, 0.03799, 0.05325, 0.00542, 0.00289, 0.02816, 0.0032, 0.00962, 0.00324, 0.00214, 0.03628, 0.00522, 0.06305, 0.03026, 0.02401, 0.06778, 0.00612, 0.02861, 0.02302, 0.02168, 0.00684, 0.04777, 0.00243, 0.03023, 0.04729, 0.02397, 0.01653, 0.00061, 0.01365, 0.04661, 0.02755, 0.0632, 0.00208, 0.01942],[0.22214, 0.23679, 0.2645],[11, 7, 10],36,3
2.5,85,[0.00026, 0.00042, 0.0404, 0.00221, 0.0069, 0.00365, 0.03676, 0.04756, 0.05545, 0.08501, 0.02106, 0.02069, 0.0214, 0.00486, 0.06161, 0.0718, 0.01179, 0.00364, 0.01378, 0.00256, 0.01705, 0.05691, 0.00508, 0.04219, 0.03801, 0.03734, 0.08714, 0.09348, 0.05682, 0.05724, 0.01029, 0.01993, 0.01935, 0.05361, 0.01594, 0.002, 0.01104, 0.00473, 0.00489, 0.04861, 0.0177, 0.00714, 0.00719, 0.01349, 0.02813, 0.03358, 0.06229, 0.0106, 0.01615, 0.01251, 0.04835, 0.00963, 0.00197, 0.01635],[0.28831, 0.20973, 0.22588, 0.29123],[16, 15, 12, 9],54,4
2.5,86,[0.05613, 0.01716, 0.08025, 0.03104, 0.03214, 0.02116, 0.0388, 0.0041, 0.00278, 0.07796, 0.00165, 0.02245, 0.02312, 0.09252, 0.00194, 0.06867, 0.06347, 0.03141, 0.00839, 0.05866, 0.01632, 0.01654, 0.00485, 0.04688, 0.08483, 0.03062, 0.06164, 0.00899, 0.01578, 0.01616, 0.0767, 0.00148, 0.0007, 0.02425, 0.02664, 0.00162, 0.01231, 0.03581, 0.09386, 0.03596, 0.01711, 0.03439, 0.05899, 0.00303, 0.00612, 0.02861, 0.02302, 0.02168],[0.24539, 0.25146, 0.28635],[5, 26, 13],48,3
2.5,87,[0.05359, 0.04553, 0.06123, 0.00707, 0.00162, 0.01019, 0.07628, 0.01376, 0.00435, 0.00238, 0.00608, 0.02817, 0.01783, 0.00178, 0.0511, 0.0401, 0.04496, 0.05138, 0.0283, 0.00513, 0.00923, 0.04005, 0.00255, 0.00656, 0.03664, 0.05213, 0.01653, 0.00061, 0.01365, 0.04661, 0.02755, 0.0632, 0.00208, 0.01942, 0.05221, 0.00505, 0.09578, 0.0388, 0.03588, 0.02662, 0.00803, 0.03864, 0.06219, 0.07796, 0.03047, 0.08552, 0.00243],[0.2433, 0.2705, 0.26481, 0.23293],[7, 12, 7, 12],47,4
2.5,88,[0.02985, 0.03153, 0.01276, 0.06758, 0.05666, 0.00319, 0.07305, 0.00747, 0.00757, 0.00513, 0.0406, 0.005, 0.07879, 0.00669, 0.03719, 0.00952, 0.02059, 0.04071, 0.00513],[0.20299, 0.24207],[9, 9],19,2
2.5,89,[0.01732, 0.00314, 0.03502, 0.00226, 0.03588, 0.02413, 0.00896, 0.00632, 0.01171, 0.00719, 0.00361, 0.09252, 0.09018, 0.07183, 0.01653, 0.00061, 0.01365, 0.04661, 0.02755, 0.0632, 0.00208, 0.01942, 0.05221, 0.00505, 0.09578, 0.0388, 0.01494, 0.03347, 0.08536, 0.00741, 0.05906, 0.01431, 0.00194, 0.01308, 0.00248, 0.01962, 0.0674, 0.07533, 0.02245, 0.01032, 0.01179, 0.00364, 0.01378, 0.00256, 0.01705, 0.05691, 0.00508, 0.04219, 0.03801],[0.20436, 0.25727, 0.23497, 0.21199, 0.27669],[3, 11, 12, 8, 6],49,5
2.5,90,[0.01733, 0.00459, 0.0152, 0.01167, 0.00885, 0.00783, 0.05653, 0.00201, 0.05081, 0.05151, 0.08647, 0.01038, 0.01494, 0.03347, 0.08536, 0.00741, 0.05906, 0.01431, 0.00194, 0.01308, 0.00248, 0.01962, 0.0674, 0.07533, 0.02245, 0.01032, 0.01179, 0.00364, 0.01378, 0.00256, 0.01705, 0.05691, 0.00508, 0.04219, 0.03801, 0.03734, 0.08714, 0.09348, 0.05682, 0.05724, 0.01029, 0.01993, 0.01935, 0.05361, 0.01594, 0.002, 0.01104, 0.00473, 0.00489, 0.04861, 0.0177, 0.00714, 0.00719, 0.01349],[0.21773, 0.21199, 0.27669, 0.20973, 0.22588],[12, 8, 6, 15, 12],54,5
2.5,91,[0.06494, 0.01554, 0.01081, 0.08536, 0.04887, 0.02952, 0.08468, 0.00218, 0.00116, 0.00119, 0.04688, 0.00321, 0.00337, 0.01584, 0.07495, 0.04222, 0.01233, 0.07226, 0.02605, 0.01653, 0.00061, 0.01365, 0.04661, 0.02755, 0.0632, 0.00208, 0.01942, 0.05221, 0.00505, 0.09578, 0.0388, 0.00313, 0.05544, 0.03588, 0.02662, 0.00803, 0.03864, 0.06219, 0.07796, 0.03047, 0.08552, 0.00243, 0.00486, 0.01535, 0.09045, 0.05964, 0.00148],[0.22186, 0.2023, 0.29868, 0.23293, 0.315],[3, 4, 12, 14, 13],47,5
2.5,92,[0.0002, 0.01162, 0.00134, 0.0079, 0.06421, 0.01911, 0.03601, 0.09199, 0.02116, 0.0388, 0.0041, 0.00278, 0.07796, 0.00165, 0.02245, 0.02312, 0.09252, 0.00194, 0.06867, 0.06347, 0.03141, 0.00839, 0.05866, 0.01632, 0.01654, 0.00485, 0.04688, 0.08483, 0.03062, 0.06164, 0.00899, 0.01578, 0.01616, 0.0767, 0.00148, 0.0007, 0.02425, 0.02664, 0.00162, 0.01231, 0.03581, 0.09386, 0.03596, 0.01711, 0.03439, 0.05899, 0.00303, 0.00612, 0.02861, 0.02302, 0.02168, 0.00684, 0.04777, 0.00243],[0.21958, 0.25146, 0.28635],[8, 26, 13],54,3
2.5,93,[0.00133, 0.00155, 0.01758, 0.00345, 0.02885, 0.03446, 0.00433, 0.01653, 0.00061, 0.01365, 0.04661, 0.02755, 0.0632, 0.00208, 0.01942, 0.05221, 0.00505, 0.09578, 0.0388, 0.03588, 0.02662, 0.00803, 0.03864, 0.06219, 0.07796, 0.03047, 0.08552, 0.00243, 0.00486, 0.01535, 0.09045, 0.05964, 0.00148, 0.0007, 0.02425, 0.02664, 0.00162, 0.01231, 0.03581, 0.09386, 0.03596, 0.01711, 0.03439, 0.05899, 0.00303, 0.00612, 0.02861, 0.02302, 0.02168, 0.00684, 0.04777, 0.00243],[0.23419, 0.23293, 0.315, 0.28635],[7, 12, 13, 13],52,4
2.5,94,[0.0351, 0.02091, 0.01857, 0.09277, 0.08536, 0.04887, 0.02952, 0.08468, 0.00218, 0.00116, 0.00119, 0.04688, 0.00321, 0.00337, 0.01584, 0.07495, 0.04222, 0.01233, 0.07226, 0.02605, 0.01653, 0.00061, 0.01365, 0.04661, 0.02755, 0.0632, 0.00208, 0.01942, 0.05221, 0.00505, 0.09578, 0.0388, 0.00313, 0.05544, 0.03588, 0.02662, 0.00803, 0.03864, 0.06219, 0.07796, 0.03047, 0.08552, 0.00243, 0.00486, 0.01535, 0.09045, 0.05964, 0.00148],[0.22421, 0.2023, 0.29868, 0.23293, 0.315],[4, 4, 12, 14, 13],48,5
2.5,95,[0.00711, 0.07091, 0.00693, 0.0164, 0.0127, 0.00297, 0.00321, 0.00214, 0.03628, 0.00522, 0.06305, 0.03026, 0.02401, 0.06778, 0.00612, 0.02861, 0.02302, 0.02168, 0.00684, 0.04777, 0.00243, 0.03023, 0.04729, 0.02397, 0.01653, 0.00061, 0.01365, 0.04661, 0.02755, 0.0632, 0.00208, 0.01942],[0.26628, 0.23679, 0.2645],[7, 7, 10],32,3
2.5,96,[0.00037, 0.01609, 0.01397, 0.0754, 0.03348, 0.03749, 0.0262, 0.00248, 0.01962, 0.0674, 0.07533, 0.02245, 0.01032, 0.01494, 0.03347, 0.08536, 0.00741, 0.05906, 0.01431, 0.00194, 0.01308, 0.01653, 0.00061, 0.01365, 0.04661, 0.02755, 0.0632, 0.00208, 0.01942, 0.05221, 0.00505, 0.09578, 0.0388, 0.00313, 0.05544, 0.03588, 0.02662, 0.00803, 0.03864, 0.06219, 0.07796],[0.26759, 0.21199, 0.23497, 0.23293],[7, 6, 8, 14],41,4
2.5,97,[0.01637, 0.00125, 0.0171, 0.02357, 0.02019, 0.00173, 0.06042, 0.01414, 0.0298, 0.00673, 0.05112, 0.03601, 0.00725, 0.00376, 0.02198, 0.0479],[],[],16,0
2.5,98,[0.02632, 0.01511, 0.03224, 0.01386, 0.00756, 0.00592, 0.01179, 0.00364, 0.01378, 0.00256, 0.01705, 0.05691, 0.00508, 0.04219, 0.03801, 0.03734, 0.08714, 0.09348, 0.05682, 0.05724, 0.01029],[0.22573],[6],21,1
2.5,99,[0.00133, 0.00452, 0.04096, 0.04352, 0.03334, 0.00538, 0.00553, 0.05987, 0.08493, 0.00218, 0.00234, 0.02359, 0.00248, 0.01962, 0.0674, 0.07533, 0.02245, 0.01032, 0.01494, 0.03347, 0.08536, 0.00741, 0.05906, 0.01431, 0.00194, 0.01308, 0.01653, 0.00061, 0.01365, 0.04661, 0.02755, 0.0632, 0.00208, 0.01942, 0.05221, 0.00505, 0.09578, 0.0388, 0.00313, 0.05544, 0.03588, 0.02662, 0.00803, 0.03864, 0.06219, 0.07796, 0.03047, 0.08552, 0.00243, 0.00486, 0.01535, 0.09045, 0.05964, 0.00148, 0.0007, 0.02425, 0.02664, 0.00162, 0.01231, 0.03581, 0.09386, 0.03596, 0.01711, 0.03439, 0.05899, 0.00303, 0.00612],[0.31068, 0.21199, 0.23497, 0.23293, 0.315, 0.28635],[12, 6, 8, 14, 13, 13],67,6
2.5,100,[0.01857, 0.00591, 0.09944, 0.03086, 0.01718, 0.01227, 0.05112, 0.07735, 0.00148, 0.0007, 0.02425, 0.02664, 0.00162, 0.01231, 0.03581, 0.09386, 0.03596, 0.01711, 0.03439, 0.05899, 0.00303, 0.02116, 0.0388, 0.0041, 0.00278, 0.07796, 0.00165, 0.02245, 0.02312, 0.09252, 0.00194, 0.06867, 0.03141, 0.00839, 0.05866, 0.01632, 0.01654, 0.00485, 0.04688, 0.08483],[0.27151, 0.2403, 0.25146],[4, 4, 13],40,3
2.5,101,[0.00222, 0.00239, 0.0301, 0.04977, 0.08307, 0.0523, 0.00151, 0.09823, 0.09132, 0.03122, 0.04433, 0.02253, 0.02537, 0.08536, 0.04887, 0.02952, 0.08468, 0.01606, 0.01844, 0.01741, 0.04414, 0.028, 0.02645, 0.03535, 0.00237, 0.00764, 0.04677, 0.03647, 0.0577],[0.27135, 0.21492],[13, 4],29,2
2.5,102,[0.00059, 0.00498, 0.01653, 0.00061, 0.01365, 0.04661, 0.02755, 0.0632, 0.00208, 0.01942, 0.05221, 0.00505, 0.09578, 0.0388, 0.03588, 0.02662, 0.00803, 0.03864, 0.06219, 0.07796, 0.03047, 0.08552, 0.00243, 0.00486, 0.01535, 0.09045, 0.05964, 0.00148, 0.0007, 0.02425, 0.02664, 0.00162, 0.01231, 0.03581, 0.09386, 0.03596, 0.01711, 0.03439, 0.05899, 0.00303, 0.00612, 0.02861, 0.02302, 0.02168, 0.00684, 0.04777, 0.00243, 0.03023, 0.04729, 0.02397, 0.00214, 0.03628, 0.00522, 0.06305, 0.03026, 0.02401, 0.06778],[0.27499, 0.23293, 0.315, 0.28635, 0.23679, 0.34359],[2, 12, 13, 13, 10, 7],57,6
2.5,103,[0.05174, 0.02855, 0.00503, 0.00252, 0.01399, 0.06604, 0.05895, 0.09108, 0.02997, 0.02399, 0.00442, 0.04415, 0.02334, 0.0422, 0.08536, 0.04887, 0.02952, 0.08468, 0.00218, 0.00116, 0.00119, 0.04688, 0.00321, 0.00337, 0.01584, 0.07495, 0.04222, 0.01233, 0.07226, 0.02605, 0.01653, 0.00061, 0.01365, 0.04661, 0.02755, 0.0632, 0.00208, 0.01942, 0.05221, 0.00505, 0.09578, 0.0388, 0.00313, 0.05544, 0.03588, 0.02662, 0.00803, 0.03864, 0.06219, 0.07796, 0.03047, 0.08552, 0.00243],[0.23277, 0.41547, 0.2023, 0.29868, 0.23293],[8, 6, 4, 12, 14],53,5
2.5,104,[0.0008, 0.02792, 0.00674, 0.06678, 0.01049, 0.00188, 0.02116, 0.0388, 0.0041, 0.00278, 0.07796, 0.00165, 0.02245, 0.02312, 0.09252, 0.00194, 0.06867, 0.06347, 0.03141, 0.00839, 0.05866, 0.01632, 0.01654, 0.00485, 0.04688, 0.08483, 0.03062, 0.06164, 0.00899, 0.01578, 0.01616, 0.0767, 0.00148, 0.0007, 0.02425, 0.02664, 0.00162, 0.01231, 0.03581, 0.09386, 0.03596, 0.01711, 0.03439, 0.05899, 0.00303, 0.00612, 0.02861, 0.02302, 0.02168, 0.00684, 0.04777, 0.00243],[0.21184, 0.25146, 0.28635],[6, 26, 13],52,3
2.5,105,[0.00158, 0.00469, 0.0454, 0.00707, 0.00136, 0.04278, 0.0225, 0.07377, 0.05912, 0.00473, 0.04362, 0.02532, 0.09146, 0.00275, 0.00513, 0.00923, 0.04005, 0.00255, 0.00656, 0.03664, 0.05213, 0.01376, 0.00435, 0.00238, 0.00608, 0.02817, 0.01783, 0.00178, 0.0511, 0.0401, 0.04496, 0.05138, 0.0283, 0.0154, 0.00418, 0.03966, 0.01701, 0.01189, 0.00745, 0.03806, 0.05823],[0.32228, 0.2705, 0.2314, 0.22081],[14, 7, 12, 8],41,4
2.5,106,[0.0021, 0.02482, 0.03197, 0.08153, 0.03588, 0.02662, 0.00803, 0.03864, 0.06219, 0.07796, 0.03047, 0.08552, 0.00243, 0.00486, 0.01535, 0.09045, 0.05964, 0.01653, 0.00061, 0.01365, 0.04661, 0.02755, 0.0632, 0.00208, 0.01942, 0.05221, 0.00505, 0.09578, 0.0388, 0.01494, 0.03347, 0.08536, 0.00741, 0.05906, 0.01431, 0.00194, 0.01308, 0.00248, 0.01962, 0.0674],[0.20149, 0.23293, 0.23497, 0.21199],[4, 13, 12, 8],40,4
2.5,107,[0.00066, 0.05125, 0.04538, 0.06815, 0.0448, 0.03379, 0.00288, 0.00607, 0.0647, 0.01366, 0.06523, 0.07635, 0.00306, 0.00093, 0.00106, 0.04487, 0.04793, 0.00143, 0.01749, 0.00419, 0.00166, 0.03409, 0.05888, 0.01702],[0.2276, 0.2285],[12, 7],24,2
2.5,108,[0.06329, 0.04403, 0.09288, 0.03828, 0.00467, 0.01204, 0.06057, 0.00248, 0.01962, 0.0674, 0.07533, 0.02245, 0.01032, 0.01494, 0.03347, 0.08536, 0.00741, 0.05906, 0.01431, 0.00194, 0.01308, 0.01361, 0.01112, 0.03136, 0.01714, 0.00303, 0.02514, 0.01896, 0.01653, 0.00061, 0.01365, 0.04661, 0.02755, 0.0632, 0.00208, 0.01942, 0.05221, 0.00505, 0.09578, 0.0388, 0.00313, 0.05544, 0.03588, 0.02662, 0.00803, 0.03864, 0.06219, 0.07796],[0.21765, 0.21199, 0.23497, 0.23293],[7, 6, 15, 14],48,4
2.5,109,[0.00702, 0.00994, 0.05119, 0.00308, 0.04445, 0.04292, 0.00377, 0.08616, 0.01179, 0.00364, 0.01378, 0.00256, 0.01705, 0.05691, 0.00508, 0.04219, 0.03801, 0.03734, 0.08714, 0.09348, 0.05682, 0.05724, 0.01029, 0.01993, 0.01935, 0.05361, 0.01594, 0.002, 0.01104, 0.00473, 0.00489, 0.04861, 0.0177, 0.00714, 0.00719, 0.01349, 0.02813, 0.03358, 0.06229, 0.0106, 0.01615, 0.01251, 0.04835, 0.00963, 0.00519, 0.09993, 0.02545, 0.0223, 0.00373, 0.05248, 0.05386],[0.26188, 0.20973, 0.22588, 0.2197],[8, 15, 12, 16],51,4
2.5,110,[0.00899, 0.02306, 0.01052, 0.00643, 0.00172, 0.01808, 0.01258, 0.01058, 0.00667, 0.03588, 0.02662, 0.00803, 0.03864, 0.06219, 0.07796, 0.03047, 0.08552, 0.00243, 0.00486, 0.01535, 0.09045, 0.05964, 0.01653, 0.00061, 0.01365, 0.04661, 0.02755, 0.0632, 0.00208, 0.01942, 0.05221, 0.00505, 0.09578, 0.0388, 0.01494, 0.03347, 0.08536, 0.00741, 0.05906, 0.01431, 0.00194, 0.01308, 0.00248, 0.01962, 0.0674, 0.07533, 0.02245, 0.01032],[0.21298, 0.23293, 0.23497, 0.21199],[9, 13, 12, 8],48,4
2.5,111,[0.0184, 0.06483, 0.01352, 0.05299, 0.00227, 0.05452, 0.03591, 0.00822, 0.00834, 0.00293, 0.03521, 0.003, 0.06497, 0.06062, 0.04386],[],[],15,0
2.5,112,[0.01406, 0.01372, 0.01801, 0.01992, 0.02638, 0.02177, 0.00965, 0.00491, 0.00173, 0.04097, 0.00214, 0.05125, 0.08716, 0.03184, 0.01765, 0.03575, 0.08529, 0.00875],[],[],18,0
2.5,113,[0.00062, 0.01587, 0.02228, 0.00129, 0.04106, 0.02153, 0.00175, 0.0787, 0.01346, 0.03842, 0.0048, 0.01014, 0.03958, 0.00602, 0.01439, 0.0188, 0.03588, 0.02662, 0.00803, 0.03864, 0.06219, 0.07796, 0.03047, 0.08552, 0.00243, 0.00486, 0.01535, 0.09045, 0.05964, 0.01653, 0.00061, 0.01365, 0.04661, 0.02755, 0.0632],[0.21577, 0.23293],[16, 13],35,2
2.5,114,[0.00124, 0.01761, 0.06119, 0.02033, 0.03441, 0.04037, 0.00908, 0.09023, 0.02165, 0.01746, 0.01296, 0.00259, 0.00535, 0.04843, 0.08536, 0.04887, 0.02952, 0.08468, 0.00218, 0.00116, 0.00119, 0.04688, 0.00321, 0.00337],[0.21236, 0.2023],[14, 4],24,2
2.5,115,[0.04388, 0.00358, 0.02013, 0.02688, 0.03133, 0.0672, 0.0154, 0.00418, 0.03966, 0.01701, 0.01189, 0.00745, 0.03806, 0.05823, 0.00248, 0.01962, 0.0674, 0.07533, 0.02245, 0.01032, 0.01494, 0.03347, 0.08536, 0.00741, 0.05906, 0.01431, 0.00194, 0.01308, 0.01653, 0.00061, 0.01365, 0.04661, 0.02755, 0.0632, 0.00208],[0.20785, 0.22081, 0.21199, 0.23497],[6, 8, 6, 8],35,4
2.5,116,[0.03206, 0.00184, 0.00923, 0.01438, 0.00317, 0.03129, 0.04722, 0.00347, 0.03691],[0.20683],[4],9,1
2.5,117,[0.00015, 0.0324, 0.00547, 0.07206, 0.0454, 0.07782, 0.02918, 0.01015, 0.04205, 0.00475, 0.01912, 0.04581, 0.00263, 0.00197, 0.0163, 0.03038, 0.00507, 0.0291, 0.01767, 0.00748, 0.05844, 0.00537, 0.01693, 0.03582, 0.07788, 0.07555, 0.01286, 0.08536, 0.04887, 0.02952, 0.08468, 0.00218, 0.00116, 0.00119],[0.23047, 0.2554, 0.2023],[13, 14, 4],34,3
2.5,118,[0.01578, 0.02331, 0.02206, 0.06742, 0.05138, 0.00811, 0.0436, 0.06316, 0.08727, 0.02418, 0.02086, 0.02736, 0.04595, 0.01565, 0.04246, 0.02036, 0.00304, 0.00305, 0.00148, 0.0007, 0.02425, 0.02664, 0.00162, 0.01231, 0.03581, 0.09386, 0.03596, 0.01711, 0.03439, 0.05899, 0.00303, 0.00612, 0.02861, 0.02302, 0.02168, 0.00684, 0.04777, 0.00243, 0.03023, 0.04729, 0.02397, 0.01653, 0.00061, 0.01365],[0.25362, 0.28635, 0.2645],[18, 13, 10],44,3
2.5,119,[0.01995, 0.00185, 0.05578, 0.00104, 0.04107, 0.01635, 0.01653, 0.00061, 0.01365, 0.04661, 0.02755, 0.0632, 0.00208, 0.01942, 0.05221, 0.00505, 0.09578, 0.0388, 0.01494, 0.03347, 0.08536, 0.00741, 0.05906, 0.01431, 0.00194, 0.01308, 0.00248, 0.01962, 0.0674, 0.07533, 0.02245, 0.01032, 0.01179, 0.00364, 0.01378, 0.00256, 0.01705, 0.05691, 0.00508, 0.04219, 0.03801, 0.03734, 0.08714, 0.09348, 0.05682, 0.05724, 0.01029, 0.01993, 0.01935, 0.05361, 0.01594, 0.002, 0.01104, 0.00473, 0.00489, 0.04861, 0.0177, 0.00714, 0.00719, 0.01349, 0.02813, 0.03358, 0.06229, 0.0106, 0.01615],[0.27069, 0.23497, 0.21199, 0.27669, 0.20973, 0.22588],[6, 12, 8, 6, 15, 12],65,6
2.5,120,[0.03356, 0.07786, 0.02662, 0.01146, 0.00504, 0.05324, 0.03673, 0.06616, 0.00222, 0.00229, 0.02018, 0.00248, 0.01962, 0.0674, 0.07533, 0.02245, 0.01032],[0.28546],[11],17,1
2.5,121,[0.0468, 0.07658, 0.05311, 0.07368, 0.06255, 0.05979, 0.01179, 0.00364, 0.01378, 0.00256, 0.01705, 0.05691, 0.00508, 0.04219, 0.03801, 0.03734, 0.08714, 0.09348, 0.05682, 0.05724, 0.01029, 0.01993, 0.01935, 0.05361, 0.01594, 0.002, 0.01104, 0.00473, 0.00489, 0.04861, 0.0177, 0.00714, 0.00719, 0.01349, 0.02813, 0.03358, 0.06229, 0.0106, 0.01615, 0.01251, 0.04835, 0.00963, 0.00519, 0.09993, 0.02545, 0.0223, 0.00373, 0.05248, 0.05386],[0.2286, 0.20973, 0.22588, 0.2197],[6, 15, 12, 16],49,4
2.5,122,[0.00246, 0.01362, 0.03647, 0.0424, 0.0016, 0.02202, 0.01852, 0.00252, 0.00197, 0.0163, 0.03038, 0.00507, 0.0291, 0.01767, 0.00748, 0.05844, 0.00537, 0.01693, 0.03582, 0.07788, 0.07555, 0.01286, 0.08536, 0.04887, 0.02952, 0.08468, 0.00218, 0.00116, 0.00119],[0.25338, 0.2554, 0.2023],[8, 14, 4],29,3
2.5,123,[0.00463, 0.05897, 0.09437, 0.01227, 0.0741, 0.04262, 0.00223, 0.01653, 0.00061, 0.01365, 0.04661, 0.02755, 0.0632, 0.00208, 0.01942, 0.05221, 0.00505, 0.09578, 0.0388, 0.01494, 0.03347, 0.08536, 0.00741, 0.05906, 0.01431, 0.00194, 0.01308, 0.00248, 0.01962, 0.0674, 0.07533, 0.02245, 0.01032, 0.01179, 0.00364, 0.01378, 0.00256, 0.01705, 0.05691, 0.00508, 0.04219, 0.03801, 0.03734, 0.08714, 0.09348, 0.05682, 0.05724, 0.01029, 0.01993, 0.01935],[0.30871, 0.23497, 0.21199, 0.27669, 0.20973],[7, 12, 8, 6, 15],50,5
2.5,124,[0.00042, 0.06768, 0.08491, 0.04073, 0.00563, 0.00212, 0.00239, 0.0096, 0.04834, 0.03902, 0.05736, 0.00248, 0.01962, 0.0674, 0.07533, 0.02245, 0.01032, 0.01179, 0.00364, 0.01378, 0.00256, 0.01705, 0.05691, 0.00508, 0.04219, 0.03801, 0.03734, 0.08714, 0.09348, 0.05682, 0.05724, 0.01029, 0.01993, 0.01935, 0.05361, 0.01594, 0.002, 0.01104, 0.00473, 0.00489],[0.21188, 0.27669, 0.20973],[11, 6, 15],40,3
2.5,125,[0.00805, 0.04065, 0.02144, 0.02173, 0.02331, 0.00415, 0.00306, 0.00093, 0.00106, 0.04487, 0.04793, 0.00143, 0.01749, 0.00419, 0.00166, 0.03409, 0.05888, 0.01702, 0.02629, 0.07051, 0.02364, 0.01341, 0.02564, 0.00248, 0.01962, 0.0674, 0.02245, 0.01032, 0.02226, 0.03659, 0.02448, 0.0771, 0.04639, 0.01494, 0.03347, 0.08536, 0.00741, 0.05906, 0.01431, 0.00194, 0.01308, 0.01653, 0.00061, 0.01365],[0.21696, 0.2285, 0.34372, 0.21199, 0.23497],[6, 7, 10, 10, 8],44,5
2.5,126,[0.00164, 0.05202, 0.00383, 0.00183, 0.03678, 0.08881, 0.00828, 0.00612, 0.02861, 0.02302, 0.02168, 0.00684, 0.04777, 0.00243, 0.03023, 0.04729, 0.02397, 0.01653, 0.00061, 0.01365, 0.04661, 0.02755, 0.0632, 0.00208, 0.01942],[0.24066, 0.2645],[7, 10],25,2
2.5,127,[0.00535, 0.05294, 0.08753, 0.0182, 0.00777, 0.0918, 0.01653, 0.00061, 0.01365, 0.04661, 0.02755, 0.0632, 0.00208, 0.01942, 0.05221, 0.00505, 0.09578, 0.0388, 0.03588, 0.02662, 0.00803, 0.03864, 0.06219, 0.07796, 0.03047, 0.08552, 0.00243, 0.00486, 0.01535, 0.09045, 0.05964, 0.00148, 0.0007, 0.02425, 0.02664, 0.00162, 0.01231, 0.03581, 0.09386, 0.03596, 0.01711, 0.03439, 0.05899, 0.00303, 0.00612, 0.02861, 0.02302, 0.02168, 0.00684, 0.04777, 0.00243, 0.03023, 0.04729, 0.02397, 0.00214, 0.03628, 0.00522, 0.06305, 0.03026, 0.02401, 0.06778],[0.20689, 0.23293, 0.315, 0.28635, 0.23679, 0.34359],[6, 12, 13, 13, 10, 7],61,6
2.5,128,[0.00938, 0.03059, 0.03137, 0.00501, 0.01993, 0.01935, 0.05361, 0.01594, 0.002, 0.01104, 0.00473, 0.00489, 0.04861, 0.01179, 0.00364, 0.01378, 0.00256, 0.01705, 0.05691, 0.00508, 0.04219, 0.03801, 0.03734, 0.08714, 0.09348, 0.05682, 0.05724, 0.01029, 0.00248, 0.01962, 0.0674, 0.07533, 0.02245, 0.01032, 0.01494, 0.03347],[0.22161, 0.20973, 0.27669, 0.21199],[4, 9, 15, 6],36,4
2.5,129,[0.00279, 0.03578, 0.03429, 0.02483, 0.08142, 0.00382, 0.01777, 0.00219, 0.00671, 0.02082, 0.0049, 0.04089, 0.03838, 0.03572, 0.02536, 0.00306, 0.00093, 0.00106, 0.04487],[0.2512],[15],19,1
2.5,130,[0.06369, 0.04169, 0.09645, 0.05593, 0.04275, 0.01494, 0.03347, 0.08536, 0.00741, 0.05906, 0.01431, 0.00194, 0.01308, 0.01361, 0.01112, 0.03136, 0.01714, 0.00303, 0.02514, 0.01896, 0.00248, 0.01962, 0.0674, 0.07533, 0.02245, 0.01032, 0.01179, 0.00364, 0.01378, 0.00256, 0.01705, 0.05691, 0.00508, 0.04219, 0.03801, 0.03734, 0.08714, 0.09348, 0.05682, 0.05724],[0.21039, 0.21199, 0.27669],[5, 15, 6],40,3
2.5,131,[0.03606, 0.01036, 0.01608, 0.00808, 0.08536, 0.03003, 0.02357, 0.00612, 0.02861, 0.02302, 0.02168, 0.00684, 0.04777, 0.00243, 0.03023, 0.04729, 0.02397, 0.01653, 0.00061, 0.01365, 0.04661, 0.02755, 0.0632, 0.00208, 0.01942],[0.20239, 0.2645],[7, 10],25,2
2.5,132,[0.00124, 0.02762, 0.00754, 0.01207, 0.0078, 0.00559, 0.04974, 0.07682, 0.00204, 0.01653, 0.00061, 0.01365, 0.04661, 0.02755, 0.0632, 0.00208, 0.01942, 0.05221, 0.00505, 0.09578, 0.0388, 0.03588, 0.02662, 0.00803, 0.03864, 0.07796, 0.03047, 0.08552, 0.00243, 0.00486, 0.01535, 0.05964, 0.00148, 0.0007, 0.02425, 0.02664, 0.00162, 0.01231, 0.03581, 0.09386, 0.03596, 0.01711, 0.03439, 0.05899, 0.00303, 0.00612, 0.02861, 0.02302, 0.02168, 0.00684, 0.04777, 0.00243, 0.03023, 0.04729, 0.02397, 0.00214, 0.03628],[0.20206, 0.23293, 0.315, 0.28635, 0.23679],[9, 12, 11, 13, 10],57,5
2.5,133,[0.03554, 0.00168, 0.02082, 0.00619, 0.02273, 0.00432, 0.0201, 0.01156, 0.00197, 0.01635, 0.05888, 0.02299, 0.04991, 0.09248, 0.06941, 0.0248, 0.01157, 0.00248, 0.01962, 0.0674, 0.07533, 0.02245, 0.01032, 0.01494, 0.03347, 0.08536, 0.00741, 0.05906, 0.01431, 0.00194, 0.01308, 0.01653, 0.00061, 0.01365, 0.04661, 0.02755, 0.0632, 0.00208, 0.01942, 0.05221, 0.00505, 0.09578, 0.0388, 0.00313, 0.05544, 0.03588, 0.02662, 0.00803, 0.03864, 0.06219, 0.07796, 0.03047],[0.22077, 0.28678, 0.21199, 0.23497, 0.23293],[8, 9, 6, 8, 14],52,5
2.5,134,[0.0185, 0.04013, 0.07995, 0.07461, 0.04253, 0.06862, 0.02696, 0.00391, 0.06735, 0.04295, 0.00751, 0.097, 0.05309, 0.05656, 0.0345, 0.01179, 0.00364, 0.01378, 0.00256, 0.01705, 0.05691, 0.00508, 0.04219, 0.03801, 0.03734, 0.08714, 0.09348, 0.05682, 0.05724, 0.01029, 0.01993, 0.01935, 0.05361, 0.01594, 0.002, 0.01104, 0.00473, 0.00489, 0.04861, 0.0177, 0.00714, 0.00719, 0.01349, 0.02813, 0.03358, 0.06229, 0.0106, 0.01615],[0.2586, 0.20973, 0.22588],[15, 15, 12],48,3
2.5,135,[0.01437, 0.00451, 0.01711, 0.05194, 0.0108, 0.02043, 0.0623, 0.03723, 0.07746, 0.00419, 0.00166, 0.03409, 0.05888, 0.01702, 0.02629, 0.07051, 0.02364, 0.01341, 0.02564, 0.00248, 0.01962, 0.0674, 0.02245, 0.01032, 0.02226, 0.09865, 0.03659, 0.02448, 0.0771, 0.04639, 0.01494, 0.03347, 0.08536, 0.00741, 0.05906, 0.01431, 0.00194, 0.01308],[0.21666, 0.34372, 0.21199],[9, 10, 11],38,3
2.5,136,[0.05264, 0.0013, 0.00418, 0.00596, 0.05116, 0.00197, 0.0163, 0.03038, 0.00507, 0.0291, 0.01767, 0.00748, 0.05844, 0.00537, 0.01693, 0.03582, 0.07788, 0.07555, 0.01286, 0.0154, 0.00418, 0.03966, 0.01701, 0.01189, 0.00745, 0.03806, 0.05823],[0.25656, 0.24917],[5, 14],27,2
2.5,137,[0.00275, 0.01776, 0.05348, 0.04383, 0.00233, 0.00246, 0.01621, 0.00197, 0.01635, 0.05888, 0.02299, 0.04991, 0.09248, 0.06941, 0.0248, 0.01157, 0.00248, 0.01962, 0.0674, 0.07533, 0.02245, 0.01032, 0.01494, 0.03347, 0.08536, 0.00741, 0.05906, 0.01431, 0.00194, 0.01308, 0.01653, 0.00061, 0.01365, 0.04661, 0.02755, 0.0632, 0.00208, 0.01942, 0.05221, 0.00505, 0.09578, 0.0388, 0.00313, 0.05544, 0.03588, 0.02662, 0.00803, 0.03864, 0.06219, 0.07796, 0.03047, 0.08552, 0.00243, 0.00486, 0.01535],[0.20932, 0.28678, 0.21199, 0.23497, 0.23293],[7, 9, 6, 8, 14],55,5
2.5,138,[0.00166, 0.00266, 0.01927, 0.00317, 0.02346, 0.00996, 0.08076, 0.01024, 0.04973, 0.01034, 0.02941, 0.01376, 0.00435, 0.00238, 0.00608, 0.02817, 0.01783, 0.00178, 0.0511, 0.0401, 0.04496, 0.05138, 0.0283, 0.0154, 0.00418, 0.03966, 0.01701, 0.01189, 0.00745, 0.03806, 0.05823, 0.00248, 0.01962, 0.0674, 0.07533, 0.02245, 0.01032, 0.01494, 0.03347, 0.08536, 0.00741, 0.05906, 0.01431, 0.00194, 0.01308, 0.01653, 0.00061, 0.01365, 0.04661, 0.02755, 0.0632, 0.00208],[0.26428, 0.2314, 0.22081, 0.21199, 0.23497],[11, 12, 8, 6, 8],52,5
2.5,139,[0.01824, 0.02011, 0.06195, 0.09165, 0.08236, 0.04212, 0.08536, 0.04887, 0.02952, 0.08468, 0.00218, 0.00116, 0.00119, 0.04688, 0.00321, 0.00337, 0.01584, 0.07495, 0.04222, 0.01233, 0.07226, 0.02605, 0.01653, 0.00061, 0.01365, 0.04661, 0.02755, 0.0632, 0.00208, 0.01942, 0.05221, 0.00505, 0.09578, 0.0388, 0.00313, 0.05544, 0.03588, 0.02662],[0.22219, 0.2023, 0.29868, 0.23293],[6, 4, 12, 14],38,4
2.5,140,[0.02838, 0.01892, 0.05606, 0.05178, 0.05215, 0.03137, 0.02828, 0.00209, 0.01376, 0.00435, 0.00238, 0.00608, 0.02817, 0.01783, 0.00178, 0.0511, 0.0401, 0.04496, 0.05138, 0.0283, 0.0154, 0.00418, 0.03966, 0.01701, 0.01189, 0.00745, 0.03806, 0.05823, 0.00248, 0.01962, 0.0674, 0.07533],[0.23556, 0.2314, 0.22081],[8, 12, 8],32,3
2.5,141,[0.03552, 0.00382, 0.00136, 0.0073, 0.09428, 0.01395, 0.00351, 0.04273, 0.00213, 0.03588, 0.02662, 0.00803, 0.03864, 0.06219, 0.07796, 0.03047, 0.08552, 0.00243, 0.00486, 0.01535, 0.09045, 0.05964, 0.00148, 0.0007, 0.02425, 0.02664, 0.00162, 0.01231, 0.03581, 0.09386, 0.03596, 0.01711, 0.03439, 0.05899],[0.24602, 0.315],[9, 13],34,2
2.5,142,[0.05419, 0.00118, 0.00431, 0.09336, 0.05395, 0.00616, 0.09018, 0.09713, 0.04567, 0.01179, 0.00364, 0.01378, 0.00256, 0.01705, 0.05691, 0.00508, 0.04219, 0.03801, 0.03734, 0.08714, 0.09348, 0.05682, 0.05724, 0.01029, 0.01993, 0.01935, 0.05361, 0.01594, 0.002, 0.01104, 0.00473, 0.00489, 0.04861, 0.0177, 0.00714, 0.00719, 0.01349, 0.02813, 0.03358, 0.06229, 0.0106, 0.01615, 0.01251, 0.04835, 0.00963, 0.00306, 0.00093, 0.00106, 0.04487, 0.04793, 0.00143, 0.01749],[0.21069, 0.20973, 0.22588, 0.2197, 0.2285],[9, 15, 12, 9, 7],52,5
2.5,143,[0.02939, 0.01759, 0.04599, 0.029, 0.08872, 2e-05, 0.03563, 0.00565, 0.09078, 0.00306, 0.00093, 0.00106, 0.04487, 0.04793, 0.00143, 0.01749, 0.00419, 0.00166, 0.03409, 0.05888, 0.01702, 0.02629, 0.07051, 0.02364, 0.01341, 0.02564, 0.00248, 0.01962, 0.0674, 0.02245, 0.01032, 0.02226, 0.09865, 0.03659, 0.02448, 0.0771, 0.04639, 0.01199, 0.00956, 0.02278, 0.0811],[0.21319, 0.20911, 0.2285, 0.34372],[5, 4, 7, 10],41,4
2.5,144,[0.01256, 0.00479, 0.0402, 0.01873, 0.00172, 0.02628, 0.07542, 0.04959, 0.00196, 0.0139, 0.0331, 0.00306, 0.00093, 0.00106, 0.04487, 0.04793, 0.00143, 0.01749, 0.00419, 0.00166, 0.03409, 0.05888, 0.01702, 0.02629],[0.23613, 0.2285],[11, 7],24,2
2.5,145,[0.00518, 0.01393, 0.00826, 0.0844, 0.05593, 0.08284, 0.03588, 0.02662, 0.00803, 0.03864, 0.06219, 0.07796, 0.03047, 0.08552, 0.00243, 0.00486, 0.01535, 0.09045, 0.05964, 0.00148, 0.0007, 0.02425, 0.02664, 0.00162, 0.01231, 0.03581, 0.09386, 0.03596, 0.01711, 0.03439, 0.05899, 0.00303, 0.00612, 0.02861, 0.02302, 0.02168, 0.00684, 0.04777, 0.00243, 0.03023, 0.04729, 0.02397, 0.00214, 0.03628, 0.00522, 0.06305, 0.03026, 0.02401, 0.06778],[0.24104, 0.315, 0.28635, 0.23679, 0.34359],[6, 13, 13, 10, 7],49,5
2.5,146,[0.00196, 0.01285, 0.02844, 0.01065, 0.01098, 0.00173, 0.06482, 0.01801, 0.00306, 0.00093, 0.00106, 0.04487, 0.04793, 0.00143, 0.01749, 0.00419, 0.00166, 0.03409, 0.05888, 0.01702, 0.02629, 0.07051, 0.02364, 0.01341, 0.02564, 0.00248, 0.01962, 0.0674, 0.02245, 0.01032, 0.02226, 0.09865, 0.03659, 0.02448, 0.0771, 0.04639],[0.29566, 0.2285, 0.34372],[8, 7, 10],36,3
2.5,147,[0.04171, 0.04072, 0.02338, 0.07502, 0.01739, 0.01637, 0.00876, 0.07369, 0.06641, 0.00306, 0.00093, 0.00106, 0.04487, 0.04793, 0.00143, 0.01749, 0.01349, 0.02813, 0.03358, 0.06229, 0.0106, 0.01615, 0.01251, 0.04835, 0.00963, 0.01993, 0.01935, 0.05361, 0.01594, 0.002, 0.01104, 0.00473, 0.00489, 0.04861, 0.01179, 0.00364, 0.01378, 0.00256, 0.01705, 0.05691, 0.00508, 0.04219, 0.03801, 0.03734, 0.08714, 0.09348, 0.05682],[0.22902, 0.2197, 0.22588, 0.20973],[9, 7, 9, 9],47,4
2.5,148,[0.0065, 0.03764, 0.01276, 0.0138, 0.05925, 0.00194, 0.02714, 0.01407, 0.03789, 0.01686, 0.0239, 0.00666, 2e-05, 0.03563, 0.00565, 0.09078, 0.00306, 0.00093, 0.00106, 0.04487],[0.28823, 0.20911],[12, 4],20,2
2.5,149,[0.01965, 0.00604, 0.00349, 0.01579, 0.06833, 0.04533, 0.00465, 0.00156, 0.04089, 0.04646, 0.00668, 0.01646, 0.01179, 0.00364, 0.01378, 0.00256, 0.01705, 0.05691, 0.00508, 0.04219, 0.03801, 0.03734, 0.08714, 0.09348, 0.05682, 0.05724, 0.01029, 0.01993, 0.01935, 0.05361, 0.01594, 0.002, 0.01104, 0.00473, 0.00489, 0.04861],[0.32402, 0.20973],[12, 15],36,2
2.5,150,[0.00042, 0.00081, 0.01193, 0.01349, 0.06861, 0.00721, 0.09361, 0.01254, 0.02116, 0.0388, 0.0041, 0.00278, 0.07796, 0.00165, 0.02245, 0.02312, 0.09252, 0.00194, 0.06867, 0.06347, 0.03141, 0.00839, 0.05866, 0.01632, 0.01654, 0.00485, 0.04688, 0.08483, 0.03062, 0.06164, 0.00899, 0.01578, 0.01616, 0.0767, 0.00148, 0.0007, 0.02425, 0.02664, 0.00162, 0.01231, 0.03581, 0.09386, 0.03596, 0.01711, 0.03439, 0.05899, 0.00303, 0.00612, 0.02861, 0.02302, 0.02168, 0.00684, 0.04777, 0.00243],[0.21448, 0.25146, 0.28635],[8, 26, 13],54,3
2.5,151,[0.02914, 0.02044, 0.00071, 0.04468, 0.05432, 0.06303, 0.03177, 0.03636, 0.03942, 0.01494, 0.03347, 0.08536, 0.00741, 0.05906, 0.01431, 0.00194, 0.01308, 0.00248, 0.01962, 0.0674, 0.07533, 0.02245, 0.01032, 0.01179, 0.00364, 0.01378, 0.00256, 0.01705, 0.05691, 0.00508, 0.04219, 0.03801, 0.03734, 0.08714, 0.09348, 0.05682, 0.05724, 0.01029, 0.01993, 0.01935, 0.05361, 0.01594, 0.002, 0.01104, 0.00473, 0.00489, 0.04861],[0.22748, 0.21199, 0.27669, 0.20973],[9, 8, 6, 15],47,4
2.5,152,[0.02477, 0.01269, 0.01424, 0.00389, 0.01122, 0.08336, 0.02944, 0.08258, 0.07312, 0.00482, 0.00248, 0.01962, 0.0674, 0.07533, 0.02245, 0.01032, 0.01494, 0.03347, 0.08536, 0.00741, 0.05906, 0.01431, 0.00194, 0.01308, 0.01653, 0.00061, 0.01365, 0.04661, 0.02755, 0.0632, 0.00208, 0.01942, 0.05221, 0.00505, 0.09578, 0.0388, 0.00313, 0.05544, 0.03588, 0.02662, 0.00803, 0.03864, 0.06219, 0.07796, 0.03047, 0.08552, 0.00243, 0.00486, 0.01535, 0.09045, 0.05964],[0.26215, 0.21199, 0.23497, 0.23293, 0.315],[10, 6, 8, 14, 13],51,5
2.5,153,[0.03209, 0.04375, 0.01566, 0.07141, 0.00929, 0.0958, 0.01798, 0.01028, 0.08536, 0.04887, 0.02952, 0.08468, 0.00218, 0.00116, 0.00119, 0.04688, 0.00321, 0.00337, 0.01584, 0.07495, 0.04222, 0.01233, 0.07226, 0.02605, 0.01653, 0.00061, 0.01365, 0.04661, 0.02755, 0.0632, 0.00208, 0.01942, 0.05221, 0.00505, 0.09578, 0.0388, 0.00313, 0.05544, 0.03588, 0.02662, 0.00803, 0.03864],[0.23449, 0.2023, 0.29868, 0.23293],[8, 4, 12, 14],42,4
2.5,154,[0.02645, 0.03341, 0.0373, 0.05812, 0.03496, 0.04276, 0.00756, 0.09994, 0.04356, 0.01228, 0.00248, 0.01962, 0.0674, 0.07533, 0.02245, 0.01032, 0.01494, 0.03347, 0.08536, 0.00741, 0.05906, 0.01431, 0.00194, 0.01308, 0.01653, 0.00061, 0.01365, 0.04661, 0.02755, 0.0632, 0.00208, 0.01942, 0.05221, 0.00505, 0.09578, 0.0388, 0.00313, 0.05544, 0.03588, 0.02662, 0.00803, 0.03864, 0.06219, 0.07796, 0.03047, 0.08552, 0.00243, 0.00486, 0.01535, 0.09045, 0.05964, 0.00148, 0.0007, 0.02425, 0.02664, 0.00162, 0.01231, 0.03581, 0.09386],[0.3104, 0.21199, 0.23497, 0.23293, 0.315],[10, 6, 8, 14, 13],59,5
2.5,155,[0.00373, 0.02919, 0.00561, 0.00346, 0.01682, 0.08626, 0.026, 0.06069, 0.002, 0.0803, 0.07683, 0.0248, 0.00639, 0.01318, 0.03998, 0.05047, 0.09177, 0.00306, 0.00093, 0.00106, 0.04487, 0.04793, 0.00143, 0.01749, 0.01349, 0.02813, 0.03358, 0.06229, 0.0106, 0.01615, 0.01251, 0.04835, 0.00963, 0.01993, 0.01935, 0.05361, 0.01594, 0.002, 0.01104, 0.00473, 0.00489, 0.04861, 0.01179, 0.00364],[0.25317, 0.2197, 0.22588, 0.20973],[17, 7, 9, 9],44,4
2.5,156,[0.0095, 0.0037, 0.01634, 0.00879, 0.04254, 0.00502, 0.00273, 0.00334, 0.00362, 0.08225, 0.0153, 0.00408, 0.00017, 0.01466, 0.02446, 0.0177, 0.02158, 0.00381, 0.00318, 0.03036, 0.01218, 0.06839, 0.07249, 0.03823, 0.05322, 0.06985, 0.08477, 0.01285, 0.00197, 0.01635, 0.05888, 0.02299, 0.04991, 0.09248, 0.06941, 0.0248, 0.01157, 0.00248, 0.01962, 0.0674, 0.07533, 0.02245, 0.01032, 0.01494, 0.03347, 0.08536, 0.00741, 0.05906, 0.01431, 0.00194, 0.01308, 0.01653, 0.00061, 0.01365, 0.04661, 0.02755, 0.0632, 0.00208, 0.01942, 0.05221, 0.00505],[0.20133, 0.20681, 0.28678, 0.21199, 0.23497],[12, 16, 9, 6, 8],61,5
2.5,157,[0.01058, 0.04781, 0.01246, 0.01178, 0.03149, 0.00937, 0.0774, 0.00248, 0.01962, 0.0674, 0.07533, 0.02245, 0.01032, 0.01494, 0.03347, 0.08536, 0.00741, 0.05906, 0.01431, 0.00194, 0.01308, 0.01653, 0.00061, 0.01365, 0.04661, 0.02755, 0.0632, 0.00208, 0.01942, 0.05221, 0.00505, 0.09578, 0.0388, 0.00313, 0.05544, 0.03588, 0.02662, 0.00803, 0.03864, 0.06219, 0.07796, 0.03047, 0.08552],[0.24961, 0.21199, 0.23497, 0.23293],[7, 6, 8, 14],43,4
2.5,158,[0.01155, 0.03668, 0.05321, 0.04259, 0.01709, 0.00371, 0.01491, 0.01494, 0.03347, 0.08536, 0.00741, 0.05906, 0.01431, 0.00194, 0.01308, 0.00248, 0.01962, 0.0674, 0.07533, 0.02245, 0.01032, 0.01179, 0.00364, 0.01378, 0.00256, 0.01705, 0.05691, 0.00508, 0.04219, 0.03801, 0.03734, 0.08714, 0.09348, 0.05682, 0.05724, 0.01029, 0.01993, 0.01935, 0.05361, 0.01594, 0.002, 0.01104, 0.00473, 0.00489, 0.04861, 0.0177, 0.00714, 0.00719, 0.01349, 0.02813, 0.03358, 0.06229, 0.0106, 0.01615, 0.01251, 0.04835],[0.21328, 0.21199, 0.27669, 0.20973, 0.22588],[7, 8, 6, 15, 12],56,5
2.5,159,[0.00626, 0.02372, 0.08048, 0.02472, 0.06077, 0.05683, 0.05906, 0.04732],[],[],8,0
2.5,160,[0.04108, 0.03933, 0.00123, 0.02325, 0.02091, 0.04916, 0.05381, 0.09623, 0.00672, 0.06446, 0.01179, 0.00364, 0.01378, 0.00256, 0.01705, 0.05691, 0.00508, 0.04219, 0.03801, 0.03734, 0.08714, 0.09348, 0.05682, 0.05724, 0.01029, 0.01993, 0.01935, 0.05361, 0.01594, 0.002, 0.01104, 0.00473, 0.00489, 0.04861, 0.0177, 0.00714, 0.00719, 0.01349, 0.02813, 0.03358, 0.06229, 0.0106, 0.01615, 0.01251, 0.04835, 0.00963, 0.00306, 0.00093, 0.00106, 0.04487, 0.04793],[0.2406, 0.20973, 0.22588, 0.2197],[10, 15, 12, 9],51,4
2.5,161,[0.02757, 0.01391, 0.01314, 0.04386, 0.02212, 0.02453, 0.00561, 0.05598, 0.03048, 0.09932, 0.05188, 0.06041, 0.09802, 0.04334, 0.08405, 0.0154, 0.00418, 0.03966, 0.01701, 0.01189, 0.00745, 0.03806, 0.05823, 0.03153, 0.03919, 0.00318, 0.01376, 0.00435, 0.00238, 0.00608, 0.02817],[0.20092, 0.2314],[15, 11],31,2
2.5,162,[0.00081, 0.00423, 0.03404, 0.0067, 0.06268, 0.00219, 0.02296, 0.09492, 0.00148, 0.0007, 0.02425, 0.02664, 0.00162, 0.01231, 0.03581, 0.09386, 0.03596, 0.01711, 0.03439, 0.05899, 0.00303, 0.02116, 0.0041, 0.00278, 0.07796, 0.00165, 0.02245, 0.02312, 0.09252, 0.00194, 0.06867, 0.03141, 0.00839, 0.05866, 0.01632, 0.01654, 0.00485, 0.04688, 0.08483, 0.03062],[0.20836, 0.25146],[8, 13],40,2
2.5,163,[0.03829, 0.00163, 0.01491, 0.00349, 0.00892, 0.0818, 0.01653, 0.00061, 0.01365, 0.04661, 0.02755, 0.0632, 0.00208, 0.01942, 0.05221, 0.00505, 0.09578, 0.0388, 0.03588, 0.02662, 0.00803, 0.03864, 0.06219, 0.07796, 0.03047, 0.08552, 0.00243, 0.00486, 0.01535, 0.09045, 0.05964, 0.00148, 0.0007, 0.02425, 0.02664, 0.00162, 0.01231, 0.03581, 0.09386, 0.03596, 0.01711, 0.03439, 0.05899, 0.00303, 0.00612, 0.02861, 0.02302, 0.02168, 0.00684, 0.04777, 0.00243, 0.03023, 0.04729, 0.02397, 0.00214, 0.03628, 0.00522, 0.06305, 0.03026, 0.02401, 0.06778],[0.21835, 0.23293, 0.315, 0.28635, 0.23679, 0.34359],[6, 12, 13, 13, 10, 7],61,6
2.5,164,[0.03757, 0.00999, 0.08222, 0.03009, 0.00891, 0.08173, 0.0737, 0.09614, 0.02896, 0.01494, 0.03347, 0.08536, 0.00741, 0.05906, 0.01431, 0.00194, 0.01308, 0.01361, 0.01112, 0.03136, 0.01714, 0.00303, 0.02514, 0.01896, 0.00248, 0.01962, 0.0674, 0.02245, 0.01032, 0.02226, 0.09865, 0.03659, 0.02448, 0.0771, 0.04639, 0.01179, 0.00364, 0.01378, 0.00256, 0.01705, 0.05691, 0.00508, 0.04219, 0.03801],[0.2084, 0.21199, 0.27669],[9, 15, 11],44,3
2.5,165,[0.02296, 0.01567, 0.05804, 0.04179, 0.0075, 0.00265, 0.01933, 0.01494, 0.03347, 0.08536, 0.00741, 0.05906, 0.01431, 0.00194, 0.01308, 0.00248, 0.01962, 0.0674, 0.02245, 0.01032, 0.02226, 0.09865, 0.03659, 0.02448, 0.0771, 0.04639, 0.01179, 0.00364, 0.01378, 0.00256, 0.01705, 0.05691, 0.00508, 0.04219, 0.03801, 0.03734, 0.08714, 0.09348, 0.05682, 0.05724, 0.01029, 0.01993, 0.01935, 0.05361, 0.01594, 0.002, 0.01104, 0.00473, 0.00489, 0.04861],[0.21461, 0.21199, 0.27669, 0.20973],[7, 8, 11, 15],50,4
2.5,166,[0.03036, 0.00075, 0.00081, 0.06095, 0.05448, 0.015, 0.0217, 0.09116, 0.01653, 0.00061, 0.01365, 0.04661, 0.02755, 0.0632, 0.00208, 0.01942, 0.05221, 0.00505, 0.09578, 0.0388, 0.01494, 0.03347, 0.08536, 0.00741, 0.05906, 0.01431, 0.00194, 0.01308, 0.00248, 0.01962, 0.0674, 0.07533, 0.02245, 0.01032, 0.01179, 0.00364, 0.01378, 0.00256, 0.01705, 0.05691, 0.00508, 0.04219, 0.03801, 0.03734, 0.08714, 0.09348, 0.05682, 0.05724, 0.01029, 0.01993, 0.01935, 0.05361, 0.01594, 0.002, 0.01104, 0.00473, 0.00489, 0.04861, 0.0177, 0.00714, 0.00719, 0.01349, 0.02813, 0.03358, 0.06229, 0.0106],[0.25876, 0.23497, 0.21199, 0.27669, 0.20973, 0.22588],[8, 12, 8, 6, 15, 12],66,6
2.5,167,[0.0609, 0.048, 0.08417, 0.00596, 0.02633, 0.00306, 0.00093, 0.00106, 0.04487, 0.04793, 0.00143, 0.01749, 0.00419, 0.00166, 0.03409, 0.05888, 0.01702, 0.02629, 0.02364, 0.01341, 0.02564, 0.00248, 0.01962, 0.0674, 0.02245, 0.01032, 0.02226, 0.09865, 0.03659, 0.02448, 0.0771, 0.04639, 0.01494, 0.03347, 0.08536, 0.00741, 0.05906, 0.01431, 0.00194, 0.01308, 0.01653, 0.00061, 0.01365, 0.04661, 0.02755, 0.0632, 0.00208, 0.01942, 0.05221, 0.00505, 0.09578, 0.0388, 0.00313, 0.05544, 0.03588],[0.20387, 0.2285, 0.34372, 0.21199, 0.23497, 0.23293],[5, 7, 9, 11, 8, 14],55,6
2.5,168,[0.06587, 0.07651, 0.00198, 0.01586, 0.01179, 0.00364, 0.01378, 0.00256, 0.01705, 0.05691, 0.00508, 0.04219, 0.03801, 0.03734, 0.08714, 0.09348, 0.05682, 0.05724, 0.01029, 0.01993, 0.01935, 0.05361, 0.01594, 0.002, 0.01104, 0.00473, 0.00489, 0.04861, 0.0177, 0.00714, 0.00719, 0.01349, 0.02813, 0.03358, 0.06229, 0.0106, 0.01615, 0.01251, 0.04835, 0.00963, 0.00306, 0.00093, 0.00106, 0.04487, 0.04793, 0.00143, 0.01749, 0.00419, 0.00166, 0.03409, 0.05888],[0.20905, 0.20973, 0.22588, 0.2197, 0.2285],[4, 15, 12, 9, 7],51,5
2.5,169,[0.0066, 0.01549, 0.00356, 0.02417, 0.0134, 0.00964, 0.06033, 0.00196, 0.01998, 0.00824, 0.01179, 0.00364, 0.01378, 0.00256, 0.01705, 0.05691, 0.00508, 0.04219, 0.03801, 0.03734, 0.08714, 0.09348, 0.05682, 0.05724, 0.01029, 0.01993, 0.01935, 0.01594, 0.002, 0.01104, 0.00473, 0.00489, 0.04861, 0.0177, 0.00714, 0.00719, 0.0112, 0.00381, 0.00407, 0.01349, 0.02813],[0.22499, 0.20973, 0.22588],[10, 15, 14],41,3
2.5,170,[0.01664, 0.04395, 0.00145, 0.03325, 0.06713, 0.00612, 0.02861, 0.02302, 0.02168, 0.00684, 0.04777, 0.00243, 0.03023, 0.04729, 0.02397, 0.01653, 0.00061, 0.01365, 0.04661, 0.02755, 0.0632, 0.00208, 0.01942],[0.24704, 0.2645],[5, 10],23,2
2.5,171,[0.00591, 0.00619, 0.00446, 0.03435, 0.0095, 0.02866, 0.01199, 0.00183, 0.00896, 0.06943, 0.05358, 0.0597, 0.03311, 0.03195, 0.01653, 0.0114, 0.00499, 0.01787, 0.04682, 0.07925, 0.06116],[0.22061, 0.20392],[11, 3],21,2
2.5,172,[0.02232, 0.02997, 0.00251, 0.01136, 0.08399, 0.08536, 0.04887, 0.02952, 0.08468, 0.00218, 0.00116, 0.00119, 0.00321, 0.00337, 0.01584, 0.07495, 0.04222, 0.01233, 0.07226, 0.02605, 0.01653, 0.00061, 0.01365, 0.04661, 0.02755, 0.0632, 0.00208, 0.01942, 0.05221, 0.00505, 0.09578, 0.0388, 0.00313, 0.05544, 0.03588, 0.02662, 0.00803, 0.03864, 0.06219, 0.07796, 0.03047, 0.08552, 0.00243, 0.00486, 0.01535, 0.09045, 0.05964, 0.00148],[0.25765, 0.2023, 0.29868, 0.23293, 0.315],[5, 4, 11, 14, 13],48,5
2.5,173,[0.00211, 0.0157, 0.00424, 0.02503, 0.0385, 0.05901, 0.00155, 0.04982, 0.04836, 0.01835, 0.05596, 0.03222, 0.00681, 0.05573, 0.03519, 0.00306, 0.00093, 0.00106, 0.04487, 0.04793, 0.00143, 0.01749, 0.00419, 0.00166, 0.03409, 0.05888, 0.01702, 0.02629, 0.07051, 0.02364, 0.01341, 0.02564, 0.00248, 0.01962, 0.0674, 0.02245, 0.01032, 0.02226, 0.09865, 0.03659, 0.02448, 0.0771, 0.04639, 0.01494, 0.03347, 0.08536, 0.00741, 0.05906, 0.01431, 0.00194, 0.01308, 0.01653, 0.00061, 0.01365, 0.04661, 0.02755, 0.0632, 0.00208, 0.01942],[0.263, 0.2285, 0.34372, 0.21199, 0.23497],[15, 7, 10, 11, 8],59,5
2.5,174,[0.04881, 0.00849, 0.0334, 0.01171, 0.02081, 0.07591, 0.00188, 0.0614, 0.09796, 0.07959, 0.00574, 0.00306, 0.00093, 0.00106, 0.04487, 0.04793, 0.00143, 0.01749, 0.01349, 0.02813, 0.03358, 0.06229, 0.0106, 0.01615, 0.01251, 0.04835, 0.00963, 0.01993, 0.01935, 0.05361, 0.01594, 0.002, 0.01104, 0.00473, 0.00489, 0.04861, 0.01179, 0.00364, 0.01378, 0.00256, 0.01705, 0.05691, 0.00508, 0.04219, 0.03801, 0.03734, 0.08714, 0.09348, 0.05682],[0.22495, 0.2197, 0.22588, 0.20973],[11, 7, 9, 9],49,4
2.5,175,[0.00605, 0.0573, 0.07171, 0.00557, 0.06157, 0.00306, 0.00093, 0.00106, 0.04487, 0.04793, 0.00143, 0.01749, 0.00419, 0.00166, 0.03409, 0.05888, 0.01702, 0.02629, 0.07051, 0.02364, 0.01341, 0.02564, 0.00248, 0.01962, 0.0674, 0.02245, 0.01032, 0.02226, 0.09865, 0.03659, 0.02448, 0.0771, 0.04639, 0.01179, 0.00364, 0.01378, 0.00256, 0.01705, 0.05691, 0.00508, 0.04219, 0.03801, 0.03734, 0.08714, 0.09348, 0.05682, 0.05724, 0.01029, 0.01993, 0.01935, 0.05361, 0.01594, 0.002, 0.01104, 0.00473, 0.00489, 0.04861],[0.21133, 0.2285, 0.34372, 0.27669, 0.20973],[5, 7, 10, 11, 15],57,5
2.5,176,[0.04004, 0.02724, 0.05656, 0.01489, 0.04145, 0.01376, 0.00209, 0.04194, 0.08536, 0.04887, 0.02952, 0.08468, 0.00218, 0.00116, 0.00119, 0.04688, 0.00321, 0.00337, 0.01584, 0.07495, 0.04222, 0.01233, 0.07226, 0.02605, 0.01225, 0.01114, 0.03019, 0.02185, 0.00254, 0.0624, 0.0741, 0.08555, 0.08367, 0.03588, 0.02662, 0.00803, 0.03864],[0.22628, 0.2023, 0.21534, 0.21797],[8, 4, 12, 9],37,4
2.5,177,[0.00489, 0.00054, 0.00703, 0.01802, 0.02368, 0.00608, 0.02624, 0.02411, 0.0143, 0.04066, 0.00987, 0.03771, 0.07748, 0.04297],[],[],14,0
2.5,178,[0.00135, 0.00178, 0.07194, 0.00483, 0.07982, 0.01371, 0.01597, 0.01005, 0.01179, 0.00364, 0.01378, 0.00256, 0.01705, 0.05691, 0.00508, 0.04219, 0.03801, 0.03734, 0.08714, 0.09348, 0.05682, 0.05724, 0.01029, 0.01993, 0.01935, 0.05361, 0.01594, 0.002, 0.01104, 0.00473, 0.00489, 0.04861, 0.0177, 0.00714, 0.00719, 0.01349, 0.02813, 0.03358, 0.06229, 0.0106, 0.01615, 0.01251, 0.04835, 0.00963, 0.00306, 0.00093, 0.00106, 0.04487, 0.04793, 0.00143, 0.01749, 0.00419, 0.00166, 0.03409, 0.05888],[0.22959, 0.20973, 0.22588, 0.2197, 0.2285],[8, 15, 12, 9, 7],55,5
2.5,179,[0.00618, 0.00071, 0.00455, 0.01108, 0.00204, 0.0104, 0.00927, 0.00248, 0.01962, 0.0674, 0.07533, 0.02245, 0.01032, 0.01494, 0.03347, 0.08536, 0.00741, 0.05906, 0.01431, 0.00194, 0.01308, 0.01653, 0.00061, 0.01365, 0.04661, 0.02755, 0.0632, 0.00208, 0.01942, 0.05221, 0.00505, 0.09578, 0.0388, 0.00313, 0.05544, 0.03588, 0.02662, 0.00803, 0.03864, 0.06219, 0.07796, 0.03047, 0.08552, 0.00243, 0.00486, 0.01535, 0.09045, 0.05964, 0.00148, 0.0007, 0.02425, 0.02664, 0.00162, 0.01231, 0.03581, 0.09386, 0.03596, 0.01711],[0.23949, 0.21199, 0.23497, 0.23293, 0.315],[7, 6, 8, 14, 13],58,5
2.5,180,[0.00422, 0.01422, 0.02679, 0.01728, 0.04221, 0.03368, 0.04719, 0.03463, 0.0413, 0.00239, 0.06637, 0.04102, 0.00306, 0.00093, 0.00106, 0.04487, 0.04793, 0.00143, 0.01749, 0.00419, 0.00166, 0.03409, 0.05888, 0.01702, 0.02629, 0.07051, 0.02364, 0.01341, 0.02564, 0.00248, 0.01962, 0.0674, 0.02245, 0.01032, 0.02226, 0.09865, 0.03659, 0.02448, 0.0771, 0.04639, 0.01494, 0.03347, 0.08536, 0.00741, 0.05906, 0.01431, 0.00194, 0.01308, 0.01653, 0.00061, 0.01365, 0.04661],[0.29934, 0.2285, 0.34372, 0.21199, 0.23497],[12, 7, 10, 11, 8],52,5
2.5,181,[0.02092, 0.0192, 0.06301, 0.0134, 0.03232, 0.0061, 0.05539, 0.0141, 0.09612, 0.03205, 0.00743, 0.00251, 0.00798, 0.03383, 0.0031, 0.05676, 0.01293],[0.2607],[17],17,1
2.5,182,[0.00245, 0.01998, 0.00327, 0.00332, 0.08994, 0.00676, 0.01492, 0.00381, 0.0039, 0.08808, 0.07695, 0.00869, 0.02181, 0.00936, 0.02341, 0.00485, 0.01962, 0.00526, 0.00017, 0.01466, 0.02446, 0.0177, 0.02158, 0.00381, 0.00318, 0.03036, 0.01218, 0.06839, 0.07249, 0.03823, 0.05322, 0.06985, 0.08477, 0.01285, 0.00197, 0.01635, 0.05888, 0.02299, 0.04991, 0.09248, 0.06941, 0.0248, 0.01157, 0.00248, 0.01962, 0.0674, 0.07533, 0.02245, 0.01032, 0.01494, 0.03347, 0.08536, 0.00741, 0.05906, 0.01431, 0.00194, 0.01308, 0.01653, 0.00061, 0.01365, 0.04661, 0.02755, 0.0632, 0.00208, 0.01942, 0.05221],[0.21541, 0.20681, 0.28678, 0.21199, 0.23497],[18, 16, 9, 6, 8],66,5
2.5,183,[0.01462, 0.00189, 0.07083, 0.08428, 0.03984, 0.03279, 0.07437, 0.00197, 0.01635, 0.05888, 0.02299, 0.04991, 0.09248, 0.06941, 0.0248, 0.01157, 0.00248, 0.01962, 0.0674, 0.07533, 0.02245, 0.01032, 0.01494, 0.03347, 0.08536, 0.00741, 0.05906, 0.01431, 0.00194, 0.01308, 0.01653, 0.00061, 0.01365, 0.04661, 0.02755, 0.0632, 0.00208, 0.01942, 0.05221, 0.00505, 0.09578, 0.0388, 0.00313, 0.05544, 0.03588, 0.02662, 0.00803, 0.03864, 0.06219, 0.07796, 0.03047, 0.08552, 0.00243, 0.00486, 0.01535, 0.09045, 0.05964, 0.00148, 0.0007, 0.02425],[0.24643, 0.28678, 0.21199, 0.23497, 0.23293, 0.315],[7, 9, 6, 8, 14, 13],60,6
2.5,184,[0.00137, 0.00503, 0.04618, 0.04007, 0.0635, 0.03893, 0.0392, 0.0051, 0.04334, 0.00419, 0.00166, 0.03409, 0.05888, 0.01702, 0.02629, 0.07051, 0.02364, 0.01341, 0.02564, 0.00306, 0.00093, 0.00106, 0.04487, 0.04793, 0.00143, 0.01749, 0.01349, 0.02813, 0.03358, 0.06229, 0.0106, 0.01615, 0.01251, 0.04835, 0.00963, 0.01993, 0.01935, 0.05361, 0.01594, 0.002, 0.01104, 0.00473, 0.00489, 0.04861, 0.01179, 0.00364, 0.01378, 0.00256, 0.01705, 0.05691, 0.00508, 0.04219, 0.03801, 0.03734, 0.08714, 0.09348, 0.05682],[0.20504, 0.2285, 0.2197, 0.22588, 0.20973],[9, 10, 7, 9, 9],57,5
2.5,185,[0.00138, 0.01896, 0.00164, 0.01602, 0.08689, 0.02449, 0.02346, 0.00862, 0.08801, 0.03154, 0.01805, 0.01952, 0.01614, 0.0253, 0.00214, 0.03628, 0.00522, 0.06305, 0.03026, 0.02401, 0.06778, 0.00612, 0.02861, 0.02302, 0.02168, 0.00684, 0.04777, 0.00243, 0.03023, 0.04729, 0.02397, 0.01653, 0.00061, 0.01365, 0.04661],[0.3066, 0.23679, 0.2645],[14, 7, 10],35,3
2.5,186,[0.00589, 0.01482, 0.05767, 0.00127, 0.05193, 0.01925, 0.00336, 0.00198, 0.05507, 0.00639, 0.09657, 0.01494, 0.03347, 0.08536, 0.00741, 0.05906, 0.01431, 0.00194, 0.01308, 0.00248, 0.01962, 0.0674, 0.02245, 0.01032, 0.02226, 0.09865, 0.03659, 0.02448, 0.0771, 0.04639, 0.01179, 0.00364, 0.01378, 0.00256, 0.01705, 0.05691, 0.00508, 0.04219, 0.03801, 0.03734, 0.08714, 0.09348, 0.05682, 0.05724, 0.01029, 0.01993, 0.01935, 0.05361, 0.01594, 0.002, 0.01104, 0.00473, 0.00489, 0.04861],[0.22179, 0.21199, 0.27669, 0.20973],[11, 8, 11, 15],54,4
2.5,187,[0.00132, 0.05522, 0.00248, 0.01962, 0.0674, 0.07533, 0.02245, 0.01032, 0.01494, 0.03347, 0.08536, 0.00741, 0.05906, 0.01431, 0.00194, 0.01308, 0.01653, 0.00061, 0.01365, 0.04661, 0.02755, 0.0632, 0.00208, 0.01942, 0.05221, 0.00505, 0.09578, 0.0388, 0.00313, 0.05544, 0.03588, 0.02662, 0.00803, 0.03864, 0.06219, 0.07796, 0.03047, 0.08552, 0.00243, 0.00486, 0.01535, 0.09045, 0.05964, 0.00148, 0.0007, 0.02425, 0.02664, 0.00162, 0.01231, 0.03581, 0.09386, 0.03596, 0.01711, 0.03439, 0.05899, 0.00303, 0.00612],[0.24524, 0.21199, 0.23497, 0.23293, 0.315, 0.28635],[2, 6, 8, 14, 13, 13],57,6
2.5,188,[0.0034, 0.03515, 0.01942, 0.00208, 0.00154, 0.00862, 0.00221, 0.01125, 0.00142, 0.00306, 0.07555, 0.03668, 0.00832, 0.01642, 0.08536, 0.04887, 0.02952, 0.08468, 0.00218, 0.00116, 0.00119, 0.04688, 0.00321, 0.00337, 0.01584, 0.07495, 0.04222, 0.01233, 0.07226, 0.02605, 0.01653],[0.22369, 0.25794, 0.2023, 0.29868],[8, 6, 4, 12],31,4
2.5,189,[0.02106, 0.00701, 0.05602, 0.02186, 0.02383, 0.03831, 0.00512, 0.05717, 0.0116, 0.0145, 0.01376, 0.00435, 0.00238, 0.00608, 0.02817, 0.01783, 0.00178, 0.0511, 0.0401, 0.04496, 0.05138, 0.0283, 0.0154, 0.00418, 0.03966, 0.01701, 0.01189, 0.00745, 0.03806, 0.05823, 0.00248, 0.01962, 0.0674, 0.07533, 0.02245, 0.01032, 0.01494, 0.03347, 0.08536, 0.00741, 0.05906, 0.01431, 0.00194],[0.25663, 0.2314, 0.22081, 0.21199],[10, 12, 8, 6],43,4
2.5,190,[0.0017, 0.00115, 0.06803, 0.07681, 0.01179, 0.00364, 0.01378, 0.00256, 0.01705, 0.05691, 0.00508, 0.04219, 0.03801, 0.03734, 0.08714, 0.09348, 0.05682, 0.05724, 0.01029, 0.01993, 0.01935, 0.05361, 0.01594, 0.002, 0.01104, 0.00473, 0.00489, 0.04861, 0.0177, 0.00714, 0.00719, 0.01349, 0.02813, 0.03358, 0.06229, 0.0106, 0.01615, 0.01251, 0.04835, 0.00963, 0.00519, 0.09993, 0.02545, 0.0223, 0.00373, 0.05248, 0.05386],[0.26326, 0.20973, 0.22588, 0.2197],[4, 15, 12, 16],47,4
2.5,191,[0.00128, 0.00179, 0.07868, 0.06791, 0.00017, 0.01466, 0.02446, 0.0177, 0.02158, 0.00381, 0.00318, 0.03036, 0.01218, 0.06839, 0.07249, 0.03823, 0.05322, 0.06985, 0.08477, 0.01285, 0.00197, 0.01635, 0.05888, 0.02299, 0.04991, 0.09248, 0.06941, 0.0248, 0.01157, 0.00248, 0.01962, 0.0674, 0.07533, 0.02245, 0.01032, 0.01494, 0.03347, 0.08536, 0.00741, 0.05906, 0.01431, 0.00194, 0.01308, 0.01653, 0.00061, 0.01365, 0.04661, 0.02755, 0.0632, 0.00208, 0.01942, 0.05221, 0.00505],[0.20273, 0.20681, 0.28678, 0.21199, 0.23497],[4, 16, 9, 6, 8],53,5
2.5,192,[0.03032, 0.00477, 0.02854, 0.00417, 0.00925, 0.0045, 0.03166, 0.04485, 0.0858, 0.05963, 0.04258, 0.05216, 0.01049, 0.03588, 0.02662, 0.00803, 0.03864, 0.06219, 0.07796, 0.03047, 0.08552, 0.00243, 0.00486, 0.01535, 0.09045, 0.05964, 0.01653, 0.00061, 0.01365, 0.04661, 0.02755, 0.0632, 0.00208, 0.01942, 0.05221],[0.20793, 0.23293],[13, 13],35,2
2.5,193,[0.00176, 0.01808, 0.00725, 0.03288, 0.00551, 0.05668, 0.01376, 0.00435, 0.00238, 0.00608, 0.02817, 0.01783, 0.00178, 0.0511, 0.0401, 0.04496, 0.05138, 0.0283, 0.0154, 0.00418, 0.03966, 0.01701, 0.01189, 0.00745, 0.03806, 0.05823, 0.00248, 0.01962, 0.0674, 0.07533, 0.02245, 0.01032, 0.01494, 0.03347, 0.08536, 0.00741, 0.05906, 0.01431, 0.00194, 0.01308, 0.01653, 0.00061, 0.01365, 0.04661, 0.02755, 0.0632, 0.00208, 0.01942],[0.21962, 0.2314, 0.22081, 0.21199, 0.23497],[6, 12, 8, 6, 8],48,5
2.5,194,[0.01742, 0.02862, 0.00294, 0.00134, 0.00725, 0.02339, 0.03051, 0.05195, 0.07065, 0.00777, 0.01384, 0.0277, 0.0613, 0.03173, 0.08536, 0.04887, 0.02952, 0.08468, 0.00218, 0.00116, 0.00119, 0.04688, 0.00321, 0.00337, 0.01584, 0.07495, 0.04222, 0.01233, 0.07226, 0.02605, 0.01225, 0.01114, 0.03019, 0.02185, 0.00254, 0.0624, 0.0741],[0.20849, 0.2023, 0.21534],[14, 4, 12],37,3
2.5,195,[0.03285, 0.00123, 0.01652, 0.03536, 0.06219, 0.01548, 0.06192, 0.03761, 0.00582, 0.08054, 0.00228, 0.01349, 0.02813, 0.03358, 0.06229, 0.0106, 0.01615, 0.01251, 0.04835, 0.00963, 0.01993, 0.01935, 0.05361, 0.01594, 0.002, 0.01104, 0.00473, 0.00489, 0.04861, 0.01179, 0.00364, 0.01378, 0.00256, 0.01705, 0.05691, 0.00508],[0.21222, 0.22588, 0.20973],[11, 9, 9],36,3
2.5,196,[0.0321, 0.00364, 0.00838, 0.0012, 0.02816, 0.00631, 0.05579, 0.09078, 0.02699, 0.01179, 0.00364, 0.01378, 0.00256, 0.01705, 0.05691, 0.00508, 0.04219, 0.03801, 0.03734, 0.08714, 0.05682, 0.05724, 0.01029, 0.01993, 0.01935, 0.05361, 0.01594, 0.002, 0.01104, 0.00473, 0.00489, 0.04861, 0.0177, 0.00714, 0.00719],[0.20046, 0.21625, 0.20973, 0.22588],[3, 6, 14, 12],35,4
2.5,197,[0.01603, 0.01128, 0.06382, 0.04658, 0.06003, 0.04676, 0.08684, 0.00836, 0.02128, 0.05854, 0.08687, 0.0331],[],[],12,0
2.5,198,[0.00025, 0.01444, 0.00541, 0.04537, 0.01968, 0.02241, 0.00683, 0.08536, 0.04887, 0.02952, 0.08468, 0.00218, 0.00116, 0.00119, 0.04688, 0.00321, 0.00337, 0.01584, 0.07495, 0.04222, 0.01233],[0.28011, 0.2023],[7, 4],21,2
2.5,199,[0.00922, 0.00574, 0.00699, 0.05461, 0.04363, 0.02351, 0.0714, 0.05271, 0.0102, 0.00154, 0.00306, 0.00093, 0.00106, 0.04487, 0.04793, 0.00143, 0.01749, 0.00419, 0.00166, 0.03409, 0.05888, 0.01702, 0.02629, 0.07051, 0.02364, 0.01341, 0.02564, 0.00248, 0.01962, 0.0674, 0.02245, 0.01032, 0.02226, 0.09865, 0.03659, 0.02448, 0.0771, 0.04639, 0.01179, 0.00364, 0.01378, 0.00256, 0.01705, 0.05691, 0.00508, 0.04219, 0.03801, 0.03734, 0.08714, 0.09348, 0.05682, 0.05724, 0.01029, 0.01993, 0.01935],[0.22174, 0.2285, 0.34372, 0.27669, 0.20973],[10, 7, 10, 11, 15],55,5

