2.5,0,[0.01149, 0.00342, 0.01036, 0.05759, 0.06182, 0.01349, 0.00196, 0.0212, 0.08797, 0.02157, 0.00225, 0.00698, 0.01205, 0.05847, 0.02005, 0.04264, 0.03331, 0.00026, 0.00163, 0.03862, 0.01061, 0.00278, 0.08317, 0.0679, 0.00225, 0.04669, 0.03805, 0.00728, 0.06169, 0.0796, 0.01103, 0.05806, 0.08405, 0.03189, 0.00841, 0.00853, 0.00215, 0.04495, 0.08868, 0.00626, 0.01023, 0.00506, 0.01952, 0.00169, 0.00939, 0.00397, 0.01964, 0.07862, 0.00771, 0.03089, 0.06931, 0.08191, 0.05662, 0.01631, 0.02147, 0.00142, 0.04956, 0.08359, 0.0463, 0.01999, 0.07143],[0.22349, 0.24364, 0.27631, 0.20046, 0.26071, 0.20652, 0.31516, 0.20809],[6, 8, 3, 14, 6, 2, 11, 3],61,8
2.5,1,[0.00585, 0.01715, 0.09657, 0.00304, 0.04497, 0.01561, 0.03727, 0.04064, 0.02542, 0.0173, 0.01609, 0.00231, 0.03854],[0.2784],[7],13,1
2.5,2,[0.00591, 0.01574, 0.01394, 0.06027, 0.05895, 0.02215, 0.09372, 0.07199, 0.02696, 0.08539, 0.00486, 0.0887, 0.07376, 0.03122, 0.0238, 0.07637, 0.00652, 0.04673, 0.01013, 0.00693, 0.00352, 0.03274, 0.00825, 0.02958, 0.02253, 0.03625, 0.0209, 0.06019, 0.00338, 0.00341, 0.0706, 0.02669, 0.0012, 0.01881, 0.09506, 0.00623, 0.03566, 0.05739, 0.00227, 0.00462, 0.04181, 0.042, 0.02276, 0.0949, 0.0923],[0.21954, 0.26693, 0.20324],[3, 19, 10],45,3
2.5,3,[0.04375, 0.09299, 0.06936, 0.08009, 0.03862, 0.00075, 0.01881, 0.05574, 0.04275, 0.05727, 0.00626, 0.01023, 0.00506, 0.01952, 0.00169, 0.00939, 0.00397, 0.01964, 0.07862, 0.04495, 0.08868, 0.01699, 0.08359, 0.03914, 0.01744, 0.01494, 0.01741, 0.02063, 0.01319, 0.00471, 0.00163, 0.09506, 0.0078, 0.00215, 0.01983, 0.00246, 0.01708, 0.05241, 0.0059, 0.00297, 0.01628, 0.0952, 0.00801, 0.00459],[0.21091, 0.22846, 0.20652, 0.23377, 0.34484, 0.25521],[4, 6, 9, 2, 6, 16],44,6
2.5,4,[0.01467, 0.02617, 0.00165, 0.05659, 0.0017, 0.03915, 0.08265, 0.00236, 0.00026, 0.00163, 0.03862, 0.01061, 0.00278, 0.08317, 0.0679, 0.00225, 0.04669, 0.03805, 0.00728, 0.06169, 0.0796, 0.01103, 0.05806, 0.08405, 0.03189, 0.00841, 0.00853, 0.00215, 0.00196, 0.0212, 0.08797, 0.02157, 0.00225, 0.00698, 0.01205, 0.05847, 0.02005, 0.03331, 0.00697, 0.03618, 0.00184, 0.01192, 0.02367, 0.01097, 0.01352, 0.03816, 0.01205, 0.01014, 0.06336, 0.02121, 0.0027, 0.02695, 0.03552, 0.00747, 0.09506, 0.05795, 0.04459, 0.0014, 0.00205],[0.2612, 0.32989, 0.20046, 0.2671, 0.24364, 0.25719, 0.27677],[0, 8, 14, 6, 8, 13, 7],59,7
2.5,5,[0.00509, 0.05187, 0.07214, 0.0153, 0.01171, 0.01426, 0.00502, 0.02899, 0.00207, 0.04136, 0.01931, 0.05403, 0.09372, 0.0195, 0.00393, 0.00644, 0.02011, 0.07366, 0.02813, 0.02982, 0.01213, 0.00305, 0.07871, 0.0096, 0.01, 0.04353],[0.20255],[4],26,1
2.5,6,[0.03617, 0.00469, 0.07478, 0.003, 0.00939, 0.06778, 0.05454, 0.06519, 0.03585, 0.00422, 0.05289, 0.01941, 0.0045, 0.00905, 0.00102, 0.00108, 0.02219, 0.03324, 0.02711, 0.01467, 0.02617, 0.00165, 0.05659],[0.20093, 0.24858],[13, 6],23,2
2.5,7,[0.01168, 0.0023, 0.01095, 0.00297, 0.03672, 0.08191, 0.04105, 0.03923, 0.02465, 0.02648, 0.01631, 0.02147, 0.00142, 0.04956, 0.08359, 0.0463, 0.01999, 0.07143, 0.02557, 0.00903, 0.02763, 0.01046, 0.06696, 0.0341, 0.03807, 0.00775, 0.00394, 0.01976, 0.016, 0.0804, 0.01861, 0.05928, 0.01551, 0.06892, 0.02424, 0.04843, 0.00626, 0.01023],[0.20149, 0.24288, 0.25631, 0.27581],[5, 5, 19, 7],38,4
2.5,8,[0.00187, 0.02095, 0.0206, 0.06674, 0.00497, 0.0058, 0.00196, 0.0212, 0.08797, 0.02157, 0.00225, 0.00698, 0.01205, 0.05847, 0.02005, 0.04264, 0.03331, 0.00026, 0.00163, 0.03862, 0.01061, 0.00278, 0.08317, 0.0679, 0.00225, 0.04669, 0.03805, 0.00728, 0.06169, 0.0796, 0.01103, 0.05806, 0.08405, 0.03189, 0.00841, 0.00853, 0.00215, 0.04495, 0.08868, 0.00626, 0.01023, 0.00506, 0.01952, 0.00169, 0.00939, 0.00397, 0.01964, 0.07862, 0.00771, 0.03089, 0.06931, 0.08191, 0.05662, 0.01631, 0.02147, 0.00142, 0.04956, 0.08359, 0.0463, 0.01999, 0.07143],[0.20692, 0.24364, 0.27631, 0.20046, 0.26071, 0.20652, 0.31516, 0.20809],[6, 8, 3, 14, 6, 2, 11, 3],61,8
2.5,9,[0.05209, 0.03196, 0.03277, 0.0406, 0.02055, 0.00626, 0.01023, 0.00506, 0.01952, 0.00169, 0.00939, 0.00397, 0.01964, 0.07862, 0.03862, 0.00075, 0.01881, 0.05574, 0.04275, 0.05727, 0.04064, 0.02542, 0.0173, 0.01609, 0.00231, 0.03854, 0.0129, 0.09997, 0.08725, 0.05289, 0.01467, 0.02617, 0.00165, 0.05659, 0.0017, 0.03915, 0.08265, 0.00236],[0.23352, 0.22846, 0.25196, 0.28643],[5, 9, 6, 10],38,4
2.5,10,[0.00171, 0.00212, 0.00654, 0.06263, 0.07858, 0.02009, 0.03554, 0.02745, 0.00197, 0.00612, 0.00207, 0.04727, 0.01308, 0.00219, 0.02264, 0.04132],[],[],16,0
2.5,11,[0.00768, 0.05355, 0.03002, 0.06049, 0.02099, 0.02956, 0.00626, 0.01023, 0.00506, 0.01952, 0.00169, 0.00939, 0.00397, 0.01964],[0.22906],[6],14,1
2.5,12,[0.00521, 0.02631, 0.02272, 0.0753, 0.01851, 0.02121, 0.0027, 0.02695, 0.03552, 0.00747, 0.09506, 0.00598, 0.08317, 0.00137, 0.04459, 0.0014, 0.00205, 0.00779, 0.02613, 0.02327, 0.01866, 0.02306, 0.01384, 0.00757, 0.01587, 0.00882, 0.00226, 0.01854, 0.01333, 0.04958, 0.03374, 0.02555, 0.00476, 0.05513, 0.01149, 0.07273, 0.00257, 0.04898, 0.0305, 0.00708, 0.00761, 0.01532, 0.07845, 0.02063, 0.06381, 0.0037, 0.02061],[0.24036, 0.29506, 0.21675, 0.24107, 0.20798, 0.33159, 0.20603],[5, 6, 3, 5, 8, 3, 13],47,7
2.5,13,[0.02525, 0.00875, 0.0168, 0.00818, 0.06836, 0.04064, 0.02542, 0.0173, 0.01609, 0.00231, 0.03854, 0.0129, 0.09997, 0.08725, 0.05289, 0.00026, 0.00163, 0.03862, 0.01061, 0.00278, 0.08317, 0.0679, 0.00225, 0.04669, 0.03805, 0.00728, 0.06169, 0.0796, 0.01103, 0.05806, 0.08405, 0.03189, 0.00841, 0.00853, 0.00215, 0.00196, 0.0212, 0.08797, 0.02157, 0.00225, 0.00698, 0.01205, 0.05847, 0.02005, 0.04264, 0.03331, 0.02121, 0.0027, 0.02695],[0.20214, 0.21667, 0.20046, 0.2671, 0.24364, 0.25719],[5, 10, 14, 6, 8, 3],49,6
2.5,14,[0.00188, 0.02975, 0.02844, 0.03369, 0.05957, 0.00159, 0.07054, 0.00391, 0.00626, 0.01023, 0.00506, 0.01952, 0.00169, 0.00939, 0.00397, 0.01964, 0.07862, 0.04495, 0.08868, 0.01699, 0.08359, 0.03914, 0.01744, 0.01494, 0.01741, 0.02063, 0.01319, 0.00471, 0.00163, 0.09506, 0.0078, 0.00215, 0.01983, 0.00246, 0.01708, 0.05241, 0.0059, 0.00297, 0.01628, 0.0952, 0.00801, 0.00459, 0.01048, 0.00189, 0.07251, 0.06027, 0.05895, 0.02215, 0.09372, 0.07199],[0.2121, 0.20652, 0.23377, 0.34484, 0.25521, 0.3094],[8, 9, 2, 6, 16, 4],50,6
2.5,15,[0.00066, 0.00568, 0.01355, 0.07031, 0.00415, 0.06029, 0.09407, 0.03201, 0.03899, 0.06954, 0.04203, 0.08185, 0.07822, 0.00549, 0.01467, 0.02617, 0.00165, 0.05659, 0.0017, 0.03915, 0.08265, 0.00236, 0.00026, 0.00163, 0.03862, 0.01061, 0.00278, 0.08317, 0.0679, 0.00225, 0.04669, 0.03805, 0.00728, 0.06169, 0.0796, 0.01103, 0.05806, 0.08405, 0.03189, 0.00841, 0.00853, 0.00215, 0.00196, 0.0212, 0.08797, 0.02157, 0.00225, 0.00698, 0.01205, 0.05847],[0.21948, 0.32989, 0.20046, 0.2671, 0.24364],[14, 8, 14, 6, 8],50,5
2.5,16,[0.01107, 0.08428, 0.03296, 0.01681, 0.01519, 0.00119, 0.05574, 0.01868, 0.00335, 0.06506, 0.01366, 0.00481, 0.06027, 0.05895, 0.02215, 0.09372, 0.07199, 0.02696, 0.08539, 0.00486, 0.0887, 0.07376, 0.03122, 0.0238, 0.07637, 0.00652, 0.04673, 0.01013, 0.00693, 0.00352, 0.03274, 0.00825, 0.02958, 0.02253, 0.03625, 0.0209, 0.06019, 0.00338, 0.00341, 0.0706, 0.02669, 0.0061, 0.00093, 0.00291, 0.0233, 0.05902, 0.02048, 0.00487, 0.04144, 0.04219, 0.00528, 0.06401, 0.05598],[0.2513, 0.28212, 0.26693, 0.21582],[3, 9, 19, 10],53,4
2.5,17,[0.00095, 0.01677, 0.00525, 0.00225, 0.04085, 0.06377, 0.09521, 0.04203, 0.0139, 0.00626, 0.01023, 0.00506, 0.01952, 0.00169, 0.00939, 0.00397, 0.01964, 0.07862, 0.03862, 0.00075, 0.01881, 0.05574, 0.04275, 0.05727, 0.04064, 0.02542, 0.0173, 0.01609, 0.00231, 0.03854, 0.0129, 0.09997, 0.08725, 0.05289, 0.01467, 0.02617, 0.00165, 0.05659, 0.0017, 0.03915, 0.08265, 0.00236, 0.00196, 0.0212, 0.08797, 0.02157, 0.00225, 0.00698, 0.01205, 0.05847, 0.02005, 0.03331, 0.00697, 0.03618, 0.00184, 0.01192, 0.02367, 0.01097, 0.01352, 0.03816, 0.01205, 0.01014, 0.06336],[0.22128, 0.22846, 0.25196, 0.28643, 0.34916, 0.24364],[9, 9, 6, 10, 8, 8],63,6
2.5,18,[0.00111, 0.02506, 0.01253, 0.00173, 0.01905, 0.0199, 0.04634, 0.00861, 0.0053, 0.00408, 0.00219, 0.02214, 0.04064, 0.02542, 0.0173, 0.01609, 0.00231, 0.03854, 0.0129, 0.09997, 0.08725, 0.05289, 0.00026, 0.00163, 0.03862, 0.01061, 0.00278, 0.08317, 0.0679, 0.00225, 0.04669, 0.03805, 0.00728, 0.06169, 0.0796, 0.01103, 0.05806, 0.08405, 0.03189, 0.00841, 0.00853, 0.00215, 0.00196, 0.0212, 0.08797, 0.02157, 0.00225, 0.00698, 0.01205, 0.05847, 0.02005, 0.04264, 0.03331],[0.28599, 0.21667, 0.20046, 0.2671, 0.24364],[12, 10, 14, 6, 8],53,5
2.5,19,[0.01512, 0.00041, 0.02809, 0.00223, 0.00251, 0.09515, 0.01211, 0.00054, 0.00107, 0.01254, 0.03038, 0.0046, 0.00626, 0.01023, 0.00506, 0.01952, 0.00169, 0.00939, 0.00397, 0.01964, 0.07862, 0.00771, 0.03089, 0.08475, 0.03862, 0.00075, 0.01881, 0.05574, 0.04275, 0.05727, 0.04064, 0.02542, 0.0173, 0.01609, 0.00231, 0.03854, 0.0129, 0.09997, 0.08725, 0.05289, 0.01467, 0.02617],[0.20986, 0.27096, 0.22846, 0.25196, 0.28643],[7, 5, 12, 6, 10],42,5
2.5,20,[0.01665, 0.08258, 0.05263, 0.09394, 0.00679, 0.04048, 0.04849, 0.09408, 0.07157, 0.02305, 0.00789, 0.00626, 0.01023, 0.00506, 0.01952, 0.00169, 0.00939, 0.00397, 0.01964, 0.07862, 0.04495, 0.08868, 0.01699, 0.08359, 0.03914, 0.01744, 0.01494, 0.01741, 0.02063, 0.01319, 0.00471, 0.00163, 0.09506, 0.0078, 0.00215, 0.01983, 0.00246, 0.01708],[0.27884, 0.20652, 0.23377, 0.34484],[11, 9, 2, 6],38,4
2.5,21,[0.00021, 0.00849, 0.01777, 0.0076, 0.01997, 0.00525, 0.05635, 0.09586, 0.01542, 0.00488, 0.02121, 0.0027, 0.02695, 0.03552, 0.00747, 0.09506, 0.00598, 0.08317, 0.00137, 0.00626, 0.01023, 0.00506, 0.01952, 0.00169, 0.00939, 0.00397, 0.01964, 0.07862, 0.00075, 0.01881, 0.05574, 0.04275, 0.05727, 0.00183, 0.00554, 0.01159, 0.00205, 0.09608, 0.04106, 0.00258, 0.04775, 0.01169, 0.04064, 0.02542, 0.0173, 0.01609, 0.00231, 0.03854, 0.0129, 0.08725, 0.05289, 0.0547, 0.01467],[0.22792, 0.29506, 0.31576, 0.22846, 0.25196, 0.28643],[10, 6, 3, 9, 14, 10],53,6
2.5,22,[0.01521, 0.03769, 0.01138, 0.00133, 0.08133, 0.00626, 0.01023, 0.00506, 0.01952, 0.00169, 0.00939, 0.00397, 0.01964, 0.07862, 0.00771, 0.03089, 0.03862, 0.00075, 0.01881, 0.05574, 0.04275, 0.05727, 0.04064, 0.02542, 0.0173, 0.01609, 0.00231, 0.03854, 0.0129, 0.09997, 0.08725, 0.05289, 0.01467, 0.02617, 0.00165, 0.05659, 0.0017, 0.03915, 0.08265, 0.00236, 0.00196, 0.0212, 0.08797, 0.02157, 0.00225, 0.00698, 0.01205, 0.05847, 0.02005, 0.03331, 0.00697, 0.03618, 0.00184, 0.01192, 0.02367],[0.21011, 0.22846, 0.25196, 0.28643, 0.34916, 0.24364],[5, 11, 6, 10, 8, 8],55,6
2.5,23,[0.00328, 0.01336, 0.08689, 0.01001, 0.04029, 0.03862, 0.00075, 0.01881, 0.05574, 0.04275, 0.05727, 0.00626, 0.01023, 0.00506, 0.01952, 0.00169, 0.00939, 0.00397, 0.01964, 0.07862, 0.04495, 0.08868, 0.01699, 0.08359, 0.03914, 0.01744, 0.01494, 0.01741, 0.02063, 0.01319, 0.00471, 0.00163, 0.09506, 0.0078, 0.00215, 0.01983, 0.00246, 0.01708, 0.05241, 0.0059, 0.00297, 0.01628, 0.0952],[0.2768, 0.22846, 0.20652, 0.23377, 0.34484],[5, 6, 9, 2, 6],43,5
2.5,24,[0.01318, 0.03894, 0.00314, 0.01461, 0.0921, 0.00878, 0.09647, 0.0258, 0.01932, 0.00196, 0.0212, 0.08797, 0.02157, 0.00225, 0.00698, 0.01205, 0.05847, 0.02005, 0.04264, 0.03331, 0.00026, 0.00163, 0.03862, 0.01061, 0.00278, 0.08317, 0.0679, 0.00225, 0.04669, 0.03805, 0.00728, 0.06169, 0.0796, 0.01103, 0.00626, 0.01023, 0.00506, 0.01952, 0.00169, 0.00939, 0.00397, 0.01964, 0.07862, 0.04495, 0.08868, 0.01699, 0.08359, 0.03914, 0.01744, 0.01494],[0.25211, 0.24364, 0.27631, 0.26691, 0.20652, 0.23377],[9, 8, 3, 14, 9, 2],50,6
2.5,25,[0.0058, 0.00095, 0.05704, 0.02625, 0.01556, 0.00666, 0.08165, 0.00573, 0.00196, 0.0212, 0.08797, 0.02157, 0.00225, 0.00698, 0.01205, 0.05847, 0.02005, 0.03331, 0.00026, 0.00163, 0.03862, 0.01061, 0.00278, 0.08317, 0.0679, 0.00225, 0.04669, 0.03805, 0.00728, 0.06169, 0.0796, 0.01103, 0.05806, 0.08405, 0.03189, 0.00841, 0.00853, 0.00215, 0.04495, 0.08868, 0.00626, 0.01023, 0.00506, 0.01952, 0.00169, 0.00939, 0.00397, 0.01964, 0.07862, 0.00771, 0.03089, 0.06931, 0.08191, 0.05662, 0.01631, 0.02147, 0.00142, 0.04956, 0.08359, 0.0463, 0.01999, 0.07143, 0.02557],[0.24558, 0.24364, 0.27631, 0.20046, 0.26071, 0.20652, 0.31516, 0.20809],[8, 8, 2, 14, 6, 2, 11, 3],63,8
2.5,26,[0.00328, 0.00321, 0.07595, 0.09259, 0.00605, 0.00185, 0.02844, 0.02063, 0.01319, 0.00471, 0.00163, 0.09506, 0.0078, 0.00215, 0.01983, 0.00246, 0.01708, 0.05241, 0.0059, 0.00297, 0.01628, 0.0952, 0.00801, 0.00459, 0.01048, 0.00189, 0.07251, 0.06027, 0.05895, 0.02215, 0.09372, 0.07199, 0.02696, 0.08539, 0.00486, 0.0887, 0.07376, 0.03122, 0.0238, 0.07637, 0.00652, 0.04673, 0.01013, 0.00693, 0.00352],[0.27306, 0.25521, 0.3094],[7, 16, 4],45,3
2.5,27,[0.0033, 0.01801, 0.03462, 0.04219, 0.03226, 0.05534, 0.00331, 0.0582],[],[],8,0
2.5,28,[0.02357, 0.01746, 0.0428, 0.07849, 0.00461, 0.03863, 0.02441, 0.03374, 0.02555, 0.00476, 0.05513, 0.01149, 0.07273, 0.00257, 0.04898, 0.0305, 0.02063, 0.0037, 0.00598, 0.08317, 0.00137, 0.04459, 0.0014, 0.00205, 0.00779, 0.02613, 0.02327, 0.01866, 0.02306, 0.01384, 0.00757, 0.01587, 0.00882, 0.00226],[0.27293, 0.20603, 0.32238, 0.21675, 0.24107],[7, 9, 2, 3, 5],34,5
2.5,29,[0.00111, 0.0128, 0.01135, 0.06027, 0.05895, 0.02215, 0.09372, 0.07199, 0.02696, 0.08539, 0.00486, 0.0887, 0.07376, 0.03122, 0.0238, 0.07637, 0.00652, 0.04673, 0.01013, 0.00693, 0.00352, 0.03274, 0.00825, 0.02958, 0.02253, 0.03625, 0.0209, 0.06019, 0.00338, 0.00341, 0.0706, 0.02669, 0.0012, 0.01881, 0.09506, 0.00623, 0.03566, 0.05739, 0.00227, 0.00462, 0.04181, 0.042, 0.02276, 0.0949, 0.0923],[0.20117, 0.26693, 0.20324],[3, 19, 10],45,3
2.5,30,[0.00562, 0.02543, 0.08391, 0.02846, 0.01087, 0.09828, 0.0779, 0.0022, 0.01817, 0.00251, 0.08606, 0.01073, 0.00682, 0.0089, 0.0036, 0.06179, 0.09142, 0.03934, 0.00196, 0.0212, 0.08797, 0.02157, 0.00225, 0.00698, 0.01205, 0.05847, 0.02005, 0.03331, 0.00697, 0.03618, 0.00184, 0.01192, 0.02367, 0.01097, 0.01352, 0.03816, 0.01205],[0.20107, 0.30256, 0.24364],[12, 6, 8],37,3
2.5,31,[0.09517, 0.06027, 0.05895, 0.02215, 0.09372, 0.07199, 0.02696, 0.08539, 0.00486, 0.0887, 0.07376, 0.03122, 0.0238, 0.07637, 0.00652, 0.04673, 0.01013, 0.00693, 0.00352, 0.03274, 0.00825, 0.02958, 0.02253, 0.03625, 0.0209, 0.06019, 0.00338, 0.00341, 0.0706, 0.02669, 0.0012, 0.01881, 0.09506, 0.00623, 0.03566, 0.05739, 0.00227, 0.00462, 0.04181, 0.042, 0.02276, 0.0949, 0.0923],[0.20735, 0.26693, 0.20324],[1, 19, 10],43,3
2.5,32,[0.02478, 0.08564, 0.02434, 0.00502, 0.00267, 0.01171, 0.01426, 0.00502, 0.02899, 0.00207, 0.04136, 0.01931, 0.05403, 0.09372, 0.0195, 0.00393, 0.00644, 0.02011, 0.07366, 0.02813, 0.02982, 0.01213, 0.00305, 0.00825, 0.02958, 0.02253, 0.03625, 0.0209, 0.06019, 0.00338, 0.00341, 0.0706, 0.02669, 0.0012, 0.01881, 0.09506, 0.00623, 0.03566, 0.05739, 0.00227, 0.00462],[0.20966, 0.26537, 0.20324],[5, 18, 10],41,3
2.5,33,[0.01955, 0.06748, 0.00566, 0.00296, 0.03923, 0.08043, 0.0039, 0.02006, 0.0012, 0.01881, 0.09506, 0.00623, 0.03566, 0.05739, 0.00227, 0.00462, 0.04181, 0.042, 0.02276, 0.0949, 0.0923, 0.00825, 0.02958, 0.02253, 0.03625, 0.0209, 0.06019, 0.00338, 0.00341, 0.0706, 0.02669, 0.00446, 0.05223],[0.22008, 0.20324],[8, 13],33,2
2.5,34,[0.03862, 0.00075, 0.01881, 0.05574, 0.04275, 0.05727, 0.00626, 0.01023, 0.00506, 0.01952, 0.00169, 0.00939, 0.00397, 0.01964, 0.07862, 0.04495, 0.08868, 0.01699, 0.08359, 0.03914, 0.01744, 0.01494, 0.01741, 0.02063, 0.01319, 0.00471, 0.00163, 0.09506, 0.0078, 0.00215, 0.01983, 0.00246, 0.01708, 0.05241, 0.0059, 0.00297, 0.01628, 0.0952, 0.00801, 0.00459, 0.01048, 0.00189, 0.07251, 0.06027, 0.05895, 0.02215, 0.09372, 0.07199, 0.02696, 0.08539, 0.00486, 0.0887, 0.07376, 0.03122, 0.0238, 0.07637, 0.00652, 0.04673, 0.01013, 0.00693],[0.22846, 0.20652, 0.23377, 0.34484, 0.25521, 0.3094],[6, 9, 2, 6, 16, 4],60,6
2.5,35,[0.00131, 0.00133, 0.02507, 0.01674, 0.08477, 0.02469, 0.01993, 0.03816, 0.02628, 0.00598, 0.08317, 0.00137, 0.04459, 0.0014, 0.00205, 0.00779],[0.24391, 0.21675],[9, 3],16,2
2.5,36,[0.00737, 0.00249, 0.01849, 0.02164, 0.07491, 0.01128, 0.00677, 0.09229, 0.09926, 0.08643, 0.06989, 0.01449, 0.00275, 0.00841, 0.01707, 0.03862, 0.00075, 0.01881, 0.05574],[0.22832],[15],19,1
2.5,37,[0.01467, 0.02617, 0.00165, 0.05659, 0.0017, 0.03915, 0.08265, 0.00236, 0.00026, 0.00163, 0.03862, 0.01061, 0.00278, 0.08317, 0.0679, 0.00225, 0.04669, 0.03805, 0.00728, 0.06169, 0.0796, 0.01103, 0.05806, 0.08405, 0.03189, 0.00841, 0.00853, 0.00215, 0.00196, 0.0212, 0.08797, 0.02157, 0.00225, 0.00698, 0.01205, 0.05847, 0.02005, 0.03331, 0.00697, 0.03618, 0.00184, 0.01192, 0.02367, 0.01097, 0.01352, 0.03816, 0.01205, 0.01014, 0.06336, 0.02121, 0.0027, 0.02695, 0.03552, 0.00747, 0.09506, 0.05795, 0.04459, 0.0014, 0.00205],[0.26489, 0.32989, 0.20046, 0.2671, 0.24364, 0.25719, 0.27677],[0, 8, 14, 6, 8, 13, 7],59,7
2.5,38,[0.0079, 0.00261, 0.02717, 0.00269, 0.003, 0.06027, 0.05895, 0.02215, 0.09372, 0.07199, 0.02696, 0.08539, 0.00486, 0.0887, 0.07376, 0.03122, 0.0238, 0.07637, 0.00652, 0.04673, 0.01013, 0.00693, 0.00352, 0.03274, 0.00825, 0.02958, 0.02253, 0.03625, 0.0209, 0.06019, 0.00338, 0.00341, 0.0706, 0.02669, 0.0012, 0.01881, 0.09506, 0.00623, 0.03566, 0.05739, 0.00227, 0.00462, 0.04181, 0.042, 0.02276, 0.0949, 0.0923],[0.21402, 0.26693, 0.20324],[5, 19, 10],47,3
2.5,39,[0.00282, 0.05189, 0.07996, 0.02956, 0.06824, 0.04056, 0.002, 0.04472, 0.04248, 0.08538, 0.03862, 0.00075, 0.01881, 0.05574, 0.04275, 0.05727, 0.04064, 0.02542, 0.0173, 0.01609, 0.00231, 0.03854, 0.0129, 0.09997, 0.08725, 0.05289, 0.01467, 0.02617, 0.00165, 0.05659, 0.0017, 0.03915, 0.08265, 0.00236, 0.00196, 0.0212, 0.08797, 0.02157, 0.00225, 0.00698, 0.01205, 0.05847, 0.02005, 0.03331, 0.00697, 0.03618, 0.00184, 0.01192, 0.02367, 0.01097, 0.01352, 0.03816, 0.01205, 0.01014, 0.06336, 0.02121, 0.0027, 0.02695, 0.03552, 0.00747, 0.09506],[0.25383, 0.25196, 0.28643, 0.34916, 0.24364, 0.25719],[10, 6, 10, 8, 8, 13],61,6
2.5,40,[0.015, 0.04674, 0.0143, 0.01699, 0.08359, 0.03914, 0.01744, 0.01494, 0.01741, 0.04495, 0.08868, 0.00626, 0.01023, 0.00506, 0.01952, 0.00169, 0.00939, 0.00397, 0.01964, 0.07862, 0.00771, 0.03089, 0.03862, 0.00075, 0.01881, 0.05574, 0.04275, 0.05727, 0.04064, 0.02542, 0.0173, 0.01609, 0.00231, 0.03854, 0.0129, 0.09997, 0.08725, 0.05289, 0.01467, 0.02617, 0.00165, 0.05659, 0.0017, 0.03915],[0.21721, 0.23377, 0.20652, 0.22846, 0.25196, 0.28643],[3, 6, 2, 11, 6, 10],44,6
2.5,41,[0.03864, 0.06011, 0.00774, 0.02327, 0.01866, 0.02306, 0.01384, 0.00757, 0.01587, 0.00882, 0.00226, 0.01854, 0.01333, 0.04958, 0.03374, 0.02555, 0.00476, 0.05513, 0.01149, 0.07273, 0.00257, 0.04898, 0.0305, 0.00708, 0.00761, 0.01532, 0.07845, 0.02063, 0.06381, 0.0037, 0.02061],[0.22706, 0.20798, 0.33159, 0.20603],[3, 8, 3, 13],31,4
2.5,42,[0.00229, 0.01921, 0.01664, 0.01467, 0.02617, 0.00165, 0.05659, 0.0017, 0.03915, 0.08265, 0.00236, 0.00026, 0.00163, 0.03862, 0.01061, 0.00278, 0.08317, 0.0679, 0.00225, 0.04669, 0.03805, 0.00728, 0.06169, 0.0796, 0.01103, 0.05806, 0.08405, 0.03189, 0.00841, 0.00853, 0.00215, 0.00196, 0.0212, 0.08797, 0.02157, 0.00225, 0.00698, 0.01205, 0.05847, 0.02005, 0.03331, 0.00697, 0.03618, 0.00184, 0.01192, 0.02367, 0.01097, 0.01352, 0.03816, 0.01205, 0.01014, 0.06336, 0.02121, 0.0027, 0.02695, 0.03552, 0.00747, 0.09506, 0.05795, 0.04459, 0.0014, 0.00205],[0.23565, 0.32989, 0.20046, 0.2671, 0.24364, 0.25719, 0.27677],[3, 8, 14, 6, 8, 13, 7],62,7
2.5,43,[0.00149, 0.03293, 0.0828, 0.02679, 0.03862, 0.00075, 0.01881, 0.05574, 0.04275, 0.05727, 0.00626, 0.01023, 0.00506, 0.01952, 0.00169, 0.00939, 0.00397, 0.01964, 0.07862, 0.04495, 0.08868, 0.01699, 0.08359, 0.03914, 0.01744, 0.01494, 0.01741, 0.02063, 0.01319, 0.00471, 0.00163, 0.09506, 0.0078, 0.00215, 0.01983, 0.00246, 0.01708, 0.05241, 0.0059, 0.00297, 0.01628, 0.0952, 0.00801, 0.00459, 0.01048, 0.00189, 0.07251, 0.06027, 0.05895, 0.02215, 0.09372, 0.07199, 0.02696, 0.08539, 0.00486, 0.0887, 0.07376, 0.03122, 0.0238, 0.07637, 0.00652, 0.04673],[0.21343, 0.22846, 0.20652, 0.23377, 0.34484, 0.25521, 0.3094],[4, 6, 9, 2, 6, 16, 4],62,7
2.5,44,[0.02694, 0.00647, 0.03798, 0.01939, 0.00243, 0.00536, 0.04317, 0.06306, 0.02444, 0.01631, 0.02147, 0.00142, 0.04956, 0.08359, 0.0463, 0.01999, 0.07143, 0.02557, 0.00903, 0.02763, 0.06931, 0.08191, 0.05662, 0.00626, 0.01023, 0.00506, 0.01952, 0.00169, 0.00939],[0.21845, 0.20809, 0.31516],[9, 11, 3],29,3
2.5,45,[0.02147, 0.00308, 0.08967, 0.01445, 0.00857, 0.03862, 0.00075, 0.01881, 0.05574, 0.04275, 0.05727, 0.00626, 0.01023, 0.00506, 0.01952, 0.00169, 0.00939, 0.00397, 0.01964, 0.07862, 0.04495, 0.08868, 0.01699, 0.08359, 0.03914, 0.01744, 0.01494, 0.01741, 0.02063, 0.01319, 0.00471, 0.00163, 0.09506, 0.0078, 0.00215, 0.01983, 0.00246, 0.01708, 0.05241, 0.0059, 0.00297, 0.01628, 0.0952, 0.00801, 0.00459, 0.01048, 0.00189, 0.07251, 0.06027, 0.05895],[0.26137, 0.22846, 0.20652, 0.23377, 0.34484, 0.25521, 0.3094],[5, 6, 9, 2, 6, 16, 4],50,7
2.5,46,[0.00494, 0.01117, 0.08126, 0.00159, 0.0948, 0.07376, 0.03551, 0.00733, 0.04793, 0.04009, 0.02037, 0.07592, 0.07921, 0.00645, 0.00325, 0.0012, 0.01881, 0.09506, 0.00623, 0.03566, 0.05739, 0.00227, 0.00462, 0.04181, 0.042, 0.02276, 0.0949, 0.0923, 0.00825, 0.02958, 0.02253, 0.03625, 0.0209, 0.06019, 0.00338, 0.00341, 0.0706, 0.02669, 0.00446, 0.05223],[0.2376, 0.20324],[15, 13],40,2
2.5,47,[0.00708, 0.01465, 0.00258, 0.00303, 0.0716, 0.06624, 0.03524, 0.03374, 0.02555, 0.00476, 0.05513, 0.01149, 0.07273, 0.00257, 0.04898, 0.0305, 0.02063, 0.06381, 0.0037, 0.00598, 0.08317, 0.00137, 0.04459, 0.0014, 0.00205, 0.00779, 0.02613, 0.02327, 0.01866, 0.02306, 0.01384, 0.00757, 0.01587, 0.00882],[0.20706, 0.20603, 0.32238, 0.21675, 0.24107],[7, 9, 3, 3, 5],34,5
2.5,48,[0.00754, 0.04011, 0.0009, 0.03484, 0.02096, 0.00318, 0.01082, 0.02033, 0.04642, 0.05293, 0.00903, 0.00313, 0.00626, 0.01023, 0.00506, 0.01952, 0.00169, 0.00939, 0.00397, 0.01964, 0.07862, 0.03862, 0.00075, 0.01881, 0.05574, 0.04275, 0.05727, 0.04064, 0.02542, 0.0173, 0.01609, 0.00231, 0.03854, 0.0129, 0.09997, 0.08725, 0.05289, 0.01467, 0.02617, 0.00165, 0.05659, 0.0017, 0.03915, 0.08265, 0.00236, 0.00196, 0.0212, 0.08797],[0.22658, 0.22846, 0.25196, 0.28643, 0.34916],[12, 9, 6, 10, 8],48,5
2.5,49,[0.00243, 0.07662, 0.05438, 0.02612, 0.0346, 0.04413, 0.02431, 0.01171, 0.01426, 0.00502, 0.02899, 0.00207, 0.04136, 0.01931, 0.05403, 0.09372, 0.0195, 0.00393, 0.00644, 0.02011, 0.07366, 0.02813, 0.02982, 0.01213, 0.00305, 0.00825, 0.02958, 0.02253, 0.03625, 0.0209, 0.06019, 0.00338, 0.00341, 0.0706, 0.02669, 0.0012, 0.01881, 0.09506, 0.00623, 0.03566, 0.05739, 0.00227, 0.00462],[0.22581, 0.26537, 0.20324],[7, 18, 10],43,3
2.5,50,[0.00677, 0.01211, 0.01854, 0.05333, 0.00204, 0.04712, 0.04882, 0.07498],[],[],8,0
2.5,51,[0.03127, 0.00718, 0.09135, 0.01998, 0.01003, 0.04161, 0.01159, 0.09991, 0.00196, 0.0212, 0.08797, 0.02157, 0.00225, 0.00698, 0.01205, 0.05847, 0.02005, 0.03331, 0.00026, 0.00163, 0.03862, 0.01061, 0.00278, 0.08317, 0.0679, 0.00225, 0.04669, 0.03805, 0.00728, 0.06169, 0.0796, 0.01103, 0.05806, 0.08405, 0.03189, 0.00841, 0.00853, 0.00215, 0.04495, 0.08868, 0.00626, 0.01023, 0.00506, 0.01952, 0.00169, 0.00939, 0.00397, 0.01964, 0.07862, 0.00771, 0.03089, 0.06931, 0.08191, 0.05662],[0.2122, 0.24364, 0.27631, 0.20046, 0.26071, 0.20652, 0.31516, 0.20809],[8, 8, 2, 14, 6, 2, 11, 3],54,8
2.5,52,[0.00587, 0.01696, 0.07127, 0.01505, 0.00205, 0.05031, 0.0022, 0.07502, 0.00598, 0.08317, 0.00137, 0.04459, 0.0014, 0.00205, 0.00779, 0.02613, 0.02327, 0.01866, 0.02306, 0.01384, 0.00757, 0.01587, 0.00882, 0.00226, 0.01854, 0.01333, 0.04958, 0.03249, 0.04216, 0.03523, 0.04629, 0.02604, 0.04826, 0.03374, 0.02555, 0.00476, 0.05513, 0.01149, 0.07273, 0.00257, 0.04898],[0.21495, 0.26779, 0.21675, 0.24107, 0.20798, 0.33159],[4, 4, 3, 5, 8, 9],41,6
2.5,53,[0.00185, 0.00292, 0.09365, 0.00545, 0.02211, 0.09604, 0.09792, 0.00825, 0.02958, 0.02253, 0.03625, 0.0209, 0.06019, 0.00338, 0.00341, 0.0706, 0.02669, 0.0012, 0.01881, 0.09506, 0.00623, 0.03566, 0.05739, 0.00227, 0.00462, 0.04181, 0.042, 0.02276, 0.0949, 0.0923, 0.00626, 0.01023, 0.00506, 0.01952, 0.00169, 0.00939, 0.00397],[0.22766, 0.20324, 0.34517],[7, 10, 13],37,3
2.5,54,[0.03532, 0.04732, 0.01806, 0.02216, 0.05813, 0.02926, 0.00857, 0.00598, 0.08317, 0.00137, 0.04459, 0.0014, 0.00205, 0.00779, 0.02613, 0.02327, 0.01866, 0.02306, 0.01384, 0.00757, 0.01587, 0.00882, 0.00226, 0.01854, 0.01333],[0.23406, 0.21675, 0.24107, 0.20798],[7, 3, 5, 8],25,4
2.5,55,[0.00311, 0.00601, 0.01993, 0.05422, 0.04507, 0.04543, 0.05487, 0.06027, 0.05895, 0.02215, 0.09372, 0.07199, 0.02696, 0.08539, 0.00486, 0.0887, 0.07376, 0.03122, 0.0238, 0.07637, 0.00652, 0.04673, 0.01013, 0.00693, 0.00352, 0.03274, 0.00825, 0.02958, 0.02253, 0.03625, 0.0209, 0.06019, 0.00338, 0.00341, 0.0706, 0.02669],[0.27945, 0.26693],[7, 19],36,2
2.5,56,[0.00097, 0.02139, 0.01694, 0.03501, 0.0138, 0.08315, 0.049, 0.00509, 0.03374, 0.02555, 0.00476, 0.05513, 0.01149, 0.07273, 0.00257, 0.04898, 0.0305, 0.02063, 0.0037, 0.00598, 0.08317, 0.00137, 0.04459, 0.0014, 0.00205, 0.00779, 0.02613, 0.02327, 0.01866, 0.02306, 0.01384, 0.00757, 0.01587, 0.00882, 0.00226],[0.27895, 0.20603, 0.32238, 0.21675, 0.24107],[8, 9, 2, 3, 5],35,5
2.5,57,[0.00196, 0.00922, 0.00118, 0.00744, 0.05138, 0.06248, 0.06003, 0.04699, 0.00626, 0.01023, 0.00506, 0.01952, 0.00169, 0.00939, 0.00397, 0.01964, 0.07862, 0.03862, 0.00075, 0.01881, 0.05574, 0.04275, 0.05727, 0.04064, 0.02542, 0.0173, 0.01609, 0.00231, 0.03854, 0.0129, 0.09997, 0.08725, 0.05289, 0.01467, 0.02617, 0.00165, 0.05659, 0.0017, 0.03915, 0.08265, 0.00236, 0.00196, 0.0212, 0.08797, 0.02157, 0.00225, 0.00698, 0.01205, 0.05847, 0.02005, 0.03331, 0.00697, 0.03618, 0.00184, 0.01192, 0.02367, 0.01097, 0.01352],[0.21564, 0.22846, 0.25196, 0.28643, 0.34916, 0.24364],[8, 9, 6, 10, 8, 8],58,6
2.5,58,[0.00532, 0.0062, 0.04162, 0.00393, 0.00851, 0.06722, 0.00626, 0.01023, 0.00506, 0.01952, 0.00169, 0.00939, 0.00397, 0.01964, 0.07862, 0.03862, 0.00075, 0.01881, 0.05574, 0.04275, 0.05727, 0.04064, 0.02542, 0.0173, 0.01609, 0.00231, 0.03854, 0.0129, 0.09997, 0.08725, 0.05289, 0.01467, 0.02617, 0.00165, 0.05659, 0.0017, 0.03915, 0.08265, 0.00236, 0.00196, 0.0212, 0.08797, 0.02157, 0.00225, 0.00698, 0.01205, 0.05847, 0.02005, 0.03331, 0.00697, 0.03618, 0.00184, 0.01192, 0.02367, 0.01097, 0.01352, 0.03816, 0.01205, 0.01014, 0.06336, 0.02121, 0.0027, 0.02695, 0.03552, 0.00747, 0.09506],[0.20275, 0.22846, 0.25196, 0.28643, 0.34916, 0.24364, 0.25719],[6, 9, 6, 10, 8, 8, 13],66,7
2.5,59,[0.00023, 0.01356, 0.04425, 0.0021, 0.03097, 0.0073, 0.03419, 0.02483, 0.00238, 0.02536, 0.02039, 0.07412, 0.00562, 0.02063, 0.06381, 0.0037, 0.03374, 0.02555, 0.00476, 0.05513, 0.01149, 0.07273, 0.00257],[0.2589, 0.20603],[13, 3],23,2
2.5,60,[0.01387, 0.0187, 0.0683, 0.08191, 0.04105, 0.03923, 0.02465, 0.02648, 0.01631, 0.02147, 0.00142, 0.04956, 0.0463, 0.01999, 0.07143, 0.02557, 0.00903, 0.02763, 0.01046, 0.06696, 0.0341, 0.03807, 0.00775, 0.00394, 0.01976, 0.016, 0.0804, 0.01861, 0.05928, 0.01551, 0.06892, 0.02424, 0.04843, 0.00626, 0.01023],[0.22104, 0.24288, 0.25631, 0.27581],[3, 5, 18, 7],35,4
2.5,61,[0.00457, 0.02362, 0.00626, 0.01023, 0.00506, 0.01952, 0.00169, 0.00939, 0.00397, 0.01964, 0.07862, 0.03862, 0.00075, 0.01881, 0.05574, 0.04275, 0.05727, 0.04064, 0.02542, 0.0173, 0.01609, 0.00231, 0.03854, 0.0129, 0.09997, 0.08725, 0.05289, 0.01467, 0.02617, 0.00165, 0.05659, 0.0017, 0.03915, 0.08265, 0.00236, 0.00196, 0.0212, 0.08797, 0.02157, 0.00225, 0.00698, 0.01205, 0.05847, 0.02005, 0.03331, 0.00697, 0.03618, 0.00184, 0.01192, 0.02367, 0.01097, 0.01352, 0.03816, 0.01205, 0.01014, 0.06336, 0.02121, 0.0027, 0.02695, 0.03552, 0.00747, 0.09506],[0.21986, 0.22846, 0.25196, 0.28643, 0.34916, 0.24364, 0.25719],[2, 9, 6, 10, 8, 8, 13],62,7
2.5,62,[0.05047, 0.07916, 0.0339, 0.04404, 0.01337, 0.04772, 0.03659, 0.0012, 0.01881, 0.09506, 0.00623, 0.03566, 0.05739, 0.00227, 0.00462, 0.04181, 0.042, 0.02276, 0.0949, 0.0923, 0.00825, 0.02958, 0.02253, 0.03625, 0.0209, 0.06019, 0.00338, 0.00341, 0.0706, 0.02669, 0.00446, 0.05223],[0.2067, 0.20324],[7, 13],32,2
2.5,63,[0.00291, 0.0008, 0.00226, 0.01406, 0.02092, 0.05945, 0.00313, 0.00499, 0.01051, 0.07379, 0.02694, 0.04766, 0.03209, 0.01021, 0.0267, 0.01171, 0.01426, 0.00502, 0.02899, 0.00207, 0.04136, 0.01931, 0.05403, 0.09372, 0.0195, 0.00393, 0.00644, 0.02011, 0.07366, 0.02813],[0.21562],[15],30,1
2.5,64,[0.05479, 0.01237, 0.01911, 0.06099, 0.01102, 0.00205, 0.05031, 0.0022, 0.07502, 0.03862, 0.00075, 0.01881, 0.05574, 0.04275, 0.05727, 0.00183, 0.00554, 0.01159, 0.00205, 0.09608, 0.04106, 0.00258, 0.04775, 0.01169, 0.00626, 0.01023, 0.00506, 0.01952, 0.00169, 0.00939, 0.00397, 0.01964, 0.07862, 0.04495, 0.08868, 0.01699, 0.08359, 0.03914, 0.01744, 0.01494],[0.25996, 0.31613, 0.22846, 0.20652, 0.23377],[5, 4, 15, 9, 2],40,5
2.5,65,[0.0388, 0.01224, 0.02001, 0.05481, 0.01681, 0.01519, 0.00119, 0.05574, 0.01868, 0.00335, 0.06506, 0.01366, 0.00481, 0.06027, 0.05895, 0.02215, 0.09372, 0.07199, 0.02696, 0.08539, 0.00486, 0.0887, 0.07376, 0.03122, 0.0238, 0.07637, 0.00652, 0.04673, 0.01013, 0.00693, 0.00352, 0.03274, 0.00825, 0.02958, 0.02253, 0.03625, 0.0209, 0.06019, 0.00338, 0.00341, 0.0706, 0.02669, 0.0061, 0.00093, 0.00291, 0.0233, 0.05902, 0.02048, 0.00487, 0.04144, 0.04219, 0.00528, 0.06401, 0.05598],[0.2948, 0.28212, 0.26693, 0.21582],[4, 9, 19, 10],54,4
2.5,66,[0.00339, 0.02152, 0.07537, 0.00119, 0.04081, 0.06416, 0.07215, 0.0406, 0.02713, 0.07273, 0.09628, 0.0184, 0.0281, 0.078, 0.0722, 0.00697, 0.09065, 0.0463, 0.00196, 0.0212, 0.08797],[0.28096],[18],21,1
2.5,67,[0.03796, 0.00962, 0.07498, 0.08244, 0.00564, 0.02955, 0.00754, 0.00199, 0.09773, 0.05222, 0.02156, 0.00308, 0.04313, 0.03728, 0.00626, 0.01023, 0.00506, 0.01952, 0.00169, 0.00939, 0.00397, 0.01964, 0.07862, 0.04495, 0.08868, 0.01699],[0.2796, 0.20652, 0.23377],[14, 9, 2],26,3
2.5,68,[0.01262, 0.00272, 0.00428, 0.09092, 0.01508, 0.01467, 0.02617, 0.00165, 0.05659, 0.0017, 0.03915, 0.08265, 0.00236, 0.04064, 0.02542, 0.0173, 0.01609, 0.00231, 0.03854, 0.0129, 0.09997, 0.08725, 0.05289, 0.00075, 0.01881, 0.05574, 0.04275, 0.05727, 0.00626, 0.01023, 0.00506, 0.01952, 0.00169, 0.00939, 0.00397, 0.01964, 0.07862, 0.04495, 0.08868, 0.01699, 0.08359, 0.03914, 0.01744, 0.01494, 0.01741, 0.02063, 0.01319, 0.00471, 0.00163, 0.09506, 0.0078, 0.00215, 0.01983, 0.00246, 0.01708, 0.05241, 0.0059],[0.24206, 0.28643, 0.25196, 0.22846, 0.20652, 0.23377, 0.34484],[5, 8, 10, 5, 9, 2, 6],57,7
2.5,69,[0.01047, 0.08411, 0.00397, 0.00367, 0.00987, 0.03655, 0.00669, 0.03757, 0.03643, 0.02327, 0.01866, 0.02306, 0.01384, 0.00757, 0.01587, 0.00882, 0.00226, 0.06064, 0.01854, 0.01333, 0.04958, 0.01171, 0.01426, 0.00502, 0.02899, 0.00207, 0.04136, 0.01931],[0.21243, 0.20798, 0.29115],[9, 9, 3],28,3
2.5,70,[0.05388, 0.00819, 0.04365, 0.00026, 0.00163, 0.03862, 0.01061, 0.00278, 0.08317, 0.0679, 0.00225, 0.04669, 0.03805, 0.00728, 0.06169, 0.0796, 0.01103, 0.05806, 0.08405, 0.03189, 0.00841, 0.00853, 0.00215, 0.0821, 0.05914, 0.01911, 0.00196, 0.0212, 0.08797, 0.02157, 0.00225, 0.00698, 0.01205, 0.05847],[0.2147, 0.20046, 0.2671],[3, 14, 9],34,3
2.5,71,[0.00084, 0.00094, 0.03143, 0.01869, 0.00586, 0.05061, 0.00678, 0.00196, 0.0212, 0.08797, 0.02157, 0.00225, 0.00698, 0.01205, 0.05847, 0.02005, 0.04264, 0.03331, 0.00026, 0.00163, 0.03862, 0.01061, 0.00278, 0.08317, 0.0679, 0.00225, 0.04669, 0.03805, 0.00728, 0.06169, 0.0796, 0.01103, 0.05806, 0.08405, 0.03189, 0.00841, 0.00853, 0.00215, 0.04495, 0.08868, 0.00626, 0.01023, 0.00506, 0.01952, 0.00169, 0.00939, 0.00397, 0.01964, 0.07862, 0.00771, 0.03089, 0.06931, 0.08191, 0.05662, 0.01631, 0.02147, 0.00142, 0.04956, 0.08359, 0.0463, 0.01999, 0.07143],[0.28522, 0.24364, 0.27631, 0.20046, 0.26071, 0.20652, 0.31516, 0.20809],[7, 8, 3, 14, 6, 2, 11, 3],62,8
2.5,72,[0.06917, 0.07916, 0.04853, 0.06413, 0.00999, 0.00173, 0.01946, 0.00195, 0.06365, 0.00857, 0.00456, 0.00236, 0.04971, 0.05462, 0.03645, 0.06931, 0.08191, 0.05662, 0.01631, 0.02147, 0.00142, 0.04956, 0.08359, 0.0463, 0.01999, 0.07143, 0.02557, 0.00903, 0.02763, 0.01046, 0.06696],[0.2494, 0.20809],[15, 3],31,2
2.5,73,[0.00234, 0.08887, 0.06931, 0.08191, 0.05662, 0.01631, 0.02147, 0.00142, 0.04956, 0.08359, 0.0463, 0.01999, 0.07143, 0.02557, 0.00903, 0.02763, 0.01046, 0.06696, 0.0341, 0.03807, 0.00775, 0.00394, 0.01976, 0.016, 0.00221, 0.00212, 0.00462, 0.00252, 0.04233, 0.05071, 0.00302, 0.06102, 0.01647, 0.03506, 0.08111, 0.08041, 0.02827, 0.0083, 0.00843, 0.01691, 0.04239, 0.01365],[0.23973, 0.20809, 0.24527],[2, 3, 19],42,3
2.5,74,[0.0054, 0.00177, 0.01661, 0.00154, 0.00163, 0.0925, 0.00439, 0.02916, 0.06468, 0.05157, 0.00477, 0.00246, 0.00626, 0.01023, 0.00506, 0.01952, 0.00169, 0.00939, 0.00397, 0.01964, 0.07862, 0.03862, 0.00075, 0.01881, 0.05574, 0.04275, 0.05727, 0.04064, 0.02542, 0.0173, 0.01609, 0.00231, 0.03854, 0.0129, 0.09997, 0.08725, 0.05289, 0.01467, 0.02617, 0.00165, 0.05659, 0.0017, 0.03915, 0.08265, 0.00236, 0.00196, 0.0212, 0.08797, 0.02157, 0.00225, 0.00698, 0.01205, 0.05847, 0.02005, 0.03331, 0.00697, 0.03618, 0.00184, 0.01192, 0.02367],[0.25495, 0.22846, 0.25196, 0.28643, 0.34916, 0.24364],[12, 9, 6, 10, 8, 8],60,6
2.5,75,[0.00101, 0.04471, 0.06931, 0.08191, 0.05662, 0.01631, 0.02147, 0.00142, 0.04956, 0.08359, 0.0463, 0.01999, 0.07143, 0.02557, 0.00903, 0.02763, 0.01046, 0.06696, 0.0341, 0.03807, 0.00775, 0.00394, 0.01976, 0.016, 0.00221, 0.00212, 0.00462, 0.00252, 0.04233, 0.05071, 0.0012, 0.01881, 0.09506, 0.00623, 0.03566, 0.05739, 0.00227, 0.00462, 0.04181, 0.042, 0.02276, 0.0949, 0.0923, 0.00825, 0.02958, 0.02253, 0.03625, 0.0209, 0.06019, 0.00338, 0.00341],[0.20689, 0.20809, 0.24527, 0.24139, 0.20324],[2, 3, 19, 6, 13],51,5
2.5,76,[0.00403, 0.08758, 0.00626, 0.06441, 0.01573, 0.02946, 0.00587, 0.02081, 0.02513, 0.00196, 0.0212, 0.08797, 0.02157, 0.00225, 0.00698, 0.01205, 0.05847, 0.02005, 0.04264, 0.03331, 0.00026, 0.00163, 0.03862, 0.01061, 0.00278, 0.08317, 0.0679],[0.2186, 0.24364, 0.27631],[9, 8, 3],27,3
2.5,77,[0.0005, 0.02999, 0.06917, 0.01816, 0.01951, 0.01166, 0.03862, 0.00075, 0.01881, 0.05574, 0.04275, 0.05727, 0.00626, 0.01023, 0.00506, 0.01952, 0.00169, 0.00939, 0.00397, 0.01964, 0.07862, 0.04495, 0.08868, 0.01699, 0.08359, 0.03914, 0.01744, 0.01494, 0.01741, 0.02063, 0.01319, 0.00471, 0.00163, 0.09506, 0.0078, 0.00215, 0.01983, 0.00246, 0.01708, 0.05241, 0.0059, 0.00297, 0.01628, 0.0952, 0.00801, 0.00459, 0.01048, 0.00189, 0.07251, 0.06027, 0.05895],[0.29698, 0.22846, 0.20652, 0.23377, 0.34484, 0.25521, 0.3094],[6, 6, 9, 2, 6, 16, 4],51,7
2.5,78,[0.01331, 0.00296, 0.00149, 0.04064, 0.02542, 0.0173, 0.01609, 0.00231, 0.03854, 0.0129, 0.09997, 0.08725, 0.05289, 0.00026, 0.00163, 0.03862, 0.01061, 0.00278, 0.08317, 0.0679, 0.00225, 0.04669, 0.03805, 0.00728, 0.06169, 0.0796, 0.01103, 0.05806, 0.08405, 0.03189, 0.00841, 0.00853, 0.00215, 0.00196, 0.0212, 0.08797, 0.02157, 0.00225, 0.00698, 0.01205, 0.05847, 0.02005, 0.04264, 0.03331, 0.02121, 0.0027, 0.02695],[0.20373, 0.21667, 0.20046, 0.2671, 0.24364, 0.25719],[3, 10, 14, 6, 8, 3],47,6
2.5,79,[0.02565, 0.03183, 0.02551, 0.02641, 0.00189, 0.04459, 0.0014, 0.00205, 0.00779, 0.02613, 0.00598, 0.08317, 0.00137, 0.00626, 0.01023, 0.00506, 0.01952, 0.00169, 0.00939, 0.00397, 0.01964, 0.07862, 0.00075, 0.01881, 0.05574, 0.04275, 0.05727, 0.00183, 0.00554, 0.01159],[0.22226, 0.21675, 0.31576, 0.22846],[5, 5, 3, 9],30,4
2.5,80,[0.06672, 0.03639, 0.0017, 0.01681, 0.01519, 0.00119, 0.05574, 0.01868, 0.00335, 0.06506, 0.01366, 0.00481, 0.06027, 0.05895, 0.02215, 0.09372, 0.07199, 0.02696, 0.08539, 0.00486, 0.0887, 0.07376, 0.03122, 0.0238, 0.07637, 0.00652, 0.04673, 0.01013, 0.00693, 0.00352, 0.03274, 0.00825, 0.02958, 0.02253, 0.03625, 0.0209, 0.06019, 0.00338, 0.00341, 0.0706, 0.02669, 0.0061, 0.00093, 0.00291, 0.0233, 0.05902, 0.02048, 0.00487, 0.04144, 0.04219, 0.00528, 0.06401, 0.05598],[0.27046, 0.28212, 0.26693, 0.21582],[3, 9, 19, 10],53,4
2.5,81,[0.00623, 0.00199, 0.02434, 0.00465, 0.02726, 0.02655, 0.03409, 0.00369, 0.00562, 0.05806, 0.08405, 0.03189, 0.00841, 0.00853, 0.00215, 0.00026, 0.00163, 0.03862, 0.01061, 0.00278, 0.08317, 0.0679, 0.00225, 0.04669, 0.03805, 0.00728, 0.06169, 0.0796, 0.01103, 0.02724, 0.00949, 0.03874, 0.0429, 0.00626, 0.01023, 0.00506, 0.01952, 0.00169, 0.00939, 0.00397, 0.01964, 0.07862, 0.04495, 0.08868, 0.01699],[0.22901, 0.20046, 0.26691, 0.20652, 0.23377],[9, 6, 18, 9, 2],45,5
2.5,82,[0.06637, 0.00475, 0.06363, 0.00889, 0.01171, 0.01426, 0.00502, 0.02899, 0.00207, 0.04136, 0.01931, 0.05403, 0.09372, 0.0195, 0.00393, 0.00644, 0.02011, 0.07366, 0.02813, 0.02982, 0.01213, 0.00305, 0.00825, 0.02958, 0.02253, 0.03625, 0.0209, 0.06019, 0.00338, 0.00341, 0.0706, 0.02669, 0.0012, 0.01881, 0.09506, 0.00623, 0.03566, 0.05739, 0.00227, 0.00462],[0.21216, 0.26537, 0.20324],[4, 18, 10],40,3
2.5,83,[0.0949, 0.00459, 0.01048, 0.00189, 0.07251, 0.02063, 0.01319, 0.00471, 0.00163, 0.09506, 0.0078, 0.00215, 0.01983, 0.00246, 0.01708, 0.05241, 0.0059, 0.00297, 0.01628, 0.0952, 0.00801, 0.06931, 0.08191, 0.05662, 0.01631, 0.02147, 0.00142, 0.04956, 0.08359, 0.0463, 0.01999, 0.07143, 0.02557, 0.00903, 0.02763, 0.01046, 0.06696, 0.0341, 0.03807, 0.00775, 0.00394, 0.01976, 0.016],[0.25748, 0.25521, 0.31068, 0.20809],[1, 4, 16, 3],43,4
2.5,84,[0.01754, 0.0243, 0.00896, 0.01857, 0.00157, 0.07318, 0.05939, 0.0119, 0.00598, 0.08317, 0.00137, 0.04459, 0.0014, 0.00205, 0.00779, 0.02613, 0.02327, 0.01866, 0.02306, 0.01384, 0.00757, 0.01587, 0.00882, 0.00226, 0.01854, 0.01333, 0.04958, 0.03374, 0.02555, 0.00476, 0.05513, 0.01149, 0.07273, 0.00257, 0.04898, 0.0305, 0.00708, 0.00761, 0.01532, 0.07845],[0.28578, 0.21675, 0.24107, 0.20798, 0.33159],[8, 3, 5, 8, 3],40,5
2.5,85,[0.00931, 0.042, 0.03967, 0.00202, 0.01069, 0.00876, 0.00196, 0.0212, 0.08797, 0.02157, 0.00225, 0.00698, 0.01205, 0.05847, 0.02005, 0.04264, 0.03331, 0.00026, 0.00163, 0.03862, 0.01061, 0.00278, 0.08317, 0.0679, 0.00225, 0.04669, 0.03805, 0.00728, 0.06169, 0.0796, 0.01103, 0.05806, 0.08405, 0.03189, 0.00841, 0.00853, 0.00215, 0.04495, 0.08868, 0.00626, 0.01023, 0.00506, 0.01952, 0.00169, 0.00939, 0.00397, 0.01964, 0.07862, 0.00771, 0.03089, 0.06931, 0.08191, 0.05662, 0.01631, 0.02147, 0.00142, 0.04956, 0.08359, 0.0463, 0.01999, 0.07143],[0.27108, 0.24364, 0.27631, 0.20046, 0.26071, 0.20652, 0.31516, 0.20809],[6, 8, 3, 14, 6, 2, 11, 3],61,8
2.5,86,[0.01644, 0.01426, 0.02399, 0.04642, 0.00642, 0.06697, 0.04856, 0.07476, 0.0012, 0.01881, 0.09506, 0.00623, 0.03566, 0.05739, 0.00227, 0.00462, 0.04181, 0.042, 0.02276, 0.0949, 0.0923, 0.00825, 0.02958, 0.02253, 0.03625, 0.0209, 0.06019, 0.00338, 0.00341, 0.0706, 0.02669, 0.06027],[0.2003, 0.20324, 0.26693],[8, 13, 10],32,3
2.5,87,[0.02558, 0.00789, 0.02404, 0.08914, 0.00868, 0.0995, 0.01131, 0.02039, 0.03126, 0.07702, 0.01631, 0.02147, 0.00142, 0.04956, 0.08359, 0.0463, 0.01999, 0.07143, 0.02557, 0.00903, 0.02763, 0.01046, 0.06696, 0.0341, 0.03807, 0.00775, 0.00394, 0.01976, 0.016],[0.25957],[10],29,1
2.5,88,[0.01028, 0.00552, 0.0026, 0.00639, 0.06729, 0.01714, 0.06344, 0.03232, 0.01423, 0.00516, 0.00394, 0.03257, 0.04794, 0.01467, 0.02617, 0.00165, 0.05659, 0.0017, 0.03915, 0.08265, 0.00236, 0.00026, 0.00163, 0.03862],[0.25212, 0.32989],[13, 8],24,2
2.5,89,[0.00064, 0.0775, 0.02005, 0.04264, 0.03331, 0.00196, 0.0212, 0.08797, 0.02157, 0.00225, 0.00698, 0.01205, 0.05847, 0.05806, 0.08405, 0.03189, 0.00841, 0.00853, 0.00215, 0.00026, 0.00163, 0.03862, 0.01061, 0.00278, 0.08317, 0.0679, 0.00225, 0.04669, 0.03805, 0.00728, 0.06169, 0.0796, 0.01103, 0.02724, 0.00949, 0.03874, 0.0429, 0.00626, 0.01023, 0.00506, 0.01952, 0.00169, 0.00939, 0.00397, 0.01964, 0.07862, 0.04495, 0.08868, 0.01699],[0.20894, 0.24364, 0.2671, 0.20046, 0.26691, 0.20652, 0.23377],[2, 3, 8, 6, 18, 9, 2],49,7
2.5,90,[0.00348, 0.05165, 0.03949, 0.00163, 0.06931, 0.08191, 0.05662, 0.01631, 0.02147, 0.00142, 0.04956, 0.08359, 0.0463, 0.01999, 0.07143, 0.02557, 0.00903, 0.02763, 0.01046, 0.06696, 0.0341, 0.03807, 0.00775, 0.00394, 0.01976, 0.016, 0.00221, 0.00212, 0.00462, 0.00252, 0.04233, 0.05071, 0.0012, 0.01881, 0.09506, 0.00623, 0.03566, 0.05739, 0.00227, 0.00462, 0.04181, 0.042, 0.02276, 0.0949, 0.0923, 0.00825, 0.02958, 0.02253, 0.03625, 0.0209, 0.06019, 0.00338, 0.00341],[0.20394, 0.20809, 0.24527, 0.24139, 0.20324],[4, 3, 19, 6, 13],53,5
2.5,91,[0.0221, 0.00809, 0.09738, 0.02494, 0.03872, 0.05108, 0.04495, 0.08868, 0.00626, 0.01023, 0.00506, 0.01952, 0.00169, 0.00939, 0.00397, 0.01964, 0.07862, 0.00771, 0.03089, 0.03862, 0.00075, 0.01881, 0.05574, 0.04275, 0.05727, 0.04064, 0.02542, 0.0173, 0.01609, 0.00231, 0.03854, 0.0129, 0.09997, 0.08725, 0.05289, 0.01467, 0.02617, 0.00165, 0.05659, 0.0017, 0.03915, 0.08265, 0.00236, 0.00196, 0.0212, 0.08797, 0.02157, 0.00225, 0.00698, 0.01205, 0.05847],[0.22566, 0.20652, 0.22846, 0.25196, 0.28643, 0.34916],[6, 2, 11, 6, 10, 8],51,6
2.5,92,[0.05528, 0.00026, 0.00163, 0.03862, 0.01061, 0.00278, 0.08317, 0.0679, 0.00225, 0.04669, 0.03805, 0.00728, 0.06169, 0.0796, 0.01103, 0.05806, 0.08405, 0.03189, 0.00841, 0.00853, 0.00215, 0.00196, 0.0212, 0.08797, 0.02157, 0.00225, 0.00698, 0.01205, 0.05847, 0.02005, 0.04264, 0.03331, 0.02121, 0.0027, 0.02695, 0.03552, 0.00747, 0.09506, 0.04459, 0.0014, 0.00205, 0.00779, 0.02613, 0.02327, 0.01866, 0.02306, 0.01384, 0.00757, 0.01587, 0.00882, 0.00226, 0.01854, 0.01333, 0.04958],[0.20666, 0.20046, 0.2671, 0.24364, 0.25719, 0.27677, 0.24107, 0.20798],[1, 14, 6, 8, 3, 6, 5, 8],54,8
2.5,93,[0.00487, 0.05805, 0.03149, 0.02193, 0.00123, 0.01164, 0.00172, 0.05848, 0.00737, 0.00756, 0.02121, 0.0027, 0.02695, 0.03552, 0.00747, 0.09506, 0.00026, 0.00163, 0.03862, 0.01061, 0.00278, 0.0679, 0.00225, 0.04669, 0.03805, 0.00728],[0.24445, 0.31829],[10, 6],26,2
2.5,94,[0.04203, 0.00095, 0.0029, 0.03823, 0.03862, 0.00075, 0.01881, 0.05574, 0.04275, 0.05727, 0.04064, 0.02542, 0.0173, 0.01609, 0.00231, 0.03854, 0.0129, 0.09997, 0.08725, 0.05289, 0.01467, 0.02617, 0.00165, 0.05659, 0.0017, 0.03915, 0.08265, 0.00236, 0.00196, 0.0212, 0.08797, 0.02157, 0.00225, 0.00698, 0.01205, 0.05847, 0.02005, 0.03331, 0.00697, 0.03618, 0.00184, 0.01192, 0.02367, 0.01097, 0.01352, 0.03816, 0.01205, 0.01014, 0.06336, 0.02121, 0.0027, 0.02695, 0.03552, 0.00747, 0.09506],[0.20428, 0.25196, 0.28643, 0.34916, 0.24364, 0.25719],[4, 6, 10, 8, 8, 13],55,6
2.5,95,[0.02998, 0.0822, 0.03412, 0.01156, 0.02445, 0.04872, 0.09319, 0.01504, 0.00624, 0.00592, 0.00346, 0.08868, 0.00185, 0.03862, 0.00075, 0.01881, 0.05574, 0.04275, 0.05727, 0.00626, 0.01023, 0.00506, 0.01952, 0.00169, 0.00939, 0.00397, 0.01964, 0.07862, 0.00771, 0.03089, 0.08475, 0.08191, 0.05662, 0.01631, 0.02147, 0.00142, 0.04956, 0.08359, 0.0463, 0.01999, 0.07143, 0.02557, 0.00903, 0.02763, 0.01046],[0.20499, 0.32055, 0.22846, 0.31516, 0.20809],[7, 6, 6, 12, 2],45,5
2.5,96,[0.03335, 0.02712, 0.04379, 0.05192, 0.05756, 0.0262, 0.04916, 0.02766, 0.06027, 0.05895, 0.02215, 0.09372, 0.07199, 0.02696, 0.08539, 0.00486, 0.0887, 0.07376, 0.03122, 0.0238, 0.07637, 0.00652, 0.04673, 0.01013, 0.00693, 0.00352, 0.03274, 0.01681],[0.30011, 0.28212],[8, 19],28,2
2.5,97,[0.02318, 0.00944, 0.00104, 0.03599, 0.00392, 0.07076, 0.0451, 0.04064, 0.02542, 0.0173, 0.01609, 0.00231, 0.03854, 0.0129, 0.09997, 0.08725, 0.05289, 0.00026, 0.00163, 0.03862, 0.01061, 0.00278, 0.08317, 0.0679, 0.00225, 0.04669, 0.03805, 0.00728, 0.06169, 0.0796, 0.01103, 0.05806, 0.08405, 0.03189, 0.00841, 0.00853, 0.00215, 0.00196, 0.0212, 0.08797, 0.02157, 0.00225, 0.00698, 0.01205, 0.05847, 0.02005, 0.04264, 0.03331, 0.00697, 0.03618, 0.00184, 0.01192],[0.26496, 0.21667, 0.20046, 0.2671, 0.24364],[7, 10, 14, 6, 8],52,5
2.5,98,[0.00539, 0.00288, 0.00317, 0.02405, 0.03462, 0.06984, 0.07944, 0.00212, 0.0309, 0.06561, 0.01284, 0.01857, 0.01681, 0.01519, 0.00119, 0.05574, 0.01868, 0.00335, 0.06506, 0.01366, 0.00481, 0.00825, 0.02958, 0.02253, 0.03625, 0.0209, 0.06019, 0.00338, 0.00341, 0.0706, 0.02669, 0.0012, 0.01881, 0.09506],[0.21228, 0.245, 0.20324],[12, 9, 10],34,3
2.5,99,[0.03095, 0.02628, 0.06791, 0.07459, 0.00203, 0.0248, 0.00426, 0.00443, 0.0045, 0.00227, 0.04697, 0.06136, 0.03374, 0.02555, 0.00476, 0.05513, 0.01149, 0.07273, 0.00257, 0.04898, 0.0305, 0.00046, 0.05766, 0.00153, 0.01891, 0.01324, 0.07804, 0.03691, 0.0752, 0.06547],[0.26317, 0.24307, 0.20351],[12, 9, 9],30,3
2.5,100,[0.01361, 0.03363, 0.00383, 0.07262, 0.00446, 0.02949, 0.0239, 0.03862, 0.00075, 0.01881, 0.05574, 0.04275, 0.05727, 0.00626, 0.01023, 0.00506, 0.01952, 0.00169, 0.00939, 0.00397, 0.01964, 0.07862, 0.04495, 0.08868, 0.01699, 0.08359, 0.03914, 0.01744, 0.01494, 0.01741, 0.02063, 0.01319, 0.00471, 0.00163, 0.09506, 0.0078, 0.00215, 0.01983, 0.00246, 0.01708, 0.05241, 0.0059, 0.00297, 0.01628, 0.0952, 0.00801, 0.00459, 0.01048, 0.00189, 0.07251, 0.06027, 0.05895, 0.02215, 0.09372, 0.07199, 0.02696, 0.08539, 0.00486, 0.0887],[0.25153, 0.22846, 0.20652, 0.23377, 0.34484, 0.25521, 0.3094],[7, 6, 9, 2, 6, 16, 4],59,7
2.5,101,[0.00183, 0.00126, 0.06023, 0.00165, 0.00196, 0.0212, 0.08797, 0.02157, 0.00225, 0.00698, 0.01205, 0.05847, 0.02005, 0.04264, 0.03331, 0.00026, 0.00163, 0.03862, 0.01061, 0.00278, 0.08317, 0.0679, 0.00225, 0.04669, 0.03805, 0.00728, 0.06169, 0.0796, 0.01103, 0.05806, 0.08405, 0.03189, 0.00841, 0.00853, 0.00215, 0.04495, 0.08868, 0.00626, 0.01023, 0.00506, 0.01952, 0.00169, 0.00939, 0.00397, 0.01964, 0.07862, 0.00771, 0.03089, 0.06931, 0.08191, 0.05662, 0.01631, 0.02147, 0.00142, 0.04956, 0.08359, 0.0463, 0.01999, 0.07143],[0.33276, 0.24364, 0.27631, 0.20046, 0.26071, 0.20652, 0.31516, 0.20809],[4, 8, 3, 14, 6, 2, 11, 3],59,8
2.5,102,[0.00449, 0.01699, 0.06986, 0.00957, 0.03446, 0.00673, 0.03094, 0.00757, 0.00607, 0.01631, 0.02147, 0.00142, 0.04956, 0.08359, 0.0463, 0.01999, 0.07143, 0.02557, 0.00903, 0.02763, 0.06931, 0.05662, 0.00626, 0.01023, 0.00506, 0.01952, 0.00169, 0.00939, 0.00397, 0.01964, 0.07862, 0.03862, 0.00075, 0.01881, 0.05574, 0.04275, 0.05727, 0.04064, 0.02542, 0.0173, 0.01609, 0.00231, 0.03854, 0.0129, 0.09997],[0.21294, 0.20809, 0.31516, 0.22846, 0.25196],[9, 11, 2, 9, 6],45,5
2.5,103,[0.03787, 0.02198, 0.00145, 0.00181, 0.06931, 0.08191, 0.05662, 0.01631, 0.02147, 0.00142, 0.04956, 0.08359, 0.0463, 0.01999, 0.07143, 0.02557, 0.00903, 0.02763, 0.01046, 0.06696, 0.0341, 0.03807, 0.00775, 0.00394, 0.01976, 0.016, 0.04495, 0.08868, 0.01707, 0.04512, 0.01627, 0.09528, 0.00496, 0.06669, 0.00626, 0.01023, 0.00506, 0.01952, 0.00169, 0.00939, 0.00397, 0.01964, 0.07862, 0.00771, 0.03089, 0.08475, 0.03862, 0.00075, 0.01881, 0.05574, 0.04275, 0.05727],[0.21926, 0.20809, 0.31663, 0.20652, 0.22846],[4, 3, 19, 8, 12],52,5
2.5,104,[0.01201, 0.0529, 0.03622, 0.0095, 0.06544, 0.00972, 0.01452, 0.0641, 0.00261, 0.05229, 0.09888, 0.04836, 0.0061, 0.00093, 0.00291, 0.0233, 0.05902, 0.02048, 0.00487, 0.04144, 0.04219, 0.00528, 0.06401, 0.05598],[0.21148],[12],24,1
2.5,105,[0.00744, 0.05194, 0.0068, 0.00349, 0.07661, 0.05206, 0.01171, 0.01426, 0.00502, 0.02899, 0.00207, 0.04136, 0.01931, 0.05403, 0.09372, 0.0195, 0.00393, 0.00644, 0.02011, 0.07366, 0.02813, 0.02982, 0.01213, 0.00305, 0.00825, 0.02958, 0.02253, 0.03625, 0.0209, 0.06019, 0.00338, 0.00341, 0.0706, 0.02669, 0.0012, 0.01881, 0.09506, 0.00623, 0.03566, 0.05739, 0.00227, 0.00462],[0.20412, 0.26537, 0.20324],[6, 18, 10],42,3
2.5,106,[0.0009, 0.01118, 0.00978, 0.02033, 0.02734, 0.02229, 0.00312, 0.09818, 0.02118, 0.09333, 0.01137, 0.05806, 0.08405, 0.03189, 0.00841, 0.00853, 0.00215, 0.00026, 0.00163, 0.03862, 0.01061, 0.00278, 0.08317, 0.0679, 0.00225, 0.04669, 0.03805, 0.00728, 0.06169, 0.0796, 0.01103, 0.02724, 0.00949, 0.03874, 0.0429, 0.00626, 0.01023, 0.00506, 0.01952, 0.00169, 0.00939, 0.00397, 0.01964, 0.07862, 0.04495, 0.08868, 0.01699],[0.2276, 0.20046, 0.26691, 0.20652, 0.23377],[11, 6, 18, 9, 2],47,5
2.5,107,[0.0345, 0.03008, 0.08558, 0.06115, 0.05348, 0.012, 0.01467, 0.02617, 0.00165, 0.05659, 0.0017, 0.03915, 0.08265, 0.00236, 0.00026, 0.00163, 0.03862, 0.01061, 0.00278, 0.08317, 0.0679, 0.00225, 0.04669, 0.03805, 0.00728, 0.06169, 0.0796, 0.01103, 0.05806, 0.08405, 0.03189, 0.00841, 0.00853, 0.00215, 0.00196, 0.0212, 0.08797, 0.02157, 0.00225, 0.00698, 0.01205, 0.05847, 0.02005, 0.03331],[0.20085, 0.32989, 0.20046, 0.2671, 0.24364],[6, 8, 14, 6, 8],44,5
2.5,108,[0.0016, 0.00941, 0.00497, 0.0195, 0.02889, 0.01467, 0.02617, 0.00165, 0.05659, 0.0017, 0.03915, 0.08265, 0.00236, 0.00026, 0.00163, 0.03862, 0.01061, 0.00278, 0.08317, 0.0679, 0.00225, 0.04669, 0.03805, 0.00728, 0.06169, 0.0796, 0.01103, 0.05806, 0.08405, 0.03189, 0.00841, 0.00853, 0.00215, 0.00196, 0.0212, 0.08797, 0.02157, 0.00225, 0.00698, 0.01205, 0.05847, 0.02005, 0.03331, 0.00697, 0.03618, 0.00184, 0.01192, 0.02367, 0.01097, 0.01352, 0.03816, 0.01205, 0.01014, 0.06336, 0.02121, 0.0027, 0.02695, 0.03552, 0.00747, 0.09506, 0.05795, 0.04459, 0.0014, 0.00205],[0.22064, 0.32989, 0.20046, 0.2671, 0.24364, 0.25719, 0.27677],[5, 8, 14, 6, 8, 13, 7],64,7
2.5,109,[0.00425, 0.00755, 0.06742, 0.01094, 0.09566, 0.03695, 0.07253, 0.01631, 0.02147, 0.00142, 0.04956, 0.08359, 0.0463, 0.01999, 0.07143, 0.02557, 0.00903, 0.02763, 0.06931, 0.05662, 0.00626, 0.01023, 0.00506, 0.01952, 0.00169, 0.00939, 0.00397, 0.01964, 0.07862, 0.03862, 0.00075, 0.01881, 0.05574, 0.04275, 0.05727, 0.04064, 0.02542, 0.0173, 0.01609, 0.00231, 0.03854, 0.0129, 0.09997, 0.08725, 0.05289, 0.01467],[0.21115, 0.20809, 0.31516, 0.22846, 0.25196, 0.28643],[7, 11, 2, 9, 6, 10],46,6
2.5,110,[0.00371, 0.03822, 0.042, 0.00263, 0.01171, 0.01426, 0.00502, 0.02899, 0.00207, 0.04136, 0.01931, 0.05403, 0.09372, 0.0195, 0.00393, 0.00644, 0.02011, 0.07366, 0.02813, 0.02982, 0.01213, 0.00305, 0.00825, 0.02958, 0.02253, 0.03625, 0.0209, 0.06019, 0.00338, 0.00341, 0.0706, 0.02669, 0.0012, 0.01881, 0.09506, 0.00623, 0.03566, 0.05739, 0.00227, 0.00462],[0.27248, 0.26537, 0.20324],[4, 18, 10],40,3
2.5,111,[0.00091, 0.00064, 0.01125, 0.00915, 0.01234, 0.01521, 0.04495, 0.08868, 0.00626, 0.01023, 0.00506, 0.01952, 0.00169, 0.00939, 0.00397, 0.01964, 0.07862, 0.00771, 0.03089, 0.03862, 0.00075, 0.01881, 0.05574, 0.04275, 0.05727, 0.04064, 0.02542, 0.0173, 0.01609, 0.00231, 0.03854, 0.0129, 0.09997, 0.08725, 0.05289, 0.01467, 0.02617, 0.00165, 0.05659, 0.0017, 0.03915, 0.08265, 0.00236, 0.00196, 0.0212, 0.08797, 0.02157, 0.00225, 0.00698, 0.01205, 0.05847, 0.02005, 0.03331, 0.00697, 0.03618, 0.00184, 0.01192, 0.02367],[0.20624, 0.20652, 0.22846, 0.25196, 0.28643, 0.34916, 0.24364],[6, 2, 11, 6, 10, 8, 8],58,7
2.5,112,[0.0203, 0.01083, 0.04318, 0.0479, 0.03628, 0.00315, 0.00878, 0.0019, 0.09472, 0.00626, 0.01023, 0.00506, 0.01952, 0.00169, 0.00939, 0.00397, 0.01964, 0.07862, 0.04495, 0.08868, 0.01699, 0.08359, 0.03914, 0.01744, 0.01494, 0.01741, 0.02063, 0.01319, 0.00471, 0.00163, 0.09506, 0.0078, 0.00215, 0.01983, 0.00246, 0.01708, 0.05241, 0.0059, 0.00297, 0.01628, 0.0952, 0.00801, 0.00459, 0.01048, 0.00189, 0.07251, 0.06027, 0.05895, 0.02215, 0.09372, 0.07199],[0.24164, 0.20652, 0.23377, 0.34484, 0.25521, 0.3094],[9, 9, 2, 6, 16, 4],51,6
2.5,113,[0.08142, 0.00254, 0.00205, 0.05031, 0.0022, 0.07502, 0.00598, 0.08317, 0.00137, 0.04459, 0.0014, 0.00205, 0.00779, 0.02613, 0.02327, 0.01866, 0.02306, 0.01384, 0.00757, 0.01587, 0.00882, 0.00226, 0.01854, 0.01333, 0.04958, 0.03249, 0.04216, 0.03523, 0.04629, 0.02604, 0.04826, 0.03374, 0.02555, 0.00476, 0.05513, 0.01149, 0.07273, 0.00257, 0.04898],[0.20563, 0.26779, 0.21675, 0.24107, 0.20798, 0.33159],[2, 4, 3, 5, 8, 9],39,6
2.5,114,[0.02266, 0.02177, 0.01494, 0.00296, 0.00309, 0.00861, 0.00415, 0.03995, 0.06027, 0.05895, 0.02215, 0.09372, 0.07199, 0.02696, 0.08539, 0.00486, 0.0887, 0.07376, 0.03122, 0.0238, 0.07637, 0.00652, 0.04673, 0.01013, 0.00693, 0.00352, 0.03274, 0.00825, 0.02958, 0.02253, 0.03625, 0.0209, 0.06019, 0.00338, 0.00341, 0.0706, 0.02669, 0.0012, 0.01881, 0.09506, 0.00623, 0.03566, 0.05739, 0.00227, 0.00462, 0.04181, 0.042, 0.02276, 0.0949, 0.0923],[0.27255, 0.26693, 0.20324],[8, 19, 10],50,3
2.5,115,[0.00102, 0.03128, 0.02321, 0.0009, 0.00105, 0.04264, 0.00646, 0.03598, 0.00917, 0.03712, 0.06027, 0.05895, 0.02215, 0.09372, 0.07199, 0.02696, 0.08539, 0.00486, 0.0887, 0.07376, 0.03122, 0.0238, 0.07637, 0.00652, 0.04673, 0.01013, 0.00693, 0.00352, 0.03274, 0.01681, 0.01519, 0.00119],[0.23742, 0.28212],[10, 19],32,2
2.5,116,[0.04063, 0.00382, 0.01245, 0.00542, 0.05288, 0.08704, 0.00173, 0.03136, 0.0956, 0.01504, 0.00624, 0.00592, 0.00346, 0.08868, 0.00185, 0.03862, 0.00075, 0.01881, 0.05574, 0.04275, 0.05727, 0.00626, 0.01023, 0.00506, 0.01952, 0.00169, 0.00939, 0.00397, 0.01964, 0.07862, 0.00771, 0.03089, 0.08475, 0.00918, 0.00444, 0.01955, 0.00937, 0.04466],[0.23115, 0.32055, 0.22846, 0.24003],[9, 6, 6, 12],38,4
2.5,117,[0.01134, 0.00206, 0.02804, 0.01467, 0.02617, 0.00165, 0.05659, 0.0017, 0.03915, 0.08265, 0.00236, 0.00026, 0.00163, 0.03862, 0.01061, 0.00278, 0.08317, 0.0679, 0.00225, 0.04669, 0.03805, 0.00728, 0.06169, 0.0796, 0.01103, 0.05806, 0.08405, 0.03189, 0.00841, 0.00853, 0.00215, 0.00196, 0.0212, 0.08797, 0.02157, 0.00225, 0.00698, 0.01205, 0.05847, 0.02005, 0.03331, 0.00697, 0.03618, 0.00184, 0.01192, 0.02367, 0.01097, 0.01352, 0.03816, 0.01205, 0.01014, 0.06336, 0.02121, 0.0027, 0.02695, 0.03552, 0.00747, 0.09506, 0.05795, 0.04459, 0.0014, 0.00205],[0.21421, 0.32989, 0.20046, 0.2671, 0.24364, 0.25719, 0.27677],[3, 8, 14, 6, 8, 13, 7],62,7
2.5,118,[0.03236, 0.0455, 0.0147, 0.02872, 0.02063, 0.06381, 0.0037, 0.03374, 0.02555, 0.00476, 0.05513, 0.01149, 0.07273, 0.00257, 0.04898, 0.0305, 0.00046, 0.00153, 0.01891, 0.01324, 0.07804, 0.03691, 0.06547, 0.02327, 0.00745, 0.00155, 0.0298, 0.03357, 0.02973],[0.21735, 0.20603, 0.24307, 0.20351],[4, 3, 9, 7],29,4
2.5,119,[0.01065, 0.0247, 0.0048, 0.05389, 0.05852, 0.04456, 0.05752, 0.02098, 0.00717, 0.00417, 0.0498, 0.03305, 0.02235, 0.01681, 0.01519, 0.00119, 0.05574, 0.01868, 0.00335, 0.06506, 0.01366, 0.00481, 0.06027, 0.05895, 0.02215, 0.09372, 0.07199, 0.02696, 0.08539, 0.00486, 0.0887, 0.07376, 0.03122],[0.21603, 0.28212],[13, 9],33,2
2.5,120,[0.00512, 0.04205, 0.00317, 0.02752, 0.06406, 0.01199, 0.04661, 0.0022, 0.05789, 0.01206, 0.08787, 0.06027, 0.05895, 0.02215, 0.09372, 0.07199, 0.02696, 0.08539, 0.00486, 0.0887, 0.07376, 0.03122, 0.0238, 0.07637, 0.00652, 0.04673, 0.01013, 0.00693, 0.00352, 0.03274, 0.00825, 0.02958, 0.02253, 0.03625, 0.0209, 0.06019, 0.00338, 0.00341, 0.0706, 0.02669, 0.0012, 0.01881, 0.09506, 0.00623, 0.03566, 0.05739, 0.00227, 0.00462, 0.04181, 0.042, 0.02276, 0.0949, 0.0923],[0.22985, 0.26693, 0.20324],[11, 19, 10],53,3
2.5,121,[0.01588, 0.07784, 0.01123, 0.00436, 0.00512, 0.05962, 0.06931, 0.08191, 0.05662, 0.01631, 0.02147, 0.00142, 0.04956, 0.08359, 0.0463, 0.01999, 0.07143, 0.02557, 0.00903, 0.02763, 0.01046, 0.06696, 0.0341, 0.03807, 0.00775, 0.00394, 0.01976, 0.016, 0.00221, 0.00212, 0.00462, 0.00252, 0.04233, 0.05071, 0.00302, 0.06102, 0.01647, 0.03506, 0.08041, 0.02827, 0.0083, 0.00843, 0.01691, 0.04239, 0.01365],[0.23287, 0.20809, 0.24527],[6, 3, 19],45,3
2.5,122,[0.00457, 0.03873, 0.00279, 0.01313, 0.00402, 0.00064, 0.05895, 0.04581, 0.03388, 0.00238, 0.05868, 0.04721, 0.01008, 0.03584, 0.01681, 0.01519, 0.00119, 0.05574, 0.01868, 0.00335, 0.06506, 0.01366, 0.00481, 0.00825, 0.02958, 0.02253, 0.03625, 0.0209, 0.06019, 0.00338, 0.00341, 0.0706, 0.02669, 0.0012, 0.01881, 0.09506, 0.00623, 0.03566, 0.05739, 0.00227, 0.00462, 0.04181, 0.042, 0.02276],[0.22377, 0.23277, 0.245, 0.20324],[4, 10, 9, 10],44,4
2.5,123,[0.02248, 0.00454, 0.06188, 0.01226, 0.01631, 0.02147, 0.00142, 0.04956, 0.08359, 0.0463, 0.01999, 0.07143, 0.02557, 0.00903, 0.02763, 0.01046, 0.06696, 0.0341, 0.03807, 0.00775, 0.00394, 0.01976, 0.016, 0.04105, 0.03923, 0.02465, 0.02648, 0.00626, 0.01023, 0.00506, 0.01952, 0.00169, 0.00939, 0.00397, 0.01964, 0.07862, 0.03862, 0.00075, 0.01881, 0.05574, 0.04275, 0.05727, 0.04064, 0.02542, 0.0173, 0.01609, 0.00231, 0.03854, 0.0129],[0.23555, 0.24288, 0.30744, 0.22846, 0.25196],[4, 19, 4, 9, 6],49,5
2.5,124,[0.00682, 0.01284, 0.0197, 0.03088, 0.01967, 0.03293, 0.05452, 0.09031, 0.01416, 0.00192, 0.06027],[0.21885],[10],11,1
2.5,125,[0.02374, 0.04178, 0.06931, 0.08191, 0.05662, 0.01631, 0.02147, 0.00142, 0.04956, 0.08359, 0.0463, 0.01999, 0.07143, 0.02557, 0.00903, 0.02763, 0.01046, 0.06696, 0.0341, 0.03807, 0.00775, 0.00394, 0.01976, 0.016, 0.00221, 0.00212, 0.00462, 0.00252, 0.04233, 0.0012, 0.01881, 0.09506, 0.00623, 0.03566, 0.05739, 0.00227, 0.00462, 0.04181, 0.042, 0.02276, 0.0949, 0.0923, 0.00825, 0.02958, 0.02253, 0.03625, 0.0209, 0.06019, 0.00338, 0.00341, 0.0706],[0.21571, 0.20809, 0.24527, 0.24139, 0.20324],[2, 3, 19, 5, 13],51,5
2.5,126,[0.00039, 0.01858, 0.06955, 0.02933, 0.08474, 0.03175, 0.05, 0.08132, 0.00767, 0.00026, 0.00163, 0.03862, 0.01061, 0.00278, 0.08317, 0.0679, 0.00225, 0.04669, 0.03805, 0.00728, 0.06169, 0.0796, 0.01103, 0.05806, 0.08405, 0.03189, 0.00841, 0.00853, 0.00215, 0.00196, 0.0212, 0.08797, 0.02157, 0.00225, 0.00698, 0.01205, 0.05847, 0.01467, 0.02617, 0.00165, 0.05659, 0.0017, 0.03915],[0.31019, 0.20046, 0.2671, 0.34916],[9, 14, 6, 8],43,4
2.5,127,[0.00112, 0.01014, 0.08094, 0.03866, 0.01606, 0.08732, 0.01773, 0.01583, 0.00026, 0.00163, 0.03862, 0.01061, 0.00278, 0.08317, 0.0679, 0.00225, 0.04669, 0.03805, 0.00728, 0.06169, 0.0796, 0.01103, 0.05806, 0.08405, 0.03189, 0.00841, 0.00853, 0.00215, 0.00196, 0.0212, 0.08797],[0.24961, 0.20046, 0.2671],[8, 14, 6],31,3
2.5,128,[0.01123, 0.00451, 0.02082, 0.01527, 0.06537, 0.0886, 0.00578, 0.04627, 0.045, 0.01848, 0.00486, 0.08966, 0.01999, 0.05461, 0.03699, 0.02864],[],[],16,0
2.5,129,[0.00929, 0.02075, 0.08184, 0.03215, 0.0077, 0.03359, 0.03598, 0.01581, 0.05806, 0.08405, 0.03189, 0.00841, 0.00853, 0.00215, 0.00026, 0.00163, 0.03862, 0.01061, 0.00278, 0.08317, 0.0679, 0.00225, 0.04669, 0.03805, 0.00728, 0.06169, 0.0796, 0.01103, 0.02724, 0.00949, 0.03874, 0.0429, 0.00626, 0.01023, 0.00506, 0.01952, 0.00169, 0.00939, 0.00397, 0.01964, 0.07862, 0.04495, 0.08868, 0.01699],[0.23387, 0.20046, 0.26691, 0.20652, 0.23377],[8, 6, 18, 9, 2],44,5
2.5,130,[0.00498, 0.01582, 0.01342, 0.0546, 0.00797, 0.01057, 0.00142, 0.01647, 0.02181, 0.06505, 0.03844, 0.00834, 0.03746, 0.00633, 0.02896, 0.04808, 0.00459, 0.01048, 0.00189, 0.07251, 0.02063, 0.01319],[0.22192, 0.25521],[16, 4],22,2
2.5,131,[0.00091, 0.03592, 0.02211, 0.02102, 0.02583, 0.00124, 0.00674, 0.09852, 0.03156, 0.09425, 0.0088, 0.01813, 0.00242, 0.04437, 0.02322, 0.02121, 0.0027, 0.02695, 0.03552, 0.00747, 0.09506, 0.05795, 0.00598, 0.08317, 0.00137, 0.04459, 0.0014, 0.00205, 0.00779, 0.02613, 0.02327, 0.01866, 0.02306, 0.01384, 0.00757, 0.01587, 0.00882, 0.00226, 0.01854, 0.01333, 0.04958, 0.03374, 0.02555, 0.00476, 0.05513, 0.01149, 0.07273, 0.00257, 0.04898, 0.0305, 0.00708, 0.00761, 0.01532, 0.07845],[0.20226, 0.29506, 0.21675, 0.24107, 0.20798, 0.33159],[15, 7, 3, 5, 8, 3],54,6
2.5,132,[0.00487, 0.00147, 0.00459, 0.01048, 0.00189, 0.07251, 0.02063, 0.01319, 0.00471, 0.00163, 0.09506, 0.0078, 0.00215, 0.01983, 0.00246, 0.01708, 0.05241, 0.0059, 0.00297, 0.01628, 0.0952, 0.00801, 0.06931, 0.08191, 0.05662, 0.01631, 0.02147, 0.00142, 0.04956, 0.08359, 0.0463, 0.01999, 0.07143, 0.02557, 0.00903, 0.02763, 0.01046, 0.06696, 0.0341, 0.03807, 0.00775, 0.00394, 0.01976, 0.016],[0.22196, 0.25521, 0.31068, 0.20809],[2, 4, 16, 3],44,4
2.5,133,[0.0394, 0.05463, 0.03558, 0.02074, 0.02327, 0.01866, 0.02306, 0.01384, 0.00757, 0.01587, 0.00882, 0.00226, 0.01854, 0.01333, 0.04958, 0.03374, 0.02555, 0.00476, 0.05513, 0.01149, 0.07273, 0.00257, 0.04898, 0.0305, 0.00708, 0.00761, 0.01532, 0.07845, 0.02063, 0.06381, 0.0037, 0.02061],[0.21995, 0.20798, 0.33159, 0.20603],[4, 8, 3, 13],32,4
2.5,134,[0.02041, 0.00993, 0.06535, 0.03244, 0.06063, 0.03146, 0.08251, 0.02472, 0.0851, 0.00272, 0.09282, 0.06598, 0.00323, 0.07194, 0.03754, 0.08296, 0.00392, 0.03798, 0.02979],[],[],19,0
2.5,135,[0.01151, 0.04894, 0.00142, 0.03269, 0.04409, 0.04702, 0.00626, 0.01023, 0.00506, 0.01952, 0.00169, 0.00939, 0.00397, 0.01964, 0.07862, 0.03862, 0.00075, 0.01881, 0.04275, 0.04064, 0.02542, 0.0173, 0.01609, 0.00231, 0.03854, 0.0129, 0.09997, 0.08725, 0.05289, 0.01467, 0.02617, 0.00165, 0.05659, 0.0017, 0.03915, 0.08265, 0.00236, 0.00196, 0.0212, 0.08797, 0.02157, 0.00225, 0.00698, 0.01205, 0.05847],[0.22139, 0.22846, 0.25196, 0.28643, 0.34916, 0.24364],[6, 9, 4, 10, 8, 8],45,6
2.5,136,[0.00645, 0.08011, 0.00734, 0.0964, 0.0824, 0.01681, 0.01519, 0.00119, 0.05574, 0.01868, 0.00335, 0.06506, 0.01366, 0.00481, 0.06027, 0.05895, 0.02215, 0.09372, 0.07199, 0.02696, 0.08539, 0.00486, 0.0887, 0.07376, 0.03122, 0.0238, 0.07637, 0.00652, 0.04673, 0.01013, 0.00693, 0.00352, 0.03274, 0.00825, 0.02958, 0.02253, 0.03625, 0.0209, 0.00338, 0.00341, 0.0706, 0.02669, 0.00446, 0.05223, 0.00974, 0.03915, 0.06432, 0.01626],[0.24589, 0.28212, 0.26693, 0.21582],[5, 9, 19, 15],48,4
2.5,137,[0.04157, 0.02961, 0.05874, 0.03137, 0.02599, 0.02418, 0.03755, 0.00245, 0.03512, 0.0854, 0.0079, 0.01254, 0.00323, 0.06946, 0.00626, 0.01023, 0.00506, 0.01952, 0.00169, 0.00939, 0.00397, 0.01964, 0.07862, 0.03862, 0.00075, 0.01881, 0.05574, 0.04275, 0.05727, 0.04064, 0.02542, 0.0173, 0.01609, 0.00231, 0.03854, 0.0129, 0.09997, 0.08725, 0.05289, 0.01467, 0.02617, 0.00165, 0.05659, 0.0017],[0.23412, 0.22846, 0.25196, 0.28643],[14, 9, 6, 10],44,4
2.5,138,[0.0659, 0.03405, 0.00747, 0.09383, 0.02119, 0.07901, 0.00626, 0.01023, 0.00506, 0.01952, 0.00169, 0.00939, 0.00397, 0.01964, 0.07862, 0.04495, 0.08868, 0.01699, 0.08359, 0.03914, 0.01744, 0.01494, 0.01741, 0.02063, 0.01319, 0.00471, 0.00163, 0.09506, 0.0078, 0.00215, 0.01983, 0.00246, 0.01708, 0.05241, 0.0059, 0.00297, 0.01628, 0.0952, 0.00801, 0.00459, 0.01048, 0.00189, 0.07251, 0.06027],[0.20389, 0.20652, 0.23377, 0.34484, 0.25521, 0.3094],[6, 9, 2, 6, 16, 4],44,6
2.5,139,[0.05589, 0.00657, 0.07487, 0.02642, 0.01467, 0.02617, 0.00165, 0.05659, 0.0017, 0.03915, 0.08265, 0.00236, 0.00026, 0.00163, 0.03862, 0.01061, 0.00278, 0.08317, 0.0679, 0.00225, 0.04669, 0.03805, 0.00728, 0.06169, 0.0796, 0.01103, 0.05806, 0.08405, 0.03189, 0.00841, 0.00853, 0.00215, 0.00196, 0.0212, 0.08797, 0.02157, 0.00225, 0.00698, 0.01205, 0.05847, 0.02005, 0.03331, 0.00697, 0.03618, 0.00184],[0.2226, 0.32989, 0.20046, 0.2671, 0.24364],[4, 8, 14, 6, 8],45,5
2.5,140,[0.04693, 0.01302, 0.02364, 0.00764, 0.00464, 0.01139, 0.01063, 0.00626, 0.01023, 0.00506, 0.01952, 0.00169, 0.00939, 0.00397, 0.01964, 0.07862, 0.03862, 0.00075, 0.01881, 0.05574, 0.04275, 0.05727, 0.04064, 0.02542],[0.28463, 0.22846, 0.25196],[7, 9, 6],24,3
2.5,141,[0.00152, 0.04354, 0.07643, 0.0015, 0.00171, 0.0879, 0.09893, 0.01681, 0.01519, 0.00119, 0.05574, 0.01868, 0.00335, 0.06506, 0.01366, 0.00481, 0.00825, 0.02958, 0.02253, 0.03625, 0.0209, 0.06019, 0.00338, 0.00341, 0.0706, 0.02669, 0.0012, 0.01881, 0.09506, 0.00623, 0.03566, 0.05739, 0.00227, 0.00462, 0.04181, 0.042, 0.02276, 0.0949, 0.0923, 0.00626, 0.01023, 0.00506, 0.01952, 0.00169, 0.00939, 0.00397],[0.31603, 0.245, 0.20324, 0.34517],[7, 9, 10, 13],46,4
2.5,142,[0.01274, 0.01504, 0.01768, 0.04481, 0.00884, 0.00783, 0.01796, 0.00518, 0.06345, 0.01324, 0.00733, 0.01819, 0.06027, 0.05895, 0.02215, 0.09372, 0.07199, 0.02696, 0.08539, 0.00486, 0.0887, 0.07376, 0.03122, 0.0238, 0.07637, 0.00652, 0.04673, 0.01013, 0.00693, 0.00352, 0.03274, 0.00825, 0.02958, 0.02253, 0.03625],[0.22772, 0.26693],[12, 19],35,2
2.5,143,[0.00799, 0.08138, 0.04513, 0.00158, 0.00704, 0.01699, 0.08359, 0.03914, 0.01744, 0.01494, 0.01741, 0.02063, 0.01319, 0.00471, 0.00163, 0.09506, 0.0078, 0.00215, 0.01983, 0.00246, 0.01708, 0.05241, 0.0059, 0.00297, 0.01628, 0.0952, 0.00801, 0.00459, 0.01048, 0.00189, 0.07251, 0.06027, 0.05895, 0.02215, 0.09372, 0.07199, 0.02696, 0.08539, 0.00486, 0.0887, 0.07376, 0.03122, 0.0238, 0.07637, 0.00652, 0.04673, 0.01013, 0.00693],[0.24176, 0.34484, 0.25521, 0.3094],[5, 6, 16, 4],48,4
2.5,144,[0.00146, 0.00518, 0.02016, 0.00367, 0.02749, 0.06926, 0.08926, 0.01105, 0.01158, 0.00626, 0.01023, 0.00506, 0.01952, 0.00169, 0.00939, 0.00397, 0.01964, 0.07862, 0.03862, 0.00075, 0.01881, 0.05574, 0.04275, 0.05727, 0.04064, 0.02542, 0.0173, 0.01609, 0.00231, 0.03854, 0.0129, 0.09997, 0.08725, 0.05289, 0.01467, 0.02617, 0.00165, 0.05659, 0.0017, 0.03915, 0.08265, 0.00236, 0.00196, 0.0212, 0.02157, 0.00225],[0.27853, 0.22846, 0.25196, 0.28643, 0.34916],[9, 9, 6, 10, 8],46,5
2.5,145,[0.00234, 0.00983, 0.00129, 0.02358, 0.01681, 0.01519, 0.00119, 0.05574, 0.01868, 0.00335, 0.06506, 0.01366, 0.00481, 0.06027, 0.05895, 0.02215, 0.09372, 0.07199, 0.02696, 0.08539, 0.00486, 0.0887, 0.07376, 0.03122, 0.0238, 0.07637, 0.00652, 0.04673, 0.01013, 0.00693, 0.00352, 0.03274, 0.00825, 0.02958, 0.02253, 0.03625, 0.0209, 0.06019, 0.00338, 0.00341, 0.0706, 0.02669, 0.0012, 0.01881, 0.09506, 0.00623, 0.03566, 0.05739, 0.00227, 0.00462, 0.04181, 0.042, 0.02276, 0.0949, 0.0923],[0.20189, 0.28212, 0.26693, 0.20324],[4, 9, 19, 10],55,4
2.5,146,[0.00525, 0.02623, 0.00871, 0.02482, 0.0157, 0.03067, 0.06365, 0.03685, 0.0616, 0.0021, 0.06931, 0.08191, 0.05662, 0.01631, 0.02147, 0.00142, 0.04956, 0.08359, 0.0463, 0.01999, 0.07143, 0.02557, 0.00903, 0.02763, 0.01046, 0.06696, 0.0341, 0.03807, 0.00775, 0.00394, 0.01976, 0.016, 0.00221, 0.00212, 0.00462],[0.2368, 0.20809, 0.24527],[10, 3, 19],35,3
2.5,147,[0.00084, 0.04434, 0.00259, 0.00196, 0.0212, 0.08797, 0.02157, 0.00225, 0.00698, 0.01205, 0.05847, 0.02005, 0.04264, 0.03331, 0.00026, 0.00163, 0.03862, 0.01061, 0.00278, 0.08317, 0.0679, 0.00225, 0.04669, 0.03805, 0.00728, 0.06169, 0.0796, 0.01103, 0.05806, 0.08405, 0.03189, 0.00841, 0.00853, 0.00215, 0.04495, 0.08868, 0.00626, 0.01023, 0.00506, 0.01952, 0.00169, 0.00939, 0.00397, 0.01964, 0.07862, 0.00771, 0.03089, 0.06931, 0.08191, 0.05662, 0.01631, 0.02147, 0.00142, 0.04956, 0.08359, 0.0463, 0.01999, 0.07143],[0.21837, 0.24364, 0.27631, 0.20046, 0.26071, 0.20652, 0.31516, 0.20809],[3, 8, 3, 14, 6, 2, 11, 3],58,8
2.5,148,[0.00418, 0.02072, 0.00605, 0.00159, 0.00199, 0.02957, 0.03395, 0.04901, 0.03001, 0.08645, 0.03347, 0.03304, 0.00046, 0.05766, 0.00153, 0.01891, 0.01324, 0.07804, 0.03691, 0.0752, 0.06547, 0.03374, 0.02555, 0.00476, 0.05513, 0.01149, 0.07273, 0.00257],[0.20045, 0.24307],[12, 9],28,2
2.5,149,[0.00926, 0.0404, 0.00963, 0.01739, 0.06373, 0.05114, 0.0221, 0.06762, 0.02441, 0.00751, 0.00784, 0.04323, 0.04605, 0.00595, 0.03374, 0.02555, 0.00476, 0.05513, 0.01149, 0.07273, 0.00257, 0.04898, 0.0305, 0.00708, 0.00761, 0.01532],[0.20527],[14],26,1
2.5,150,[0.00188, 0.0042, 0.01795, 0.0047, 0.0367, 0.03273, 0.01193, 0.06027, 0.05895, 0.02215, 0.09372, 0.07199, 0.02696, 0.08539, 0.00486, 0.0887, 0.07376, 0.03122, 0.0238, 0.07637, 0.00652, 0.04673, 0.01013, 0.00693, 0.00352, 0.03274, 0.00825, 0.02958, 0.02253, 0.03625, 0.0209, 0.06019, 0.00338, 0.00341, 0.0706, 0.02669, 0.0012, 0.01881, 0.09506, 0.00623, 0.03566, 0.05739, 0.00227, 0.00462, 0.04181, 0.042, 0.02276, 0.0949, 0.0923],[0.28547, 0.26693, 0.20324],[7, 19, 10],49,3
2.5,151,[0.01788, 0.00073, 0.0519, 0.09278, 0.00403, 0.00429, 0.06887, 0.00472, 0.04438, 0.08241, 0.00551, 0.00205, 0.05031, 0.0022, 0.07502, 0.00598, 0.08317, 0.00137, 0.04459, 0.0014, 0.00205, 0.00779, 0.02613, 0.02327],[0.20942, 0.26779, 0.21675, 0.24107],[11, 4, 3, 5],24,4
2.5,152,[0.00508, 0.01445, 0.02732, 0.01467, 0.02617, 0.00165, 0.05659, 0.0017, 0.03915, 0.08265, 0.00236, 0.00026, 0.00163, 0.03862, 0.01061, 0.00278, 0.08317, 0.0679, 0.00225, 0.04669, 0.03805, 0.00728, 0.06169, 0.0796, 0.01103, 0.05806, 0.08405, 0.03189, 0.00841, 0.00853, 0.00215, 0.00196, 0.0212, 0.08797, 0.02157, 0.00225, 0.00698, 0.01205, 0.05847, 0.02005, 0.03331, 0.00697, 0.03618, 0.00184, 0.01192, 0.02367, 0.01097, 0.01352, 0.03816, 0.01205, 0.01014, 0.06336, 0.02121, 0.0027, 0.02695, 0.03552, 0.00747, 0.09506],[0.23729, 0.32989, 0.20046, 0.2671, 0.24364, 0.25719],[3, 8, 14, 6, 8, 13],58,6
2.5,153,[0.02805, 0.00432, 0.00705, 0.03862, 0.00075, 0.01881, 0.05574, 0.04275, 0.05727, 0.00626, 0.01023, 0.00506, 0.01952, 0.00169, 0.00939, 0.00397, 0.01964, 0.07862, 0.04495, 0.08868, 0.01699, 0.08359, 0.03914, 0.01744, 0.01494, 0.01741, 0.02063, 0.01319, 0.00471, 0.00163, 0.09506, 0.0078, 0.00215, 0.01983, 0.00246, 0.01708, 0.05241, 0.0059, 0.00297, 0.01628, 0.0952, 0.00801, 0.00459, 0.01048, 0.00189, 0.07251, 0.06027, 0.05895, 0.02215, 0.09372, 0.07199, 0.02696, 0.08539, 0.00486, 0.0887, 0.07376],[0.22237, 0.22846, 0.20652, 0.23377, 0.34484, 0.25521, 0.3094],[3, 6, 9, 2, 6, 16, 4],56,7
2.5,154,[0.04192, 0.00884, 0.03374, 0.02555, 0.00476, 0.05513, 0.01149, 0.07273, 0.00257, 0.04898, 0.0305, 0.02063, 0.06381, 0.0037, 0.00598, 0.08317, 0.00137, 0.00626, 0.01023, 0.00506, 0.01952, 0.00169, 0.00939, 0.00397, 0.01964, 0.07862, 0.00075, 0.01881, 0.05574],[0.22399, 0.20603, 0.32238, 0.31576, 0.22846],[2, 9, 3, 3, 9],29,5
2.5,155,[0.00094, 0.02036, 0.00076, 0.02725, 0.01091, 0.0283, 0.00434, 0.00825, 0.02958, 0.02253, 0.03625, 0.0209, 0.06019, 0.00338, 0.00341, 0.0706, 0.02669, 0.0012, 0.01881, 0.09506, 0.00623, 0.03566, 0.05739, 0.00227, 0.00462, 0.04181, 0.042, 0.02276, 0.0949, 0.0923, 0.00626, 0.01023, 0.00506, 0.01952, 0.00169, 0.00939, 0.00397],[0.2134, 0.20324, 0.34517],[7, 10, 13],37,3
2.5,156,[0.03617, 0.00469, 0.07478, 0.003, 0.00939, 0.06778, 0.05454, 0.06519, 0.03585, 0.00422, 0.05289, 0.01941, 0.0045, 0.00905, 0.00102, 0.00108, 0.02219, 0.03324, 0.02711, 0.01467, 0.02617, 0.00165, 0.05659],[0.20093, 0.24858],[13, 6],23,2
2.5,157,[0.02591, 0.08457, 0.0443, 0.0021, 0.00663, 0.01681, 0.01519, 0.00119, 0.05574, 0.01868, 0.00335, 0.06506, 0.01366, 0.00481, 0.06027, 0.05895, 0.02215, 0.09372, 0.07199, 0.02696, 0.08539, 0.00486, 0.0887, 0.07376, 0.03122, 0.0238, 0.07637, 0.00652, 0.04673, 0.01013, 0.00693, 0.00352, 0.03274, 0.00825, 0.02958, 0.02253, 0.03625, 0.0209, 0.06019, 0.00338, 0.00341, 0.0706, 0.02669, 0.0061, 0.00093, 0.00291, 0.0233, 0.05902, 0.02048, 0.00487, 0.04144, 0.04219, 0.00528, 0.06401, 0.05598],[0.25709, 0.28212, 0.26693, 0.21582],[5, 9, 19, 10],55,4
2.5,158,[0.00626, 0.00861, 0.07124, 0.00204, 0.01116, 0.05043, 0.057, 0.00626, 0.01023, 0.00506, 0.01952, 0.00169, 0.00939, 0.00397, 0.01964, 0.07862, 0.03862, 0.00075, 0.01881, 0.05574, 0.04275, 0.05727, 0.04064, 0.02542, 0.0173, 0.01609, 0.00231, 0.03854, 0.0129, 0.09997, 0.08725, 0.05289, 0.01467, 0.02617, 0.00165, 0.05659, 0.0017, 0.03915, 0.08265, 0.00236, 0.00196, 0.0212, 0.08797, 0.02157, 0.00225, 0.00698, 0.01205, 0.05847],[0.22971, 0.22846, 0.25196, 0.28643, 0.34916, 0.24364],[7, 9, 6, 10, 8, 8],48,6
2.5,159,[0.00222, 0.06093, 0.08018, 0.06537, 0.05303, 0.00367, 0.02183, 0.04174, 0.07338, 0.02802, 0.01619, 0.06333, 0.06931, 0.08191, 0.05662, 0.01631, 0.02147, 0.00142, 0.04956, 0.08359, 0.0463, 0.01999, 0.07143, 0.02557, 0.00903, 0.02763, 0.01046, 0.06696, 0.0341, 0.03807, 0.00775, 0.00394, 0.01976, 0.016, 0.00221, 0.00212, 0.00462, 0.00252, 0.04233, 0.05071],[0.25569, 0.20809, 0.24527, 0.24139],[12, 3, 19, 6],40,4
2.5,160,[0.01546, 0.02446, 0.05647, 0.00182, 0.0078, 0.0177, 0.01994, 0.09553, 0.03862, 0.00075, 0.01881, 0.05574, 0.04275, 0.05727, 0.00626, 0.01023, 0.00506, 0.01952, 0.00169, 0.00939, 0.00397, 0.01964, 0.07862, 0.04495, 0.08868, 0.01699, 0.08359, 0.03914, 0.01744, 0.01494, 0.01741, 0.02063, 0.01319, 0.00471, 0.00163, 0.09506, 0.0078, 0.00215, 0.01983, 0.00246, 0.01708, 0.05241, 0.0059, 0.00297, 0.01628],[0.22678, 0.22846, 0.20652, 0.23377, 0.34484],[8, 6, 9, 2, 6],45,5
2.5,161,[0.00104, 0.02851, 0.00491, 0.0088, 0.00199, 0.01417, 0.01826, 0.01699, 0.08359, 0.03914, 0.01744, 0.01494, 0.01741, 0.04495, 0.08868, 0.00626, 0.01023, 0.00506, 0.01952, 0.00169, 0.00939, 0.00397, 0.01964, 0.07862, 0.00771, 0.03089, 0.03862, 0.00075, 0.01881, 0.05574, 0.04275, 0.05727, 0.04064, 0.02542, 0.0173, 0.01609, 0.00231, 0.03854, 0.0129, 0.09997, 0.08725, 0.05289, 0.01467, 0.02617, 0.00165, 0.05659, 0.0017, 0.03915],[0.24549, 0.23377, 0.20652, 0.22846, 0.25196, 0.28643],[7, 6, 2, 11, 6, 10],48,6
2.5,162,[0.06687, 0.06379, 0.04593, 0.00622, 0.04375, 0.01504, 0.00624, 0.00592, 0.00346, 0.08868, 0.00185, 0.03862, 0.00075, 0.01881, 0.05574, 0.04275, 0.05727, 0.00626, 0.01023, 0.00506, 0.01952, 0.00169, 0.00939, 0.00397, 0.01964, 0.07862, 0.00771, 0.03089, 0.08475, 0.00918, 0.00444, 0.01955, 0.00937, 0.04466],[0.22982, 0.32055, 0.22846, 0.24003],[5, 6, 6, 12],34,4
2.5,163,[0.02157, 0.00967, 0.02287, 0.00569, 0.08207, 0.00943, 0.01672, 0.03869, 0.00735, 0.08619, 0.045, 0.07074, 0.09765, 0.05637, 0.04035, 0.02434, 0.03155, 0.00825, 0.02958],[0.22019],[17],19,1
2.5,164,[0.00318, 0.00305, 0.0214, 0.00774, 0.0136, 0.01182, 0.00793, 0.04064, 0.02542, 0.0173, 0.01609, 0.00231, 0.03854, 0.0129, 0.09997, 0.08725, 0.05289, 0.00026, 0.00163, 0.03862, 0.01061, 0.00278, 0.08317, 0.0679, 0.00225, 0.04669, 0.03805, 0.00728, 0.06169, 0.0796, 0.01103, 0.05806, 0.08405, 0.03189, 0.00841, 0.00853, 0.00215, 0.00196, 0.0212, 0.08797, 0.02157, 0.00225, 0.00698, 0.01205, 0.05847],[0.20679, 0.21667, 0.20046, 0.2671, 0.24364],[7, 10, 14, 6, 8],45,5
2.5,165,[0.03581, 0.01068, 0.05975, 0.00225, 0.01192, 0.02705, 0.00314, 0.07684, 0.03374, 0.02555, 0.00476, 0.05513, 0.01149, 0.07273, 0.00257, 0.04898, 0.0305, 0.02063, 0.06381, 0.0037, 0.00598, 0.08317, 0.00137, 0.04459, 0.0014, 0.00205, 0.00779, 0.02613, 0.02327, 0.01866, 0.02306, 0.01384, 0.00757, 0.01587, 0.00882],[0.24182, 0.20603, 0.32238, 0.21675, 0.24107],[8, 9, 3, 3, 5],35,5
2.5,166,[0.07344, 0.01597, 0.01818, 0.01189, 0.01504, 0.00624, 0.00592, 0.00346, 0.08868, 0.00185, 0.03862, 0.00075, 0.01881, 0.05574, 0.04275, 0.05727, 0.00626, 0.01023, 0.00506, 0.01952, 0.00169, 0.00939, 0.00397, 0.01964, 0.07862, 0.00771, 0.03089, 0.08475, 0.06931, 0.05662, 0.01631, 0.02147, 0.00142, 0.04956, 0.08359, 0.0463, 0.01999, 0.07143, 0.02557, 0.00903, 0.02763, 0.01046, 0.06696, 0.0341, 0.03807, 0.00775, 0.00394, 0.01976, 0.016, 0.00221, 0.00212],[0.20392, 0.32055, 0.22846, 0.31516, 0.20809, 0.24527],[4, 6, 6, 12, 2, 19],51,6
2.5,167,[0.01407, 0.00877, 0.07493, 0.00906, 0.01714, 0.01357, 0.08392, 0.07257, 0.03266, 0.01485, 0.04928, 0.03436, 0.04333, 0.00543, 0.03862, 0.00075, 0.01881, 0.05574, 0.04275, 0.05727, 0.00626, 0.01023, 0.00506, 0.01952, 0.00169, 0.00939, 0.00397, 0.01964, 0.07862, 0.04495, 0.08868, 0.01699, 0.08359, 0.03914],[0.26269, 0.22846, 0.20652, 0.23377],[14, 6, 9, 2],34,4
2.5,168,[0.00199, 0.00512, 0.0634, 0.00422, 0.08125, 0.01041, 0.01895, 0.07837, 0.0444, 0.0284, 0.00054, 0.00107, 0.01254, 0.03038, 0.0046, 0.00626, 0.01023, 0.00506, 0.01952, 0.00169, 0.00939, 0.00397, 0.01964, 0.07862, 0.00771, 0.03089, 0.08475, 0.03862, 0.00075, 0.01881, 0.05574, 0.04275, 0.05727, 0.04064, 0.02542, 0.0173, 0.01609, 0.00231, 0.03854, 0.0129, 0.09997, 0.08725, 0.05289, 0.01467, 0.02617],[0.20259, 0.27096, 0.22846, 0.25196, 0.28643],[10, 5, 12, 6, 10],45,5
2.5,169,[0.03773, 0.00135, 0.04258, 0.03728, 0.03862, 0.00075, 0.01881, 0.05574, 0.04275, 0.05727, 0.04064, 0.02542, 0.0173, 0.01609, 0.00231, 0.03854, 0.0129, 0.09997, 0.08725, 0.05289, 0.01467, 0.02617, 0.00165, 0.05659, 0.0017, 0.03915, 0.08265, 0.00236, 0.00196, 0.0212, 0.08797, 0.02157, 0.00225, 0.00698, 0.01205, 0.05847, 0.02005, 0.03331, 0.00697, 0.03618, 0.00184, 0.01192, 0.02367, 0.01097, 0.01352, 0.03816, 0.01205, 0.01014, 0.06336, 0.02121, 0.0027, 0.02695, 0.03552, 0.00747, 0.09506],[0.21754, 0.25196, 0.28643, 0.34916, 0.24364, 0.25719],[4, 6, 10, 8, 8, 13],55,6
2.5,170,[0.05938, 0.03733, 0.02699, 0.02178, 0.02208, 0.01733, 0.00187, 0.02586, 0.00598, 0.08317, 0.00137, 0.04459, 0.0014, 0.00205, 0.00779, 0.02613, 0.02327, 0.01866, 0.02306, 0.01384, 0.00757, 0.01587, 0.00882, 0.00226, 0.01854, 0.01333, 0.04958, 0.03249, 0.04216, 0.03523, 0.04629, 0.02604, 0.04826, 0.03374, 0.02555, 0.00476, 0.05513, 0.01149, 0.07273, 0.00257, 0.04898],[0.20848, 0.21675, 0.24107, 0.20798, 0.33159],[8, 3, 5, 8, 9],41,5
2.5,171,[0.03133, 0.02261, 0.04118, 0.07714, 0.05704, 0.00205, 0.08699, 0.04887, 0.09416, 0.00928, 0.00477, 0.01054, 0.03801, 0.02611, 0.06027, 0.05895, 0.02215, 0.09372, 0.07199, 0.02696, 0.08539, 0.00486, 0.0887, 0.07376, 0.03122, 0.0238, 0.07637, 0.00652, 0.04673, 0.01013, 0.00693, 0.00352],[0.29218],[14],32,1
2.5,172,[0.03429, 0.02977, 0.02143, 0.0318, 0.09916, 0.00792, 0.05207, 0.07418, 0.01917, 0.01262, 0.00849, 0.01187, 0.0305, 0.06027, 0.05895, 0.02215, 0.09372, 0.07199, 0.02696, 0.08539, 0.00486, 0.0887, 0.07376, 0.03122, 0.0238, 0.07637, 0.00652, 0.04673, 0.01013, 0.00693, 0.00352, 0.03274, 0.00825, 0.02958, 0.02253, 0.03625, 0.0209, 0.06019, 0.00338, 0.00341, 0.0706, 0.02669],[0.28795, 0.26693],[13, 19],42,2
2.5,173,[0.07197, 0.00494, 0.00205, 0.05031, 0.0022, 0.07502, 0.00598, 0.08317, 0.00137, 0.04459, 0.0014, 0.00205, 0.00779, 0.02613, 0.02327, 0.01866, 0.02306, 0.01384, 0.00757, 0.01587, 0.00882, 0.00226, 0.01854, 0.01333, 0.04958, 0.03249, 0.04216, 0.03523, 0.04629, 0.02604, 0.04826, 0.03374, 0.02555, 0.00476, 0.05513, 0.01149, 0.07273, 0.00257, 0.04898],[0.20984, 0.26779, 0.21675, 0.24107, 0.20798, 0.33159],[2, 4, 3, 5, 8, 9],39,6
2.5,174,[0.00451, 0.0448, 0.00143, 0.03382, 0.00168, 0.09036, 0.03792, 0.00942, 0.03862, 0.00075, 0.01881, 0.05574, 0.04275, 0.05727, 0.00626, 0.01023, 0.00506, 0.01952, 0.00169, 0.00939, 0.00397, 0.01964, 0.07862, 0.04495, 0.08868, 0.01699, 0.08359],[0.26863, 0.22846, 0.20652, 0.23377],[8, 6, 9, 2],27,4
2.5,175,[0.03833, 0.04213, 0.00102, 0.08414, 0.03996, 0.04074, 0.00455, 0.00626, 0.01023, 0.00506, 0.01952, 0.00169, 0.00939, 0.00397, 0.01964, 0.07862, 0.03862, 0.00075, 0.01881, 0.05574, 0.04275, 0.05727, 0.04064, 0.02542, 0.0173, 0.01609, 0.00231, 0.03854, 0.0129, 0.09997, 0.08725, 0.05289, 0.01467, 0.02617, 0.00165, 0.05659, 0.0017, 0.03915, 0.08265, 0.00236, 0.00196, 0.0212, 0.08797, 0.02157, 0.00225, 0.00698, 0.01205, 0.05847, 0.02005, 0.03331, 0.00697, 0.03618, 0.00184, 0.01192, 0.02367, 0.01097, 0.01352, 0.03816, 0.01205, 0.01014, 0.06336, 0.02121, 0.0027, 0.02695, 0.03552, 0.00747, 0.09506],[0.23792, 0.22846, 0.25196, 0.28643, 0.34916, 0.24364, 0.25719],[7, 9, 6, 10, 8, 8, 13],67,7
2.5,176,[0.00732, 0.02751, 0.05555, 0.00206, 0.00116, 0.07559, 0.04531, 0.09032, 0.05145, 0.04835, 0.02121, 0.0027, 0.02695, 0.03552, 0.00747, 0.09506, 0.05795, 0.00598, 0.08317, 0.00137, 0.04459, 0.0014, 0.00205, 0.00779, 0.02613, 0.02327, 0.01866, 0.02306, 0.01384, 0.00757, 0.01587, 0.00882, 0.00226, 0.01854, 0.01333, 0.04958, 0.03374, 0.02555, 0.00476, 0.05513, 0.01149, 0.07273, 0.00257, 0.04898],[0.22648, 0.29506, 0.21675, 0.24107, 0.20798, 0.33159],[10, 7, 3, 5, 8, 3],44,6
2.5,177,[0.02153, 0.0586, 0.0437, 0.0608, 0.02492, 0.00511, 0.06329, 0.05656, 0.00598, 0.08317, 0.00137, 0.04459, 0.0014, 0.00205, 0.00779, 0.02613, 0.02327, 0.01866, 0.02306, 0.01384, 0.00757, 0.01587, 0.00882, 0.00226, 0.01854, 0.01333, 0.04958, 0.03374, 0.02555, 0.00476, 0.05513, 0.01149, 0.07273, 0.00257, 0.04898, 0.0305, 0.00708, 0.00761, 0.01532, 0.07845, 0.02063, 0.06381],[0.24288, 0.21675, 0.24107, 0.20798, 0.33159, 0.20603],[8, 3, 5, 8, 3, 13],42,6
2.5,178,[0.02576, 0.01015, 0.00689, 0.06518, 0.00121, 0.04578, 0.07868, 0.00307, 0.03681, 0.09423, 0.00244, 0.00735, 0.00825, 0.02958, 0.02253, 0.03625],[0.31631],[12],16,1
2.5,179,[0.02293, 0.01216, 0.00513, 0.01346, 0.01013, 0.05634, 0.00163, 0.03593, 0.04074, 0.02657, 0.00257, 0.06027, 0.05895, 0.02215, 0.09372, 0.07199, 0.02696, 0.08539, 0.00486, 0.0887, 0.07376, 0.03122, 0.0238, 0.07637, 0.00652, 0.04673, 0.01013, 0.00693, 0.00352, 0.03274, 0.00825, 0.02958, 0.02253, 0.03625, 0.0209, 0.06019, 0.00338, 0.00341, 0.0706, 0.02669, 0.0012, 0.01881, 0.09506, 0.00623],[0.22199, 0.26693, 0.20324],[11, 19, 10],44,3
2.5,180,[0.00687, 0.07505, 0.00494, 0.01917, 0.00568, 0.07254, 0.01029, 0.0524, 0.0115, 0.02791, 0.01168, 0.04034],[],[],12,0
2.5,181,[0.00558, 0.00073, 0.04165, 0.01659, 0.02073, 0.00242, 0.00356, 0.00987, 0.0669, 0.00217, 0.00026, 0.00163, 0.03862, 0.01061, 0.00278, 0.08317, 0.0679, 0.00225, 0.04669, 0.03805, 0.00728, 0.06169, 0.0796, 0.01103, 0.05806, 0.08405, 0.03189, 0.00841, 0.00853, 0.00215, 0.00196, 0.0212],[0.21559, 0.20046, 0.2671],[10, 14, 6],32,3
2.5,182,[0.00313, 0.04958, 0.01364, 0.02734, 0.00553, 0.06682, 0.05708, 0.02605, 0.06027, 0.05895, 0.02215, 0.09372, 0.07199, 0.02696, 0.08539, 0.00486, 0.0887, 0.07376, 0.03122, 0.0238, 0.07637, 0.00652, 0.04673, 0.01013, 0.00693, 0.00352, 0.03274, 0.00825, 0.02958, 0.02253, 0.03625, 0.0209, 0.06019, 0.00338, 0.00341, 0.0706, 0.02669, 0.0012, 0.01881, 0.09506, 0.00623, 0.03566, 0.05739, 0.00227],[0.23546, 0.26693, 0.20324],[8, 19, 10],44,3
2.5,183,[0.00355, 0.01337, 0.03167, 0.06818, 0.04666, 0.00909, 0.07211, 0.00626, 0.01023, 0.00506, 0.01952, 0.00169, 0.00939, 0.00397, 0.01964, 0.07862, 0.03862, 0.00075, 0.01881, 0.05574, 0.04275, 0.05727, 0.04064, 0.02542, 0.0173, 0.01609, 0.00231, 0.03854, 0.0129, 0.09997, 0.08725, 0.05289, 0.01467, 0.02617, 0.00165, 0.05659, 0.0017, 0.03915, 0.08265, 0.00236, 0.00196, 0.0212, 0.08797, 0.02157, 0.00225, 0.00698, 0.01205, 0.05847, 0.02005, 0.03331, 0.00697],[0.20777, 0.22846, 0.25196, 0.28643, 0.34916, 0.24364],[7, 9, 6, 10, 8, 8],51,6
2.5,184,[0.01018, 0.02166, 0.02389, 0.06794, 0.0316, 0.0061, 0.05035, 0.08128, 0.00242, 0.01612, 0.01937, 0.02799],[],[],12,0
2.5,185,[0.00248, 0.04744, 0.0448, 0.00607, 0.02838, 0.01234, 0.03573, 0.01068, 0.03127, 0.00197, 0.0678, 0.02995, 0.01996, 0.04013],[],[],14,0
2.5,186,[0.02954, 0.0053, 0.00178, 0.02333, 0.01408, 0.07813, 0.00477, 0.00993, 0.03374, 0.02555, 0.00476, 0.05513, 0.01149, 0.07273, 0.00257, 0.04898, 0.0305, 0.00046, 0.05766, 0.00153, 0.01891, 0.01324, 0.07804, 0.03691, 0.0752, 0.06547, 0.02327, 0.00745, 0.00155, 0.0298, 0.03357],[0.22837, 0.24307, 0.20351],[8, 9, 9],31,3
2.5,187,[0.01842, 0.03007, 0.00194, 0.01567, 0.08244, 0.02226, 0.00365, 0.00946, 0.04116, 0.02896, 0.00325, 0.03673, 0.09087, 0.00368, 0.01191, 0.06027, 0.05895, 0.02215, 0.09372, 0.07199, 0.02696, 0.08539, 0.00486],[0.26764],[15],23,1
2.5,188,[0.01059, 0.07916, 0.0112, 0.09075, 0.00459, 0.01048, 0.00189, 0.07251, 0.02063, 0.01319, 0.00471, 0.00163, 0.09506, 0.0078, 0.00215, 0.01983, 0.00246, 0.01708, 0.05241, 0.0059, 0.00297, 0.01628, 0.0952, 0.00801, 0.06931, 0.08191, 0.05662, 0.01631, 0.02147, 0.00142, 0.04956, 0.08359, 0.0463, 0.01999, 0.07143, 0.02557, 0.00903, 0.02763],[0.20511, 0.25521, 0.31068, 0.20809],[4, 4, 16, 3],38,4
2.5,189,[0.00099, 0.00106, 0.00225, 0.07164, 0.00669, 0.03861, 0.06439, 0.00227, 0.08318, 0.05743, 0.0436, 0.00266, 0.01608, 0.00804, 0.02212, 0.02206, 0.00626, 0.01023, 0.00506, 0.01952, 0.00169, 0.00939, 0.00397, 0.01964, 0.07862],[0.20382, 0.22846],[16, 9],25,2
2.5,190,[0.03807, 0.00135, 0.04228, 0.01243, 0.03796, 0.03797, 0.03862, 0.00075, 0.01881, 0.05574, 0.04275, 0.05727, 0.04064, 0.02542, 0.0173, 0.01609, 0.00231, 0.03854, 0.0129, 0.09997, 0.08725, 0.05289, 0.01467, 0.02617, 0.00165, 0.05659, 0.0017, 0.03915, 0.08265, 0.00236, 0.00196, 0.0212, 0.08797, 0.02157, 0.00225, 0.00698, 0.01205, 0.05847, 0.02005, 0.03331, 0.00697, 0.03618, 0.00184, 0.01192, 0.02367, 0.01097, 0.01352, 0.03816, 0.01205, 0.01014, 0.06336, 0.02121, 0.0027, 0.02695, 0.03552, 0.00747, 0.09506],[0.21875, 0.25196, 0.28643, 0.34916, 0.24364, 0.25719],[6, 6, 10, 8, 8, 13],57,6
2.5,191,[0.00086, 0.04141, 0.05386, 0.03909, 0.04495, 0.08868, 0.00626, 0.01023, 0.00506, 0.01952, 0.00169, 0.00939, 0.00397, 0.01964, 0.07862, 0.00771, 0.03089, 0.03862, 0.00075, 0.01881, 0.05574, 0.04275, 0.05727, 0.04064, 0.02542, 0.0173, 0.01609, 0.00231, 0.03854, 0.0129, 0.09997, 0.08725, 0.05289, 0.01467, 0.02617, 0.00165, 0.05659, 0.0017, 0.03915, 0.08265, 0.00236, 0.00196],[0.23939, 0.20652, 0.22846, 0.25196, 0.28643, 0.34916],[4, 2, 11, 6, 10, 8],42,6
2.5,192,[0.00206, 0.02004, 0.02059, 0.00897, 0.0021, 0.00214, 0.02083, 0.06931, 0.08191, 0.05662, 0.01631, 0.02147, 0.00142, 0.04956, 0.08359, 0.0463, 0.01999, 0.07143, 0.02557, 0.00903, 0.02763, 0.01046, 0.06696, 0.0341, 0.03807, 0.00775, 0.00394, 0.01976, 0.016, 0.00221, 0.00212, 0.00462, 0.00252, 0.04233, 0.05071, 0.0012, 0.01881, 0.09506, 0.00623, 0.03566, 0.05739, 0.00227, 0.00462, 0.04181, 0.042, 0.02276, 0.0949, 0.0923, 0.00825, 0.02958, 0.02253, 0.03625, 0.0209, 0.06019, 0.00338, 0.00341],[0.20729, 0.20809, 0.24527, 0.24139, 0.20324],[7, 3, 19, 6, 13],56,5
2.5,193,[0.00305, 0.00074, 0.0392, 0.06946, 0.03645, 0.02955, 0.06973, 0.06766, 0.08202, 0.03985, 0.01467, 0.02617, 0.00165, 0.05659, 0.0017, 0.03915, 0.08265, 0.00236, 0.00026, 0.00163, 0.03862, 0.01061, 0.00278, 0.08317, 0.0679, 0.00225, 0.04669, 0.03805, 0.00728, 0.06169, 0.0796, 0.01103, 0.05806, 0.08405, 0.03189, 0.00841],[0.22087, 0.32989, 0.20046],[10, 8, 14],36,3
2.5,194,[0.06453, 0.06284, 0.03979, 0.01926, 0.03197, 0.00189, 0.01504, 0.00624, 0.00592, 0.00346, 0.08868, 0.00185, 0.03862, 0.00075, 0.01881, 0.05574, 0.04275, 0.05727, 0.00626, 0.01023, 0.00506, 0.01952, 0.00169, 0.00939, 0.00397, 0.01964, 0.07862, 0.00771, 0.03089, 0.08475, 0.00918, 0.00444, 0.01955, 0.00937, 0.04466],[0.25553, 0.32055, 0.22846, 0.24003],[6, 6, 6, 12],35,4
2.5,195,[0.00122, 0.04782, 0.0677, 0.00332, 0.09347, 0.08033, 0.09798, 0.00311, 0.0095, 0.01934, 0.03374, 0.02555, 0.00476, 0.05513, 0.01149, 0.07273, 0.00257, 0.04898, 0.0305, 0.02063, 0.06381, 0.0037, 0.00598, 0.08317, 0.00137, 0.00626, 0.01023, 0.00506, 0.01952, 0.00169, 0.00939, 0.00397, 0.01964, 0.07862, 0.00075, 0.01881, 0.05574],[0.22365, 0.20603, 0.32238, 0.31576, 0.22846],[10, 9, 3, 3, 9],37,5
2.5,196,[0.05361, 0.03976, 0.06797, 0.04315, 0.01333, 0.00405, 0.03645, 0.03038, 0.02058, 0.00464, 0.01198, 0.00264, 0.03739],[],[],13,0
2.5,197,[0.0093, 0.00219, 0.06931, 0.08191, 0.05662, 0.01631, 0.02147, 0.00142, 0.04956, 0.08359, 0.0463, 0.01999, 0.07143, 0.02557, 0.00903, 0.02763, 0.01046, 0.06696, 0.0341, 0.03807, 0.00775, 0.00394, 0.01976, 0.016, 0.00221, 0.00212, 0.00462, 0.00252, 0.04233, 0.05071, 0.0012, 0.01881, 0.09506, 0.00623, 0.03566, 0.05739, 0.00227, 0.00462, 0.04181, 0.042, 0.02276, 0.0949, 0.0923, 0.00825, 0.02958, 0.02253, 0.03625, 0.0209, 0.06019, 0.00338, 0.00341],[0.2494, 0.20809, 0.24527, 0.24139, 0.20324],[2, 3, 19, 6, 13],51,5
2.5,198,[0.00107, 0.00301, 0.00765, 0.0117, 0.03984, 0.02113, 0.08119, 0.00722, 0.02571, 0.01204, 0.08539, 0.05868, 0.01092, 0.02311, 0.01031, 0.01216, 0.0062, 0.01681, 0.01519, 0.00119, 0.05574, 0.01868],[0.22397, 0.20013],[7, 10],22,2
2.5,199,[0.00771, 0.00057, 0.05666, 0.01426, 0.00403, 0.01343, 0.00917, 0.002, 0.00419, 0.09039, 0.02076, 0.03473, 0.07564, 0.04064, 0.02542, 0.0173, 0.01609, 0.00231, 0.03854, 0.0129, 0.09997, 0.08725, 0.05289, 0.00026, 0.00163, 0.03862, 0.01061, 0.00278, 0.08317, 0.0679, 0.00225, 0.04669],[0.26218, 0.21667],[13, 10],32,2

