2.5,0,[0.01431, 0.00458, 0.02389, 0.01166, 0.02859, 0.00189, 0.0986, 0.01165, 0.01235, 0.00062, 0.03039, 0.00689, 0.05288, 0.02698, 0.01306, 0.0668, 0.00045, 0.00369, 0.00928, 0.00337, 0.00765, 0.03119, 0.06624, 0.02282, 0.06353, 0.05629, 0.00259, 0.05041, 0.00557, 0.00288, 0.00137, 0.03706, 0.0005, 0.01759, 0.00641, 0.08778, 0.01692, 0.00214, 0.00188, 0.02004, 0.0131, 0.0226, 0.04648, 0.05008, 0.01761, 0.03595, 0.00268, 0.0028, 0.00291, 0.04447, 0.04451, 0.00703, 0.00547, 0.00963, 0.03509, 0.01173, 0.02031, 0.03928, 0.05146, 0.01907, 0.08419, 0.09329],[0.23855, 0.22681, 0.21892, 0.29774, 0.20431, 0.23207, 0.24518],[8, 8, 7, 7, 2, 6, 14],62,7
2.5,1,[0.00773, 0.04021, 0.00393, 0.03825, 0.01467, 0.02284, 0.00314, 0.0038, 0.041, 0.03826, 0.01257, 0.00202, 0.02246, 0.00123, 0.01308, 0.00545, 0.01409, 0.0367, 0.03011, 0.0018, 0.05953, 0.03612, 0.00265, 0.0109, 0.02902, 0.0314, 0.07268, 0.00128, 0.00259, 0.0759, 0.0776, 0.05193, 0.02232, 0.00228, 0.0399, 0.09117, 0.02561, 0.01238, 0.00625, 0.05336, 0.08428, 0.02309, 0.00676, 0.00327, 0.04833, 0.00518, 0.02302, 0.05552, 0.00647, 0.01527, 0.01081, 0.08158, 0.02402, 0.04231, 0.06248, 0.00405],[0.23599, 0.20324, 0.20242, 0.22822, 0.21629, 0.21874, 0.21577],[5, 7, 10, 19, 7, 4, 2],56,7
2.5,2,[0.05845, 0.0172, 0.00315, 0.07232, 0.01356, 0.09362, 0.00199, 0.00543, 0.07268, 0.01507, 0.01472, 0.02309, 0.00676, 0.00327, 0.04833, 0.00518, 0.02302, 0.05552, 0.03342, 0.00281, 0.03603, 0.02045, 0.06197, 0.06089, 0.07029, 0.0708, 0.0377, 0.00695, 0.01716, 0.01403, 0.02837, 0.03081, 0.0651, 0.0017, 0.01672, 0.04024, 0.00963, 0.03875, 0.00864, 0.02621, 0.00181, 0.02046, 0.02743, 0.02484, 0.01932, 0.00215],[0.24944, 0.24985, 0.26737, 0.2143, 0.31849],[7, 4, 7, 13, 5],46,5
2.5,3,[6e-05, 0.00445, 0.01286, 0.03285, 0.07065, 0.07981, 0.04034, 0.04985, 0.05264, 0.0149, 0.02551, 0.00585, 0.0003, 0.05465, 0.03247, 0.07131, 0.02363, 0.0071, 0.04462, 0.07177, 0.00281, 0.00547, 0.00963, 0.03509, 0.01173, 0.02031, 0.01235, 0.00062, 0.03039, 0.00689, 0.05288, 0.02698, 0.01306, 0.0668, 0.00045, 0.00369, 0.00928, 0.00337, 0.00765, 0.03119, 0.06624, 0.05282],[0.25259, 0.27216, 0.23904, 0.3225, 0.22681],[8, 3, 10, 5, 8],42,5
2.5,4,[0.02044, 0.00223, 0.00561, 0.00283, 0.00142, 0.08164, 0.00432, 0.00755, 0.01521, 0.00273, 0.02741, 0.07936, 0.00673, 0.01235, 0.00062, 0.03039, 0.00689, 0.05288, 0.02698, 0.01306, 0.0668, 0.00045, 0.00369, 0.00928, 0.00337, 0.00765, 0.03119, 0.06624, 0.02282, 0.06353, 0.05629, 0.00259, 0.05041, 0.00557, 0.00288, 0.00137, 0.03706, 0.0005, 0.01759, 0.00641, 0.08778, 0.01692, 0.00214, 0.00188, 0.02004, 0.0131, 0.0226, 0.04648, 0.05008, 0.01761, 0.03595, 0.00268, 0.0028, 0.00291, 0.04447, 0.04451, 0.00703, 0.00547, 0.00963, 0.03509, 0.01173, 0.02031, 0.03928],[0.23072, 0.22681, 0.21892, 0.29774, 0.20431, 0.23207, 0.24518],[13, 8, 7, 7, 2, 6, 14],63,7
2.5,5,[0.00062, 0.00595, 0.03153, 0.05331, 0.05481, 0.02425, 0.01253, 0.00214, 0.02931, 0.01393, 0.07832],[],[],11,0
2.5,6,[0.04277, 0.00446, 0.07138, 0.00383, 0.00839, 0.00963, 0.03875, 0.00864, 0.02621, 0.00181, 0.02046, 0.02743, 0.02484, 0.01932, 0.00215, 0.00265, 0.0109, 0.02902, 0.0314, 0.07268, 0.00128, 0.00259, 0.05193, 0.02232, 0.00228, 0.0399, 0.09117, 0.02561, 0.01238, 0.00625, 0.05336, 0.08428, 0.02309, 0.00676, 0.00327, 0.04833, 0.00518, 0.02302, 0.05552, 0.00647, 0.01527, 0.01081],[0.21666, 0.20735, 0.22822, 0.21629],[5, 10, 17, 7],42,4
2.5,7,[0.02966, 0.03141, 0.01486, 0.04033, 0.02546, 0.00137, 0.03706, 0.02282, 0.06353, 0.05629, 0.00259, 0.05041, 0.00557, 0.00288, 0.00045, 0.00369, 0.00928, 0.00337, 0.00765, 0.03119, 0.06624, 0.01235, 0.00062, 0.03039, 0.00689, 0.05288, 0.02698, 0.01306, 0.0668, 0.00125, 0.03557, 0.05851, 0.00969, 0.05106, 0.00963, 0.03875, 0.00864, 0.02621, 0.00181, 0.02046],[0.20555, 0.29774, 0.21892, 0.22681, 0.26485, 0.23447],[5, 2, 7, 7, 8, 5],40,6
2.5,8,[0.00416, 0.07849, 0.03857, 0.00469, 0.06248, 0.00405, 0.08734, 0.02317, 0.00543, 0.07268, 0.01507, 0.01472, 0.02309, 0.00676, 0.00327, 0.04833, 0.00518, 0.02302, 0.05552, 0.0505, 0.00785, 0.04672, 0.03342, 0.00281, 0.03603, 0.02045, 0.06197, 0.06089, 0.07029, 0.0708, 0.0377, 0.00695, 0.03081, 0.07075, 0.0651, 0.0017, 0.01672, 0.04024, 0.02246, 0.00123, 0.01308, 0.00545, 0.01409, 0.0367, 0.03011, 0.0018, 0.05953, 0.03612, 0.02284, 0.00314],[0.21457, 0.29041, 0.24985, 0.26737, 0.2143, 0.20616, 0.20324],[4, 4, 4, 10, 10, 6, 10],50,7
2.5,9,[0.00761, 0.04283, 0.02002, 0.03758, 0.01155, 0.00881, 0.00671, 0.00137, 0.03706, 0.0005, 0.01759, 0.00641, 0.08778, 0.01692, 0.00214, 0.00188, 0.02004, 0.0131, 0.0226, 0.04648, 0.05008, 0.01761, 0.03595, 0.00268, 0.0028, 0.00291, 0.04447, 0.04451, 0.00703, 0.00547, 0.00963, 0.03509, 0.01173, 0.02031, 0.00585, 0.0003, 0.05465, 0.03247, 0.07131, 0.02363, 0.0071, 0.04462, 0.07177, 0.00281, 0.01235, 0.00062, 0.03039, 0.00689, 0.05288, 0.02698, 0.01306, 0.0668, 0.00045, 0.00369, 0.00928, 0.00337, 0.00765, 0.03119, 0.06624, 0.05282],[0.34057, 0.20431, 0.23207, 0.24518, 0.23904, 0.339, 0.22681],[7, 2, 6, 14, 5, 10, 8],60,7
2.5,10,[0.01595, 0.0106, 0.00141, 0.03326, 0.00877, 0.0204, 0.03577, 0.03904, 0.05366, 0.03885, 0.0156, 0.03526, 0.0136, 0.00137, 0.03706, 0.02282, 0.06353, 0.05629, 0.00259, 0.05041, 0.00557, 0.00288, 0.00045, 0.00369, 0.00928, 0.00337, 0.00765, 0.03119, 0.06624, 0.01235, 0.00062, 0.03039, 0.00689, 0.05288, 0.02698, 0.01306, 0.0668],[0.28577, 0.29774, 0.21892, 0.22681, 0.26485],[13, 2, 7, 7, 8],37,5
2.5,11,[0.00707, 0.00569, 0.00705, 0.04728, 0.01941, 0.01325, 0.02246, 0.00123, 0.01308, 0.00545, 0.01409, 0.0367, 0.03011, 0.0018, 0.05953, 0.03612, 0.00265, 0.0109, 0.02902, 0.0314, 0.07268, 0.00128, 0.00259, 0.0759, 0.0776, 0.05193, 0.02232, 0.00228, 0.0399, 0.09117, 0.02561, 0.01238, 0.00625, 0.05336, 0.08428, 0.02309, 0.00676, 0.00327, 0.04833, 0.00518, 0.02302, 0.05552],[0.2867, 0.20242, 0.22822, 0.21629],[6, 10, 19, 7],42,4
2.5,12,[0.00536, 0.00948, 0.05897, 0.01879, 0.02405, 0.01708, 0.06848, 0.07, 0.00529, 0.02409, 0.02748, 0.0085, 0.00617, 0.02469],[],[],14,0
2.5,13,[0.01412, 0.01518, 0.02568, 0.07443, 0.04874, 0.00406, 0.01167, 0.05951, 0.01235, 0.00062, 0.03039, 0.00689, 0.05288, 0.02698, 0.01306, 0.0668, 0.00045, 0.00369, 0.00928, 0.00337, 0.00765, 0.03119, 0.06624, 0.02282, 0.06353, 0.05629, 0.00259, 0.05041, 0.00557, 0.00288, 0.00137, 0.03706, 0.0005, 0.01759, 0.00641, 0.08778, 0.01692, 0.00214, 0.00188, 0.02004, 0.0131, 0.0226, 0.04648, 0.05008, 0.01761, 0.03595, 0.00268, 0.0028, 0.00291, 0.04447, 0.04451, 0.00703, 0.00547, 0.00963, 0.03509],[0.29634, 0.22681, 0.21892, 0.29774, 0.20431, 0.23207, 0.24518],[8, 8, 7, 7, 2, 6, 14],55,7
2.5,14,[0.00918, 0.0116, 0.00418, 0.043, 0.00091, 0.0503, 0.06335, 0.05744, 0.01869, 0.04874, 0.0218, 0.00396, 0.03342, 0.00139, 0.0759, 0.0133, 0.04785, 0.04973, 0.00378, 0.02309, 0.00676, 0.00327, 0.04833, 0.00518, 0.02302, 0.05552],[0.30486, 0.28863, 0.24985],[12, 7, 7],26,3
2.5,15,[0.00026, 0.01096, 0.07305, 0.04345, 0.06267, 0.00153, 0.08269, 0.02926, 0.0018, 0.03991, 0.06256, 0.04318, 0.00275, 0.00963, 0.03875, 0.00864, 0.02621, 0.00181, 0.02046, 0.02743, 0.02484, 0.01932, 0.00215, 0.00265, 0.0109, 0.02902, 0.0314, 0.07268, 0.00128, 0.00259, 0.0759, 0.0776, 0.05193, 0.02232, 0.00228, 0.0399, 0.09117, 0.02561, 0.01238, 0.00625, 0.05336, 0.08428, 0.02309, 0.00676, 0.00327, 0.04833, 0.00518, 0.02302, 0.05552, 0.00647],[0.20133, 0.20735, 0.22822, 0.21629],[13, 10, 19, 7],50,4
2.5,16,[0.00646, 0.00103, 0.0132, 0.00177, 0.01447, 0.02284, 0.00314, 0.0038, 0.041, 0.03826, 0.01257, 0.00202, 0.02246, 0.00123, 0.01308, 0.00545, 0.01409, 0.0367, 0.03011, 0.0018, 0.05953, 0.03612, 0.00265, 0.0109, 0.02902, 0.0314, 0.07268, 0.00128, 0.00259, 0.0759, 0.0776, 0.05193, 0.02232, 0.00228, 0.0399, 0.09117, 0.02561, 0.01238, 0.00625, 0.05336, 0.08428, 0.02309, 0.00676, 0.00327, 0.04833, 0.00518, 0.02302, 0.05552, 0.00647, 0.01527, 0.01081, 0.08158, 0.02402, 0.04231, 0.06248, 0.00405],[0.27438, 0.20324, 0.20242, 0.22822, 0.21629, 0.21874, 0.21577],[5, 7, 10, 19, 7, 4, 2],56,7
2.5,17,[0.0044, 0.02309, 0.00676, 0.00327, 0.04833, 0.00518, 0.02302, 0.05552, 0.00265, 0.0109, 0.02902, 0.0314, 0.07268, 0.00128, 0.00259, 0.0759, 0.0776, 0.05193, 0.02232, 0.00228, 0.0399, 0.09117, 0.02561, 0.01238, 0.00625, 0.05336, 0.08428, 0.02246, 0.00123, 0.01308, 0.00545, 0.01409, 0.0367, 0.03011, 0.0018, 0.05953, 0.03612, 0.02284, 0.00314, 0.0038, 0.041, 0.03826, 0.01257, 0.00202, 0.00045, 0.00369, 0.00928, 0.00337, 0.00765],[0.2954, 0.22822, 0.20242, 0.20324, 0.25986],[1, 7, 19, 10, 7],49,5
2.5,18,[0.00867, 0.00281, 0.04241, 0.00531, 0.00566, 0.00969, 0.01282, 0.06425, 0.01532, 0.05424, 0.04472, 0.04501, 0.02366, 0.04223, 0.03334, 0.00124, 0.0478, 0.01489, 0.00344, 0.00188, 0.02004, 0.0131, 0.0226, 0.04648, 0.05008, 0.01761, 0.03595, 0.00268, 0.0028, 0.00291, 0.04447, 0.04451, 0.00703, 0.00547, 0.00963, 0.03509],[0.2238, 0.25945, 0.24518],[13, 6, 14],36,3
2.5,19,[0.00424, 0.00089, 0.02812, 0.02308, 0.07089, 0.01253, 0.0943, 0.02812, 0.09693, 0.00962, 0.00825, 0.01146, 0.01235, 0.00062, 0.03039, 0.00689, 0.05288, 0.02698, 0.01306, 0.0668, 0.00045, 0.00369, 0.00928, 0.00337, 0.00765, 0.03119, 0.06624],[0.3534, 0.22681, 0.21892],[12, 8, 7],27,3
2.5,20,[0.01008, 0.01785, 0.02045, 0.05658, 0.02714, 0.00749, 0.02242, 0.07555, 0.02507, 0.06248, 0.02721, 0.0077, 0.00161, 0.01779, 0.07491, 0.01216, 0.06187, 0.04952, 0.02309, 0.04834, 0.006, 0.01247, 0.01774, 0.04571, 0.06333, 0.02167, 0.06356, 0.01909, 0.00586, 0.05135, 0.00611, 0.09711, 0.03942, 0.04023, 0.07507, 0.01425, 0.00368],[0.2309, 0.20572],[8, 10],37,2
2.5,21,[0.00666, 0.00112, 0.02126, 0.00441, 0.05289, 0.08896, 0.0022, 0.0316, 0.01409, 0.00576, 0.00543, 0.07268, 0.01507, 0.01472, 0.02309, 0.00676, 0.00327, 0.04833, 0.00518, 0.02302, 0.05552, 0.03342, 0.00281, 0.03603, 0.02045, 0.06197, 0.06089, 0.07029, 0.0708, 0.0377, 0.00695, 0.03081, 0.07075, 0.0651, 0.0017, 0.01672, 0.04024, 0.02246, 0.00123, 0.01308, 0.00545, 0.01409, 0.0367, 0.03011, 0.0018, 0.05953],[0.30119, 0.24985, 0.26737, 0.2143, 0.20616],[10, 4, 7, 10, 6],46,5
2.5,22,[0.00069, 0.00426, 0.06452, 0.01694, 0.05741, 0.02219, 0.04757, 0.03493, 0.03205, 0.07279],[],[],10,0
2.5,23,[0.07949, 0.04567, 0.00863, 0.00297, 0.04131, 0.02083, 0.01463, 0.00547, 0.00963, 0.03509, 0.01173, 0.02031, 0.00585, 0.0003, 0.05465, 0.03247, 0.07131, 0.02363, 0.0071, 0.04462, 0.07177, 0.00281, 0.01235, 0.00062, 0.03039, 0.00689, 0.05288, 0.02698, 0.01306, 0.0668, 0.00045, 0.00369, 0.00928, 0.00337, 0.00765, 0.03119],[0.24222, 0.23904, 0.339, 0.22681],[7, 5, 10, 8],36,4
2.5,24,[0.05771, 0.03342, 0.00139, 0.0759, 0.0133, 0.04785, 0.04973, 0.00378, 0.02309, 0.00676, 0.00327, 0.04833, 0.00518, 0.02302, 0.05552, 0.00543, 0.01507, 0.01472, 0.05604, 0.00611, 0.06248, 0.00405, 0.08734, 0.02317, 0.00242, 0.02402, 0.04231, 0.02686, 0.08274, 0.03394, 0.0161, 0.00331, 0.00647, 0.01527, 0.01081, 0.08158, 0.09859, 0.08064, 0.00243, 0.02003, 0.01644, 0.0382, 0.00299, 0.0211],[0.25437, 0.28863, 0.24985, 0.29041, 0.21577, 0.21874],[1, 7, 7, 5, 5, 7],44,6
2.5,25,[0.02094, 0.0079, 0.00213, 0.03871, 0.01233, 0.01012, 0.0623, 0.00223, 0.00707, 0.02859, 0.06248, 0.00405, 0.08734, 0.02317, 0.00543, 0.07268, 0.01507, 0.01472, 0.02309, 0.00676, 0.00327, 0.04833, 0.00518, 0.02302, 0.05552, 0.0505, 0.00785, 0.04672, 0.03342],[0.21312, 0.29041, 0.24985, 0.26737],[10, 4, 4, 10],29,4
2.5,26,[0.00658, 0.08778, 0.03502, 0.0966, 0.01491, 0.0136, 0.02144, 0.0404, 0.046, 0.01084, 0.0044, 0.04592, 0.00281, 0.03603, 0.0776, 0.02045, 0.06197, 0.06089, 0.07029, 0.0708, 0.0377, 0.03081, 0.0017, 0.01672, 0.04024, 0.00225, 0.00519, 0.00276, 0.01628, 0.01311],[0.21143, 0.32164, 0.2143],[5, 7, 9],30,3
2.5,27,[0.00456, 0.02955, 0.00416, 0.05793, 0.02548, 0.0015, 0.00156, 0.01912, 0.07439, 0.00237, 0.04874, 0.06596, 0.01851, 0.02309, 0.04834, 0.006, 0.01247, 0.01774, 0.04571, 0.06333, 0.02167, 0.06356, 0.01909, 0.00586, 0.05135, 0.00611, 0.09711, 0.03942, 0.04023, 0.07507, 0.01425, 0.00368, 0.00265, 0.0109, 0.02902, 0.0314],[0.20203, 0.24199],[13, 19],36,2
2.5,28,[0.0103, 0.02453, 0.00303, 0.00162, 0.02284, 0.00314, 0.0038, 0.041, 0.03826, 0.01257, 0.00202, 0.02246, 0.00123, 0.01308, 0.00545, 0.01409, 0.0367, 0.03011, 0.0018, 0.05953, 0.03612, 0.00265, 0.0109, 0.02902, 0.0314, 0.07268, 0.00128, 0.00259, 0.0759, 0.0776, 0.05193, 0.02232, 0.00228, 0.0399, 0.09117, 0.02561, 0.01238, 0.00625, 0.05336, 0.08428, 0.02309, 0.00676, 0.00327, 0.04833, 0.00518, 0.02302, 0.05552, 0.00647, 0.01527, 0.01081, 0.08158, 0.02402, 0.04231, 0.06248, 0.00405],[0.21357, 0.20324, 0.20242, 0.22822, 0.21629, 0.21874, 0.21577],[4, 7, 10, 19, 7, 4, 2],55,7
2.5,29,[0.00652, 0.00395, 0.00091, 0.02686, 0.05279, 0.00685, 0.07685, 0.00067, 0.07075, 0.05715, 0.00201, 0.03539, 0.03816, 0.01616, 0.02248, 0.0404, 0.027, 0.01292, 0.01322, 0.08589, 0.07218, 0.07241, 0.02445, 0.01069, 0.02532, 0.00779, 0.05461, 0.0431, 0.0049, 0.01658, 0.00593, 0.03342, 0.00139, 0.0759, 0.0133, 0.04785, 0.04973, 0.00378, 0.02309, 0.00676, 0.00327, 0.04833, 0.00518, 0.02302, 0.05552, 0.00543, 0.01507, 0.01472, 0.05604, 0.00611, 0.06248, 0.00405, 0.08734, 0.02317, 0.00242],[0.24947, 0.20173, 0.33856, 0.28863, 0.24985, 0.29041],[7, 7, 17, 7, 7, 5],55,6
2.5,30,[0.03228, 0.00586, 0.00213, 0.00645, 0.05953, 0.00222, 0.07122, 0.09883, 0.03709, 0.07254, 0.0407, 0.00137, 0.03706, 0.02282, 0.06353, 0.05629, 0.00259, 0.05041, 0.00557, 0.00288, 0.00045, 0.00369, 0.00928, 0.00337, 0.00765, 0.03119, 0.06624, 0.01235, 0.00062, 0.03039, 0.00689, 0.05288, 0.02698, 0.01306, 0.0668, 0.00125, 0.03557, 0.05851, 0.00969, 0.05106, 0.00963],[0.24342, 0.29774, 0.21892, 0.22681, 0.26485, 0.23447],[11, 2, 7, 7, 8, 5],41,6
2.5,31,[0.01035, 0.02071, 0.01612, 0.06263, 0.07276, 0.00173, 0.05554, 0.08878, 0.01276, 0.00221, 0.02282, 0.06353, 0.05629, 0.00259, 0.05041, 0.00557, 0.00288, 0.05951, 0.00137, 0.03706, 0.0005, 0.01759, 0.00641, 0.08778, 0.01692, 0.00214, 0.00188, 0.02004, 0.0131, 0.0226, 0.04648, 0.05008, 0.01761, 0.03595, 0.00268, 0.0028, 0.00291, 0.04447, 0.04451, 0.00703, 0.00125, 0.03557, 0.05851, 0.00969, 0.05106, 0.03543],[0.21883, 0.29774, 0.20431, 0.23207, 0.26192],[10, 8, 2, 6, 14],46,5
2.5,32,[0.00521, 0.01868, 0.02309, 0.00676, 0.00327, 0.04833, 0.00518, 0.02302, 0.05552, 0.00265, 0.0109, 0.02902, 0.0314, 0.07268, 0.00128, 0.00259, 0.0759, 0.0776, 0.05193, 0.02232, 0.00228, 0.0399, 0.09117, 0.02561, 0.01238, 0.00625, 0.05336, 0.08428, 0.02246, 0.00123, 0.01308, 0.00545, 0.01409, 0.0367, 0.03011, 0.0018, 0.05953, 0.03612, 0.02284, 0.00314, 0.0038, 0.041, 0.03826, 0.01257, 0.00202, 0.00045, 0.00369, 0.00928, 0.00337, 0.00765],[0.2118, 0.22822, 0.20242, 0.20324, 0.25986],[2, 7, 19, 10, 7],50,5
2.5,33,[0.04065, 0.08371, 0.00606, 0.04893, 0.00461, 0.0588, 0.06091, 0.05127, 0.00284, 0.04851, 0.05714, 0.01205],[0.20444],[10],12,1
2.5,34,[0.00174, 0.01284, 0.02562, 0.04223, 0.03334, 0.00124, 0.0478, 0.01489, 0.00344, 0.00188, 0.02004, 0.0131, 0.0226, 0.04648, 0.05008, 0.01761, 0.03595, 0.00268, 0.0028, 0.00291, 0.04447, 0.04451, 0.00703, 0.00547, 0.00963, 0.03509, 0.01173, 0.02031, 0.00585, 0.0003, 0.05465, 0.03247, 0.07131, 0.02363, 0.0071, 0.04462, 0.07177, 0.00281, 0.01235, 0.00062, 0.03039, 0.00689, 0.05288, 0.02698, 0.01306, 0.0668],[0.25903, 0.25945, 0.24518, 0.23904, 0.339, 0.22681],[3, 6, 14, 5, 10, 8],46,6
2.5,35,[0.00679, 0.01819, 0.00212, 0.05251, 0.02138, 0.0224, 0.02282, 0.06353, 0.05629, 0.00259, 0.05041, 0.00557, 0.00288, 0.00045, 0.00369, 0.00928, 0.00337, 0.00765, 0.03119, 0.06624, 0.01235, 0.00062, 0.03039, 0.00689, 0.05288, 0.02698, 0.01306, 0.0668, 0.00125, 0.03557, 0.05851, 0.00969, 0.05106, 0.00963, 0.03875, 0.00864, 0.02621, 0.00181, 0.02046, 0.02743, 0.02484, 0.01932, 0.00215, 0.00265, 0.0109, 0.02902, 0.0314, 0.07268, 0.00128, 0.00259, 0.0759, 0.0776, 0.05193, 0.02232, 0.00228, 0.0399, 0.09117, 0.02561, 0.01238, 0.00625, 0.05336, 0.08428],[0.2461, 0.21892, 0.22681, 0.26485, 0.23447, 0.20735, 0.22822],[6, 7, 7, 8, 5, 10, 19],62,7
2.5,36,[0.02769, 0.00431, 0.00208, 0.00915, 0.0046, 0.03182, 0.00176, 0.05047, 0.01805, 0.00204, 0.05619, 0.08671, 0.0198, 0.00585, 0.0003, 0.05465, 0.03247, 0.07131, 0.02363, 0.0071, 0.04462, 0.07177, 0.00281, 0.00547, 0.00963, 0.03509, 0.01173, 0.02031, 0.01235, 0.00062, 0.03039, 0.00689, 0.05288, 0.02698, 0.01306, 0.0668, 0.00045, 0.00369, 0.00928, 0.00337, 0.00765, 0.03119, 0.06624, 0.05282, 0.08606, 0.0031, 0.02493, 0.06868, 0.00315, 0.02246, 0.02284, 0.00314, 0.0038, 0.041, 0.03826, 0.01257, 0.00202, 0.03535, 0.04032],[0.21868, 0.23904, 0.3225, 0.22681, 0.25986],[13, 10, 5, 8, 14],59,5
2.5,37,[0.02923, 0.00493, 0.01235, 0.00062, 0.03039, 0.00689, 0.05288, 0.02698, 0.01306, 0.0668, 0.00045, 0.00369, 0.00928, 0.00337, 0.00765, 0.03119, 0.06624, 0.02282, 0.06353, 0.05629, 0.00259, 0.05041, 0.00557, 0.00288, 0.00137, 0.03706, 0.0005, 0.01759, 0.00641, 0.08778, 0.01692, 0.00214, 0.00188, 0.02004, 0.0131, 0.0226, 0.04648, 0.05008, 0.01761, 0.03595, 0.00268, 0.0028, 0.00291, 0.04447, 0.04451, 0.00703],[0.29115, 0.22681, 0.21892, 0.29774, 0.20431, 0.23207, 0.24518],[2, 8, 7, 7, 2, 6, 14],46,7
2.5,38,[0.03543, 0.01065, 0.06839, 0.03782, 0.04047, 0.01605, 0.03863, 0.06506, 0.01524, 0.02134, 0.01383, 0.02861, 0.00585, 0.0003, 0.05465, 0.03247, 0.07131, 0.02363, 0.0071, 0.04462, 0.07177, 0.00281],[0.27961, 0.23904],[12, 10],22,2
2.5,39,[0.00055, 0.05019, 0.01936, 0.05404, 0.00672, 0.04002, 0.02282, 0.06353, 0.05629, 0.00259, 0.05041, 0.00557, 0.00288, 0.00045, 0.00369, 0.00928, 0.00337, 0.00765, 0.03119, 0.06624, 0.01235, 0.00062, 0.03039, 0.00689, 0.05288, 0.02698, 0.01306, 0.0668, 0.00125, 0.03557, 0.05851, 0.00969, 0.05106, 0.00963, 0.03875, 0.00864, 0.02621, 0.00181, 0.02046, 0.02743, 0.02484, 0.01932, 0.00215, 0.00265, 0.0109, 0.02902, 0.0314, 0.07268, 0.00128, 0.00259, 0.0759, 0.0776, 0.05193, 0.02232, 0.00228, 0.0399, 0.09117, 0.02561, 0.01238, 0.00625, 0.05336, 0.08428, 0.02309, 0.00676, 0.00327, 0.04833, 0.00518],[0.20384, 0.21892, 0.22681, 0.26485, 0.23447, 0.20735, 0.22822],[6, 7, 7, 8, 5, 10, 19],67,7
2.5,40,[0.01192, 0.00251, 0.00965, 0.02596, 0.00331, 0.04669, 0.02024, 0.04372, 0.02361, 0.00654, 0.00229, 0.00239, 0.04145, 0.02284, 0.00314, 0.0038, 0.041, 0.03826, 0.01257, 0.00202, 0.02246, 0.00123, 0.01308, 0.00545, 0.01409, 0.0367, 0.03011, 0.0018, 0.05953, 0.03612, 0.00265, 0.0109, 0.02902, 0.0314, 0.07268, 0.00128, 0.00259, 0.0759],[0.25897, 0.20324, 0.20242],[13, 7, 10],38,3
2.5,41,[0.01189, 0.04359, 0.00211, 0.00267, 0.03342, 0.00281, 0.03603, 0.0776, 0.02045, 0.06197, 0.06089, 0.07029, 0.0708, 0.0377, 0.03081, 0.07075, 0.0651, 0.0017, 0.01672, 0.04024, 0.02246, 0.00123, 0.01308, 0.00545, 0.01409, 0.0367, 0.03011, 0.0018, 0.05953, 0.03612, 0.02284, 0.00314, 0.0038, 0.041, 0.03826],[0.26984, 0.2143, 0.20616, 0.20324],[4, 10, 6, 10],35,4
2.5,42,[0.00478, 0.00954, 0.00899, 0.09252, 0.03342, 0.00139, 0.0759, 0.0133, 0.04785, 0.04973, 0.00378, 0.02284, 0.00314, 0.0038, 0.041, 0.03826, 0.01257, 0.00202, 0.02246, 0.00123, 0.01308, 0.00545, 0.01409, 0.0367, 0.03011, 0.0018, 0.05953, 0.03612, 0.03081, 0.07075, 0.0651, 0.0017, 0.01672, 0.04024, 0.00543, 0.01507, 0.01472, 0.05604, 0.00611, 0.06248, 0.00405, 0.08734, 0.02317, 0.00242, 0.02402, 0.04231, 0.02686, 0.08274],[0.20096, 0.31583, 0.20324, 0.20616, 0.29063, 0.29041, 0.21577],[4, 7, 7, 10, 6, 5, 5],48,7
2.5,43,[0.03583, 0.03327, 0.08398, 0.03532, 0.06248, 0.00405, 0.08734, 0.02317, 0.00543, 0.07268, 0.01507, 0.01472, 0.00676, 0.00327, 0.04833, 0.00518, 0.02302, 0.05552, 0.0505, 0.00785, 0.04672, 0.03342, 0.00281, 0.03603, 0.02045, 0.06197, 0.06089, 0.07029, 0.0708, 0.0377, 0.00695, 0.03081, 0.07075, 0.0651, 0.0017, 0.01672, 0.04024, 0.02246, 0.00123, 0.01308, 0.00545, 0.01409, 0.0367, 0.03011, 0.0018, 0.05953, 0.03612, 0.02284, 0.00314],[0.23675, 0.29041, 0.24985, 0.26737, 0.2143, 0.20616, 0.20324],[4, 4, 4, 9, 10, 6, 10],49,7
2.5,44,[0.00896, 0.00078, 0.00211, 0.01338, 0.00484, 0.00177, 0.06075, 0.02994, 0.00945, 0.07815, 0.00507, 0.04118, 0.05416, 0.03897, 0.02507, 0.06248, 0.02721, 0.0077, 0.00161, 0.01779, 0.07491, 0.01216, 0.06187, 0.04952, 0.02309, 0.04834, 0.006, 0.01247, 0.01774, 0.04571, 0.06333, 0.02167, 0.06356, 0.01909],[0.25127, 0.20572],[14, 10],34,2
2.5,45,[0.00185, 0.00343, 0.01537, 0.01145, 0.00474, 0.01329, 0.00943, 0.05104, 0.00311, 0.00137, 0.03706, 0.02282, 0.06353, 0.05629, 0.00259, 0.05041, 0.00557, 0.00288, 0.00045, 0.00369, 0.00928, 0.00337, 0.00765, 0.03119, 0.06624, 0.01235, 0.00062, 0.03039, 0.00689, 0.05288, 0.02698, 0.01306, 0.0668, 0.00125, 0.03557, 0.05851, 0.00969, 0.05106, 0.00963, 0.03875, 0.00864, 0.02621, 0.00181, 0.02046, 0.02743, 0.02484, 0.01932, 0.00215, 0.00265, 0.0109, 0.02902, 0.0314, 0.07268, 0.00128, 0.00259, 0.0759, 0.0776, 0.05193, 0.02232, 0.00228, 0.0399, 0.09117, 0.02561, 0.01238, 0.00625],[0.21975, 0.29774, 0.21892, 0.22681, 0.26485, 0.23447, 0.20735],[9, 2, 7, 7, 8, 5, 10],65,7
2.5,46,[0.00225, 0.00912, 0.00096, 0.07645, 0.05536, 0.00149, 0.01443, 0.00553, 0.05137, 0.02309, 0.00676, 0.00327, 0.04833, 0.00518, 0.02302, 0.05552, 0.00265, 0.0109, 0.02902, 0.0314, 0.07268, 0.00128, 0.00259, 0.0759, 0.0776, 0.05193, 0.02232, 0.00228, 0.0399, 0.09117, 0.02561, 0.01238, 0.00625, 0.05336, 0.08428, 0.02246, 0.00123, 0.01308, 0.00545, 0.01409, 0.0367, 0.03011, 0.0018, 0.05953, 0.03612, 0.02284, 0.00314, 0.0038, 0.041, 0.03826, 0.01257, 0.00202],[0.25457, 0.22822, 0.20242, 0.20324, 0.25986],[9, 7, 19, 10, 7],52,5
2.5,47,[0.00246, 0.02796, 0.02284, 0.00528, 0.0037, 0.02246, 0.00123, 0.01308, 0.00545, 0.01409, 0.0367, 0.03011, 0.0018, 0.05953, 0.03612, 0.00265, 0.0109, 0.02902, 0.0314, 0.07268, 0.00128, 0.00259, 0.0759, 0.0776, 0.05193, 0.02232, 0.00228, 0.0399, 0.09117, 0.02561, 0.01238, 0.00625, 0.05336, 0.08428, 0.02309, 0.00676, 0.00327, 0.04833, 0.00518, 0.02302, 0.05552, 0.00647, 0.01527, 0.01081, 0.08158, 0.02402, 0.04231, 0.06248, 0.00405],[0.20449, 0.20242, 0.22822, 0.21629, 0.21874, 0.21577],[5, 10, 19, 7, 4, 2],49,6
2.5,48,[0.02302, 0.07951, 0.02943, 0.0097, 0.03892, 0.00405, 0.01679, 0.0421, 0.03752, 0.036, 0.08059, 0.04154, 0.02282, 0.06353, 0.05629, 0.00259, 0.05041, 0.00557, 0.00288, 0.00045, 0.00369, 0.00928, 0.00337, 0.00765, 0.03119, 0.06624, 0.01235, 0.00062, 0.03039, 0.00689, 0.05288],[0.22637, 0.21892, 0.22681],[12, 7, 7],31,3
2.5,49,[0.03972, 0.00681, 0.02918, 0.09149, 0.03344, 0.00211, 0.09333, 0.00265, 0.0109, 0.02902, 0.0314, 0.07268, 0.00128, 0.00259, 0.0759, 0.0776, 0.05193, 0.02232, 0.00228, 0.0399, 0.09117, 0.02561, 0.01238, 0.00625, 0.05336, 0.08428, 0.02309, 0.00676, 0.00327, 0.04833, 0.00518, 0.02302, 0.05552, 0.00647, 0.01527, 0.01081, 0.08158, 0.02402, 0.04231, 0.06248, 0.00405, 0.08734, 0.02317, 0.00242, 0.09342, 0.0078],[0.20897, 0.22822, 0.21629, 0.21874, 0.21577],[7, 19, 7, 4, 2],46,5
2.5,50,[0.02742, 0.00709, 0.00106, 0.06838, 0.01262, 0.0423, 0.03696, 0.09299, 0.02284, 0.00314, 0.0038, 0.041, 0.03826, 0.01257, 0.00202, 0.02246, 0.00123, 0.01308, 0.00545, 0.01409, 0.0367, 0.03011, 0.0018, 0.05953, 0.03612, 0.00265, 0.0109, 0.02902, 0.0314, 0.07268, 0.00128, 0.00259, 0.0759, 0.05193, 0.02232, 0.00228, 0.0399, 0.02561, 0.01238, 0.00625, 0.05336, 0.08428, 0.02309, 0.00676, 0.00327, 0.04833, 0.00518, 0.02302],[0.22605, 0.20324, 0.20242, 0.22822],[8, 7, 10, 17],48,4
2.5,51,[0.00042, 0.04558, 0.00247, 0.05078, 0.03369, 0.01059, 0.01077, 0.00209, 0.03573, 0.02033, 0.02282, 0.06353, 0.05629, 0.00259, 0.05041, 0.00557, 0.00288, 0.00045, 0.00369, 0.00928, 0.00337, 0.00765, 0.03119, 0.06624, 0.01235, 0.00062, 0.03039, 0.00689, 0.05288, 0.02698, 0.01306, 0.0668, 0.00125, 0.03557, 0.05851, 0.00969, 0.05106, 0.00963, 0.03875, 0.00864],[0.25591, 0.21892, 0.22681, 0.26485, 0.23447],[10, 7, 7, 8, 5],40,5
2.5,52,[0.01839, 0.01661, 0.06589, 0.00217, 0.03135, 0.00249, 0.00786, 0.02284, 0.00314, 0.0038, 0.041, 0.03826, 0.01257, 0.00202, 0.02246, 0.00123, 0.01308, 0.00545, 0.01409, 0.0367, 0.03011, 0.0018, 0.05953, 0.03612, 0.00265, 0.0109, 0.02902, 0.0314, 0.07268, 0.00128, 0.00259, 0.0759, 0.0776, 0.05193, 0.02232, 0.00228, 0.0399, 0.09117, 0.02561, 0.01238, 0.00625, 0.05336, 0.08428, 0.02309, 0.00676, 0.00327, 0.04833, 0.00518, 0.02302, 0.05552, 0.00647, 0.01527, 0.01081, 0.08158, 0.02402, 0.04231, 0.06248, 0.00405],[0.2312, 0.20324, 0.20242, 0.22822, 0.21629, 0.21874, 0.21577],[7, 7, 10, 19, 7, 4, 2],58,7
2.5,53,[0.04322, 0.0177, 0.02627, 0.00162, 0.02309, 0.00676, 0.00327, 0.04833, 0.00518, 0.02302, 0.05552, 0.00265, 0.0109, 0.02902, 0.0314, 0.00128, 0.00259, 0.0759, 0.0776, 0.05193, 0.02232, 0.00228, 0.0399, 0.09117, 0.02561, 0.01238, 0.00625, 0.05336, 0.08428, 0.02246, 0.00123],[0.2757, 0.22822, 0.20242],[4, 7, 18],31,3
2.5,54,[0.00095, 0.0353, 0.03316, 0.03487, 0.015, 0.03029, 0.01235, 0.00062, 0.03039, 0.00689, 0.05288, 0.02698, 0.01306, 0.0668, 0.00125, 0.03557, 0.05851, 0.00969, 0.05106, 0.00963, 0.03875, 0.00864, 0.02621, 0.00181, 0.02046, 0.02743, 0.02484, 0.01932, 0.00215, 0.00265, 0.0109, 0.02902, 0.0314, 0.07268, 0.00128, 0.00259, 0.0759, 0.0776, 0.05193, 0.02232, 0.00228, 0.0399, 0.09117, 0.02561, 0.01238],[0.20037, 0.26485, 0.23447, 0.20735],[6, 8, 5, 10],45,4
2.5,55,[0.01747, 0.05554, 0.01167, 0.00275, 0.04457, 0.00206, 0.04722, 0.00653, 0.00227, 0.01361, 0.04571, 0.00547, 0.00963, 0.03509, 0.01173, 0.02031, 0.00585, 0.0003, 0.05465, 0.03247, 0.07131, 0.02363, 0.0071, 0.04462, 0.07177, 0.00281, 0.01235, 0.00062, 0.03039, 0.00689, 0.05288, 0.02698, 0.01306, 0.0668, 0.00045, 0.00369, 0.00928, 0.00337, 0.00765, 0.03119, 0.06624, 0.05282, 0.08606, 0.0031, 0.02493, 0.06868, 0.00315, 0.02246, 0.02284, 0.00314, 0.0038, 0.041, 0.03826, 0.01257, 0.00202, 0.03535, 0.04032],[0.20832, 0.23904, 0.339, 0.22681, 0.25986],[11, 5, 10, 8, 14],57,5
2.5,56,[0.00256, 0.02577, 0.01082, 0.01299, 0.00188, 0.01173, 0.02285, 0.01276, 0.06089, 0.08482, 0.02294, 0.04096, 0.01765, 0.03966],[],[],14,0
2.5,57,[0.0049, 0.06181, 0.00101, 0.0641, 0.01868, 0.00416, 0.0815, 0.0032, 0.05071, 0.02253, 0.00067, 0.07075, 0.05715, 0.00201, 0.03539, 0.03816, 0.01616, 0.02248, 0.0404, 0.027, 0.01292, 0.01322, 0.08589, 0.07218, 0.07241, 0.02445, 0.01069, 0.02532, 0.00779, 0.05461, 0.0431, 0.0049, 0.01658, 0.00593, 0.00281],[0.23032, 0.20173, 0.36168],[10, 7, 17],35,3
2.5,58,[0.0969, 0.00227, 0.02249, 0.00543, 0.07268, 0.01507, 0.01472, 0.02309, 0.00676, 0.00327, 0.04833, 0.00518, 0.02302, 0.05552, 0.03342, 0.00281, 0.03603, 0.02045, 0.06197, 0.06089, 0.07029, 0.0708, 0.0377, 0.00695, 0.02284, 0.00314, 0.0038, 0.041, 0.03826, 0.01257, 0.00202, 0.02246, 0.00123, 0.01308, 0.00545, 0.01409, 0.0367, 0.03011, 0.0018, 0.05953, 0.03612, 0.01235, 0.00062, 0.03039, 0.00689, 0.05288, 0.02698, 0.01306, 0.0668, 0.00045],[0.24018, 0.24985, 0.26737, 0.28529, 0.20324, 0.3128, 0.22681],[3, 4, 7, 10, 7, 10, 8],50,7
2.5,59,[0.00513, 0.07217, 0.02906, 0.03911, 0.00611, 0.04223, 0.03334, 0.00124, 0.0478, 0.01489, 0.00344, 0.00188, 0.02004, 0.0131, 0.0226, 0.04648, 0.05008, 0.01761, 0.03595, 0.00268, 0.0028, 0.00291, 0.04447, 0.04451, 0.00703, 0.00547, 0.00963, 0.03509, 0.01173, 0.02031, 0.00585, 0.0003, 0.05465, 0.03247, 0.07131, 0.02363, 0.0071, 0.04462, 0.07177, 0.00281, 0.01235, 0.00062, 0.03039, 0.00689, 0.05288, 0.02698, 0.01306],[0.22326, 0.25945, 0.24518, 0.23904, 0.339],[5, 6, 14, 5, 10],47,5
2.5,60,[0.00216, 0.02748, 0.0172, 0.06829, 0.0076, 0.02557, 0.09311, 0.00543, 0.07268, 0.01507, 0.01472, 0.02309, 0.00676, 0.00327, 0.04833, 0.00518, 0.02302, 0.05552, 0.03342, 0.00281, 0.03603, 0.02045, 0.06197, 0.06089, 0.07029, 0.0708, 0.0377, 0.00695, 0.03081, 0.07075, 0.0651, 0.0017, 0.01672, 0.04024, 0.02246, 0.00123, 0.01308, 0.00545, 0.01409, 0.0367, 0.03011, 0.0018, 0.05953, 0.03612],[0.23406, 0.24985, 0.26737, 0.2143, 0.20616, 0.20324],[7, 4, 7, 10, 6, 10],44,6
2.5,61,[0.02047, 0.00083, 0.01914, 0.07852, 0.05358, 0.08746, 0.02309, 0.00676, 0.00327, 0.04833, 0.00518, 0.02302, 0.05552, 0.00265, 0.0109, 0.02902, 0.0314, 0.07268, 0.00128, 0.00259, 0.0759, 0.0776, 0.05193, 0.02232, 0.00228, 0.0399, 0.09117, 0.02561, 0.01238, 0.00625, 0.05336, 0.08428, 0.02246, 0.00123, 0.01308, 0.00545, 0.01409, 0.0367, 0.03011, 0.0018, 0.05953, 0.03612, 0.02284, 0.00314, 0.0038, 0.041, 0.03826, 0.01257, 0.00202, 0.00045, 0.00369, 0.00928],[0.2717, 0.22822, 0.20242, 0.20324, 0.25986],[6, 7, 19, 10, 7],52,5
2.5,62,[0.01832, 0.00328, 0.00903, 0.00205, 0.06248, 0.00405, 0.08734, 0.02317, 0.00543, 0.07268, 0.01507, 0.01472, 0.02309, 0.00676, 0.00327, 0.04833, 0.00518, 0.02302, 0.05552, 0.0505, 0.00785, 0.04672, 0.03342, 0.00281, 0.03603, 0.02045, 0.06197, 0.06089, 0.07029, 0.0708, 0.0377, 0.00695, 0.03081, 0.07075, 0.0651, 0.0017, 0.01672, 0.04024, 0.02246, 0.00123, 0.01308, 0.00545, 0.01409, 0.0367, 0.03011, 0.0018, 0.05953, 0.03612, 0.02284, 0.00314],[0.20324, 0.29041, 0.24985, 0.26737, 0.2143, 0.20616, 0.20324],[4, 4, 4, 10, 10, 6, 10],50,7
2.5,63,[0.02454, 0.03506, 0.00334, 0.06822, 0.0905, 0.02448, 0.0654, 0.06564, 0.01545, 0.09094, 0.08348, 0.03963, 0.03899, 0.06844, 0.07855, 0.02819],[],[],16,0
2.5,64,[0.01333, 0.04976, 0.01491, 0.04481, 0.01583, 0.06367, 0.04159, 0.00425, 0.00237, 0.00188, 0.02004, 0.0131, 0.0226, 0.04648, 0.05008, 0.01761, 0.03595, 0.00268, 0.0028, 0.00291, 0.04447, 0.04451, 0.00703, 0.00547, 0.00963, 0.03509, 0.01173, 0.02031, 0.00585, 0.0003, 0.05465, 0.03247, 0.07131, 0.02363, 0.0071, 0.04462, 0.07177, 0.00281, 0.01235, 0.00062, 0.03039, 0.00689, 0.05288, 0.02698],[0.2247, 0.24518, 0.23904, 0.339],[9, 14, 5, 10],44,4
2.5,65,[0.02493, 0.00154, 0.01965, 0.00728, 0.00726, 0.01489, 0.04303, 0.01235, 0.00062, 0.03039, 0.00689, 0.05288, 0.02698, 0.01306, 0.0668, 0.00045, 0.00369, 0.00928, 0.00337, 0.00765, 0.03119, 0.06624, 0.02282, 0.06353, 0.05629, 0.00259, 0.05041, 0.00557, 0.00288, 0.00137, 0.03706, 0.0005, 0.01759, 0.00641, 0.08778, 0.01692, 0.00214, 0.00188, 0.02004, 0.0131, 0.0226, 0.04648, 0.05008, 0.01761, 0.03595, 0.00268, 0.0028, 0.00291, 0.04447, 0.04451, 0.00703, 0.00547, 0.00963, 0.03509],[0.21426, 0.22681, 0.21892, 0.29774, 0.20431, 0.23207, 0.24518],[7, 8, 7, 7, 2, 6, 14],54,7
2.5,66,[0.01318, 0.0748, 0.00902, 0.00268, 0.00137, 0.03706, 0.02282, 0.06353, 0.05629, 0.00259, 0.05041, 0.00557, 0.00288, 0.00045, 0.00369, 0.00928, 0.00337, 0.00765, 0.03119, 0.06624, 0.01235, 0.00062, 0.03039, 0.00689, 0.05288, 0.02698, 0.01306, 0.0668, 0.00125, 0.03557, 0.05851, 0.00969, 0.05106, 0.00963, 0.03875, 0.00864, 0.02621, 0.00181, 0.02046, 0.02743, 0.02484, 0.01932, 0.00215, 0.00265, 0.0109, 0.02902, 0.0314, 0.07268, 0.00128, 0.00259, 0.0759, 0.0776, 0.05193, 0.02232, 0.00228, 0.0399, 0.09117],[0.27524, 0.29774, 0.21892, 0.22681, 0.26485, 0.23447, 0.20735],[4, 2, 7, 7, 8, 5, 10],57,7
2.5,67,[0.00074, 0.06304, 0.00118, 0.02139, 0.06512, 0.01649, 0.03241, 0.00817, 0.01842, 0.05151, 0.00233, 0.02282, 0.06353, 0.05629, 0.00259, 0.05041, 0.00557, 0.00288, 0.00045, 0.00369, 0.00928, 0.00337, 0.00765, 0.03119, 0.06624, 0.01235, 0.00062, 0.03039, 0.00689, 0.05288, 0.02698, 0.01306, 0.0668, 0.00125, 0.03557, 0.05851, 0.00969, 0.05106, 0.00963, 0.03875, 0.00864, 0.02621, 0.00181, 0.02046, 0.02743, 0.02484, 0.01932, 0.00215, 0.00265, 0.0109, 0.02902, 0.0314, 0.07268, 0.00128, 0.00259, 0.0759, 0.0776, 0.05193],[0.22753, 0.21892, 0.22681, 0.26485, 0.23447, 0.20735],[11, 7, 7, 8, 5, 10],58,6
2.5,68,[0.00046, 0.00113, 0.01468, 0.02916, 0.04034, 0.04324, 0.03996, 0.01332, 0.069, 0.00227, 0.0069, 0.06119, 0.00137, 0.03706],[0.22107],[12],14,1
2.5,69,[0.00091, 0.05057, 0.04461, 0.0784, 0.00154, 0.05186, 0.00719, 0.01101, 0.03766, 0.0289, 0.01235, 0.00062, 0.03039, 0.00689, 0.05288, 0.02698, 0.01306, 0.0668, 0.00125, 0.03557, 0.05851, 0.00969, 0.05106, 0.03543, 0.00963, 0.03875, 0.00864, 0.02621, 0.00181, 0.02046, 0.02743, 0.02484, 0.01932, 0.00215, 0.00265, 0.0109, 0.02902, 0.0314, 0.07268, 0.00128, 0.00259, 0.0759, 0.0776, 0.05193, 0.02232, 0.00228, 0.0399, 0.09117, 0.02561, 0.01238, 0.00625, 0.05336, 0.08428, 0.02309, 0.00676, 0.00327, 0.04833, 0.00518],[0.30175, 0.26485, 0.23447, 0.20735, 0.22822],[10, 8, 6, 10, 19],58,5
2.5,70,[0.00659, 0.01215, 0.00395, 0.04871, 0.03639, 0.02506, 0.0288, 0.01235, 0.00062, 0.03039, 0.00689, 0.05288, 0.02698, 0.01306, 0.0668, 0.00045, 0.00369, 0.00928, 0.00337, 0.00765, 0.03119, 0.06624, 0.02282, 0.06353, 0.05629, 0.00259, 0.05041, 0.00557, 0.00288, 0.00137, 0.03706, 0.0005, 0.01759, 0.00641, 0.08778, 0.01692, 0.00214, 0.00188, 0.02004, 0.0131, 0.0226, 0.04648, 0.05008, 0.01761, 0.03595, 0.00268, 0.0028, 0.00291, 0.04447, 0.04451, 0.00703, 0.00547, 0.00963, 0.03509, 0.01173],[0.31507, 0.22681, 0.21892, 0.29774, 0.20431, 0.23207, 0.24518],[7, 8, 7, 7, 2, 6, 14],55,7
2.5,71,[0.01462, 0.02136, 0.01934, 0.025, 0.00981, 0.00201, 0.01054, 0.00923, 0.00501, 0.00283, 0.01179, 0.00299, 0.07866, 0.06887, 0.00343, 0.0104, 0.02507, 0.06248, 0.02721, 0.0077, 0.00161, 0.01779, 0.07491, 0.01216, 0.06187, 0.04952, 0.02309, 0.04834, 0.006, 0.01247, 0.01774, 0.04571, 0.06333],[0.32478, 0.20572],[16, 10],33,2
2.5,72,[0.00137, 0.0026, 0.01817, 0.00507, 0.00158, 0.02309, 0.00676, 0.00327, 0.04833, 0.00518, 0.02302, 0.05552, 0.00265, 0.0109, 0.02902, 0.0314, 0.07268, 0.00128, 0.00259, 0.0759, 0.0776, 0.05193, 0.02232, 0.00228, 0.0399, 0.09117, 0.02561, 0.01238, 0.00625, 0.05336, 0.08428, 0.02246, 0.00123, 0.01308, 0.00545, 0.01409, 0.0367, 0.03011, 0.0018, 0.05953, 0.03612, 0.02284, 0.00314, 0.0038, 0.041, 0.03826, 0.01257, 0.00202, 0.00045, 0.00369, 0.00928, 0.00337, 0.00765],[0.22939, 0.22822, 0.20242, 0.20324, 0.25986],[5, 7, 19, 10, 7],53,5
2.5,73,[0.00133, 0.0024, 0.00503, 0.01264, 0.00151, 0.02604, 0.02406, 0.06358, 0.00137, 0.03706, 0.02282, 0.06353, 0.05629, 0.00259, 0.05041, 0.00557, 0.00288, 0.00045, 0.00369, 0.00928, 0.00337, 0.00765, 0.03119, 0.06624, 0.01235, 0.00062, 0.03039, 0.00689, 0.05288, 0.02698, 0.01306, 0.0668, 0.00125, 0.03557, 0.05851, 0.00969, 0.05106, 0.00963, 0.03875, 0.00864, 0.02621, 0.00181, 0.02046, 0.02743, 0.02484, 0.01932, 0.00215, 0.00265, 0.0109, 0.02902, 0.0314, 0.07268, 0.00128, 0.00259, 0.0759, 0.0776, 0.05193, 0.02232, 0.00228, 0.0399, 0.09117, 0.02561, 0.01238, 0.00625, 0.05336, 0.08428, 0.02309, 0.00676, 0.00327],[0.22875, 0.29774, 0.21892, 0.22681, 0.26485, 0.23447, 0.20735, 0.22822],[8, 2, 7, 7, 8, 5, 10, 19],69,8
2.5,74,[0.00522, 0.07084, 0.01163, 0.08995, 0.06662, 0.01673, 0.04993, 0.02745, 0.03045, 0.07764, 0.0102, 0.07984, 0.02507, 0.06248, 0.02721, 0.0077, 0.00161, 0.01779, 0.07491, 0.01216, 0.06187, 0.04952, 0.00543, 0.07268, 0.01507, 0.01472, 0.00067, 0.07075, 0.05715, 0.00201, 0.03539, 0.03816, 0.01616, 0.02248, 0.0404, 0.027, 0.01292, 0.01322, 0.08589, 0.07218, 0.07241, 0.02445, 0.01069],[0.209, 0.34927, 0.29113, 0.20173],[12, 10, 4, 7],43,4
2.5,75,[0.00544, 0.06892, 0.006, 0.00132, 0.0833, 0.016, 0.00543, 0.07268, 0.01507, 0.01472, 0.02309, 0.00676, 0.00327, 0.04833, 0.00518, 0.02302, 0.05552, 0.03342, 0.00281, 0.03603, 0.02045, 0.06197, 0.06089, 0.07029, 0.0708, 0.0377, 0.00695, 0.02284, 0.00314, 0.0038, 0.041, 0.03826, 0.01257, 0.00202, 0.02246, 0.00123, 0.01308, 0.00545, 0.01409, 0.0367, 0.03011, 0.0018, 0.05953, 0.03612, 0.01235, 0.00062, 0.03039, 0.00689, 0.05288, 0.02698, 0.01306, 0.0668, 0.00045],[0.22342, 0.24985, 0.26737, 0.28529, 0.20324, 0.3128, 0.22681],[6, 4, 7, 10, 7, 10, 8],53,7
2.5,76,[0.01022, 0.09894, 0.0559, 0.02831, 0.00045, 0.00369, 0.00928, 0.00337, 0.00765, 0.03119, 0.06624, 0.02282, 0.06353, 0.05629, 0.00259, 0.05041, 0.00557, 0.00288, 0.00137, 0.03706, 0.0005, 0.01759, 0.00641, 0.08778, 0.01692, 0.00214, 0.00188, 0.02004, 0.0131, 0.0226, 0.04648, 0.05008, 0.01761, 0.03595, 0.00268, 0.0028, 0.00291, 0.04447, 0.04451, 0.00703, 0.00547, 0.00963, 0.03509, 0.01173, 0.02031, 0.03928, 0.05146, 0.01907, 0.08419, 0.09329, 0.04086, 0.0949],[0.22497, 0.21892, 0.29774, 0.20431, 0.23207, 0.24518],[4, 7, 7, 2, 6, 14],52,6
2.5,77,[0.03111, 0.00152, 0.09777, 0.09998, 0.095, 0.01235, 0.00433, 0.01084, 0.02248, 0.0404, 0.027, 0.01292, 0.01322, 0.08589, 0.07218, 0.07241, 0.02445, 0.01069, 0.02532, 0.00779, 0.00281, 0.03603, 0.0776, 0.02045, 0.06197, 0.06089, 0.07029, 0.0708, 0.0377, 0.02309, 0.00676, 0.00327, 0.04833, 0.00518, 0.02302, 0.05552, 0.00543, 0.01507, 0.01472, 0.05604, 0.00611, 0.05008, 0.04262],[0.23869, 0.36168, 0.26737, 0.24985],[8, 12, 9, 7],43,4
2.5,78,[0.00241, 0.00204, 0.03004, 0.033, 0.09319, 0.00547, 0.00963, 0.03509, 0.01173, 0.02031, 0.00585, 0.0003, 0.05465, 0.03247, 0.07131, 0.02363, 0.0071, 0.04462, 0.07177, 0.00281, 0.01235, 0.00062, 0.03039, 0.00689, 0.05288, 0.02698, 0.01306, 0.0668, 0.00045, 0.00369, 0.00928, 0.00337, 0.00765, 0.03119, 0.06624, 0.05282, 0.08606, 0.0031, 0.02493, 0.06868, 0.00315, 0.02246, 0.02284, 0.00314, 0.0038, 0.041, 0.03826, 0.01257, 0.00202, 0.03535, 0.04032],[0.22518, 0.23904, 0.339, 0.22681, 0.25986],[5, 5, 10, 8, 14],51,5
2.5,79,[0.00086, 0.08053, 0.00646, 0.03097, 0.00137, 0.03706, 0.0005, 0.01759, 0.00641, 0.08778, 0.01692, 0.00214, 0.00188, 0.02004, 0.0131, 0.0226, 0.04648, 0.05008, 0.01761, 0.03595, 0.00268, 0.0028, 0.00291, 0.04447, 0.04451, 0.00703, 0.00547, 0.00963, 0.03509, 0.01173, 0.02031, 0.00585, 0.0003, 0.05465, 0.03247, 0.07131, 0.02363, 0.0071, 0.04462, 0.07177, 0.00281, 0.01235, 0.00062, 0.03039, 0.00689, 0.05288, 0.02698, 0.01306, 0.0668, 0.00045, 0.00369, 0.00928, 0.00337, 0.00765, 0.03119, 0.06624, 0.05282],[0.37757, 0.20431, 0.23207, 0.24518, 0.23904, 0.339, 0.22681],[4, 2, 6, 14, 5, 10, 8],57,7
2.5,80,[0.01442, 0.0373, 0.03406, 0.00343, 0.03301, 0.01688, 0.03323, 0.01279, 0.00139, 0.00454, 0.04009, 0.00658, 0.08158, 0.00265, 0.0109, 0.02902, 0.0314, 0.07268, 0.00128, 0.00259, 0.0759, 0.0776, 0.05193, 0.02232, 0.00228, 0.0399, 0.09117, 0.02561, 0.01238, 0.00625, 0.05336, 0.08428, 0.02246, 0.00123, 0.01308, 0.00545, 0.01409, 0.0367, 0.03011, 0.0018, 0.05953, 0.03612, 0.02284, 0.00314, 0.0038, 0.041, 0.03826, 0.01257, 0.00202, 0.00045, 0.00369, 0.00928, 0.00337, 0.00765],[0.20055, 0.2105, 0.20242, 0.20324, 0.25986],[6, 7, 19, 10, 7],54,5
2.5,81,[0.00117, 0.0074, 0.05378, 0.00267, 0.02578, 0.09739, 0.08635, 0.03342, 0.00281, 0.03603, 0.0776, 0.02045, 0.06197, 0.06089, 0.07029, 0.0708, 0.0377, 0.03081, 0.07075, 0.0651, 0.0017, 0.01672, 0.04024, 0.02246, 0.00123, 0.01308, 0.00545, 0.01409, 0.0367, 0.03011, 0.0018, 0.05953, 0.03612, 0.02284, 0.00314, 0.0038, 0.041, 0.03826],[0.26135, 0.2143, 0.20616, 0.20324],[7, 10, 6, 10],38,4
2.5,82,[0.00283, 0.00165, 0.00335, 0.00067, 0.07075, 0.05715, 0.00201, 0.03539, 0.03816, 0.01616, 0.02248, 0.0404, 0.027, 0.01292, 0.01322, 0.08589, 0.07218, 0.07241, 0.02445, 0.01069, 0.02532, 0.00779, 0.05461, 0.0431, 0.0049, 0.01658, 0.00593, 0.03342, 0.00139, 0.0759, 0.0133, 0.04785, 0.04973, 0.00378, 0.02309, 0.00676, 0.00327, 0.04833, 0.00518, 0.02302, 0.05552, 0.00543, 0.01507, 0.01472, 0.05604, 0.00611, 0.06248, 0.00405, 0.08734, 0.02317, 0.00242],[0.21256, 0.20173, 0.33856, 0.28863, 0.24985, 0.29041],[3, 7, 17, 7, 7, 5],51,6
2.5,83,[0.00477, 0.00057, 0.08891, 0.01501, 0.02448, 0.06436, 0.05438, 0.00212, 0.01282, 0.08651, 0.00547, 0.00963, 0.03509, 0.01173, 0.02031, 0.00585, 0.0003, 0.05465, 0.03247, 0.07131, 0.02363, 0.0071, 0.04462, 0.07177, 0.00281, 0.01235, 0.00062, 0.03039, 0.00689, 0.05288, 0.02698, 0.01306, 0.0668, 0.00045, 0.00369, 0.00928, 0.00337, 0.00765, 0.03119, 0.06624, 0.05282, 0.08606, 0.0031, 0.02493, 0.06868, 0.00315, 0.02246, 0.02282, 0.06353, 0.05629, 0.00259],[0.22527, 0.23904, 0.339, 0.22681, 0.21892],[10, 5, 10, 8, 14],51,5
2.5,84,[0.00167, 0.01901, 0.06822, 0.00322, 0.0061, 0.04345, 0.01235, 0.00062, 0.03039, 0.00689, 0.05288, 0.02698, 0.01306, 0.0668, 0.00125, 0.03557, 0.05851, 0.00969, 0.05106, 0.00963, 0.03875, 0.00864, 0.02621, 0.00181, 0.02046, 0.02743, 0.02484, 0.01932, 0.00215, 0.00265, 0.0109, 0.02902, 0.0314, 0.07268, 0.00128, 0.00259, 0.0759, 0.0776, 0.05193, 0.02232, 0.00228, 0.0399, 0.09117, 0.02561, 0.01238, 0.00625, 0.05336, 0.08428, 0.02309, 0.00676, 0.00327, 0.04833, 0.00518, 0.02302, 0.05552],[0.20734, 0.26485, 0.23447, 0.20735, 0.22822, 0.21629],[6, 8, 5, 10, 19, 7],55,6
2.5,85,[0.00298, 0.03318, 0.03086, 0.08058, 0.08123, 0.03323, 0.01279, 0.00139, 0.00454, 0.04009, 0.00658, 0.08158, 0.00265, 0.0109, 0.02902, 0.0314, 0.07268, 0.00128, 0.00259, 0.0759, 0.0776, 0.05193, 0.02232, 0.00228, 0.0399, 0.09117, 0.02561, 0.01238, 0.00625, 0.05336, 0.08428, 0.02246, 0.00123, 0.01308, 0.00545, 0.01409, 0.0367, 0.03011, 0.0018, 0.05953, 0.03612, 0.02284, 0.00314, 0.0038, 0.041, 0.03826, 0.01257, 0.00202, 0.00045, 0.00369, 0.00928, 0.00337, 0.00765],[0.20315, 0.2105, 0.20242, 0.20324, 0.25986],[5, 7, 19, 10, 7],53,5
2.5,86,[0.01566, 0.00497, 0.01235, 0.00062, 0.03039, 0.00689, 0.05288, 0.02698, 0.01306, 0.0668, 0.00045, 0.00369, 0.00928, 0.00337, 0.00765, 0.03119, 0.06624, 0.02282, 0.06353, 0.05629, 0.00259, 0.05041, 0.00557, 0.00288, 0.00137, 0.03706, 0.0005, 0.01759, 0.00641, 0.08778, 0.01692, 0.00214, 0.00188, 0.02004, 0.0131, 0.0226, 0.04648, 0.05008, 0.01761, 0.03595, 0.00268, 0.0028, 0.00291, 0.04447, 0.04451, 0.00703, 0.00547, 0.00963, 0.03509, 0.01173, 0.02031, 0.03928, 0.05146, 0.01907, 0.08419, 0.09329],[0.25787, 0.22681, 0.21892, 0.29774, 0.20431, 0.23207, 0.24518],[2, 8, 7, 7, 2, 6, 14],56,7
2.5,87,[0.00095, 0.05466, 0.0105, 0.00624, 0.00417, 0.07668, 0.08784, 0.00444, 0.05774, 0.00801, 0.02507, 0.06248, 0.02721, 0.0077, 0.00161, 0.01779, 0.07491, 0.01216, 0.06187, 0.04952, 0.00313, 0.02309, 0.04834, 0.006, 0.01247, 0.01774, 0.04571, 0.06333, 0.02167, 0.06356, 0.01909, 0.00586, 0.05135, 0.00611, 0.09711, 0.03942, 0.04023, 0.07507, 0.01425, 0.00368, 0.01889, 0.00265, 0.0109, 0.02902, 0.0314, 0.07268, 0.00128],[0.20756, 0.20572, 0.24199],[10, 11, 20],47,3
2.5,88,[0.00242, 0.0226, 0.01335, 0.01456, 0.06539, 0.0921, 0.08157, 0.0017, 0.02388, 0.01175, 0.02548, 0.00201, 0.05322, 0.00696, 0.0124, 0.00256, 0.03601],[],[],17,0
2.5,89,[0.03133, 0.01864, 0.00623, 0.00329, 0.01936, 0.03102, 0.07423, 0.02284, 0.00314, 0.0038, 0.041, 0.03826, 0.01257, 0.00202, 0.02246, 0.00123, 0.01308, 0.00545, 0.01409, 0.0367, 0.03011, 0.0018, 0.05953, 0.03612, 0.00265, 0.0109, 0.02902, 0.0314, 0.07268],[0.29129, 0.20324, 0.20242],[7, 7, 10],29,3
2.5,90,[0.02175, 0.02211, 0.03323, 0.01279, 0.00139, 0.00454, 0.04009, 0.00658, 0.08158, 0.00265, 0.0109, 0.02902, 0.0314, 0.07268, 0.00128, 0.00259, 0.0759, 0.0776, 0.05193, 0.02232, 0.00228, 0.0399, 0.09117, 0.02561, 0.01238, 0.00625, 0.05336, 0.08428, 0.02309, 0.00676, 0.00327, 0.04833, 0.00518, 0.02302, 0.05552, 0.00963, 0.03875, 0.00864, 0.02621, 0.00181, 0.02046, 0.02743, 0.02484, 0.01932, 0.00215, 0.01235, 0.00062, 0.03039, 0.00689, 0.05288],[0.23813, 0.2105, 0.22822, 0.25632, 0.2694],[2, 7, 19, 7, 10],50,5
2.5,91,[0.02492, 0.01396, 0.02533, 0.07124, 0.00188, 0.02004, 0.0131, 0.0226, 0.04648, 0.05008, 0.01761, 0.03595, 0.00268, 0.0028, 0.00291, 0.04447, 0.04451, 0.00703, 0.00547, 0.00963, 0.03509, 0.01173, 0.02031, 0.00585, 0.0003, 0.05465, 0.03247, 0.07131, 0.02363, 0.0071, 0.04462, 0.07177, 0.00281, 0.01235, 0.00062, 0.03039, 0.00689, 0.05288, 0.02698, 0.01306, 0.0668, 0.00045, 0.00369, 0.00928, 0.00337, 0.00765, 0.03119, 0.06624, 0.05282],[0.20189, 0.24518, 0.23904, 0.339, 0.22681],[4, 14, 5, 10, 8],49,5
2.5,92,[0.02565, 0.06715, 0.03607, 0.01788, 0.02678, 0.0031, 0.05442, 0.02309, 0.00676, 0.00327, 0.04833, 0.00518, 0.02302, 0.05552, 0.03342, 0.00281, 0.03603, 0.02045, 0.06197, 0.06089, 0.0377, 0.00695, 0.03081, 0.07075, 0.0651, 0.0017, 0.01672, 0.04024, 0.02246, 0.00123, 0.01308, 0.00545, 0.01409, 0.0367, 0.03011, 0.0018, 0.05953, 0.03612, 0.02284, 0.00314, 0.0038],[0.20675, 0.26737, 0.2143, 0.20616, 0.20324],[7, 7, 8, 6, 10],41,5
2.5,93,[0.00214, 0.04883, 0.02284, 0.00314, 0.0038, 0.041, 0.03826, 0.01257, 0.00202, 0.02246, 0.00123, 0.01308, 0.00545, 0.01409, 0.0367, 0.03011, 0.0018, 0.05953, 0.03612, 0.00265, 0.0109, 0.02902, 0.0314, 0.07268, 0.00128, 0.00259, 0.0759, 0.0776, 0.05193, 0.02232, 0.00228, 0.0399, 0.09117, 0.02561, 0.01238, 0.00625, 0.05336, 0.08428, 0.02309, 0.00676, 0.00327, 0.04833, 0.00518, 0.02302, 0.05552, 0.00647, 0.01527, 0.01081, 0.08158, 0.02402, 0.04231, 0.06248, 0.00405],[0.30354, 0.20324, 0.20242, 0.22822, 0.21629, 0.21874, 0.21577],[2, 7, 10, 19, 7, 4, 2],53,7
2.5,94,[0.04373, 0.05487, 0.04868, 0.02896, 0.06413, 0.0034, 0.02754, 0.05886, 0.00125, 0.03557, 0.05851, 0.00969, 0.05106, 0.01235, 0.00062, 0.03039, 0.00689, 0.05288, 0.02698, 0.01306, 0.00486, 0.02461, 0.05217],[0.23716, 0.26485],[8, 5],23,2
2.5,95,[0.04702, 0.0071, 0.0822, 0.05929, 0.0798, 0.00197, 0.00421, 0.0274, 0.00695, 0.01235, 0.00062, 0.03039, 0.00689, 0.05288, 0.02698, 0.01306, 0.0668, 0.00125, 0.03557, 0.05851, 0.00969, 0.05106, 0.03543, 0.00963, 0.03875, 0.00864, 0.02621, 0.00181, 0.02046, 0.02743, 0.02484, 0.01932, 0.00215, 0.00265, 0.0109, 0.02902, 0.0314, 0.07268, 0.00128, 0.00259, 0.0759, 0.0776, 0.05193, 0.02232, 0.00228, 0.0399, 0.09117, 0.02561, 0.01238, 0.00625, 0.05336, 0.08428, 0.02309, 0.00676, 0.00327],[0.27372, 0.26485, 0.23447, 0.20735, 0.22822],[9, 8, 6, 10, 19],55,5
2.5,96,[0.00218, 0.07386, 0.05032, 0.06248, 0.00405, 0.08734, 0.02317, 0.00543, 0.07268, 0.01507, 0.01472, 0.02309, 0.00676, 0.00327, 0.04833, 0.00518, 0.02302, 0.05552, 0.0505, 0.00785, 0.04672, 0.03342, 0.00281, 0.03603, 0.02045, 0.06197, 0.06089, 0.07029, 0.0708, 0.0377, 0.00695, 0.03081, 0.07075, 0.0651, 0.0017, 0.01672, 0.04024, 0.02246, 0.00123, 0.01308, 0.00545, 0.01409, 0.0367, 0.03011, 0.0018, 0.05953, 0.03612, 0.02284, 0.00314],[0.20536, 0.29041, 0.24985, 0.26737, 0.2143, 0.20616, 0.20324],[3, 4, 4, 10, 10, 6, 10],49,7
2.5,97,[0.0046, 0.00604, 0.00304, 0.00547, 0.00963, 0.03509, 0.01173, 0.02031, 0.00585, 0.0003, 0.05465, 0.03247, 0.07131, 0.02363, 0.0071, 0.04462, 0.07177, 0.00281, 0.01235, 0.00062, 0.03039, 0.00689, 0.05288, 0.02698, 0.01306, 0.0668, 0.00045, 0.00369, 0.00928, 0.00337, 0.00765, 0.03119, 0.06624, 0.05282, 0.08606, 0.0031, 0.02493, 0.06868, 0.00315, 0.02246, 0.02282, 0.06353, 0.05629, 0.00259, 0.05041, 0.00557, 0.00288, 0.05951, 0.00316, 0.00137, 0.03706, 0.0005, 0.01759, 0.00641, 0.08778, 0.01692, 0.00214, 0.00188, 0.02004, 0.0131, 0.0226, 0.04648, 0.05008],[0.25097, 0.23904, 0.339, 0.22681, 0.21892, 0.29774, 0.20431, 0.23207],[3, 5, 10, 8, 14, 9, 2, 6],63,8
2.5,98,[0.00577, 0.01152, 0.02252, 0.0695, 0.07347, 0.05508, 0.00215, 0.04274, 0.06445, 0.00503, 0.01235, 0.00062, 0.03039, 0.00689, 0.05288, 0.02698, 0.01306, 0.0668, 0.00045, 0.00369, 0.00928, 0.00337, 0.00765, 0.03119, 0.06624, 0.02282, 0.06353, 0.05629, 0.00259, 0.05041, 0.00557, 0.00288, 0.00137, 0.03706, 0.0005, 0.01759, 0.00641, 0.08778, 0.01692, 0.00214],[0.31013, 0.22681, 0.21892, 0.29774, 0.20431],[10, 8, 7, 7, 2],40,5
2.5,99,[0.0023, 0.01915, 0.07546, 0.01235, 0.00062, 0.03039, 0.00689, 0.05288, 0.02698, 0.01306, 0.0668, 0.00125, 0.03557, 0.05851, 0.00969, 0.05106, 0.00963, 0.03875, 0.00864, 0.02621, 0.00181, 0.02046, 0.02743, 0.02484, 0.01932, 0.00215, 0.00265, 0.0109, 0.02902, 0.0314, 0.07268, 0.00128, 0.00259, 0.0759, 0.0776, 0.05193, 0.02232, 0.00228, 0.0399, 0.09117, 0.02561, 0.01238, 0.00625, 0.05336, 0.08428, 0.02309, 0.00676, 0.00327, 0.04833, 0.00518, 0.02302, 0.05552],[0.28009, 0.26485, 0.23447, 0.20735, 0.22822, 0.21629],[3, 8, 5, 10, 19, 7],52,6
2.5,100,[0.00989, 0.00117, 0.00785, 0.02246, 0.00123, 0.01308, 0.00545, 0.01409, 0.0367, 0.03011, 0.0018, 0.05953, 0.03612, 0.00265, 0.0109, 0.02902, 0.0314, 0.07268, 0.00128, 0.00259, 0.0759, 0.0776, 0.05193, 0.02232, 0.00228, 0.0399, 0.09117, 0.02561, 0.01238, 0.00625, 0.05336, 0.08428, 0.02309, 0.00676, 0.00327, 0.04833, 0.00518, 0.02302, 0.05552, 0.00647, 0.01527, 0.01081, 0.08158, 0.02402, 0.04231, 0.06248, 0.00405],[0.22619, 0.20242, 0.22822, 0.21629, 0.21874, 0.21577],[3, 10, 19, 7, 4, 2],47,6
2.5,101,[0.03759, 0.0054, 0.03133, 0.05938, 0.05738, 0.00585, 0.0003, 0.05465, 0.03247, 0.07131, 0.02363, 0.0071, 0.04462, 0.07177, 0.00281, 0.00547, 0.00963, 0.03509, 0.01173, 0.02031, 0.03928, 0.05146, 0.01907, 0.01235, 0.00062, 0.03039, 0.00689, 0.05288, 0.02698, 0.01306, 0.0668, 0.00125, 0.03557, 0.05851, 0.00969, 0.05106, 0.03543, 0.00963, 0.03875, 0.00864, 0.02621, 0.00181, 0.02046, 0.02743, 0.02484],[0.21152, 0.23904, 0.3225, 0.26485, 0.23447],[5, 10, 8, 8, 6],45,5
2.5,102,[0.07009, 0.04496, 0.02934, 0.01683, 0.01326, 0.03342, 0.00139, 0.0759, 0.0133, 0.04785, 0.04973, 0.00378, 0.02309, 0.00676, 0.00327, 0.04833, 0.00518, 0.02302, 0.05552, 0.00543, 0.01507, 0.01472, 0.05604, 0.00611, 0.06248, 0.00405, 0.08734, 0.02317, 0.00242, 0.02402, 0.04231, 0.02686, 0.08274, 0.03394, 0.0161, 0.00331, 0.00647, 0.01527, 0.01081, 0.08158, 0.09859, 0.08064, 0.00243, 0.02003, 0.01644, 0.0382, 0.00299, 0.0211],[0.20431, 0.28863, 0.24985, 0.29041, 0.21577, 0.21874],[5, 7, 7, 5, 5, 7],48,6
2.5,103,[0.00408, 0.02821, 0.02539, 0.07353, 0.03191, 0.03802, 0.00192, 0.0741, 0.07629, 0.01668, 0.00543, 0.07268, 0.01507, 0.01472, 0.02309, 0.00676, 0.00327, 0.04833, 0.00518, 0.02302, 0.05552, 0.03342, 0.00281, 0.03603, 0.02045, 0.06089, 0.07029, 0.0708, 0.0377, 0.00695, 0.03081, 0.07075, 0.0651, 0.0017, 0.01672],[0.22523, 0.24985, 0.26737, 0.2143],[10, 4, 7, 9],35,4
2.5,104,[0.0154, 0.01205, 0.02284, 0.00314, 0.0038, 0.041, 0.03826, 0.01257, 0.00202, 0.02246, 0.00123, 0.01308, 0.00545, 0.01409, 0.0367, 0.03011, 0.0018, 0.05953, 0.03612, 0.00265, 0.0109, 0.02902, 0.0314, 0.07268, 0.00128, 0.00259, 0.0759, 0.0776, 0.05193, 0.02232, 0.00228, 0.0399, 0.09117, 0.02561, 0.01238, 0.00625, 0.05336, 0.08428, 0.02309, 0.00676, 0.00327, 0.04833, 0.00518, 0.02302, 0.05552, 0.00647, 0.01527, 0.01081, 0.08158, 0.02402, 0.04231, 0.06248, 0.00405],[0.26557, 0.20324, 0.20242, 0.22822, 0.21629, 0.21874, 0.21577],[2, 7, 10, 19, 7, 4, 2],53,7
2.5,105,[0.0021, 0.00094, 0.0831, 0.05914, 0.02034, 0.00231, 0.01235, 0.00062, 0.03039, 0.00689, 0.05288, 0.02698, 0.01306, 0.0668, 0.00045, 0.00369, 0.00928, 0.00337, 0.00765, 0.03119, 0.06624, 0.02282, 0.06353, 0.05629, 0.00259, 0.05041, 0.00557, 0.00288, 0.00137, 0.03706, 0.0005, 0.01759, 0.00641, 0.08778, 0.01692, 0.00214, 0.00188, 0.02004, 0.0131, 0.0226, 0.04648, 0.05008, 0.01761, 0.03595, 0.00268, 0.0028, 0.00291, 0.04447, 0.04451, 0.00703, 0.00547, 0.00963, 0.03509, 0.01173, 0.02031, 0.03928, 0.05146, 0.01907, 0.08419, 0.09329],[0.22957, 0.22681, 0.21892, 0.29774, 0.20431, 0.23207, 0.24518],[6, 8, 7, 7, 2, 6, 14],60,7
2.5,106,[0.06561, 0.00129, 0.00442, 0.08349, 0.01672, 0.09883, 0.0022, 0.00496, 0.06427, 0.00873, 0.02507, 0.06248, 0.02721, 0.0077, 0.00161, 0.01779, 0.07491, 0.01216, 0.06187, 0.04952, 0.00313, 0.02309, 0.04834, 0.006, 0.01247, 0.01774, 0.04571, 0.06333, 0.02167, 0.06356, 0.01909, 0.00586, 0.05135, 0.00611, 0.09711, 0.03942, 0.04023, 0.07507, 0.01425, 0.00368, 0.01889, 0.00265, 0.0109, 0.02902, 0.0314, 0.07268, 0.00128],[0.21603, 0.20572, 0.24199],[10, 11, 20],47,3
2.5,107,[0.01802, 0.0223, 0.04344, 0.01377, 0.08625, 0.00612, 0.03691, 0.08583, 0.03179, 0.02284, 0.00314, 0.0038, 0.041, 0.03826, 0.01257, 0.00202, 0.02246, 0.00123, 0.01308, 0.00545, 0.01409, 0.0367, 0.03011, 0.0018, 0.05953, 0.03612, 0.00265, 0.0109, 0.02902, 0.0314, 0.07268, 0.00128, 0.00259, 0.0759, 0.0776, 0.05193, 0.02232, 0.00228, 0.0399, 0.09117, 0.02561, 0.01238, 0.00625, 0.05336, 0.08428, 0.02309, 0.00676, 0.00327, 0.04833, 0.00518, 0.02302, 0.05552, 0.00647],[0.2206, 0.20324, 0.20242, 0.22822, 0.21629],[9, 7, 10, 19, 7],53,5
2.5,108,[0.08098, 0.00669, 0.00578, 0.00301, 0.03059, 0.04869, 0.00137, 0.03706, 0.0005, 0.01759, 0.00641, 0.08778, 0.01692, 0.00214, 0.00188, 0.02004, 0.0131, 0.0226, 0.04648, 0.05008, 0.01761, 0.03595, 0.00268, 0.0028, 0.00291, 0.04447, 0.04451, 0.00703, 0.00547, 0.00963, 0.03509, 0.01173, 0.02031, 0.00585, 0.0003, 0.05465, 0.03247, 0.07131, 0.02363, 0.0071, 0.04462, 0.07177, 0.00281, 0.01235, 0.00062, 0.03039, 0.00689, 0.05288, 0.02698, 0.01306, 0.0668, 0.00045, 0.00369, 0.00928, 0.00337, 0.00765, 0.03119, 0.06624, 0.05282],[0.37863, 0.20431, 0.23207, 0.24518, 0.23904, 0.339, 0.22681],[6, 2, 6, 14, 5, 10, 8],59,7
2.5,109,[0.04659, 0.05148, 0.00547, 0.00963, 0.03509, 0.01173, 0.02031, 0.01235, 0.00062, 0.03039, 0.00689, 0.05288, 0.02698, 0.01306, 0.0668, 0.00045, 0.00369, 0.00928, 0.00337, 0.00765, 0.03119, 0.06624, 0.05282, 0.08606, 0.0031, 0.02493, 0.06868, 0.00315, 0.02246, 0.02282, 0.06353, 0.05629, 0.00259, 0.05041, 0.00557, 0.00288, 0.05951, 0.00316, 0.00137, 0.03706, 0.0005, 0.01759, 0.00641, 0.08778, 0.01692, 0.00214, 0.00188, 0.02004, 0.0131, 0.0226, 0.04648, 0.05008, 0.01761, 0.03595, 0.00268, 0.0028],[0.20261, 0.3225, 0.22681, 0.21892, 0.29774, 0.20431, 0.23207],[2, 5, 8, 14, 9, 2, 6],56,7
2.5,110,[0.02497, 0.00372, 0.00067, 0.07075, 0.05715, 0.00201, 0.03539, 0.03816, 0.01616, 0.02248, 0.0404, 0.027, 0.01292, 0.01322, 0.08589, 0.07218, 0.07241, 0.02445, 0.01069, 0.02532, 0.00779, 0.05461, 0.0431, 0.0049, 0.01658, 0.00593, 0.03342, 0.00139, 0.0759, 0.0133, 0.04785, 0.04973, 0.00378, 0.02309, 0.00676, 0.00327, 0.04833, 0.00518, 0.02302, 0.05552, 0.00543, 0.01507, 0.01472, 0.05604, 0.00611, 0.06248, 0.00405, 0.08734, 0.02317, 0.00242],[0.25055, 0.20173, 0.33856, 0.28863, 0.24985, 0.29041],[2, 7, 17, 7, 7, 5],50,6
2.5,111,[0.00248, 0.03573, 0.04341, 0.07135, 0.05844, 0.04172, 0.03096, 0.0024, 0.00547, 0.00963, 0.03509, 0.01173, 0.02031, 0.00585, 0.0003, 0.05465, 0.03247, 0.07131, 0.02363, 0.0071, 0.04462, 0.07177, 0.00281, 0.01235, 0.00062, 0.03039, 0.00689, 0.05288, 0.02698, 0.01306],[0.21551, 0.23904, 0.339],[8, 5, 10],30,3
2.5,112,[0.01153, 0.04383, 0.03798, 0.00505, 0.04254, 0.003, 0.00455, 0.04278, 0.01278, 0.02282, 0.06353, 0.05629, 0.00259, 0.05041, 0.00557, 0.00288, 0.00045, 0.00369, 0.00928, 0.00337, 0.00765, 0.03119, 0.06624, 0.01235, 0.00062, 0.03039, 0.00689, 0.05288, 0.02698, 0.01306, 0.0668, 0.00125, 0.03557, 0.05851, 0.00969, 0.05106, 0.00963, 0.03875, 0.00864, 0.02621, 0.00181, 0.02046, 0.02743, 0.02484, 0.01932, 0.00215, 0.00265, 0.0109, 0.02902, 0.0314, 0.07268, 0.00128, 0.00259, 0.0759, 0.0776, 0.05193, 0.02232],[0.22547, 0.21892, 0.22681, 0.26485, 0.23447, 0.20735],[9, 7, 7, 8, 5, 10],57,6
2.5,113,[0.01449, 0.04245, 0.00789, 0.0466, 0.0205, 0.02829, 0.03575, 0.03588, 0.00224, 0.00231, 0.01909, 0.05264, 0.0149, 0.02551, 0.00585, 0.0003, 0.05465, 0.03247, 0.07131, 0.02363, 0.0071, 0.04462, 0.07177, 0.00281, 0.00547, 0.00963, 0.03509, 0.01173, 0.02031, 0.01235, 0.00062, 0.03039, 0.00689, 0.05288],[0.2445, 0.27216, 0.23904, 0.3225],[11, 3, 10, 5],34,4
2.5,114,[0.01852, 0.00147, 0.02052, 0.07922, 0.08597, 0.02282, 0.06353, 0.05629, 0.00259, 0.05041, 0.00557, 0.00288, 0.00045, 0.00369, 0.00928, 0.00337, 0.00765, 0.03119, 0.06624, 0.01235, 0.00062, 0.03039, 0.00689, 0.05288, 0.02698, 0.01306, 0.0668, 0.00125, 0.03557, 0.05851, 0.00969, 0.05106, 0.00963, 0.03875, 0.00864, 0.02621, 0.00181, 0.02046, 0.02743, 0.02484, 0.01932, 0.00215, 0.00265, 0.0109, 0.02902, 0.0314, 0.07268, 0.00128, 0.00259, 0.0759, 0.0776, 0.05193, 0.02232, 0.00228, 0.0399, 0.09117, 0.02561, 0.01238, 0.00625, 0.05336, 0.08428, 0.02309, 0.00676, 0.00327, 0.04833],[0.29087, 0.21892, 0.22681, 0.26485, 0.23447, 0.20735, 0.22822],[5, 7, 7, 8, 5, 10, 19],65,7
2.5,115,[0.005, 0.00589, 0.00159, 0.00547, 0.00963, 0.03509, 0.01173, 0.02031, 0.00585, 0.0003, 0.05465, 0.03247, 0.07131, 0.02363, 0.0071, 0.04462, 0.07177, 0.00281, 0.01235, 0.00062, 0.03039, 0.00689, 0.05288, 0.02698, 0.01306, 0.0668, 0.00045, 0.00369, 0.00928, 0.00337, 0.00765, 0.03119, 0.06624, 0.05282, 0.08606, 0.0031, 0.02493, 0.06868, 0.00315, 0.02246, 0.02282, 0.06353, 0.05629, 0.00259, 0.05041, 0.00557, 0.00288, 0.05951, 0.00316, 0.00137, 0.03706, 0.0005, 0.01759, 0.00641, 0.08778, 0.01692, 0.00214, 0.00188, 0.02004, 0.0131, 0.0226, 0.04648, 0.05008],[0.26978, 0.23904, 0.339, 0.22681, 0.21892, 0.29774, 0.20431, 0.23207],[3, 5, 10, 8, 14, 9, 2, 6],63,8
2.5,116,[0.00119, 0.06798, 0.00668, 0.02284, 0.00314, 0.0038, 0.041, 0.03826, 0.01257, 0.00202, 0.02246, 0.00123, 0.01308, 0.00545, 0.01409, 0.0367, 0.03011, 0.0018, 0.05953, 0.03612, 0.00265, 0.0109, 0.02902, 0.0314, 0.07268, 0.00128, 0.00259, 0.0759, 0.0776, 0.05193, 0.02232, 0.00228, 0.0399, 0.09117, 0.02561, 0.01238, 0.00625, 0.05336, 0.08428, 0.02309, 0.00676, 0.00327, 0.04833, 0.00518, 0.02302, 0.05552, 0.00647, 0.01527, 0.01081, 0.08158, 0.02402, 0.04231, 0.06248, 0.00405],[0.28817, 0.20324, 0.20242, 0.22822, 0.21629, 0.21874, 0.21577],[3, 7, 10, 19, 7, 4, 2],54,7
2.5,117,[0.00126, 0.04927, 0.04176, 0.03608, 0.0209, 0.03698, 0.05797, 0.05114, 0.09585, 0.02507, 0.06248, 0.02721, 0.0077, 0.00161, 0.01779, 0.07491, 0.01216, 0.06187, 0.04952, 0.02309, 0.04834, 0.006, 0.01247, 0.01774, 0.04571, 0.06333, 0.02167, 0.06356, 0.01909, 0.00586, 0.05135, 0.00611, 0.09711, 0.03942, 0.04023, 0.07507, 0.01425, 0.00368],[0.28495, 0.20572, 0.24199],[9, 10, 19],38,3
2.5,118,[0.03095, 0.02555, 0.00145, 0.02864, 0.0056, 0.01131, 0.05749, 0.00661, 0.0578, 0.03895, 0.01012, 0.00255, 0.02282, 0.06353, 0.05629, 0.00259, 0.05041, 0.00557, 0.00288, 0.00045, 0.00369, 0.00928, 0.00337, 0.00765, 0.03119, 0.06624, 0.01235, 0.00062, 0.03039, 0.00689, 0.05288, 0.02698, 0.01306, 0.0668, 0.00125, 0.03557, 0.05851, 0.00969, 0.05106, 0.00963, 0.03875, 0.00864, 0.02621, 0.00181, 0.02046, 0.02743, 0.02484, 0.01932, 0.00215, 0.00265, 0.0109, 0.02902, 0.0314, 0.07268, 0.00128],[0.2199, 0.21892, 0.22681, 0.26485, 0.23447, 0.20735],[12, 7, 7, 8, 5, 10],55,6
2.5,119,[0.03511, 0.01612, 0.06873, 0.06537, 0.0052, 0.04009, 0.00963, 0.03875, 0.00864, 0.02621, 0.00181, 0.02046, 0.02743, 0.02484, 0.01932, 0.00215, 0.01235, 0.00062, 0.03039, 0.00689, 0.05288, 0.02698, 0.01306, 0.0668, 0.00045, 0.00369, 0.00928, 0.00337, 0.00765, 0.03119, 0.06624, 0.02282, 0.06353, 0.05629, 0.00259, 0.05041, 0.00557, 0.00288, 0.00137, 0.03706, 0.0005],[0.22175, 0.2694, 0.22681, 0.21892, 0.29774, 0.20431],[6, 10, 8, 7, 7, 2],41,6
2.5,120,[0.0073, 0.01249, 0.01753, 0.03991, 0.01469, 0.06047, 0.00328, 0.02284, 0.00314, 0.0038, 0.041, 0.03826, 0.01257, 0.00202, 0.02246, 0.00123, 0.01308, 0.00545, 0.01409, 0.0367, 0.03011, 0.0018, 0.05953, 0.03612, 0.00265, 0.0109, 0.02902, 0.0314, 0.07268, 0.00128, 0.00259, 0.0759, 0.0776, 0.05193, 0.02232, 0.00228, 0.0399, 0.02561, 0.01238, 0.00625, 0.05336, 0.08428, 0.02309, 0.00676, 0.00327, 0.04833, 0.00518, 0.02302, 0.05552, 0.00647, 0.01527, 0.01081],[0.24516, 0.20324, 0.20242, 0.22822, 0.21629],[7, 7, 10, 18, 7],52,5
2.5,121,[0.00429, 0.01662, 0.0018, 0.04223, 0.03334, 0.00124, 0.0478, 0.01489, 0.00344, 0.00188, 0.02004, 0.0131, 0.0226, 0.04648, 0.05008, 0.01761, 0.03595, 0.00268, 0.0028, 0.00291, 0.04447, 0.04451, 0.00703, 0.00547, 0.00963, 0.03509, 0.01173, 0.02031, 0.00585, 0.0003, 0.05465, 0.03247, 0.07131, 0.02363, 0.0071, 0.04462, 0.07177, 0.00281, 0.01235, 0.00062, 0.03039, 0.00689, 0.05288, 0.02698, 0.01306, 0.0668],[0.23837, 0.25945, 0.24518, 0.23904, 0.339, 0.22681],[3, 6, 14, 5, 10, 8],46,6
2.5,122,[0.01813, 0.04281, 0.02694, 0.00644, 0.03242, 0.02309, 0.00676, 0.00327, 0.04833, 0.00518, 0.02302, 0.05552, 0.00265, 0.0109, 0.02902, 0.0314, 0.07268, 0.00128, 0.00259, 0.0759, 0.0776, 0.05193, 0.02232, 0.00228, 0.0399, 0.09117, 0.02561, 0.01238, 0.00625, 0.05336, 0.08428, 0.02246, 0.00123, 0.01308, 0.00545, 0.01409, 0.0367, 0.03011, 0.0018, 0.05953, 0.03612, 0.02284, 0.00314, 0.0038, 0.041, 0.03826, 0.01257, 0.00202, 0.00045, 0.00369, 0.00928, 0.00337, 0.00765],[0.23426, 0.22822, 0.20242, 0.20324, 0.25986],[5, 7, 19, 10, 7],53,5
2.5,123,[0.00448, 0.00158, 0.09477, 0.02282, 0.06353, 0.05629, 0.00259, 0.05041, 0.00557, 0.00288, 0.00045, 0.00369, 0.00928, 0.00337, 0.00765, 0.03119, 0.06624, 0.01235, 0.00062, 0.03039, 0.00689, 0.05288, 0.02698, 0.01306, 0.0668, 0.00963, 0.03875, 0.00864, 0.02621, 0.00181, 0.02046, 0.02743, 0.02484, 0.01932, 0.00215, 0.00265, 0.0109, 0.02902, 0.0314, 0.07268, 0.00128, 0.00259, 0.0759, 0.0776, 0.05193, 0.02232, 0.00228, 0.0399, 0.09117, 0.02561, 0.01238, 0.00625, 0.05336, 0.08428, 0.02309, 0.00676, 0.00327, 0.04833, 0.00518, 0.02302, 0.05552, 0.00647],[0.26974, 0.21892, 0.22681, 0.2694, 0.20735, 0.22822, 0.21629],[3, 7, 7, 8, 10, 19, 7],62,7
2.5,124,[0.01653, 0.01517, 0.02258, 0.05445, 0.0244, 0.06733, 0.01331, 0.04232, 0.05264, 0.0149, 0.02551, 0.00585, 0.0003, 0.05465, 0.03247, 0.07131, 0.02363, 0.0071, 0.04462, 0.07177, 0.00281, 0.00547, 0.00963, 0.03509, 0.01173, 0.02031, 0.01235, 0.00062, 0.03039, 0.00689, 0.05288, 0.02698, 0.01306, 0.0668, 0.00045, 0.00369, 0.00928, 0.00337, 0.00765, 0.03119, 0.06624, 0.05282],[0.24304, 0.27216, 0.23904, 0.3225, 0.22681],[8, 3, 10, 5, 8],42,5
2.5,125,[0.00283, 0.01563, 0.0024, 0.05156, 0.05222, 0.05264, 0.0149, 0.02551, 0.00585, 0.0003, 0.05465, 0.03247, 0.07131, 0.02363, 0.0071, 0.04462, 0.07177, 0.00281, 0.00547, 0.00963, 0.03509, 0.01173, 0.02031, 0.01235, 0.00062, 0.03039, 0.00689, 0.05288, 0.02698, 0.01306, 0.0668, 0.00045, 0.00369, 0.00928, 0.00337, 0.00765, 0.03119, 0.06624, 0.05282, 0.08606, 0.0031, 0.02493, 0.06868, 0.00315, 0.02246, 0.02282, 0.06353, 0.05629, 0.00259, 0.05041],[0.20508, 0.27216, 0.23904, 0.3225, 0.22681, 0.21892],[5, 3, 10, 5, 8, 14],50,6
2.5,126,[0.00103, 0.01219, 0.07316, 0.04747, 0.00177, 0.01153, 0.0117, 0.01235, 0.00062, 0.03039, 0.00689, 0.05288, 0.02698, 0.01306, 0.0668, 0.00045, 0.00369, 0.00928, 0.00337, 0.00765, 0.03119, 0.06624, 0.02282, 0.06353, 0.05629, 0.00259, 0.05041, 0.00557, 0.00288, 0.00137, 0.03706, 0.0005, 0.01759, 0.00641, 0.08778, 0.01692, 0.00214, 0.00188, 0.02004, 0.0131, 0.0226, 0.04648, 0.05008, 0.01761, 0.03595, 0.00268, 0.0028, 0.00291, 0.04447, 0.04451, 0.00703, 0.00547, 0.00963, 0.03509, 0.01173, 0.02031, 0.03928],[0.22591, 0.22681, 0.21892, 0.29774, 0.20431, 0.23207, 0.24518],[7, 8, 7, 7, 2, 6, 14],57,7
2.5,127,[0.00621, 0.02477, 0.01235, 0.00062, 0.03039, 0.00689, 0.05288, 0.02698, 0.01306, 0.0668, 0.00045, 0.00369, 0.00928, 0.00337, 0.00765, 0.03119, 0.06624, 0.02282, 0.06353, 0.05629, 0.00259, 0.05041, 0.00557, 0.00288, 0.00137, 0.03706, 0.0005, 0.01759, 0.00641, 0.08778, 0.01692, 0.00214, 0.00188, 0.02004, 0.0131, 0.0226, 0.04648, 0.05008, 0.01761, 0.03595, 0.00268, 0.0028, 0.00291, 0.04447, 0.04451, 0.00703, 0.00547, 0.00963, 0.03509, 0.01173, 0.02031, 0.03928, 0.05146, 0.01907, 0.08419, 0.09329],[0.21239, 0.22681, 0.21892, 0.29774, 0.20431, 0.23207, 0.24518],[2, 8, 7, 7, 2, 6, 14],56,7
2.5,128,[0.0035, 0.01235, 0.03859, 0.08322, 0.00846, 0.00219, 0.00963, 0.03875, 0.00864, 0.02621, 0.00181, 0.02046, 0.02743, 0.02484, 0.01932, 0.00215, 0.00265, 0.0109, 0.02902, 0.0314, 0.07268, 0.00128, 0.00259, 0.0759, 0.0776, 0.05193, 0.02232, 0.00228, 0.0399, 0.09117, 0.02561, 0.01238, 0.00625, 0.05336, 0.08428, 0.02309, 0.00676, 0.00327, 0.04833, 0.00518, 0.02302, 0.05552, 0.00647],[0.24865, 0.20735, 0.22822, 0.21629],[6, 10, 19, 7],43,4
2.5,129,[0.00271, 0.0042, 0.01543, 0.06771, 0.04862, 0.02868, 0.04133, 0.02284, 0.00314, 0.0038, 0.041, 0.03826, 0.01257, 0.00202, 0.02246, 0.00123, 0.01308, 0.00545, 0.01409, 0.0367, 0.03011, 0.0018, 0.05953, 0.03612, 0.00265, 0.0109, 0.02902, 0.0314, 0.07268, 0.00128, 0.00259, 0.0759, 0.0776],[0.24836, 0.20324, 0.20242],[7, 7, 10],33,3
2.5,130,[0.00012, 0.00029, 0.01662, 0.00262, 0.01685, 0.03814, 0.00797, 0.03611, 0.03875, 0.0872, 0.00552, 0.02507, 0.06248, 0.02721, 0.0077, 0.00161, 0.01779, 0.07491, 0.01216, 0.06187, 0.04952, 0.02309, 0.04834, 0.006, 0.01247, 0.01774, 0.04571, 0.06333, 0.02167, 0.06356],[0.24633, 0.20572],[11, 10],30,2
2.5,131,[0.02508, 0.03802, 0.035, 0.02282, 0.06353, 0.05629, 0.00259, 0.05041, 0.00557, 0.00288, 0.00045, 0.00369, 0.00928, 0.00337, 0.00765, 0.03119, 0.06624, 0.01235, 0.00062, 0.03039, 0.00689, 0.05288, 0.02698, 0.01306, 0.0668, 0.00125, 0.03557, 0.05851, 0.00969, 0.05106, 0.00963, 0.03875, 0.00864, 0.02621, 0.00181, 0.02046, 0.02743, 0.02484, 0.01932, 0.00215, 0.00265, 0.0109, 0.02902, 0.0314, 0.07268, 0.00128, 0.00259, 0.0759, 0.0776, 0.05193, 0.02232, 0.00228, 0.0399],[0.22317, 0.21892, 0.22681, 0.26485, 0.23447, 0.20735],[3, 7, 7, 8, 5, 10],53,6
2.5,132,[0.00093, 0.00594, 0.04555, 0.02282, 0.06353, 0.05629, 0.00259, 0.05041, 0.00557, 0.00288, 0.00045, 0.00369, 0.00928, 0.00337, 0.00765, 0.03119, 0.06624, 0.01235, 0.00062, 0.03039, 0.00689, 0.05288, 0.02698, 0.01306, 0.0668, 0.00125, 0.03557, 0.05851, 0.00969, 0.05106, 0.00963, 0.03875, 0.00864, 0.02621, 0.00181, 0.02046, 0.02743, 0.02484, 0.01932, 0.00215, 0.00265, 0.0109, 0.02902, 0.0314, 0.07268, 0.00128, 0.00259, 0.0759, 0.0776, 0.05193, 0.02232, 0.00228, 0.0399, 0.09117, 0.02561, 0.01238, 0.00625, 0.05336, 0.08428, 0.02309, 0.00676, 0.00327, 0.04833, 0.00518, 0.02302, 0.05552],[0.27712, 0.21892, 0.22681, 0.26485, 0.23447, 0.20735, 0.22822, 0.21629],[3, 7, 7, 8, 5, 10, 19, 7],66,8
2.5,133,[0.03409, 0.03683, 0.06172, 0.05988, 0.01403, 0.03712, 0.04307, 0.0305, 0.05888, 0.00398, 0.06741, 0.00067, 0.07075, 0.05715, 0.00201, 0.03539, 0.03816, 0.01616, 0.02248, 0.0404, 0.027, 0.01292, 0.01322, 0.08589, 0.07218, 0.07241, 0.02445, 0.01069, 0.02532, 0.00779, 0.05461, 0.0431, 0.0049, 0.01658, 0.00593, 0.00543, 0.01507, 0.01472],[0.2166, 0.20173, 0.4207],[11, 7, 17],38,3
2.5,134,[0.00454, 0.00547, 0.00963, 0.03509, 0.01173, 0.02031, 0.00585, 0.0003, 0.05465, 0.03247, 0.07131, 0.02363, 0.0071, 0.04462, 0.07177, 0.00281, 0.01235, 0.00062, 0.03039, 0.00689, 0.05288, 0.02698, 0.01306, 0.0668, 0.00045, 0.00369, 0.00928, 0.00337, 0.00765, 0.03119, 0.06624, 0.05282, 0.08606, 0.0031, 0.02493, 0.06868, 0.00315, 0.02246, 0.02282, 0.06353, 0.05629, 0.00259, 0.05041, 0.00557, 0.00288, 0.05951, 0.00316, 0.00137, 0.03706, 0.0005, 0.01759, 0.00641, 0.08778, 0.01692, 0.00214, 0.00188, 0.02004, 0.0131, 0.0226, 0.04648, 0.05008],[0.27242, 0.23904, 0.339, 0.22681, 0.21892, 0.29774, 0.20431, 0.23207],[1, 5, 10, 8, 14, 9, 2, 6],61,8
2.5,135,[0.02698, 0.07344, 0.00689, 0.05191, 0.00363, 0.01451, 0.02195, 0.00987, 0.00543, 0.07268, 0.01507, 0.01472, 0.02309, 0.00676, 0.00327, 0.04833, 0.00518, 0.02302, 0.05552, 0.03342, 0.00281, 0.03603, 0.02045, 0.06197, 0.06089, 0.07029, 0.0708, 0.0377, 0.00695, 0.03081, 0.07075, 0.0651, 0.0017, 0.01672, 0.04024, 0.02246, 0.00123, 0.01308, 0.00545, 0.01409, 0.0367, 0.03011, 0.0018, 0.05953],[0.29929, 0.24985, 0.26737, 0.2143, 0.20616],[8, 4, 7, 10, 6],44,5
2.5,136,[0.00426, 0.00774, 0.07795, 0.03558, 0.02282, 0.06353, 0.05629, 0.00259, 0.05041, 0.00557, 0.00288, 0.00137, 0.03706, 0.0005, 0.01759, 0.00641, 0.08778, 0.01692, 0.00214, 0.00188, 0.02004, 0.0131, 0.0226, 0.04648, 0.05008, 0.01761, 0.03595, 0.00268, 0.0028, 0.00291, 0.04447, 0.04451, 0.00703, 0.00547, 0.00963, 0.03509, 0.01173, 0.02031, 0.03928, 0.05146, 0.01907, 0.08419, 0.09329, 0.04086, 0.00585, 0.0003, 0.05465, 0.03247, 0.07131, 0.02363],[0.20954, 0.29774, 0.20431, 0.23207, 0.24518, 0.23904],[4, 7, 2, 6, 14, 11],50,6
2.5,137,[0.00534, 0.01035, 0.001, 0.04043, 0.01644, 0.01568, 0.00647, 0.01527, 0.01081, 0.08158, 0.02309, 0.00676, 0.00327, 0.04833, 0.00518, 0.02302, 0.05552, 0.00265, 0.0109, 0.02902, 0.0314, 0.07268, 0.00128, 0.00259, 0.0759, 0.0776, 0.05193, 0.02232, 0.00228, 0.0399, 0.09117, 0.02561, 0.01238, 0.00625, 0.05336, 0.08428, 0.02246, 0.00123, 0.01308, 0.00545],[0.22091, 0.21629, 0.22822, 0.20242],[6, 4, 7, 19],40,4
2.5,138,[0.00085, 0.00938, 0.00075, 0.00122, 0.00138, 0.00537, 0.00137, 0.03706, 0.02282, 0.06353, 0.05629, 0.00259, 0.05041, 0.00557, 0.00288, 0.00045, 0.00369, 0.00928, 0.00337, 0.00765, 0.03119, 0.06624, 0.01235, 0.00062, 0.03039, 0.00689, 0.05288, 0.02698, 0.01306, 0.0668, 0.00125, 0.03557, 0.05851, 0.00969, 0.05106, 0.00963, 0.03875, 0.00864, 0.02621, 0.00181, 0.02046, 0.02743, 0.02484, 0.01932, 0.00215, 0.00265, 0.0109, 0.02902, 0.0314, 0.07268, 0.00128, 0.00259, 0.0759, 0.0776, 0.05193, 0.02232, 0.00228, 0.0399, 0.09117, 0.02561, 0.01238, 0.00625, 0.05336, 0.08428, 0.02309, 0.00676, 0.00327, 0.04833, 0.00518, 0.02302],[0.23343, 0.29774, 0.21892, 0.22681, 0.26485, 0.23447, 0.20735, 0.22822],[6, 2, 7, 7, 8, 5, 10, 19],70,8
2.5,139,[0.00503, 0.00723, 0.00585, 0.0003, 0.05465, 0.03247, 0.07131, 0.02363, 0.0071, 0.04462, 0.07177, 0.00281, 0.00547, 0.00963, 0.03509, 0.01173, 0.02031, 0.01235, 0.00062, 0.03039, 0.00689, 0.05288, 0.02698, 0.01306, 0.0668, 0.00045, 0.00369, 0.00928, 0.00337, 0.00765, 0.03119, 0.06624, 0.05282, 0.08606, 0.0031, 0.02493, 0.06868, 0.00315, 0.02246, 0.02282, 0.06353, 0.05629, 0.00259, 0.05041, 0.00557, 0.00288, 0.05951, 0.00316, 0.00137, 0.03706, 0.0005, 0.01759, 0.00641, 0.08778, 0.01692, 0.00214, 0.00188, 0.02004, 0.0131],[0.3435, 0.23904, 0.3225, 0.22681, 0.21892, 0.29774, 0.20431, 0.23207],[2, 10, 5, 8, 14, 9, 2, 6],59,8
2.5,140,[0.03882, 0.00385, 0.02536, 0.09723, 0.00571, 0.07303, 0.01257, 0.00827, 0.03342, 0.00139, 0.0759, 0.0133, 0.04785, 0.04973, 0.00378, 0.02309, 0.00676, 0.00327, 0.04833, 0.00518, 0.02302, 0.05552, 0.00543, 0.01507, 0.01472, 0.05604, 0.00611, 0.06248, 0.00405, 0.08734, 0.02317, 0.00242, 0.02402, 0.04231, 0.02686, 0.08274, 0.03394, 0.0161, 0.00331, 0.00647, 0.01527, 0.01081, 0.08158, 0.09859, 0.08064, 0.00243, 0.02003, 0.01644, 0.0382, 0.00299, 0.0211],[0.20336, 0.28863, 0.24985, 0.29041, 0.21577, 0.21874],[8, 7, 7, 5, 5, 7],51,6
2.5,141,[0.00148, 0.05392, 0.00175, 0.04265, 0.00745, 0.02282, 0.06353, 0.05629, 0.00259, 0.05041, 0.00557, 0.00288, 0.00045, 0.00369, 0.00928, 0.00337, 0.00765, 0.03119, 0.06624, 0.01235, 0.00062, 0.03039, 0.00689, 0.05288, 0.02698, 0.01306, 0.0668, 0.00125, 0.03557, 0.05851, 0.00969, 0.05106, 0.00963, 0.03875, 0.00864, 0.02621, 0.00181, 0.02046, 0.02743, 0.02484, 0.01932, 0.00215, 0.00265],[0.2134, 0.21892, 0.22681, 0.26485, 0.23447, 0.20735],[5, 7, 7, 8, 5, 10],43,6
2.5,142,[0.02306, 0.08434, 0.03474, 0.03323, 0.01279, 0.00139, 0.00454, 0.04009, 0.00658, 0.08158, 0.00265, 0.0109, 0.02902, 0.0314, 0.00128, 0.00259, 0.0759, 0.0776, 0.05193, 0.02232, 0.00228, 0.0399, 0.09117, 0.02561, 0.01238, 0.00625, 0.05336, 0.08428, 0.02309, 0.00676, 0.00327, 0.04833, 0.00518, 0.02302, 0.05552, 0.00963, 0.03875, 0.00864, 0.02621, 0.00181, 0.02046, 0.02743, 0.02484, 0.01932, 0.00215, 0.01235, 0.00062, 0.03039, 0.00689, 0.05288],[0.23124, 0.2105, 0.22822, 0.25632, 0.2694],[3, 7, 18, 7, 10],50,5
2.5,143,[0.02927, 0.01609, 0.02248, 0.0404, 0.027, 0.01292, 0.01322, 0.08589, 0.07218, 0.00067, 0.07075, 0.05715, 0.00201, 0.03539, 0.03816, 0.01616, 0.00265, 0.0109, 0.02902, 0.0314, 0.07268, 0.00128, 0.00259, 0.0759, 0.0776, 0.05193, 0.02232, 0.00228, 0.0399, 0.09117, 0.02561, 0.01238, 0.00625, 0.05336, 0.08428, 0.02309, 0.00676, 0.00327, 0.04833, 0.00518, 0.02302, 0.05552, 0.00647, 0.01527],[0.23314, 0.20173, 0.24739, 0.22822, 0.21629],[2, 7, 7, 19, 7],44,5
2.5,144,[0.01916, 0.00375, 0.00264, 0.02286, 0.01723, 0.08982, 0.01235, 0.00062, 0.03039, 0.00689, 0.05288, 0.02698, 0.01306, 0.0668, 0.00045, 0.00369, 0.00928, 0.00337, 0.00765, 0.03119, 0.06624, 0.02282, 0.06353, 0.05629, 0.00259, 0.05041, 0.00557, 0.00288, 0.00137, 0.03706, 0.0005, 0.01759, 0.00641, 0.08778, 0.01692, 0.00214, 0.00188, 0.02004, 0.0131, 0.0226, 0.04648, 0.05008, 0.01761, 0.03595, 0.00268, 0.0028, 0.00291, 0.04447, 0.04451, 0.00703, 0.00547, 0.00963, 0.03509, 0.01173, 0.02031, 0.03928, 0.05146, 0.01907, 0.08419, 0.09329],[0.26489, 0.22681, 0.21892, 0.29774, 0.20431, 0.23207, 0.24518],[6, 8, 7, 7, 2, 6, 14],60,7
2.5,145,[0.01299, 0.04426, 0.0242, 0.00137, 0.03706, 0.02282, 0.06353, 0.05629, 0.00259, 0.05041, 0.00557, 0.00288, 0.00045, 0.00369, 0.00928, 0.00337, 0.00765, 0.03119, 0.06624, 0.01235, 0.00062, 0.03039, 0.00689, 0.05288, 0.02698, 0.01306, 0.0668, 0.00125, 0.03557, 0.05851, 0.00969, 0.05106, 0.00963, 0.03875, 0.00864, 0.02621, 0.00181, 0.02046, 0.02743, 0.02484, 0.01932, 0.00215, 0.00265, 0.0109, 0.02902, 0.0314, 0.07268, 0.00128, 0.00259, 0.0759, 0.0776, 0.05193, 0.02232, 0.00228, 0.0399, 0.09117, 0.02561, 0.01238, 0.00625, 0.05336, 0.08428, 0.02309, 0.00676, 0.00327, 0.04833],[0.23182, 0.29774, 0.21892, 0.22681, 0.26485, 0.23447, 0.20735, 0.22822],[3, 2, 7, 7, 8, 5, 10, 19],65,8
2.5,146,[0.00565, 0.0151, 0.00136, 0.072, 0.01494, 0.02284, 0.00314, 0.0038, 0.041, 0.03826, 0.01257, 0.00202, 0.02246, 0.00123, 0.01308, 0.00545, 0.01409, 0.0367, 0.03011, 0.0018, 0.05953, 0.03612, 0.00265, 0.0109, 0.02902, 0.0314, 0.07268, 0.00128, 0.00259, 0.0759, 0.0776, 0.05193, 0.02232, 0.00228, 0.0399, 0.09117, 0.02561, 0.01238, 0.00625, 0.05336, 0.08428, 0.02309, 0.00676, 0.00327, 0.04833, 0.00518, 0.02302, 0.05552, 0.00647, 0.01527, 0.01081, 0.08158, 0.02402, 0.04231, 0.06248, 0.00405],[0.20082, 0.20324, 0.20242, 0.22822, 0.21629, 0.21874, 0.21577],[5, 7, 10, 19, 7, 4, 2],56,7
2.5,147,[0.00102, 0.02469, 0.00652, 0.05452, 0.00199, 0.00409, 0.08794, 0.00067, 0.07075, 0.05715, 0.00201, 0.03539, 0.03816, 0.01616, 0.02248, 0.0404, 0.027, 0.01292, 0.01322, 0.08589, 0.07218, 0.07241, 0.02445, 0.01069, 0.02532, 0.00779, 0.05461, 0.0431, 0.0049, 0.01658, 0.00593, 0.00543, 0.07268, 0.01507, 0.01472, 0.08433, 0.05604, 0.00611, 0.02309, 0.00676, 0.00327, 0.04833, 0.00518, 0.02302, 0.05552, 0.00647, 0.01527, 0.01081, 0.08158, 0.02402, 0.04231, 0.06248, 0.00405, 0.08734],[0.21265, 0.20173, 0.4207, 0.24985, 0.21629, 0.21874, 0.21577],[7, 7, 17, 7, 7, 4, 2],54,7
2.5,148,[0.00585, 0.0003, 0.05465, 0.03247, 0.07131, 0.02363, 0.0071, 0.04462, 0.07177, 0.00281, 0.00547, 0.00963, 0.03509, 0.01173, 0.02031, 0.01235, 0.00062, 0.03039, 0.00689, 0.05288, 0.02698, 0.01306, 0.0668, 0.00045, 0.00369, 0.00928, 0.00337, 0.00765, 0.03119, 0.06624, 0.05282, 0.08606, 0.0031, 0.02493, 0.06868, 0.00315, 0.02246, 0.02282, 0.06353, 0.05629, 0.00259, 0.05041, 0.00557, 0.00288, 0.05951, 0.00316, 0.00137, 0.03706, 0.0005, 0.01759, 0.00641, 0.08778, 0.01692, 0.00214, 0.00188, 0.02004, 0.0131],[0.21048, 0.23904, 0.3225, 0.22681, 0.21892, 0.29774, 0.20431, 0.23207],[0, 10, 5, 8, 14, 9, 2, 6],57,8
2.5,149,[0.07277, 0.0077, 0.0246, 0.07862, 0.01235, 0.00062, 0.03039, 0.00689, 0.05288, 0.02698, 0.01306, 0.0668, 0.00045, 0.00369, 0.00928, 0.00337, 0.00765, 0.03119, 0.06624, 0.02282, 0.06353, 0.05629, 0.00259, 0.05041, 0.00557, 0.00288, 0.00137, 0.03706, 0.0005, 0.01759, 0.00641, 0.08778, 0.01692, 0.00214, 0.00188, 0.02004, 0.0131, 0.0226, 0.04648, 0.05008, 0.01761, 0.03595, 0.00268, 0.0028, 0.00291, 0.04447, 0.04451, 0.00703, 0.00547, 0.00963, 0.03509, 0.01173, 0.02031, 0.03928, 0.05146, 0.01907, 0.08419, 0.09329],[0.31398, 0.22681, 0.21892, 0.29774, 0.20431, 0.23207, 0.24518],[4, 8, 7, 7, 2, 6, 14],58,7
2.5,150,[0.00581, 0.02749, 0.0456, 0.00828, 0.01655, 0.01492, 0.00612, 0.06207, 0.00951, 0.05993, 0.05012, 0.02507, 0.06248, 0.02721, 0.0077, 0.00161, 0.01779, 0.07491, 0.01216, 0.06187, 0.04952, 0.00543, 0.07268, 0.01507, 0.01472, 0.00067, 0.07075, 0.05715, 0.00201, 0.03539, 0.03816, 0.01616, 0.02248, 0.0404, 0.027, 0.01292, 0.01322, 0.08589, 0.07218, 0.07241, 0.02445, 0.01069, 0.02532, 0.00779],[0.20446, 0.34927, 0.29113, 0.20173],[11, 10, 4, 7],44,4
2.5,151,[0.01953, 0.03985, 0.09596, 0.00067, 0.07075, 0.05715, 0.00201, 0.03539, 0.03816, 0.01616, 0.02248, 0.0404, 0.027, 0.01292, 0.01322, 0.08589, 0.07218, 0.07241, 0.02445, 0.01069, 0.02532, 0.00779, 0.05461, 0.0431, 0.0049, 0.01658, 0.00593, 0.03342, 0.00139, 0.0759, 0.0133, 0.04785, 0.04973, 0.00378, 0.02309, 0.00676, 0.00327, 0.04833, 0.00518, 0.02302, 0.05552, 0.00543, 0.01507, 0.01472, 0.05604, 0.00611, 0.06248, 0.00405, 0.08734, 0.02317, 0.00242],[0.28427, 0.20173, 0.33856, 0.28863, 0.24985, 0.29041],[3, 7, 17, 7, 7, 5],51,6
2.5,152,[0.0021, 0.00111, 0.00128, 0.00411, 0.00206, 0.05182, 0.04628, 0.02284, 0.00314, 0.0038, 0.041, 0.03826, 0.01257, 0.00202, 0.02246, 0.00123, 0.01308, 0.00545, 0.01409, 0.0367, 0.03011, 0.0018, 0.05953, 0.03612, 0.00265, 0.0109, 0.02902, 0.0314, 0.07268, 0.00128, 0.00259, 0.0759, 0.0776, 0.05193, 0.02232, 0.00228, 0.0399, 0.09117, 0.02561, 0.01238, 0.00625, 0.05336, 0.08428, 0.02309, 0.00676, 0.00327, 0.04833, 0.00518, 0.02302, 0.05552, 0.00647, 0.01527, 0.01081, 0.08158, 0.02402, 0.04231, 0.06248, 0.00405],[0.20335, 0.20324, 0.20242, 0.22822, 0.21629, 0.21874, 0.21577],[7, 7, 10, 19, 7, 4, 2],58,7
2.5,153,[0.0214, 0.05073, 0.02145, 0.07283, 0.02077, 0.09378, 0.0214, 0.00125, 0.03557, 0.05851, 0.00969, 0.05106, 0.03543, 0.01235, 0.00062, 0.03039, 0.00689, 0.05288, 0.02698, 0.01306, 0.0668, 0.00963, 0.03875, 0.00864, 0.02621, 0.00181, 0.02046, 0.02743, 0.02484, 0.01932, 0.00215, 0.00265, 0.0109, 0.02902, 0.0314, 0.07268, 0.00128, 0.00259, 0.0759, 0.0776, 0.05193, 0.02232, 0.00228, 0.0399, 0.09117, 0.02561, 0.01238, 0.00625, 0.05336],[0.21393, 0.26485, 0.2694, 0.20735],[7, 6, 8, 10],49,4
2.5,154,[0.0008, 0.06095, 0.05625, 0.03723, 0.00295, 0.07273, 0.04255, 0.02533, 0.00045, 0.00369, 0.00928, 0.00337, 0.00765, 0.03119, 0.06624, 0.02282, 0.06353, 0.05629, 0.00259, 0.05041, 0.00557, 0.00288, 0.00137, 0.03706, 0.0005, 0.01759, 0.00641, 0.08778, 0.01692, 0.00214, 0.00188, 0.02004, 0.0131, 0.0226, 0.04648, 0.05008, 0.01761, 0.03595, 0.00268, 0.0028, 0.00291, 0.04447, 0.04451, 0.00703, 0.00547, 0.00963, 0.03509, 0.01173, 0.02031, 0.03928, 0.05146, 0.01907, 0.08419, 0.09329, 0.04086, 0.01235, 0.00062, 0.03039, 0.00689, 0.05288, 0.02698],[0.21327, 0.21892, 0.29774, 0.20431, 0.23207, 0.24518, 0.3225],[8, 7, 7, 2, 6, 14, 11],61,7
2.5,155,[0.0253, 0.053, 0.04231, 0.08757, 0.06242, 0.08318, 0.0068, 0.03479, 0.02246, 0.00123, 0.01308, 0.00545, 0.01409, 0.0367, 0.03011, 0.0018, 0.05953, 0.03612],[0.23891, 0.20242],[8, 10],18,2
2.5,156,[0.00121, 0.08609, 0.00644, 0.01085, 0.04344, 0.01363, 0.00253, 0.00568, 0.06918, 0.02311, 0.06315, 0.04223, 0.03334, 0.00124, 0.0478, 0.01489, 0.00344],[0.20558],[11],17,1
2.5,157,[0.02006, 0.02362, 0.01501, 0.09102, 0.09402, 0.00419, 0.02282, 0.06353, 0.05629, 0.00259, 0.05041, 0.00557, 0.00288, 0.00045, 0.00369, 0.00928, 0.00337, 0.00765, 0.03119, 0.06624, 0.01235, 0.00062, 0.03039, 0.00689, 0.05288, 0.02698, 0.01306, 0.0668, 0.00125, 0.03557, 0.05851, 0.00969, 0.05106, 0.00963, 0.03875, 0.00864, 0.02621, 0.00181, 0.02046, 0.02743, 0.02484, 0.01932, 0.00215, 0.00265, 0.0109, 0.02902, 0.0314, 0.07268, 0.00128, 0.00259, 0.0759, 0.0776, 0.05193, 0.02232, 0.00228, 0.0399, 0.09117, 0.02561, 0.01238, 0.00625, 0.05336, 0.08428, 0.02309, 0.00676, 0.00327, 0.04833, 0.00518, 0.02302, 0.05552],[0.23417, 0.21892, 0.22681, 0.26485, 0.23447, 0.20735, 0.22822],[6, 7, 7, 8, 5, 10, 19],69,7
2.5,158,[0.02927, 0.01609, 0.02248, 0.0404, 0.027, 0.01292, 0.01322, 0.08589, 0.07218, 0.00067, 0.07075, 0.05715, 0.00201, 0.03539, 0.03816, 0.01616, 0.00265, 0.0109, 0.02902, 0.0314, 0.07268, 0.00128, 0.00259, 0.0759, 0.0776, 0.05193, 0.02232, 0.00228, 0.0399, 0.09117, 0.02561, 0.01238, 0.00625, 0.05336, 0.08428, 0.02309, 0.00676, 0.00327, 0.04833, 0.00518, 0.02302, 0.05552, 0.00647, 0.01527],[0.23314, 0.20173, 0.24739, 0.22822, 0.21629],[2, 7, 7, 19, 7],44,5
2.5,159,[0.04442, 0.02883, 0.04436, 0.01963, 0.05572, 0.00649, 0.0098, 0.00536, 0.01165, 0.00315, 0.00067, 0.07075, 0.05715, 0.00201, 0.03539, 0.03816, 0.01616, 0.02248, 0.0404, 0.027, 0.01292, 0.01322, 0.08589, 0.07218, 0.07241, 0.02445, 0.01069, 0.02532, 0.00779, 0.05461, 0.0431, 0.0049, 0.01658, 0.00593, 0.03342, 0.00139, 0.0759, 0.0133, 0.04785, 0.04973, 0.00378, 0.02309, 0.00676, 0.00327, 0.04833, 0.00518, 0.02302, 0.05552, 0.00543, 0.01507, 0.01472, 0.05604, 0.00611],[0.20284, 0.20173, 0.33856, 0.28863, 0.24985],[10, 7, 17, 7, 7],53,5
2.5,160,[0.00109, 0.0289, 0.05408, 0.01573, 0.00444, 0.02143, 0.00585, 0.0003, 0.05465, 0.03247, 0.07131, 0.02363, 0.0071, 0.04462, 0.07177, 0.00281, 0.01235, 0.00062, 0.03039, 0.00689, 0.05288, 0.02698, 0.01306, 0.0668, 0.00045, 0.00369, 0.00928, 0.00337, 0.00765, 0.03119, 0.06624, 0.05282, 0.08606, 0.0031, 0.02493, 0.06868, 0.00315, 0.02246, 0.02282],[0.23346, 0.339, 0.22681, 0.21892],[6, 10, 8, 14],39,4
2.5,161,[0.02403, 0.00072, 0.0179, 0.00363, 0.01134, 0.00954, 0.0328, 0.00999, 0.00365, 0.02438, 0.05264, 0.0149, 0.02551, 0.00585, 0.0003, 0.05465, 0.03247, 0.07131, 0.02363, 0.0071, 0.04462, 0.07177, 0.00281, 0.00547, 0.00963, 0.03509, 0.01173, 0.02031, 0.01235, 0.00062, 0.03039, 0.00689, 0.05288, 0.02698, 0.01306, 0.0668],[0.24442, 0.27216, 0.23904, 0.3225],[10, 3, 10, 5],36,4
2.5,162,[0.03858, 0.01162, 0.01498, 0.00558, 0.03119, 0.09908, 0.08863, 0.02975, 0.04954, 0.0325, 0.0025, 0.00585, 0.0031, 0.00265, 0.0109, 0.02902, 0.0314, 0.07268, 0.00128, 0.00259, 0.0759, 0.0776, 0.05193, 0.02232, 0.00228, 0.0399, 0.09117, 0.02561, 0.01238, 0.00625, 0.05336, 0.08428],[0.21101],[13],32,1
2.5,163,[0.0059, 0.02409, 0.00428, 0.01453, 0.00373, 0.03861, 0.02203, 0.05297, 0.04739, 0.02778, 0.02284, 0.00314, 0.0038, 0.041, 0.03826, 0.01257, 0.00202, 0.02246, 0.00123, 0.01308, 0.00545, 0.01409, 0.0367, 0.03011, 0.0018, 0.05953, 0.03612, 0.00265, 0.0109, 0.02902, 0.0314, 0.07268, 0.00128, 0.00259, 0.0759, 0.0776, 0.05193, 0.02232, 0.00228, 0.0399, 0.09117, 0.02561, 0.01238, 0.00625, 0.05336, 0.08428, 0.02309, 0.00676, 0.00327, 0.04833, 0.00518],[0.20658, 0.20324, 0.20242, 0.22822],[10, 7, 10, 19],51,4
2.5,164,[0.00104, 0.03046, 0.07287, 0.05673, 0.03432, 0.00732, 0.01866, 0.0058, 0.03199, 0.03271, 0.01317, 0.0533, 0.04867, 0.07913, 0.09607, 0.04639, 0.00137, 0.03706, 0.02282, 0.06353, 0.05629, 0.00259, 0.05041, 0.00557, 0.00288],[0.3179, 0.29774],[16, 2],25,2
2.5,165,[0.00104, 0.01021, 0.00568, 0.00347, 0.01152, 0.01622, 0.02416, 0.06248, 0.00405, 0.08734, 0.02317, 0.00543, 0.07268, 0.01507, 0.01472, 0.02309, 0.00676, 0.00327, 0.04833, 0.00518, 0.02302, 0.05552, 0.0505, 0.00785, 0.04672, 0.03342, 0.00281, 0.03603, 0.02045, 0.06197, 0.06089, 0.07029, 0.0708, 0.0377, 0.00695, 0.03081, 0.07075, 0.0651, 0.0017, 0.01672, 0.04024, 0.02246],[0.24858, 0.29041, 0.24985, 0.26737, 0.2143, 0.20616],[7, 4, 4, 10, 10, 6],42,6
2.5,166,[0.00039, 0.00521, 0.07644, 0.00742, 0.02976, 0.00963, 0.03875, 0.00864, 0.02621, 0.00181, 0.02046, 0.02743, 0.02484, 0.01932, 0.00215, 0.00265, 0.0109, 0.02902, 0.0314, 0.07268, 0.00128, 0.00259, 0.0759, 0.0776, 0.05193, 0.02232, 0.00228, 0.0399, 0.09117, 0.02561, 0.01238, 0.00625, 0.05336, 0.08428, 0.02309, 0.00676, 0.00327, 0.04833, 0.00518, 0.02302, 0.05552, 0.00647],[0.21987, 0.20735, 0.22822, 0.21629],[5, 10, 19, 7],42,4
2.5,167,[0.00458, 0.00371, 0.00074, 0.01309, 0.00781, 0.02794, 0.00194, 0.00791, 0.06514, 0.01235, 0.00062, 0.03039, 0.00689, 0.05288, 0.02698, 0.01306, 0.0668, 0.00125, 0.03557, 0.05851, 0.00969, 0.05106, 0.00963, 0.03875, 0.00864, 0.02621, 0.00181, 0.02046, 0.02743, 0.02484, 0.01932, 0.00215, 0.00265, 0.0109, 0.02902, 0.0314, 0.07268, 0.00128, 0.00259, 0.0759, 0.0776, 0.05193, 0.02232, 0.00228, 0.0399, 0.09117, 0.02561, 0.01238, 0.00625, 0.05336, 0.08428, 0.02309, 0.00676, 0.00327, 0.04833, 0.00518, 0.02302, 0.05552],[0.22388, 0.26485, 0.23447, 0.20735, 0.22822, 0.21629],[9, 8, 5, 10, 19, 7],58,6
2.5,168,[0.00034, 0.0014, 0.01105, 0.04749, 0.06965, 0.08334, 0.00349, 0.01118, 0.00672, 0.07067, 0.06575, 0.03323, 0.01885, 0.03417, 0.02507, 0.08734, 0.03815, 0.07728, 0.04343, 0.04136, 0.02462, 0.01404, 0.00267, 0.02249, 0.02575, 0.0029, 0.0059, 0.02491, 0.0642, 0.00543, 0.07268, 0.01507, 0.01472, 0.00067, 0.07075, 0.05715, 0.00201, 0.03539, 0.03816, 0.01616, 0.02248, 0.0404, 0.027, 0.01292],[0.21461, 0.20214, 0.37184, 0.29113, 0.20173],[11, 3, 15, 4, 7],44,5
2.5,169,[0.01067, 0.02282, 0.06353, 0.05629, 0.00259, 0.05041, 0.00557, 0.00288, 0.00045, 0.00369, 0.00928, 0.00337, 0.00765, 0.03119, 0.06624, 0.01235, 0.00062, 0.03039, 0.00689, 0.05288, 0.02698, 0.01306, 0.0668, 0.00125, 0.03557, 0.05851, 0.00969, 0.05106, 0.00963, 0.03875, 0.00864, 0.02621, 0.00181, 0.02046, 0.02743, 0.02484, 0.01932, 0.00215, 0.00265, 0.0109, 0.02902, 0.0314, 0.07268, 0.00128, 0.00259, 0.0759, 0.0776, 0.05193, 0.02232, 0.00228, 0.0399, 0.09117, 0.02561, 0.01238, 0.00625, 0.05336, 0.08428, 0.02309, 0.00676, 0.00327, 0.04833, 0.00518, 0.02302, 0.05552],[0.23487, 0.21892, 0.22681, 0.26485, 0.23447, 0.20735, 0.22822, 0.21629],[1, 7, 7, 8, 5, 10, 19, 7],64,8
2.5,170,[0.00249, 0.04754, 0.00151, 0.00153, 0.00788, 0.01235, 0.00062, 0.03039, 0.00689, 0.05288, 0.02698, 0.01306, 0.0668, 0.00045, 0.00369, 0.00928, 0.00337, 0.00765, 0.03119, 0.06624, 0.02282, 0.06353, 0.05629, 0.00259, 0.05041, 0.00557, 0.00288, 0.00137, 0.03706, 0.0005, 0.01759, 0.00641, 0.08778, 0.01692, 0.00214, 0.00188, 0.02004, 0.0131, 0.0226, 0.04648, 0.05008, 0.01761, 0.03595, 0.00268, 0.0028, 0.00291, 0.04447, 0.04451, 0.00703, 0.00547, 0.00963, 0.03509, 0.01173, 0.02031, 0.03928, 0.05146, 0.01907, 0.08419, 0.09329],[0.201, 0.22681, 0.21892, 0.29774, 0.20431, 0.23207, 0.24518],[5, 8, 7, 7, 2, 6, 14],59,7
2.5,171,[0.02309, 0.00676, 0.00327, 0.04833, 0.00518, 0.02302, 0.05552, 0.00265, 0.0109, 0.02902, 0.0314, 0.07268, 0.00128, 0.00259, 0.0759, 0.0776, 0.05193, 0.02232, 0.00228, 0.0399, 0.09117, 0.02561, 0.01238, 0.00625, 0.05336, 0.08428, 0.02246, 0.00123, 0.01308, 0.00545, 0.01409, 0.0367, 0.03011, 0.0018, 0.05953, 0.03612, 0.02284, 0.00314, 0.0038, 0.041, 0.03826, 0.01257, 0.00202, 0.00045, 0.00369, 0.00928, 0.00337, 0.00765],[0.27538, 0.22822, 0.20242, 0.20324, 0.25986],[0, 7, 19, 10, 7],48,5
2.5,172,[0.02137, 0.00505, 0.00219, 0.01839, 0.02698, 0.00524, 0.01235, 0.00062, 0.03039, 0.00689, 0.05288, 0.02698, 0.01306, 0.0668, 0.00045, 0.00369, 0.00928, 0.00337, 0.00765, 0.03119, 0.06624, 0.02282, 0.06353, 0.05629, 0.00259, 0.05041, 0.00557, 0.00288, 0.00137, 0.03706, 0.0005, 0.01759, 0.00641, 0.08778, 0.01692, 0.00214, 0.00188, 0.02004, 0.0131, 0.0226, 0.04648, 0.05008, 0.01761, 0.03595, 0.00268, 0.0028, 0.00291, 0.04447, 0.04451, 0.00703, 0.00547, 0.00963, 0.03509, 0.01173, 0.02031, 0.03928, 0.05146, 0.01907, 0.08419, 0.09329],[0.23609, 0.22681, 0.21892, 0.29774, 0.20431, 0.23207, 0.24518],[6, 8, 7, 7, 2, 6, 14],60,7
2.5,173,[0.02862, 0.07527, 0.02013, 0.08605, 0.00166, 0.04171, 0.01145, 0.00391, 0.07315, 0.00701, 0.00249, 0.08194, 0.06248, 0.00405, 0.08734, 0.02317, 0.02402, 0.04231, 0.02686, 0.08274, 0.03394, 0.0161, 0.00331, 0.00647, 0.01527, 0.01081, 0.08158, 0.09859, 0.08064, 0.00243, 0.02003, 0.01644, 0.0382, 0.00299],[0.22856, 0.21577, 0.21874],[12, 4, 7],34,3
2.5,174,[0.00917, 0.00209, 0.08972, 0.01261, 0.02254, 0.01235, 0.00062, 0.03039, 0.00689, 0.05288, 0.02698, 0.01306, 0.0668, 0.00045, 0.00369, 0.00928, 0.00337, 0.00765, 0.03119, 0.06624, 0.02282, 0.06353, 0.05629, 0.00259, 0.05041, 0.00557, 0.00288, 0.00137, 0.03706, 0.0005, 0.01759, 0.00641, 0.08778, 0.01692, 0.00214, 0.00188, 0.02004, 0.0131, 0.0226, 0.04648, 0.05008, 0.01761, 0.03595, 0.00268, 0.0028, 0.00291, 0.04447, 0.04451, 0.00703, 0.00547, 0.00963, 0.03509, 0.01173, 0.02031, 0.03928, 0.05146, 0.01907, 0.08419, 0.09329],[0.35487, 0.22681, 0.21892, 0.29774, 0.20431, 0.23207, 0.24518],[5, 8, 7, 7, 2, 6, 14],59,7
2.5,175,[0.0013, 0.00404, 0.02566, 0.0463, 0.00183, 0.01628, 0.03678, 0.03033, 0.00547, 0.00963, 0.03509, 0.01173, 0.02031, 0.00585, 0.0003, 0.05465, 0.03247, 0.07131, 0.02363, 0.0071, 0.04462, 0.07177, 0.00281, 0.01235, 0.00062, 0.03039, 0.00689, 0.05288, 0.02698, 0.01306, 0.0668, 0.00045, 0.00369, 0.00928],[0.22288, 0.23904, 0.339, 0.22681],[8, 5, 10, 8],34,4
2.5,176,[0.04544, 0.07589, 0.00696, 0.03794, 0.00525, 0.00963, 0.03875, 0.00864, 0.02621, 0.00181, 0.02046, 0.02743, 0.02484, 0.01932, 0.00215, 0.00265, 0.0109, 0.02902, 0.0314, 0.07268, 0.00128, 0.00259, 0.05193, 0.02232, 0.00228, 0.0399, 0.09117, 0.02561, 0.01238, 0.00625, 0.05336, 0.08428, 0.02309, 0.00676, 0.00327, 0.04833, 0.00518, 0.02302, 0.05552, 0.00647, 0.01527, 0.01081],[0.22338, 0.20735, 0.22822, 0.21629],[5, 10, 17, 7],42,4
2.5,177,[0.01261, 0.04041, 0.00917, 0.00512, 0.00883, 0.00188, 0.02004, 0.0131, 0.0226, 0.04648, 0.05008, 0.01761, 0.03595, 0.00268, 0.0028, 0.00291, 0.04447, 0.04451, 0.00703, 0.00547, 0.00963, 0.03509, 0.01173, 0.02031, 0.00585, 0.0003, 0.05465, 0.03247, 0.07131, 0.02363, 0.0071, 0.04462, 0.07177, 0.00281, 0.01235, 0.00062, 0.03039, 0.00689, 0.05288, 0.02698, 0.01306, 0.0668, 0.00045, 0.00369, 0.00928, 0.00337],[0.22465, 0.24518, 0.23904, 0.339, 0.22681],[5, 14, 5, 10, 8],46,5
2.5,178,[0.0106, 0.02795, 0.03497, 0.00585, 0.0003, 0.05465, 0.03247, 0.07131, 0.02363, 0.0071, 0.04462, 0.07177, 0.00281, 0.00547, 0.00963, 0.03509, 0.01173, 0.02031, 0.01235, 0.00062, 0.03039, 0.00689, 0.05288, 0.02698, 0.01306, 0.0668, 0.00045, 0.00369, 0.00928, 0.00337, 0.00765, 0.03119, 0.06624, 0.05282, 0.08606, 0.0031, 0.02493, 0.06868, 0.00315, 0.02246],[0.2067, 0.23904, 0.3225, 0.22681, 0.21892],[3, 10, 5, 8, 14],40,5
2.5,179,[0.01056, 0.0018, 0.04238, 0.00824, 0.00345, 0.00934, 0.07665, 0.07211, 0.05247],[],[],9,0
2.5,180,[0.00451, 0.00081, 0.04223, 0.03334, 0.00124, 0.0478, 0.01489, 0.00344, 0.00188, 0.02004, 0.0131, 0.0226, 0.04648, 0.05008, 0.01761, 0.03595, 0.00268, 0.0028, 0.00291, 0.04447, 0.04451, 0.00703, 0.00547, 0.00963, 0.03509, 0.01173, 0.02031, 0.00585, 0.0003, 0.05465, 0.03247, 0.07131, 0.02363, 0.0071, 0.04462, 0.07177, 0.00281, 0.01235, 0.00062, 0.03039, 0.00689, 0.05288, 0.02698, 0.01306, 0.0668],[0.22252, 0.25945, 0.24518, 0.23904, 0.339, 0.22681],[2, 6, 14, 5, 10, 8],45,6
2.5,181,[0.02549, 0.089, 0.00849, 0.06443, 0.06248, 0.00405, 0.08734, 0.02317, 0.00543, 0.07268, 0.01507, 0.01472, 0.00676, 0.00327, 0.04833, 0.00518, 0.02302, 0.05552, 0.0505, 0.00785, 0.04672, 0.03342, 0.00281, 0.03603, 0.02045, 0.06197, 0.06089, 0.07029, 0.0708, 0.0377, 0.00695, 0.03081, 0.07075, 0.0651, 0.0017, 0.01672, 0.04024, 0.02246, 0.00123, 0.01308, 0.00545, 0.01409, 0.0367, 0.03011, 0.0018, 0.05953, 0.03612, 0.02284, 0.00314],[0.22969, 0.29041, 0.24985, 0.26737, 0.2143, 0.20616, 0.20324],[4, 4, 4, 9, 10, 6, 10],49,7
2.5,182,[0.01945, 0.06563, 0.05233, 0.01773, 0.00622, 0.00215, 0.00067, 0.07075, 0.05715, 0.00201, 0.03539, 0.03816, 0.01616, 0.02248, 0.0404, 0.027, 0.01292, 0.01322, 0.08589, 0.07218, 0.07241, 0.02445, 0.01069, 0.02532, 0.00779, 0.05461, 0.0431, 0.0049, 0.01658, 0.00593, 0.03342, 0.00139, 0.0759, 0.0133, 0.04785, 0.04973, 0.00378, 0.02309, 0.00676, 0.00327, 0.04833, 0.00518, 0.02302, 0.05552, 0.00543, 0.01507, 0.01472, 0.05604, 0.00611, 0.06248, 0.00405, 0.08734, 0.02317, 0.00242],[0.26324, 0.20173, 0.33856, 0.28863, 0.24985, 0.29041],[6, 7, 17, 7, 7, 5],54,6
2.5,183,[0.00904, 0.05564, 0.02062, 0.04688, 0.0524, 0.02284, 0.00314, 0.0038, 0.041, 0.03826, 0.01257, 0.00202, 0.02246, 0.00123, 0.01308, 0.00545, 0.01409, 0.0367, 0.03011, 0.0018, 0.05953, 0.03612, 0.00265, 0.0109, 0.02902, 0.0314, 0.07268, 0.00128, 0.00259, 0.0759, 0.0776, 0.05193, 0.02232, 0.00228, 0.0399, 0.09117, 0.02561, 0.01238, 0.00625, 0.05336, 0.08428, 0.02309, 0.00676, 0.00327, 0.04833, 0.00518, 0.02302],[0.21515, 0.20324, 0.20242, 0.22822],[5, 7, 10, 19],47,4
2.5,184,[0.00073, 0.00037, 0.01793, 0.00638, 0.0061, 0.00838, 0.08949, 0.01225, 0.02072, 0.0122, 0.02783, 0.0831, 0.00709, 0.00364, 0.00729, 0.03289, 0.01235, 0.00062, 0.03039, 0.00689, 0.05288, 0.02698, 0.01306, 0.0668, 0.00045, 0.00369, 0.00928, 0.00337, 0.00765, 0.03119, 0.06624, 0.02282, 0.06353, 0.05629, 0.00259, 0.05041, 0.00557, 0.00288, 0.00137, 0.03706, 0.0005, 0.01759, 0.00641, 0.08778, 0.01692, 0.00214, 0.00188, 0.02004, 0.0131, 0.0226, 0.04648, 0.05008, 0.01761],[0.23889, 0.22681, 0.21892, 0.29774, 0.20431, 0.23207],[16, 8, 7, 7, 2, 6],53,6
2.5,185,[0.06424, 0.07083, 0.09698, 0.00492, 0.02322, 0.02507, 0.06248, 0.02721, 0.0077, 0.00161, 0.01779, 0.07491, 0.01216, 0.06187, 0.04952, 0.00313, 0.02309, 0.04834, 0.006, 0.01247, 0.01774, 0.04571, 0.06333, 0.02167, 0.06356, 0.01909, 0.00586, 0.05135, 0.00611, 0.09711, 0.03942, 0.04023, 0.07507, 0.01425, 0.00368, 0.01889, 0.00265, 0.0109, 0.02902, 0.0314, 0.07268, 0.00128],[0.204, 0.20572, 0.24199],[5, 11, 20],42,3
2.5,186,[0.03555, 0.01479, 0.02811, 0.02955, 0.04293, 0.08044, 0.04427, 0.08072, 0.01235, 0.00062, 0.03039, 0.00689, 0.05288, 0.02698, 0.01306, 0.0668, 0.00045, 0.00369, 0.00928, 0.00337, 0.00765, 0.03119, 0.06624, 0.02282, 0.06353, 0.05629, 0.00259],[0.30571, 0.22681, 0.21892],[8, 8, 7],27,3
2.5,187,[0.00891, 0.01083, 0.03885, 0.07505, 0.009, 0.00908, 0.02308, 0.00125, 0.03557, 0.05851, 0.00969, 0.05106, 0.01235, 0.00062, 0.03039, 0.00689, 0.05288, 0.02698, 0.01306, 0.0668, 0.00963, 0.03875, 0.00864, 0.02621, 0.00181, 0.02046, 0.02743, 0.02484, 0.01932, 0.00215, 0.00265, 0.0109, 0.02902, 0.0314, 0.07268, 0.00128, 0.00259, 0.0759, 0.0776, 0.05193, 0.02232, 0.00228, 0.0399, 0.09117, 0.02561, 0.01238, 0.00625, 0.05336, 0.08428],[0.23176, 0.26485, 0.2694, 0.20735],[7, 5, 8, 10],49,4
2.5,188,[0.00714, 0.01373, 0.01974, 0.04464, 0.02284, 0.00314, 0.0038, 0.041, 0.03826, 0.01257, 0.00202, 0.02246, 0.00123, 0.01308, 0.00545, 0.01409, 0.0367, 0.03011, 0.0018, 0.05953, 0.03612, 0.00265, 0.0109, 0.02902, 0.0314, 0.07268, 0.00128, 0.00259, 0.0759, 0.0776, 0.05193, 0.02232, 0.00228, 0.0399, 0.09117, 0.02561, 0.01238, 0.00625, 0.05336, 0.08428, 0.02309, 0.00676, 0.00327, 0.04833, 0.00518, 0.02302, 0.05552, 0.00647, 0.01527, 0.01081, 0.08158, 0.02402, 0.04231, 0.06248, 0.00405],[0.28958, 0.20324, 0.20242, 0.22822, 0.21629, 0.21874, 0.21577],[4, 7, 10, 19, 7, 4, 2],55,7
2.5,189,[0.05007, 0.00574, 0.00978, 0.02138, 0.00677, 0.05016, 0.00789, 0.03173, 0.07154, 0.01094, 0.00576, 0.03182, 0.00294, 0.02104, 0.01844, 0.02796, 0.04565, 0.06205, 0.09904, 0.04144, 0.00547, 0.00963, 0.03509, 0.01173, 0.02031, 0.00585, 0.0003, 0.05465, 0.03247, 0.07131, 0.02363],[0.20725, 0.23904],[20, 5],31,2
2.5,190,[0.04003, 0.02524, 0.00348, 0.00203, 0.00496, 0.00255, 0.02282, 0.06353, 0.05629, 0.00259, 0.05041, 0.00557, 0.00288, 0.00045, 0.00369, 0.00928, 0.00337, 0.00765, 0.03119, 0.06624, 0.01235, 0.00062, 0.03039, 0.00689, 0.05288, 0.02698, 0.01306, 0.0668, 0.00125, 0.03557, 0.05851, 0.00969, 0.05106, 0.00963, 0.03875, 0.00864, 0.02621, 0.00181, 0.02046, 0.02743, 0.02484, 0.01932, 0.00215, 0.00265, 0.0109, 0.02902, 0.0314, 0.07268, 0.00128, 0.00259, 0.0759, 0.0776, 0.05193, 0.02232, 0.00228, 0.0399, 0.09117, 0.02561, 0.01238, 0.00625, 0.05336, 0.08428, 0.02309, 0.00676, 0.00327],[0.26739, 0.21892, 0.22681, 0.26485, 0.23447, 0.20735, 0.22822],[6, 7, 7, 8, 5, 10, 19],65,7
2.5,191,[0.00706, 0.00233, 0.00576, 0.00335, 0.08062, 0.01095, 0.0105, 0.01, 0.0058, 0.07489, 0.00802, 0.02345, 0.00265, 0.03156, 0.09043, 0.05498, 0.04119, 0.01197, 0.01572, 0.01235, 0.00062, 0.03039, 0.00689, 0.05288, 0.02698, 0.01306, 0.0668],[0.22397, 0.20462, 0.31713],[5, 5, 9],27,3
2.5,192,[0.01924, 0.03999, 0.06173, 0.07872, 0.02684, 0.02342, 0.02246, 0.00123, 0.01308, 0.00545, 0.01409, 0.0367, 0.03011, 0.0018, 0.05953, 0.03612, 0.00265, 0.0109, 0.02902, 0.0314, 0.07268, 0.00128, 0.00259, 0.0759, 0.0776, 0.05193, 0.02232, 0.00228, 0.0399, 0.09117, 0.02561, 0.01238, 0.00625, 0.05336, 0.08428, 0.02309, 0.00676, 0.00327, 0.04833, 0.00518, 0.02302, 0.05552, 0.00647, 0.01527],[0.22642, 0.20242, 0.22822, 0.21629],[6, 10, 19, 7],44,4
2.5,193,[0.01126, 0.04506, 0.02314, 0.02883, 0.00126, 0.01525, 0.00137, 0.03706, 0.0005, 0.01759, 0.00641, 0.08778, 0.01692, 0.00214, 0.00188, 0.02004, 0.0131, 0.0226, 0.04648, 0.05008, 0.01761, 0.03595, 0.00268, 0.0028, 0.00291, 0.04447, 0.04451, 0.00703, 0.00547, 0.00963, 0.03509, 0.01173, 0.02031, 0.00585, 0.0003, 0.05465, 0.03247, 0.07131, 0.02363, 0.0071, 0.04462, 0.07177, 0.00281, 0.01235, 0.00062, 0.03039, 0.00689, 0.05288, 0.02698, 0.01306, 0.0668, 0.00045, 0.00369, 0.00928, 0.00337, 0.00765, 0.03119, 0.06624, 0.05282],[0.34222, 0.20431, 0.23207, 0.24518, 0.23904, 0.339, 0.22681],[6, 2, 6, 14, 5, 10, 8],59,7
2.5,194,[0.00401, 0.03658, 0.08046, 0.075, 0.08178, 0.00597, 0.06663, 0.03618, 0.00715, 0.06655, 0.01803, 0.0158, 0.0188, 0.02092, 0.01228],[],[],15,0
2.5,195,[0.00429, 0.02008, 0.01127, 0.08375, 0.08636, 0.03391, 0.06054, 0.01235, 0.00062, 0.03039, 0.00689, 0.05288, 0.02698, 0.01306, 0.0668, 0.00045, 0.00369, 0.00928, 0.00337, 0.00765, 0.03119, 0.06624, 0.02282, 0.06353, 0.05629, 0.00259, 0.05041, 0.00557, 0.00288, 0.00137, 0.03706, 0.0005, 0.01759, 0.00641, 0.08778, 0.01692, 0.00214, 0.00188, 0.02004, 0.0131, 0.0226, 0.04648, 0.05008, 0.01761, 0.03595, 0.00268, 0.0028, 0.00291, 0.04447, 0.04451, 0.00703, 0.00547, 0.00963, 0.03509, 0.01173, 0.02031, 0.03928, 0.05146, 0.01907, 0.08419, 0.09329],[0.30102, 0.22681, 0.21892, 0.29774, 0.20431, 0.23207, 0.24518],[7, 8, 7, 7, 2, 6, 14],61,7
2.5,196,[0.00294, 0.00177, 0.05197, 0.0185, 0.0627, 0.00215, 0.06036, 0.00449, 0.01965, 0.00515, 0.02852, 0.00868, 0.0158, 0.03514, 0.00375, 0.02758, 0.00067, 0.07075],[0.24385],[16],18,1
2.5,197,[0.00189, 0.03214, 0.01667, 0.02659, 0.02981, 0.01011, 0.04283, 0.0087, 0.06396, 0.04498, 0.00659, 0.00345, 0.00356, 0.03561, 0.00137, 0.03706, 0.02282, 0.06353, 0.05629, 0.00259, 0.05041, 0.00557, 0.00288, 0.00045, 0.00369, 0.00928, 0.00337, 0.00765, 0.03119, 0.06624, 0.01235, 0.00062, 0.03039, 0.00689, 0.05288, 0.02698, 0.01306],[0.26983, 0.29774, 0.21892, 0.22681],[14, 2, 7, 7],37,4
2.5,198,[0.01514, 0.05217, 0.00144, 0.09469, 0.08393, 0.05798, 0.03323, 0.01885, 0.03417, 0.02507, 0.08734, 0.03815, 0.07728, 0.04343, 0.04136, 0.02462, 0.01404, 0.00267, 0.02249, 0.02575, 0.0029, 0.0059, 0.02491, 0.0642, 0.00543, 0.07268, 0.01507, 0.01472, 0.00067, 0.07075, 0.05715, 0.00201, 0.03539, 0.03816, 0.01616, 0.02248, 0.0404, 0.027, 0.01292],[0.21611, 0.20214, 0.37184, 0.29113, 0.20173],[6, 3, 15, 4, 7],39,5
2.5,199,[0.00729, 0.00544, 0.01479, 0.02743, 0.02282, 0.06353, 0.05629, 0.00259, 0.05041, 0.00557, 0.00288, 0.00137, 0.03706, 0.0005, 0.01759, 0.00641, 0.08778, 0.01692, 0.00214, 0.00188, 0.02004, 0.0131, 0.0226, 0.04648, 0.05008, 0.01761, 0.03595, 0.00268, 0.0028, 0.00291, 0.04447, 0.04451, 0.00703, 0.00547, 0.00963, 0.03509, 0.01173, 0.02031, 0.03928, 0.05146, 0.01907, 0.08419, 0.09329, 0.04086, 0.00585, 0.0003, 0.05465, 0.03247, 0.07131, 0.02363],[0.21385, 0.29774, 0.20431, 0.23207, 0.24518, 0.23904],[4, 7, 2, 6, 14, 11],50,6

