2.5,0,[0.00239, 0.00225, 0.03707, 0.05706, 0.004, 0.01724, 0.03097, 0.02429, 0.00674, 0.02448, 0.0152, 0.00917, 0.0037, 0.02456, 0.04531, 0.00102, 0.0011, 0.00756, 0.01145, 0.00613, 0.0022, 0.03283, 0.0076, 0.01785, 0.00145, 0.0017, 0.0332, 0.00433, 0.06484, 0.00694, 0.03217, 0.00354, 0.00263, 0.02539, 0.04189, 0.01084, 0.00224, 0.04449],[0.20939, 0.22549, 0.29003, 0.23244, 0.22583, 0.21453],[1, 9, 5, 6, 9, 8],38,6
2.5,1,[0.00033, 0.02355, 0.00139, 0.01884, 0.0225, 0.06758, 0.047, 0.0414, 0.01485, 0.01786, 0.05604, 0.05213, 0.0983, 0.05445, 0.01106, 0.01434, 0.05206, 0.00308, 0.08127, 0.05947, 0.01, 0.04351, 0.07252, 0.02981, 0.05043, 0.05139, 0.06926, 0.00499, 0.00549, 0.01656, 0.00288, 0.04085, 0.01364, 0.00356, 0.00803, 0.05262, 0.01256, 0.07707, 0.02755, 0.0662, 0.09584, 0.03013, 0.05934, 0.00428, 0.03882, 0.04702, 0.0428, 0.09478, 0.00677, 0.03491, 0.04654, 0.01709, 0.03007, 0.01755, 0.03224, 0.01595],[0.2518, 0.23416, 0.36523, 0.20192, 0.23988],[4, 15, 15, 6, 11],56,5
2.5,2,[0.00664, 0.00505, 0.02292, 0.00416, 0.05947, 0.01, 0.04351, 0.07252, 0.02981, 0.05043, 0.05139, 0.06926, 0.00499, 0.00549, 0.01656, 0.00288, 0.04085, 0.01364, 0.00356, 0.0225, 0.06758, 0.047, 0.0414, 0.01485, 0.01786, 0.05604, 0.05213, 0.0983, 0.05445, 0.01106, 0.01434, 0.05206, 0.00308, 0.08127, 0.01298, 0.02568, 0.04235, 0.0087, 0.00393, 0.07965, 0.00669, 0.0363, 0.01186, 0.01904, 0.04846, 0.09161, 0.06259, 0.08675, 0.00915, 0.00595, 0.02422, 0.03283, 0.0076, 0.01785, 0.00145, 0.0017, 0.0332, 0.00433, 0.06484, 0.00694, 0.03217],[0.2419, 0.23416, 0.22477, 0.21354, 0.28498, 0.22583],[4, 15, 15, 15, 2, 9],61,6
2.5,3,[0.04462, 0.00995, 0.08, 0.02441, 0.00072, 0.00899, 0.0007, 0.00227, 0.02625, 0.04223, 0.04386, 0.00178, 0.03874, 0.08038, 0.02933, 0.09732, 0.02239, 0.03283, 0.0076, 0.01785, 0.00145, 0.0017, 0.0332, 0.00433, 0.06484, 0.00694, 0.03217, 0.00354, 0.00263, 0.02539, 0.04189, 0.01084, 0.00224, 0.04449, 0.03261, 0.03018, 0.02549, 0.02852, 0.04649, 0.04617, 0.06071, 0.03248, 0.01927, 0.08201, 0.01304, 0.04566, 0.00376, 0.05199, 0.00147],[0.26682, 0.23806, 0.22583, 0.28155, 0.22682, 0.26473],[4, 13, 9, 8, 6, 5],49,6
2.5,4,[0.00695, 0.06647, 0.05035, 0.00634, 0.07173, 0.01138, 0.09373, 0.00396, 0.00604, 0.05896, 0.07518, 0.00595, 0.02422, 0.00371, 0.02784, 0.04796, 0.09232, 0.08038, 0.01336, 0.00356, 0.00714, 0.02712, 0.00243, 0.05256, 0.07221, 0.06717, 0.06763, 0.05438, 0.00297, 0.02781, 0.04089, 0.01617, 0.03217, 0.00354, 0.00263, 0.02539],[0.21971, 0.20208, 0.23788],[11, 2, 19],36,3
2.5,5,[0.00049, 0.03898, 0.03266, 0.04209, 0.01792, 0.09879, 0.00399, 0.01394, 0.07533, 0.03737, 0.01122, 0.00873, 0.02926, 0.01709, 0.03007, 0.01755, 0.03224, 0.01595, 0.00182, 0.02641, 0.08257, 0.02512, 0.0767, 0.02824, 0.05777, 0.07916, 0.09584, 0.03013, 0.05934, 0.00428, 0.03882, 0.04702, 0.00803, 0.05262, 0.01256, 0.07707, 0.02755, 0.0662, 0.00072, 0.00899, 0.0007, 0.00227, 0.02625, 0.04223, 0.04386, 0.00178],[0.23032, 0.23988, 0.20192, 0.25288],[13, 13, 6, 6],46,4
2.5,6,[0.0051, 0.03229, 0.00462, 0.00361, 0.03123, 0.00438, 0.07726, 0.03217, 0.00354, 0.00263, 0.02539, 0.04189, 0.01084, 0.00224, 0.04449, 0.03283, 0.0076, 0.01785, 0.00145, 0.0017, 0.0332, 0.00433, 0.06484, 0.00694, 0.00102, 0.0011, 0.00756, 0.01145, 0.00613, 0.0022, 0.00225, 0.03707, 0.05706, 0.004, 0.01724, 0.03097, 0.02429, 0.00674, 0.02448, 0.0152, 0.00917, 0.0037, 0.02456, 0.04531, 0.01709, 0.03007, 0.01755, 0.03224, 0.01595, 0.00182, 0.02641, 0.08257, 0.02512, 0.0767, 0.02824, 0.05777, 0.07916, 0.09584, 0.03013],[0.25178, 0.22583, 0.23244, 0.20298, 0.22549, 0.37038, 0.23988],[7, 8, 9, 6, 9, 5, 13],59,7
2.5,7,[0.04884, 0.0164, 0.06454, 0.01904, 0.03097, 0.02263, 0.00491, 0.03891, 0.00214, 0.03283, 0.0076, 0.01785, 0.00145, 0.0017, 0.0332, 0.00433, 0.06484, 0.00694, 0.03217, 0.00354, 0.00263, 0.02539, 0.04189, 0.01084, 0.00224, 0.04449, 0.09298, 0.01096, 0.09432, 0.01521, 0.03085, 0.00384, 0.02269, 0.00558, 0.04796, 0.01697, 0.0436, 0.0238, 0.00734, 0.09732, 0.00599, 0.08091, 0.00454, 0.04566, 0.00376, 0.05199, 0.00147],[0.22735, 0.22583, 0.21453, 0.2137],[9, 9, 13, 12],47,4
2.5,8,[0.00563, 0.01883, 0.03534, 0.0268, 0.02543, 0.01647, 0.06169, 0.05403, 0.04098, 0.00251, 0.0284, 0.01876, 0.03042, 0.01334, 0.00094, 0.00283, 0.00566, 0.09584, 0.03221, 0.01425, 0.02343, 0.02361, 0.00308, 0.03479],[0.22549],[13],24,1
2.5,9,[0.00278, 0.06246, 0.00242, 0.05911, 0.0211, 0.00951, 0.00662, 0.00238, 0.08578, 0.01709, 0.03007, 0.01755, 0.03224, 0.01595, 0.00182, 0.02641, 0.08257, 0.02512, 0.0767, 0.02824, 0.05777, 0.07916, 0.09584, 0.03013, 0.05934],[0.21972, 0.23988],[9, 13],25,2
2.5,10,[0.02499, 0.05947, 0.01, 0.04351, 0.07252, 0.02981, 0.05043, 0.05139, 0.06926, 0.00499, 0.00549, 0.01656, 0.00288, 0.04085, 0.01364, 0.00356, 0.0225, 0.06758, 0.047, 0.0414, 0.01485, 0.01786, 0.05604, 0.05213, 0.0983, 0.05445, 0.01106, 0.01434, 0.05206, 0.00308, 0.08127, 0.01298, 0.02568, 0.04235, 0.0087, 0.00393, 0.07965, 0.00669, 0.0363, 0.01186, 0.01904, 0.04846, 0.09161, 0.06259, 0.08675, 0.00915, 0.00595, 0.02422, 0.03283, 0.0076, 0.01785, 0.00145, 0.0017, 0.0332, 0.00433, 0.06484, 0.00694, 0.03217],[0.30674, 0.23416, 0.22477, 0.21354, 0.28498, 0.22583],[1, 15, 15, 15, 2, 9],58,6
2.5,11,[0.0261, 0.00393, 0.03121, 0.02546, 0.0147, 0.00768, 0.05244, 0.00195, 0.00982, 0.05015, 0.09442, 0.00803, 0.05262, 0.01256, 0.07707, 0.02755, 0.0662, 0.09584, 0.03013, 0.05934, 0.00428, 0.03882, 0.04702, 0.0428, 0.09478, 0.00677, 0.03491, 0.04654, 0.01709, 0.03007, 0.01755, 0.03224, 0.01595, 0.00182, 0.02641, 0.08257],[0.2314, 0.20192, 0.23988],[11, 6, 11],36,3
2.5,12,[0.00799, 0.0066, 0.07827, 0.02467, 0.03356, 0.02762, 0.01172, 0.03371, 0.01988, 0.07812, 0.05947, 0.01, 0.04351, 0.07252, 0.02981, 0.05043, 0.05139, 0.06926, 0.00499, 0.00549, 0.01656, 0.00288, 0.04085, 0.01364],[0.20436],[10],24,1
2.5,13,[0.01341, 0.00158, 0.07763, 0.07892, 0.00104, 0.00795, 0.0158, 0.03817, 0.0828, 0.02291, 0.00659, 0.05973, 0.00354, 0.01858, 0.03068, 0.01334, 0.00094, 0.00283, 0.00566, 0.09584, 0.03221, 0.01425, 0.02343, 0.02361, 0.00308, 0.03479, 0.0221, 0.01152, 0.01709, 0.03007, 0.01755, 0.03224, 0.01595, 0.00182, 0.02641, 0.08257, 0.02512, 0.0767, 0.02824, 0.05777, 0.07916, 0.00803, 0.05262, 0.01256, 0.07707, 0.02755, 0.0662, 0.00072, 0.00899, 0.0007, 0.00227, 0.02625, 0.04223],[0.24291, 0.28659, 0.26762, 0.26858, 0.25288],[4, 11, 13, 13, 6],53,5
2.5,14,[0.00083, 0.00305, 0.03071, 0.02424, 0.01709, 0.03007, 0.01755, 0.03224, 0.01595, 0.00182, 0.02641, 0.08257, 0.02512, 0.0767, 0.02824, 0.05777, 0.07916, 0.09584, 0.03013, 0.05934, 0.00428, 0.03882, 0.04702, 0.00803, 0.05262, 0.01256, 0.07707, 0.02755, 0.0662, 0.00072, 0.00899, 0.0007, 0.00227, 0.02625, 0.04223, 0.04386, 0.00178, 0.03874, 0.08038, 0.02933, 0.09732, 0.02239, 0.03283, 0.0076, 0.01785, 0.00145],[0.20085, 0.23988, 0.20192, 0.25288, 0.23806],[4, 13, 6, 6, 13],46,5
2.5,15,[0.01637, 0.0486, 0.00723, 0.0471, 0.03151, 0.00274, 0.00494, 0.0444, 0.00599, 0.0573, 0.02999, 0.07189, 0.01334, 0.00094, 0.00283, 0.00566, 0.09584, 0.03221, 0.01425, 0.02343, 0.02361, 0.00308, 0.03479, 0.0221, 0.01152, 0.00803, 0.05262, 0.01256, 0.07707, 0.02755, 0.0662, 0.00072, 0.00899, 0.0007, 0.00227, 0.02625, 0.04223, 0.04386, 0.00178, 0.03874, 0.08038, 0.02933, 0.09732, 0.02239, 0.03283, 0.0076, 0.01785, 0.00145, 0.0017, 0.0332, 0.00433, 0.06484, 0.00694, 0.03217, 0.00354, 0.00263, 0.02539],[0.2312, 0.29686, 0.25288, 0.23806, 0.22583],[12, 13, 6, 13, 9],57,5
2.5,16,[0.03925, 0.09857, 0.06686, 0.00199, 0.00856, 0.07305, 0.01334, 0.00094, 0.00283, 0.00566, 0.09584, 0.03221, 0.01425, 0.02343, 0.02361, 0.00308, 0.03479, 0.0221, 0.01152, 0.00803, 0.05262, 0.01256, 0.07707, 0.02755, 0.0662, 0.02902, 0.00209, 0.01793, 0.00129, 0.03498, 0.05079, 0.05914, 0.01818, 0.04762, 0.00191, 0.08152, 0.0162, 0.04944, 0.05706, 0.01414, 0.00323, 0.02239, 0.03772, 0.0101, 0.07902, 0.0323, 0.02977, 0.00287, 0.00298, 0.01851, 0.0152, 0.00917, 0.0037, 0.02456, 0.04531, 0.00102, 0.0011, 0.00756, 0.01145, 0.00613, 0.0022, 0.04086, 0.04053, 0.02558, 0.09304],[0.20893, 0.29686, 0.24618, 0.23013, 0.20901, 0.29003, 0.23244],[6, 13, 6, 13, 12, 5, 10],65,7
2.5,17,[0.00843, 0.01871, 0.02166, 0.0186, 0.00798, 0.04866, 0.04841, 0.03919, 0.01991, 0.09532, 0.02602, 0.03547, 0.03387, 0.04117],[],[],14,0
2.5,18,[0.00061, 0.00803, 0.05262, 0.01256, 0.07707, 0.02755, 0.0662, 0.09584, 0.03013, 0.05934, 0.00428, 0.03882, 0.04702, 0.0428, 0.09478, 0.00677, 0.03491, 0.04654, 0.01709, 0.03007, 0.01755, 0.03224, 0.01595, 0.00182, 0.02641, 0.08257, 0.02512, 0.0767, 0.02824, 0.05777, 0.07916, 0.05706, 0.01414, 0.00323, 0.02239, 0.03772, 0.0101, 0.07902, 0.0323, 0.02977, 0.00287, 0.00298, 0.01851, 0.0152, 0.00917, 0.0037, 0.02456, 0.04531, 0.00102, 0.0011, 0.00756, 0.01145],[0.2073, 0.20192, 0.23988, 0.21373, 0.20901, 0.29003],[1, 6, 11, 13, 12, 5],52,6
2.5,19,[0.0552, 0.08754, 0.00751, 0.04569, 0.00487, 0.02996, 0.00752, 0.02899, 0.03957, 0.06691, 0.01014, 0.04227, 0.01709, 0.03007, 0.01755, 0.03224, 0.01595, 0.00182, 0.02641, 0.08257, 0.02512, 0.0767, 0.02824, 0.05777, 0.07916, 0.09584, 0.03013, 0.05934, 0.00428, 0.03882, 0.04702, 0.00803, 0.05262, 0.01256],[0.26556, 0.23988, 0.20192],[12, 13, 6],34,3
2.5,20,[0.01856, 0.01618, 0.08445, 0.03611, 0.01913, 0.08523, 0.03283, 0.0076, 0.01785, 0.00145, 0.0017, 0.0332, 0.00433, 0.06484, 0.00694, 0.03217, 0.00354, 0.00263, 0.02539, 0.04189, 0.01084, 0.00224, 0.04449, 0.00384, 0.02269, 0.05765, 0.00558, 0.04796, 0.01697, 0.0436, 0.0238, 0.00734, 0.09732, 0.00599, 0.08091, 0.00454, 0.04566],[0.20866, 0.22583, 0.21453, 0.2137],[6, 9, 8, 13],37,4
2.5,21,[0.03318, 0.02276, 0.00312, 0.02939, 0.00361, 0.06095, 0.01264, 0.01372, 0.02335, 0.00764, 0.01334, 0.00094, 0.00283, 0.00566, 0.09584, 0.03221, 0.01425, 0.02343, 0.02361, 0.00308, 0.03479, 0.0221, 0.01152, 0.01709, 0.03007, 0.01755, 0.03224, 0.01595, 0.00182, 0.02641, 0.08257, 0.02512, 0.0767],[0.27276, 0.26762],[10, 13],33,2
2.5,22,[0.0346, 0.01334, 0.00094, 0.00283, 0.00566, 0.09584, 0.03221, 0.01425, 0.02343, 0.02361, 0.00308, 0.03479, 0.0221, 0.01152, 0.01709, 0.03007, 0.01755, 0.03224, 0.01595, 0.00182, 0.02641, 0.08257, 0.02512, 0.0767, 0.02824, 0.05777, 0.07916, 0.00803, 0.05262, 0.01256, 0.07707, 0.02755, 0.0662, 0.00072, 0.00899, 0.0007, 0.00227, 0.02625, 0.04223, 0.04386, 0.00178, 0.03874, 0.08038, 0.02933, 0.09732, 0.02239, 0.03283, 0.0076, 0.01785, 0.00145, 0.0017, 0.0332, 0.00433, 0.06484, 0.00694, 0.03217, 0.00354, 0.00263, 0.02539, 0.04189, 0.01084, 0.00224, 0.04449],[0.35491, 0.26762, 0.26858, 0.25288, 0.23806, 0.22583, 0.28155],[1, 13, 13, 6, 13, 9, 8],63,7
2.5,23,[0.00451, 0.00691, 0.00089, 0.00243, 0.0301, 0.00112, 0.08197, 0.00102, 0.0011, 0.00756, 0.01145, 0.00613, 0.0022, 0.03283, 0.0076, 0.01785, 0.00145, 0.0017, 0.0332, 0.00433, 0.06484, 0.00694, 0.03217, 0.00354, 0.00263, 0.02539, 0.04189, 0.01084, 0.00224, 0.04449, 0.00384, 0.02269, 0.05765, 0.00558, 0.04796, 0.01697, 0.0436, 0.0238, 0.00734, 0.09732, 0.00599, 0.08091, 0.00454, 0.04566, 0.00376, 0.05199, 0.00147, 0.05021],[0.2215, 0.23244, 0.22583, 0.21453, 0.2137],[7, 6, 9, 8, 13],48,5
2.5,24,[0.0277, 0.01503, 0.05665, 0.00191, 0.00125, 0.00374, 0.03205, 0.02358, 0.04814, 0.00288, 0.00302, 0.0489, 0.01577, 0.0623, 0.01357, 0.00177, 0.00376, 0.00297, 0.03342, 0.00343, 0.07711, 0.06947, 0.02814, 0.06354, 0.01588, 0.0234, 0.05316, 0.00666, 0.0626, 0.00032, 0.00068, 0.0031, 0.01864, 0.00129, 0.00144, 0.04197, 0.05993, 0.06549, 0.01061],[0.23521, 0.20107, 0.22916, 0.21098],[15, 5, 4, 5],39,4
2.5,25,[0.01763, 0.00609, 0.06726, 0.01132, 0.00664, 0.06648, 0.01849, 0.02669, 0.00971, 0.00208, 0.09143, 0.02562, 0.02918, 0.07319, 0.00668, 0.0225, 0.06758, 0.047, 0.0414, 0.01485, 0.01786, 0.05604, 0.05213, 0.0983, 0.05445, 0.01106, 0.01434, 0.05206, 0.00308, 0.08127],[0.20576],[15],30,1
2.5,26,[0.01511, 0.00048, 0.02612, 0.00298, 0.03744, 0.01247, 0.01334, 0.00094, 0.00283, 0.00566, 0.09584, 0.03221, 0.01425, 0.02343, 0.02361, 0.00308, 0.03479, 0.0221, 0.01152, 0.01709, 0.03007, 0.01755, 0.03224, 0.01595, 0.00182, 0.02641, 0.08257, 0.02512, 0.0767, 0.02824, 0.05777, 0.07916, 0.00803, 0.05262, 0.01256, 0.07707, 0.02755, 0.0662, 0.00072, 0.00899, 0.0007, 0.00227, 0.02625, 0.04223, 0.04386, 0.00178, 0.03874, 0.08038, 0.02933, 0.09732, 0.02239, 0.03283, 0.0076, 0.01785, 0.00145, 0.0017, 0.0332, 0.00433],[0.20652, 0.26762, 0.26858, 0.25288, 0.23806],[6, 13, 13, 6, 13],58,5
2.5,27,[0.00657, 0.07268, 0.09906, 0.00147, 0.05612, 0.02971, 0.03028, 0.0233, 0.0022, 0.04282, 0.04047, 0.03143, 0.02008],[],[],13,0
2.5,28,[0.00107, 0.01732, 0.00998, 0.03656, 0.07822, 0.00882, 0.0493, 0.05741, 0.00311, 0.00482, 0.01922, 0.07717, 0.03283, 0.0076, 0.01785],[0.21901, 0.25052],[10, 2],15,2
2.5,29,[0.00116, 0.03916, 0.00405, 0.00727, 0.00072, 0.00899, 0.0007, 0.00227, 0.02625, 0.04223, 0.04386, 0.00178, 0.03874, 0.08038, 0.02933, 0.09732, 0.02239, 0.03283, 0.0076, 0.01785, 0.00145, 0.0017, 0.0332, 0.00433, 0.06484, 0.00694, 0.03217, 0.00354, 0.00263, 0.02539, 0.04189, 0.01084, 0.00224, 0.04449, 0.03261, 0.03018, 0.02549, 0.02852, 0.04649, 0.04617, 0.06071, 0.03248, 0.01927, 0.08201, 0.01304, 0.04566, 0.00376, 0.05199, 0.00147],[0.24459, 0.23806, 0.22583, 0.28155, 0.22682, 0.26473],[4, 13, 9, 8, 6, 5],49,6
2.5,30,[0.02772, 0.0221, 0.06519, 0.09593, 0.02787, 0.01793, 0.00325, 0.01365, 0.01269, 0.00223, 0.00717, 0.03597, 0.02881, 0.01707, 0.01485, 0.03217, 0.00354, 0.00263, 0.02539, 0.04189, 0.01084, 0.00224, 0.04449, 0.00384, 0.02269],[0.26495, 0.21453],[15, 8],25,2
2.5,31,[0.00283, 0.00308, 0.00067, 0.05234, 0.01297, 0.01098, 0.01586, 0.01255, 0.0338, 0.09815, 0.03993, 0.03283, 0.0076, 0.01785, 0.00145, 0.0017, 0.0332, 0.00433, 0.06484, 0.00694, 0.03217, 0.00354, 0.00263, 0.02539, 0.04189, 0.01084, 0.00224, 0.04449, 0.00384, 0.02269, 0.05765, 0.00558, 0.04796, 0.01697, 0.0436, 0.0238, 0.00734, 0.09732, 0.00599, 0.08091, 0.00454, 0.04566, 0.00376, 0.05199, 0.00147, 0.05021, 0.00206, 0.03199, 0.04183, 0.02773, 0.00803, 0.05262, 0.01256, 0.07707, 0.02755, 0.0662, 0.09584, 0.03013, 0.05934],[0.20773, 0.22583, 0.21453, 0.2137, 0.26628, 0.20192],[11, 9, 8, 13, 9, 6],59,6
2.5,32,[0.00885, 0.07526, 0.09106, 0.01584, 0.01043, 0.00631, 0.02379, 0.03393, 0.01339, 0.01079, 0.03283, 0.0076, 0.01785, 0.00145, 0.0017, 0.0332, 0.00433, 0.06484, 0.00694, 0.00102, 0.0011, 0.00756, 0.01145, 0.00613, 0.0022, 0.00225, 0.03707, 0.05706, 0.004, 0.01724, 0.03097, 0.02429, 0.00674, 0.02448, 0.0152, 0.00917],[0.29381, 0.23244, 0.20298, 0.22549],[10, 9, 6, 9],36,4
2.5,33,[0.01091, 0.03528, 0.00214, 0.0484, 0.0053, 0.09179, 0.01234, 0.00177, 0.00376, 0.00297, 0.03342, 0.00343, 0.03283, 0.0076, 0.01785, 0.00145, 0.0017, 0.0332, 0.00433, 0.06484, 0.00694, 0.03217, 0.00354, 0.00263, 0.02539, 0.04189, 0.01084, 0.00224, 0.04449, 0.00384, 0.02269, 0.05765, 0.00558, 0.04796, 0.01697, 0.0436, 0.0238, 0.00734, 0.09732, 0.00599, 0.08091, 0.00454],[0.23284, 0.28703, 0.22583, 0.21453, 0.2137],[7, 5, 9, 8, 13],42,5
2.5,34,[0.02634, 0.00969, 0.00578, 0.06397, 0.00373, 0.01869, 0.09652, 0.00595, 0.02422, 0.03283, 0.0076, 0.01785, 0.00145, 0.0017, 0.0332, 0.00433, 0.06484, 0.00694, 0.03217, 0.00354, 0.00263, 0.02539, 0.04189, 0.01084, 0.00224, 0.04449, 0.09298, 0.00384, 0.02269, 0.05765, 0.00558, 0.04796, 0.01697, 0.0436, 0.0238, 0.00734],[0.22166, 0.28498, 0.22583, 0.21453],[7, 2, 9, 9],36,4
2.5,35,[0.03884, 0.02225, 0.06841, 0.00386, 0.04099, 0.04407, 0.00285, 0.04328, 0.05372, 0.00221, 0.02633, 0.08755, 0.03453, 0.01347, 0.01334, 0.00094, 0.00283, 0.00566, 0.09584, 0.03221, 0.01425, 0.02343, 0.02361, 0.00308, 0.03479, 0.0221, 0.01152, 0.00803, 0.05262, 0.01256, 0.07707, 0.02755, 0.0662, 0.00072, 0.00899, 0.0007, 0.00227, 0.02625, 0.04223, 0.04386, 0.00178, 0.03874, 0.08038, 0.02933, 0.09732, 0.02239, 0.03283, 0.0076, 0.01785, 0.00145, 0.0017, 0.0332, 0.00433, 0.06484, 0.00694],[0.24987, 0.29686, 0.25288, 0.23806],[14, 13, 6, 13],55,4
2.5,36,[0.04374, 0.048, 0.0119, 0.09352, 0.05177, 0.0415, 0.08321, 0.06817, 0.083, 0.00595, 0.02422, 0.03283, 0.0076, 0.01785, 0.00145, 0.0017, 0.0332, 0.00433, 0.06484, 0.00694, 0.03217, 0.00354, 0.00263, 0.02539, 0.04189, 0.01084, 0.00224, 0.04449, 0.09298, 0.00384, 0.02269, 0.05765, 0.00558, 0.04796, 0.01697, 0.0436, 0.0238, 0.00734, 0.09732, 0.00599, 0.08091, 0.00454, 0.00376, 0.05199, 0.00147],[0.20476, 0.28498, 0.22583, 0.21453, 0.2137],[9, 2, 9, 9, 13],45,5
2.5,37,[0.00819, 0.00327, 0.00356, 0.08754, 0.01299, 0.01709, 0.03007, 0.01755, 0.03224, 0.01595, 0.00182, 0.02641, 0.08257, 0.02512, 0.0767, 0.02824, 0.05777, 0.07916, 0.09584, 0.03013, 0.05934, 0.00428, 0.03882, 0.04702, 0.00803, 0.05262, 0.01256, 0.07707, 0.02755, 0.0662, 0.00072, 0.00899, 0.0007, 0.00227, 0.02625, 0.04223, 0.04386, 0.00178, 0.03874, 0.08038, 0.02933, 0.09732, 0.02239, 0.03283, 0.0076, 0.01785, 0.00145, 0.0017, 0.0332, 0.00433, 0.06484, 0.00694, 0.03217, 0.00354, 0.00263, 0.02539, 0.04189, 0.01084, 0.00224, 0.04449],[0.23796, 0.23988, 0.20192, 0.25288, 0.23806, 0.22583],[5, 13, 6, 6, 13, 9],60,6
2.5,38,[0.00724, 0.0158, 0.0407, 0.08078, 0.0128, 0.06895, 0.02257, 0.04526, 0.01748, 0.03581, 0.00803, 0.05262, 0.01256, 0.07707, 0.02755, 0.0662, 0.09584, 0.03013, 0.05934, 0.00428, 0.03882, 0.04702, 0.0428, 0.09478, 0.00677, 0.03491, 0.04654, 0.01709, 0.03007, 0.01755, 0.03224, 0.01595, 0.00182, 0.02641, 0.08257, 0.02512, 0.0767, 0.02824, 0.05777],[0.24813, 0.20192, 0.23988],[10, 6, 11],39,3
2.5,39,[0.00601, 0.00849, 0.00381, 0.05822, 0.05947, 0.01, 0.04351, 0.07252, 0.02981, 0.05043, 0.05139, 0.06926, 0.00499, 0.00549, 0.01656, 0.00288, 0.04085, 0.01364, 0.00356, 0.0225, 0.06758, 0.047, 0.0414, 0.01485, 0.01786, 0.05604, 0.05213, 0.0983, 0.05445, 0.01106, 0.01434, 0.05206, 0.00308, 0.08127, 0.01298, 0.02568, 0.04235, 0.0087, 0.00393, 0.07965, 0.00669, 0.0363, 0.01186, 0.01904, 0.04846, 0.09161, 0.06259, 0.08675, 0.00915, 0.00595, 0.02422, 0.03283, 0.0076, 0.01785, 0.00145, 0.0017, 0.0332, 0.00433, 0.06484, 0.00694, 0.03217],[0.23776, 0.23416, 0.22477, 0.21354, 0.28498, 0.22583],[4, 15, 15, 15, 2, 9],61,6
2.5,40,[0.00366, 0.037, 0.00142, 0.00467, 0.01334, 0.00094, 0.00283, 0.00566, 0.09584, 0.03221, 0.01425, 0.02343, 0.02361, 0.00308, 0.03479, 0.0221, 0.01152, 0.01709, 0.03007, 0.01755, 0.03224, 0.01595, 0.00182, 0.02641, 0.08257, 0.02512, 0.0767, 0.02824, 0.05777, 0.00803, 0.05262, 0.01256, 0.07707, 0.02755, 0.0662, 0.00072, 0.00899, 0.0007, 0.00227, 0.02625, 0.04223, 0.04386, 0.00178, 0.03874, 0.08038, 0.02933, 0.09732, 0.02239, 0.03283, 0.0076, 0.01785, 0.00145, 0.0017, 0.0332, 0.00433, 0.06484, 0.00694, 0.03217, 0.00354, 0.00263, 0.02539, 0.04189, 0.01084, 0.00224, 0.04449, 0.03261],[0.21256, 0.26762, 0.26858, 0.25288, 0.23806, 0.22583, 0.28155],[4, 13, 12, 6, 13, 9, 8],66,7
2.5,41,[0.01275, 0.02975, 0.00803, 0.05262, 0.01256, 0.07707, 0.02755, 0.0662, 0.09584, 0.03013, 0.05934, 0.00428, 0.03882, 0.04702, 0.0428, 0.09478, 0.00677, 0.03491, 0.04654, 0.01709, 0.03007, 0.01755, 0.03224, 0.01595, 0.00182, 0.02641, 0.08257, 0.02512, 0.0767, 0.02824, 0.05777, 0.07916, 0.05706, 0.01414, 0.00323, 0.02239, 0.03772, 0.0101, 0.07902, 0.0323, 0.02977, 0.00287, 0.00298, 0.01851, 0.0152, 0.00917, 0.0037, 0.02456, 0.04531, 0.00102, 0.0011, 0.00756, 0.01145],[0.31133, 0.20192, 0.23988, 0.21373, 0.20901, 0.29003],[2, 6, 11, 13, 12, 5],53,6
2.5,42,[0.02934, 0.01034, 0.04972, 0.05927, 0.00969, 0.01, 0.03806, 0.03494, 0.04254, 0.06031, 0.05947, 0.01, 0.04351, 0.07252, 0.02981, 0.05043, 0.05139, 0.06926, 0.00499, 0.00549, 0.01656, 0.00288, 0.04085, 0.01364, 0.00356, 0.0225, 0.06758, 0.047, 0.0414, 0.01485, 0.01786, 0.05604, 0.05213, 0.0983, 0.05445, 0.01106, 0.01434, 0.05206, 0.00308, 0.08127],[0.20023, 0.23416, 0.22477],[10, 15, 15],40,3
2.5,43,[0.00422, 0.00671, 0.04235, 0.02112, 0.06192, 0.05788, 0.02985, 0.05452, 0.03761, 0.06239, 0.02393, 0.00998, 0.03904, 0.08944, 0.08339, 0.03897, 0.00591, 0.05947, 0.01, 0.04351, 0.07252, 0.02981, 0.05043, 0.05139, 0.06926],[0.29602],[17],25,1
2.5,44,[0.08951, 0.01604, 0.01321, 0.01334, 0.00094, 0.00283, 0.00566, 0.09584, 0.03221, 0.01425, 0.02343, 0.02361, 0.00308, 0.03479, 0.0221, 0.01152, 0.01709, 0.03007, 0.01755, 0.03224, 0.01595, 0.00182, 0.02641, 0.08257, 0.02512, 0.0767, 0.02824, 0.05777, 0.07916, 0.00803, 0.05262, 0.01256, 0.07707, 0.02755, 0.0662, 0.00072, 0.00899, 0.0007, 0.00227, 0.02625, 0.04223, 0.04386, 0.00178, 0.03874, 0.08038, 0.02933, 0.09732, 0.02239, 0.03283, 0.0076, 0.01785, 0.00145, 0.0017, 0.0332, 0.00433, 0.06484, 0.00694, 0.03217],[0.3886, 0.26762, 0.26858, 0.25288, 0.23806, 0.22583],[3, 13, 13, 6, 13, 9],58,6
2.5,45,[0.09731, 0.03755, 0.03577, 0.03393, 0.0176, 0.0325, 0.01671, 0.07366],[],[],8,0
2.5,46,[0.01917, 0.01156, 0.08381, 0.02481, 0.0044, 0.00149, 0.02058, 0.06002, 0.07424, 0.01097, 0.00221, 0.02348, 0.04191, 0.05629, 0.04995, 0.00667, 0.03166, 0.01147, 0.00386, 0.09371, 0.02061, 0.00417, 0.01263, 0.01268, 0.00872, 0.00104, 0.00795, 0.0158, 0.03817, 0.0828, 0.02291, 0.00659, 0.05973, 0.00354, 0.01858, 0.03068, 0.01334, 0.00094, 0.00283, 0.00566, 0.09584, 0.03221, 0.01425, 0.02343, 0.02361, 0.00308, 0.03479, 0.0221, 0.01152],[0.29608, 0.28659, 0.26762],[25, 11, 13],49,3
2.5,47,[0.02327, 0.01042, 0.03113, 0.00364, 0.03702, 0.09101, 0.06675, 0.01519, 0.03283, 0.0076, 0.01785, 0.00145, 0.0017, 0.0332, 0.00433],[0.29747],[8],15,1
2.5,48,[0.02862, 0.00581, 0.05077, 0.05258, 0.07937, 0.00529, 0.00803, 0.05262, 0.01256, 0.07707, 0.02755, 0.0662, 0.09584, 0.03013, 0.05934, 0.00428, 0.03882, 0.04702, 0.0428, 0.09478, 0.00677, 0.03491, 0.04654, 0.01709, 0.03007, 0.01755, 0.03224, 0.01595, 0.00182, 0.02641, 0.02512, 0.02824, 0.05777, 0.07916, 0.01612, 0.02431, 0.00821, 0.05706, 0.01414, 0.00323, 0.02239, 0.03772, 0.0101, 0.07902, 0.0323, 0.02977, 0.00287, 0.00298, 0.01851, 0.0152],[0.23184, 0.20192, 0.23988, 0.21373, 0.20901],[6, 6, 11, 14, 12],50,5
2.5,49,[0.00381, 0.02076, 0.02123, 0.00159, 0.01881, 0.04909, 0.00191, 0.00803, 0.05262, 0.01256, 0.07707, 0.02755, 0.0662, 0.09584, 0.03013, 0.05934, 0.00428, 0.03882, 0.04702, 0.0428, 0.09478, 0.00677, 0.03491, 0.04654, 0.01709, 0.03007, 0.01755, 0.03224, 0.01595, 0.00182, 0.02641, 0.08257, 0.02512, 0.0767, 0.02824, 0.05777, 0.07916, 0.05706, 0.01414, 0.00323, 0.02239, 0.03772, 0.0101, 0.07902, 0.0323, 0.02977, 0.00287],[0.23349, 0.20192, 0.23988, 0.21373],[7, 6, 11, 13],47,4
2.5,50,[0.00086, 0.00069, 0.03882, 0.0469, 0.06916, 0.02815, 0.0095, 0.0064, 0.02443, 0.02115, 0.00195],[],[],11,0
2.5,51,[0.07673, 0.02474, 0.07825, 0.0345, 0.01735, 0.01709, 0.03007, 0.01755, 0.03224, 0.01595, 0.00182, 0.02641, 0.08257, 0.02512, 0.0767, 0.02824, 0.05777, 0.07916, 0.03013, 0.05934, 0.00428, 0.03882, 0.04702, 0.00803, 0.05262, 0.01256, 0.07707, 0.02755, 0.0662, 0.00072, 0.00899, 0.0007, 0.00227, 0.02625, 0.04223, 0.04386, 0.00178, 0.03874, 0.08038, 0.02933, 0.09732, 0.02239, 0.03283, 0.0076, 0.01785, 0.00145, 0.0017, 0.0332, 0.00433, 0.06484, 0.00694, 0.03217, 0.00354, 0.00263, 0.02539, 0.04189, 0.01084],[0.2125, 0.23988, 0.20192, 0.25288, 0.23806, 0.22583],[5, 13, 5, 6, 13, 9],57,6
2.5,52,[0.00095, 0.09428, 0.03283, 0.0076, 0.01785, 0.00145, 0.0017, 0.0332, 0.00433, 0.06484, 0.00694, 0.00102, 0.0011, 0.00756, 0.01145, 0.00613, 0.0022, 0.00225, 0.03707, 0.05706, 0.004, 0.01724, 0.03097, 0.02429, 0.00674, 0.02448, 0.0152, 0.00917, 0.0037, 0.02456, 0.04531, 0.01709, 0.03007, 0.01755, 0.03224, 0.01595, 0.00182, 0.02641, 0.08257, 0.02512, 0.0767, 0.02824, 0.05777, 0.07916, 0.09584, 0.03013, 0.05934, 0.00428, 0.03882, 0.04702, 0.00803],[0.3117, 0.23244, 0.20298, 0.22549, 0.37038, 0.23988, 0.20192],[2, 9, 6, 9, 5, 13, 6],51,7
2.5,53,[0.01768, 0.01862, 0.00657, 0.04531, 0.02913, 0.04142, 0.01315, 0.00653, 0.08579, 0.03211, 0.04538],[],[],11,0
2.5,54,[0.00226, 0.00273, 0.01387, 0.02418, 0.01944, 0.02765, 0.00139, 0.08121, 0.0152, 0.00171, 0.02982, 0.09491, 0.01558, 0.02629],[],[],14,0
2.5,55,[0.03006, 0.04147, 0.02124, 0.03075, 0.00361, 0.03781, 0.02078, 0.08182, 0.01214, 0.06515, 0.08705],[],[],11,0
2.5,56,[0.00983, 0.05067, 0.02025, 0.04773, 0.09033, 0.0017, 0.0996, 0.00803, 0.05262, 0.01256, 0.07707, 0.02755, 0.0662, 0.09584, 0.03013, 0.05934, 0.00428, 0.03882, 0.04702, 0.0428, 0.09478, 0.00677, 0.03491, 0.04654, 0.01709, 0.01755, 0.03224, 0.01595, 0.00182, 0.02641, 0.02512, 0.02824, 0.05777, 0.07916, 0.01612, 0.02431, 0.00821, 0.05706, 0.01414, 0.00323, 0.02239, 0.03772, 0.0101, 0.07902, 0.0323, 0.02977, 0.00287, 0.00298, 0.01851, 0.0152],[0.2151, 0.20192, 0.23988, 0.21373, 0.20901],[7, 6, 11, 13, 12],50,5
2.5,57,[0.01035, 0.04535, 0.01506, 0.01722, 0.07385, 0.06882, 0.01334, 0.00094, 0.00283, 0.00566, 0.09584, 0.03221, 0.01425, 0.02343, 0.02361, 0.00308, 0.03479, 0.0221, 0.01152, 0.01709, 0.03007, 0.01755, 0.03224, 0.01595, 0.00182, 0.02641, 0.08257, 0.02512, 0.0767, 0.02824, 0.05777, 0.07916, 0.00803, 0.05262, 0.01256, 0.07707, 0.02755, 0.0662, 0.00072, 0.00899, 0.0007, 0.00227, 0.02625, 0.04223, 0.04386, 0.00178, 0.03874, 0.08038, 0.02933, 0.09732, 0.02239, 0.03283, 0.0076, 0.01785, 0.00145, 0.0017, 0.0332, 0.00433, 0.06484, 0.00694, 0.03217, 0.00354],[0.26129, 0.26762, 0.26858, 0.25288, 0.23806, 0.22583],[6, 13, 13, 6, 13, 9],62,6
2.5,58,[0.0142, 0.00572, 0.01798, 0.03546, 0.04722, 0.06757, 0.05947, 0.01, 0.04351, 0.07252, 0.02981, 0.05043, 0.05139, 0.06926, 0.00499, 0.00549, 0.01656, 0.00288, 0.04085, 0.01364, 0.00356, 0.0225, 0.06758, 0.047, 0.0414, 0.01485, 0.01786, 0.05604, 0.05213, 0.0983, 0.05445, 0.01106, 0.01434, 0.05206, 0.00308, 0.08127, 0.01298, 0.02568, 0.04235, 0.0087, 0.00393, 0.07965, 0.00669, 0.0363, 0.01186, 0.01904, 0.04846, 0.09161, 0.06259, 0.08675, 0.00915, 0.00595, 0.02422, 0.03283, 0.0076, 0.01785, 0.00145, 0.0017, 0.0332, 0.00433, 0.06484, 0.00694, 0.03217],[0.21624, 0.23416, 0.22477, 0.21354, 0.28498, 0.22583],[6, 15, 15, 15, 2, 9],63,6
2.5,59,[0.01142, 0.0472, 0.01069, 0.03135, 0.00354, 0.02723, 0.03148, 0.00796, 0.00194, 0.00067, 0.02455, 0.02594, 0.00413, 0.0253, 0.03242, 0.07994, 0.00803, 0.05262, 0.01256, 0.07707, 0.02755, 0.0662],[0.2067, 0.2209],[8, 8],22,2
2.5,60,[0.04486, 0.02754, 0.0258, 0.06781, 0.01585, 0.01125, 0.03134, 0.00437, 0.06718, 0.02809, 0.04689, 0.01965, 0.00607, 0.06889, 0.07729, 0.03385, 0.00584, 0.02088, 0.01843, 0.07452, 0.04781, 0.0369, 0.01554],[],[],23,0
2.5,61,[0.0644, 0.03967, 0.00762, 0.05554, 0.01709, 0.03007, 0.01755, 0.03224, 0.01595, 0.00182, 0.02641, 0.08257, 0.02512, 0.0767, 0.02824, 0.05777, 0.07916, 0.01334, 0.00094, 0.00283, 0.00566, 0.03221, 0.01425, 0.02343, 0.02361, 0.00308, 0.03479, 0.0221, 0.01152, 0.00803, 0.05262, 0.01256, 0.07707, 0.02755, 0.0662, 0.00072, 0.00899, 0.0007, 0.00227, 0.02625, 0.04223, 0.04386, 0.00178, 0.03874, 0.08038, 0.02933, 0.09732, 0.02239, 0.03283, 0.0076, 0.01785, 0.00145, 0.0017, 0.0332, 0.00433, 0.06484],[0.26617, 0.26762, 0.29686, 0.25288, 0.23806],[4, 13, 12, 6, 13],56,5
2.5,62,[0.00673, 0.04128, 0.08412, 0.07245, 0.03824, 0.03829, 0.07485, 0.00465, 0.05511, 0.00595, 0.02422, 0.03283, 0.0076, 0.01785, 0.00145, 0.0017, 0.0332, 0.00433, 0.06484, 0.00694, 0.03217, 0.00354, 0.00263, 0.02539, 0.04189],[0.22713, 0.28498, 0.22583],[9, 2, 9],25,3
2.5,63,[0.009, 0.03724, 0.02362, 0.00774, 0.00746, 0.03681, 0.00733, 0.06254, 0.05274, 0.09922, 0.08863, 0.05765, 0.06071, 0.03248, 0.01927, 0.08201, 0.01304, 0.00161, 0.03283, 0.00185, 0.00466, 0.00359, 0.02688, 0.00328, 0.00384, 0.04271, 0.03296, 0.01364, 0.00259, 0.00263, 0.00884, 0.00177, 0.00376, 0.00297, 0.03342, 0.00343, 0.07711, 0.06947, 0.02814, 0.06354],[0.20782, 0.22146, 0.25424, 0.20107, 0.22916],[11, 6, 14, 5, 4],40,5
2.5,64,[0.00258, 0.00111, 0.03002, 0.03283, 0.0076, 0.01785, 0.00145, 0.0017, 0.0332, 0.00433, 0.06484, 0.00694, 0.03217, 0.00354, 0.00263, 0.02539, 0.04189, 0.01084, 0.00224, 0.04449, 0.00384, 0.02269, 0.05765, 0.00558, 0.04796, 0.01697, 0.0436, 0.0238, 0.00734, 0.09732, 0.00599, 0.08091, 0.00454, 0.04566, 0.00376, 0.05199, 0.00147, 0.05021, 0.00206, 0.03199, 0.04183, 0.02773, 0.00803, 0.05262, 0.01256, 0.07707, 0.02755, 0.0662, 0.09584, 0.03013, 0.05934],[0.20959, 0.22583, 0.21453, 0.2137, 0.26628, 0.20192],[3, 9, 8, 13, 9, 6],51,6
2.5,65,[0.02081, 0.01497, 0.00092, 0.09181, 0.02045, 0.0016, 0.05906, 0.03286, 0.08623, 0.02367, 0.03865, 0.04653, 0.03264, 0.02757, 0.00689, 0.0104, 0.00708, 0.01177, 0.00393, 0.0212, 0.00871, 0.00104, 0.00795, 0.0158, 0.03817, 0.0828, 0.02291, 0.00659, 0.05973, 0.00354, 0.01858, 0.03068, 0.01334, 0.00094, 0.00283, 0.00566, 0.09584, 0.03221, 0.01425, 0.02343, 0.02361, 0.00308],[0.29837, 0.28659],[21, 11],42,2
2.5,66,[0.01539, 0.04319, 0.00547, 0.01187, 0.02259, 0.01056, 0.00177, 0.00182, 0.06367, 0.02552, 0.02791, 0.03477, 0.00318, 0.00323, 0.0152, 0.00917, 0.0037, 0.02456, 0.04531, 0.00102, 0.0011, 0.00756, 0.01145, 0.00613, 0.0022, 0.03283, 0.0076],[0.21745, 0.29003, 0.23244],[14, 5, 6],27,3
2.5,67,[0.00751, 0.03789, 0.01002, 0.04519, 0.00428, 0.01214, 0.01709, 0.03007, 0.01755, 0.03224, 0.01595, 0.00182, 0.02641, 0.08257, 0.02512, 0.0767, 0.02824, 0.05777, 0.07916, 0.09584, 0.03013, 0.05934, 0.00428, 0.03882, 0.04702, 0.00803, 0.05262, 0.01256, 0.07707, 0.02755, 0.0662, 0.00072, 0.00899, 0.0007, 0.00227, 0.02625, 0.04223, 0.04386, 0.00178, 0.03874, 0.08038, 0.02933, 0.09732, 0.02239, 0.03283, 0.0076, 0.01785, 0.00145, 0.0017, 0.0332, 0.00433, 0.06484, 0.00694],[0.28029, 0.23988, 0.20192, 0.25288, 0.23806, 0.22583],[6, 13, 6, 6, 13, 9],53,6
2.5,68,[0.06151, 0.04284, 0.03995, 0.03292, 0.06428, 0.00072, 0.00899, 0.0007, 0.00227, 0.02625, 0.04223, 0.04386, 0.00178, 0.03874, 0.08038, 0.02933, 0.09732, 0.02239, 0.03283, 0.0076, 0.01785, 0.00145, 0.0017, 0.0332, 0.00433, 0.06484, 0.00694, 0.00102, 0.0011, 0.00756, 0.01145, 0.00613, 0.0022, 0.00225, 0.03707, 0.05706, 0.004, 0.01724, 0.03097, 0.02429, 0.00674, 0.02448, 0.0152],[0.25544, 0.23806, 0.23244, 0.20298, 0.22549],[5, 13, 9, 6, 9],43,5
2.5,69,[0.00545, 0.01506, 0.03705, 0.0075, 0.0015, 0.01833, 0.01041, 0.01917, 0.05681, 0.03217, 0.00354, 0.00263, 0.02539, 0.04189, 0.01084, 0.00224, 0.04449, 0.03283, 0.0076, 0.01785, 0.00145, 0.0017, 0.0332, 0.00433, 0.06484, 0.00694, 0.00102, 0.0011, 0.00756, 0.01145, 0.00613, 0.0022, 0.00225, 0.03707, 0.05706, 0.004, 0.01724, 0.03097, 0.02429],[0.2753, 0.22583, 0.23244, 0.20298],[9, 8, 9, 6],39,4
2.5,70,[0.02021, 0.00434, 0.00277, 0.00192, 0.01334, 0.00094, 0.00283, 0.00566, 0.09584, 0.03221, 0.01425, 0.02343, 0.02361, 0.00308, 0.03479, 0.0221, 0.01152, 0.01709, 0.03007, 0.01755, 0.03224, 0.01595, 0.00182, 0.02641, 0.08257, 0.02512, 0.0767, 0.02824, 0.05777, 0.07916, 0.00803, 0.05262, 0.01256, 0.07707, 0.02755, 0.0662, 0.00072, 0.00899, 0.0007, 0.00227, 0.02625, 0.04223, 0.04386, 0.00178, 0.03874, 0.08038, 0.02933, 0.09732, 0.02239, 0.03283, 0.0076, 0.01785, 0.00145, 0.0017, 0.0332, 0.00433, 0.06484, 0.00694, 0.03217, 0.00354, 0.00263, 0.02539, 0.04189, 0.01084, 0.00224, 0.04449],[0.25802, 0.26762, 0.26858, 0.25288, 0.23806, 0.22583, 0.28155],[4, 13, 13, 6, 13, 9, 8],66,7
2.5,71,[0.01608, 0.046, 0.01702, 0.00477, 0.08599, 0.09584, 0.03013, 0.05934, 0.00428, 0.03882, 0.04702, 0.0428, 0.09478, 0.00677, 0.03491, 0.04654, 0.01709, 0.03007, 0.01755, 0.03224, 0.01595, 0.00182, 0.02641, 0.08257, 0.02512, 0.0767, 0.02824, 0.05777, 0.07916, 0.05706, 0.01414, 0.00323, 0.02239, 0.03772, 0.0101, 0.07902, 0.0323, 0.02977, 0.00287, 0.00298, 0.01851, 0.0152, 0.00917, 0.0037, 0.02456, 0.04531, 0.00102, 0.0011, 0.00756, 0.01145],[0.20449, 0.23988, 0.21373, 0.20901, 0.29003],[5, 11, 13, 12, 5],50,5
2.5,72,[0.02751, 0.08691, 0.02063, 0.01137, 0.02318, 0.03345, 0.00995, 0.0026, 0.03217, 0.00354, 0.00263, 0.02539, 0.04189, 0.01084, 0.00224, 0.04449, 0.03283, 0.0076, 0.01785, 0.00145, 0.0017, 0.0332, 0.00433, 0.06484, 0.00694, 0.00102, 0.0011, 0.00756, 0.01145, 0.00613, 0.0022, 0.00225, 0.03707, 0.05706, 0.004],[0.2824, 0.22583, 0.23244, 0.20298],[8, 8, 9, 6],35,4
2.5,73,[0.0603, 0.00126, 0.00567, 0.06277, 0.03448, 0.01486, 0.02029, 0.0476, 0.01342, 0.00375, 0.03347, 0.01265, 0.00901, 0.02318, 0.03248, 0.05947, 0.01, 0.04351, 0.07252, 0.02981, 0.05043, 0.05139, 0.06926, 0.00499, 0.00549, 0.01656],[0.31813],[15],26,1
2.5,74,[0.00782, 0.09162, 0.00165, 0.0152, 0.00917, 0.0037, 0.02456, 0.04531, 0.08631, 0.05958, 0.00225, 0.03707, 0.05706, 0.004, 0.01724, 0.03097, 0.02429, 0.00674, 0.02448, 0.00102, 0.0011, 0.00756, 0.01145, 0.00613, 0.0022, 0.03283, 0.0076, 0.01785, 0.00145, 0.0017, 0.0332, 0.00433, 0.06484, 0.00694, 0.03217, 0.00354, 0.00263, 0.02539, 0.04189, 0.01084, 0.00224, 0.04449, 0.00384, 0.02269],[0.2299, 0.22549, 0.20298, 0.23244, 0.22583, 0.21453],[3, 7, 9, 6, 9, 8],44,6
2.5,75,[0.01121, 0.00616, 0.03392, 0.01964, 0.03771, 0.0355, 0.00247, 0.00513, 0.09639, 0.0696, 0.05574, 0.09555, 0.02363, 0.01585, 0.0152],[0.25301],[14],15,1
2.5,76,[0.01814, 0.00931, 0.00463, 0.03343, 0.07358, 0.04746, 0.06085, 0.01922, 0.07717, 0.03283, 0.0076, 0.01785],[0.22226, 0.25052],[7, 2],12,2
2.5,77,[0.0094, 0.00158, 0.00979, 0.00398, 0.02282, 0.02321, 0.05319, 0.01378, 0.0225, 0.06758, 0.047, 0.0414, 0.01485, 0.01786, 0.05604, 0.05213, 0.0983, 0.05445, 0.01106, 0.01434, 0.05206, 0.00308, 0.08127, 0.05947, 0.01, 0.04351, 0.02981, 0.05043, 0.05139, 0.06926, 0.00499, 0.00549, 0.01656, 0.00288, 0.04085, 0.01364, 0.00356, 0.00803, 0.05262],[0.32812, 0.23416, 0.36523],[8, 15, 14],39,3
2.5,78,[0.02088, 0.00531, 0.00865, 0.02317, 0.00198, 0.08536, 0.01393, 0.08689, 0.0941, 0.03283, 0.0076, 0.01785, 0.00145, 0.0017, 0.0332, 0.00433, 0.06484, 0.00694, 0.03217, 0.00354, 0.00263, 0.02539, 0.04189, 0.01084, 0.00224, 0.04449, 0.00384, 0.02269, 0.05765, 0.00558, 0.04796, 0.01697, 0.0436, 0.0238, 0.00734, 0.09732, 0.00599, 0.08091, 0.00454, 0.04566, 0.00376, 0.05199, 0.00147, 0.05021, 0.00206, 0.03199, 0.04183, 0.02773],[0.24515, 0.22583, 0.21453, 0.2137],[9, 9, 8, 13],48,4
2.5,79,[0.00702, 0.02263, 0.00096, 0.05675, 0.0432, 0.08479, 0.04251, 0.02156, 0.07068, 0.04801, 0.02951, 0.03969, 0.05117, 0.03283, 0.0076, 0.01785, 0.00145, 0.0017, 0.0332, 0.00433, 0.06484, 0.00694],[0.25338, 0.22583],[13, 9],22,2
2.5,80,[0.01373, 0.0384, 0.01814, 0.03208, 0.03367, 0.01627, 0.06228, 0.008, 0.04367, 0.00169, 0.02076, 0.09229, 0.00495, 0.01549, 0.06495, 0.00542, 0.01179, 0.0402, 0.0063, 0.01612, 0.02942, 0.00986, 0.05947, 0.01, 0.04351, 0.07252, 0.02981, 0.05043, 0.05139, 0.06926, 0.00499, 0.00549, 0.01656, 0.00288, 0.04085, 0.01364, 0.00356],[0.23029],[22],37,1
2.5,81,[0.00853, 0.02157, 0.04723, 0.00184, 0.04986, 0.00415, 0.01103, 0.01334, 0.00094, 0.00283, 0.00566, 0.09584, 0.03221, 0.01425, 0.02343, 0.02361, 0.00308, 0.03479, 0.0221, 0.01152, 0.01709, 0.03007, 0.01755, 0.03224, 0.01595, 0.00182, 0.02641, 0.08257, 0.02512, 0.0767, 0.02824, 0.05777, 0.07916, 0.00803, 0.05262, 0.01256, 0.07707, 0.02755, 0.0662, 0.00072, 0.00899, 0.0007, 0.00227, 0.02625, 0.04223, 0.04386, 0.00178, 0.03874, 0.08038, 0.02933, 0.09732, 0.02239, 0.03283, 0.0076, 0.01785, 0.00145, 0.0017, 0.0332],[0.22457, 0.26762, 0.26858, 0.25288, 0.23806],[7, 13, 13, 6, 13],58,5
2.5,82,[0.00339, 0.00174, 0.01882, 0.03222, 0.00863, 0.01097, 0.02506, 0.0085, 0.00314, 0.07445, 0.05947, 0.01, 0.04351, 0.07252, 0.02981, 0.05043, 0.05139, 0.06926, 0.00499, 0.00549, 0.01656, 0.00288, 0.04085, 0.01364, 0.00356, 0.0225, 0.06758, 0.047, 0.0414, 0.01485, 0.01786, 0.05604, 0.05213, 0.0983, 0.05445, 0.01106, 0.01434, 0.05206, 0.00308, 0.08127, 0.01298, 0.02568, 0.04235, 0.0087, 0.00393, 0.07965, 0.00669, 0.0363, 0.01186, 0.01904, 0.04846, 0.09161, 0.06259, 0.08675, 0.00915, 0.00595, 0.02422, 0.03283, 0.0076, 0.01785, 0.00145, 0.0017, 0.0332, 0.00433, 0.06484, 0.00694, 0.03217],[0.24449, 0.23416, 0.22477, 0.21354, 0.28498, 0.22583],[10, 15, 15, 15, 2, 9],67,6
2.5,83,[0.03934, 0.01925, 0.03667, 0.05275, 0.01046, 0.08267, 0.02113, 0.00168, 0.05785, 0.04604, 0.0516, 0.06378, 0.00788, 0.0287, 0.08711, 0.04541],[],[],16,0
2.5,84,[0.00463, 0.03606, 0.05613, 0.03872, 0.02816, 0.00568, 0.07075, 0.03283, 0.0076, 0.01785, 0.00145, 0.0017, 0.0332, 0.00433, 0.06484, 0.00694, 0.03217, 0.00354, 0.00263, 0.02539, 0.04189, 0.01084, 0.00224, 0.04449, 0.00384, 0.02269, 0.05765, 0.00558, 0.04796, 0.01697, 0.0436, 0.0238, 0.00734, 0.09732, 0.00599, 0.08091, 0.00454, 0.04566, 0.00376, 0.05199, 0.00147, 0.05021, 0.00206, 0.03199, 0.04183, 0.02773, 0.00803, 0.05262, 0.01256, 0.07707, 0.02755, 0.0662, 0.09584, 0.03013, 0.05934],[0.29299, 0.22583, 0.21453, 0.2137, 0.26628, 0.20192],[7, 9, 8, 13, 9, 6],55,6
2.5,85,[0.03348, 0.02373, 0.02054, 0.02584, 0.01478, 0.00679, 0.00254, 0.06828, 0.03995, 0.04787, 0.0217, 0.09888, 0.00491, 0.00263, 0.0651, 0.02892, 0.0167, 0.00685, 0.05947, 0.01, 0.04351, 0.07252, 0.02981, 0.05043, 0.05139, 0.06926, 0.00499, 0.00549, 0.01656, 0.00288, 0.04085, 0.01364, 0.00356, 0.00803, 0.05262, 0.01256, 0.07707, 0.02755, 0.0662, 0.09584, 0.03013, 0.05934, 0.00428, 0.03882, 0.04702, 0.0428],[0.22378, 0.36523, 0.20192],[18, 15, 6],46,3
2.5,86,[0.01906, 0.00847, 0.00598, 0.00105, 0.02026, 0.00336, 0.00123, 0.03457, 0.0617, 0.00958, 0.00577, 0.05003, 0.01951, 0.002, 0.00223, 0.01145, 0.02083, 0.04014, 0.00803, 0.05262, 0.01256, 0.07707, 0.02755, 0.0662, 0.09584],[0.20333, 0.20192],[18, 6],25,2
2.5,87,[0.00985, 0.00115, 0.02714, 0.00072, 0.00899, 0.0007, 0.00227, 0.02625, 0.04223, 0.04386, 0.00178, 0.03874, 0.08038, 0.02933, 0.09732, 0.02239, 0.03283, 0.0076, 0.01785, 0.00145, 0.0017, 0.0332, 0.00433, 0.06484, 0.00694, 0.03217, 0.00354, 0.00263, 0.02539, 0.04189, 0.01084, 0.00224, 0.04449, 0.03261, 0.03018, 0.02549, 0.02852, 0.04649, 0.04617, 0.06071, 0.03248, 0.01927, 0.08201, 0.01304, 0.04566, 0.00376, 0.05199, 0.00147],[0.2086, 0.23806, 0.22583, 0.28155, 0.22682, 0.26473],[3, 13, 9, 8, 6, 5],48,6
2.5,88,[0.01242, 0.00308, 0.00569, 0.04972, 0.04059, 0.0671, 0.01334, 0.00094, 0.00283, 0.00566, 0.09584, 0.03221, 0.01425, 0.02343, 0.02361, 0.00308, 0.03479, 0.0221, 0.01152, 0.01709, 0.03007, 0.01755, 0.03224, 0.01595, 0.00182, 0.02641, 0.08257, 0.02512, 0.0767, 0.02824, 0.05777, 0.07916, 0.00803, 0.05262, 0.01256, 0.07707, 0.02755, 0.0662, 0.00072, 0.00899, 0.0007, 0.00227, 0.02625, 0.04223, 0.04386, 0.00178, 0.03874, 0.08038, 0.02933, 0.09732, 0.02239, 0.03283, 0.0076, 0.01785, 0.00145, 0.0017, 0.0332, 0.00433, 0.06484, 0.00694, 0.03217],[0.22297, 0.26762, 0.26858, 0.25288, 0.23806, 0.22583],[6, 13, 13, 6, 13, 9],61,6
2.5,89,[0.00048, 0.00088, 0.07828, 0.00868, 0.08935, 0.06959, 0.09325, 0.00863, 0.00726, 0.00595, 0.02422, 0.00371, 0.02784, 0.04796, 0.09232, 0.08038, 0.01336, 0.00356, 0.00714, 0.02712, 0.0812, 0.00243, 0.05256, 0.07221, 0.06717, 0.06763, 0.05438, 0.00297, 0.02781, 0.04089, 0.01617, 0.03217, 0.00354, 0.00263, 0.02539],[0.24191, 0.20208, 0.23788],[9, 2, 20],35,3
2.5,90,[0.01588, 0.0234, 0.00032, 0.00068, 0.0403, 0.0031, 0.01864, 0.00129, 0.00144, 0.04197, 0.05993, 0.06549, 0.01061, 0.0531],[0.20042, 0.21098],[0, 2],14,2
2.5,91,[0.00183, 0.00498, 0.03451, 0.01406, 0.08651, 0.00517, 0.00207, 0.01332, 0.02959, 0.05037, 0.01609, 0.00276, 0.0321, 0.01268, 0.01604, 0.03914, 0.01125, 0.00266, 0.00329, 0.00479, 0.00502, 0.07533, 0.00851, 0.03448],[0.21011],[13],24,1
2.5,92,[0.01012, 0.00212, 0.00675, 0.02317, 0.03429, 0.02694, 0.00803, 0.05262, 0.01256, 0.07707, 0.02755, 0.0662, 0.09584, 0.03013, 0.05934, 0.00428, 0.03882, 0.04702, 0.0428, 0.09478, 0.00677, 0.03491, 0.04654, 0.01709, 0.03007, 0.01755, 0.03224, 0.01595, 0.00182, 0.02641, 0.08257, 0.02512, 0.0767, 0.02824, 0.05777],[0.3525, 0.20192, 0.23988],[6, 6, 11],35,3
2.5,93,[0.06007, 0.00752, 0.04285, 0.05288, 0.02397, 0.002, 0.00203, 0.01709, 0.03007, 0.01755, 0.03224, 0.01595, 0.00182, 0.02641, 0.08257, 0.02512, 0.0767, 0.02824, 0.05777, 0.07916, 0.01334, 0.00094, 0.00283, 0.00566, 0.03221, 0.01425, 0.02343, 0.02361, 0.00308, 0.03479, 0.0221, 0.01152, 0.00803, 0.05262, 0.01256, 0.07707, 0.02755, 0.0662, 0.00072, 0.00899, 0.0007, 0.00227, 0.02625, 0.04223, 0.04386, 0.00178, 0.03874, 0.08038, 0.02933, 0.09732, 0.02239],[0.2491, 0.26762, 0.29686, 0.25288],[7, 13, 12, 6],51,4
2.5,94,[0.00072, 0.00953, 0.05149, 0.01923, 0.01098, 0.07543, 0.04126, 0.03699, 0.01293, 0.01721, 0.02611, 0.00652, 0.00803, 0.05262, 0.01256, 0.07707, 0.02755, 0.0662, 0.09584, 0.03013, 0.05934, 0.00428, 0.03882, 0.04702, 0.0428, 0.09478, 0.00677, 0.03491, 0.04654, 0.01709],[0.26343, 0.20192, 0.23988],[12, 6, 11],30,3
2.5,95,[0.00809, 0.00356, 0.00109, 0.03578, 0.00306, 0.02209, 0.06704, 0.00199, 0.07807, 0.04575, 0.06165, 0.01387, 0.05248, 0.00582, 0.0429, 0.01473, 0.05177, 0.00761, 0.0225, 0.06758, 0.047, 0.0414, 0.01485, 0.01786, 0.05604, 0.05213, 0.0983, 0.05445, 0.01106, 0.01434, 0.05206, 0.00308, 0.08127, 0.01298, 0.02568, 0.04235, 0.0087, 0.00393, 0.07965, 0.00669, 0.0363, 0.01186, 0.01904, 0.04846, 0.09161, 0.06259, 0.08675, 0.00915, 0.00595, 0.02422, 0.03283, 0.0076, 0.01785, 0.00145, 0.0017, 0.0332],[0.22783, 0.22477, 0.21354, 0.28498],[18, 15, 15, 2],56,4
2.5,96,[0.03486, 0.03718, 0.02373, 0.01894, 0.09182, 0.0173, 0.0152, 0.00917, 0.0037, 0.02456, 0.04531, 0.00102, 0.0011, 0.00756, 0.01145, 0.00613, 0.0022, 0.03283, 0.0076, 0.01785, 0.00145, 0.0017, 0.0332, 0.00433, 0.06484, 0.00694, 0.03217, 0.00354, 0.00263, 0.02539, 0.04189, 0.01084, 0.00224, 0.04449, 0.00384, 0.02269, 0.05765, 0.00558, 0.04796, 0.01697, 0.0436, 0.0238, 0.00734, 0.09732, 0.00599, 0.08091, 0.00454, 0.04566, 0.00376, 0.05199],[0.24443, 0.29003, 0.23244, 0.22583, 0.21453, 0.2137],[6, 5, 6, 9, 8, 13],50,6
2.5,97,[0.03885, 0.02874, 0.03007, 0.02902, 0.00209, 0.01793, 0.00129, 0.03498, 0.05079, 0.05914, 0.01818, 0.04762, 0.00191, 0.08152, 0.0162, 0.04944, 0.00803, 0.05262, 0.01256, 0.07707, 0.02755, 0.0662, 0.09584, 0.03013, 0.05934, 0.00428, 0.03882, 0.04702, 0.0428, 0.09478, 0.00677, 0.03491, 0.04654, 0.00411, 0.00104, 0.00795, 0.0158, 0.03817, 0.0828, 0.02291, 0.00659, 0.05973, 0.00354, 0.01858, 0.03068, 0.03832, 0.02419, 0.00496, 0.02525, 0.08348],[0.21714, 0.24618, 0.20192, 0.28583],[2, 14, 6, 12],50,4
2.5,98,[0.02706, 0.01374, 0.00305, 0.00214, 0.0308, 0.02136, 0.06598, 0.01561, 0.00525, 0.01491, 0.03283, 0.0076, 0.01785, 0.00145, 0.0017, 0.0332, 0.00433, 0.06484, 0.00694, 0.03217, 0.00354, 0.00263, 0.02539, 0.04189, 0.01084, 0.00224, 0.04449, 0.00384, 0.02269, 0.05765, 0.00558, 0.04796, 0.01697, 0.0436, 0.0238, 0.00734, 0.09732, 0.00599, 0.08091, 0.00454, 0.04566],[0.21631, 0.22583, 0.21453, 0.2137],[10, 9, 8, 13],41,4
2.5,99,[0.02572, 0.00218, 0.07817, 0.05533, 0.00868, 0.00595, 0.02422, 0.03283, 0.0076, 0.01785, 0.00145, 0.0017, 0.0332, 0.00433, 0.06484, 0.00694, 0.03217, 0.00354, 0.00263, 0.02539, 0.04189, 0.01084, 0.00224, 0.04449, 0.09298, 0.00384, 0.02269, 0.05765, 0.00558, 0.04796, 0.01697, 0.0436, 0.0238, 0.00734, 0.09732, 0.00599, 0.08091, 0.00454, 0.04566, 0.00376, 0.05199, 0.00147, 0.05021, 0.00206, 0.03199, 0.04183, 0.02773, 0.00803, 0.05262, 0.01256, 0.07707, 0.02755, 0.0662, 0.09584, 0.03013, 0.05934],[0.29605, 0.28498, 0.22583, 0.21453, 0.2137, 0.26628, 0.20192],[5, 2, 9, 9, 13, 9, 6],56,7
2.5,100,[0.03996, 0.01483, 0.00711, 0.00144, 0.03571, 0.05551, 0.04484, 0.03217, 0.00354, 0.00263, 0.02539, 0.04189, 0.01084, 0.00224, 0.04449, 0.03283, 0.0076, 0.01785, 0.00145, 0.0017, 0.0332, 0.00433, 0.06484, 0.00694, 0.00102, 0.0011, 0.00756, 0.01145, 0.00613, 0.0022, 0.00225, 0.03707, 0.05706, 0.004, 0.01724, 0.03097, 0.02429, 0.00674, 0.02448, 0.0152, 0.00917, 0.0037, 0.02456, 0.04531, 0.01709, 0.03007, 0.01755, 0.03224, 0.01595, 0.00182, 0.02641, 0.08257, 0.02512, 0.0767, 0.02824, 0.05777, 0.07916, 0.09584, 0.03013],[0.26997, 0.22583, 0.23244, 0.20298, 0.22549, 0.37038, 0.23988],[7, 8, 9, 6, 9, 5, 13],59,7
2.5,101,[0.00216, 0.0253, 0.00538, 0.04386, 0.03174, 0.08134, 0.07346, 0.00443, 0.01113, 0.04642, 0.00247, 0.00803, 0.05262, 0.01256, 0.07707, 0.02755, 0.0662, 0.09584, 0.03013, 0.05934, 0.00428, 0.03882, 0.04702, 0.0428, 0.09478, 0.00677, 0.03491, 0.04654, 0.01709, 0.03007, 0.01755, 0.03224, 0.01595],[0.21403, 0.20192, 0.23988],[11, 6, 11],33,3
2.5,102,[0.00067, 0.0436, 0.00247, 0.00414, 0.00637, 0.00196, 0.00207, 0.00595, 0.02422, 0.03283, 0.0076, 0.01785, 0.00145, 0.0017, 0.0332, 0.00433, 0.06484, 0.00694, 0.03217, 0.00354, 0.00263, 0.02539, 0.04189, 0.01084, 0.00224, 0.04449, 0.09298, 0.00384, 0.02269, 0.05765, 0.00558, 0.04796, 0.01697, 0.0436, 0.0238, 0.00734, 0.09732, 0.00599, 0.08091, 0.00454, 0.04566, 0.00376, 0.05199, 0.00147, 0.05021, 0.00206, 0.03199, 0.04183, 0.02773, 0.00803, 0.05262, 0.01256, 0.07707, 0.02755, 0.0662, 0.09584, 0.03013, 0.05934],[0.31677, 0.28498, 0.22583, 0.21453, 0.2137, 0.26628, 0.20192],[7, 2, 9, 9, 13, 9, 6],58,7
2.5,103,[0.01052, 0.00744, 0.01458, 0.06121, 0.07249, 0.00242, 0.08463, 0.01186, 0.00891, 0.06519, 0.00595, 0.02422, 0.03283, 0.0076, 0.01785, 0.00145, 0.0017, 0.0332, 0.00433, 0.06484, 0.00694, 0.03217, 0.00354, 0.00263, 0.02539, 0.04189, 0.01084, 0.00224, 0.04449, 0.09298, 0.00384, 0.02269, 0.05765, 0.00558, 0.04796, 0.01697],[0.22911, 0.2732, 0.28498, 0.22583, 0.21453],[5, 5, 2, 9, 9],36,5
2.5,104,[0.0094, 0.02383, 0.06725, 0.01507, 0.03771, 0.00305, 0.00514, 0.01491, 0.02423, 0.00407, 0.01986, 0.05697],[],[],12,0
2.5,105,[0.07575, 0.01944, 0.03023, 0.02363, 0.03019, 0.04689, 0.06363, 0.00104, 0.00795, 0.0158, 0.03817, 0.0828, 0.02291, 0.00659],[0.25041],[7],14,1
2.5,106,[0.004, 0.00234, 0.00551, 0.0225, 0.06758, 0.047, 0.0414, 0.01485, 0.01786, 0.05604, 0.05213, 0.0983, 0.05445, 0.01106, 0.01434, 0.05206, 0.00308, 0.08127, 0.05947, 0.01, 0.04351, 0.07252, 0.02981, 0.05043, 0.05139, 0.06926, 0.00499, 0.00549, 0.01656, 0.00288, 0.04085, 0.01364, 0.00356, 0.00803, 0.05262, 0.01256, 0.07707, 0.02755, 0.0662, 0.09584, 0.03013, 0.05934, 0.00428, 0.03882, 0.04702, 0.0428, 0.09478, 0.00677, 0.03491, 0.04654, 0.01709, 0.03007, 0.01755, 0.03224, 0.01595],[0.23265, 0.23416, 0.36523, 0.20192, 0.23988],[3, 15, 15, 6, 11],55,5
2.5,107,[0.01657, 0.03166, 0.05526, 0.02134, 0.04668, 0.02874, 0.01334, 0.00094, 0.00283, 0.00566, 0.09584, 0.03221, 0.01425, 0.02343, 0.02361, 0.00308, 0.03479],[0.23368],[6],17,1
2.5,108,[0.06108, 0.00753, 0.08468, 0.00171, 0.04537, 0.00732, 0.05304, 0.02154, 0.06038, 0.01433, 0.01298, 0.02796, 0.07948, 0.00629, 0.0677, 0.02734, 0.02481, 0.018, 0.00814, 0.07181, 0.00664, 0.0699, 0.01612, 0.03713, 0.00783, 0.01334, 0.00094],[0.20991, 0.20946],[16, 9],27,2
2.5,109,[0.01177, 0.04419, 0.06907, 0.00368, 0.01848, 0.02088, 0.03135, 0.04198, 0.07233, 0.03283, 0.0076, 0.01785, 0.00145, 0.0017, 0.0332, 0.00433, 0.06484, 0.00694, 0.03217, 0.00354, 0.00263, 0.02539, 0.04189, 0.01084, 0.00224, 0.04449, 0.09298, 0.01096, 0.01521, 0.03085, 0.00384, 0.02269, 0.00558, 0.04796, 0.01697, 0.0436, 0.0238, 0.00734, 0.09732, 0.00599, 0.08091, 0.00454, 0.04566, 0.00376, 0.05199, 0.00147, 0.05021],[0.22506, 0.22583, 0.21453, 0.2137],[9, 9, 12, 12],47,4
2.5,110,[0.01484, 0.00418, 0.02426, 0.03745, 0.00849, 0.02688, 0.08614, 0.08131, 0.02011, 0.00737, 0.02052],[],[],11,0
2.5,111,[0.07285, 0.08798, 0.00491, 0.0899, 0.00604, 0.03713, 0.06481, 0.00443, 0.09885, 0.06869, 0.01929, 0.01268, 0.01604, 0.03914, 0.01125, 0.00266, 0.00329, 0.00479, 0.00502, 0.07533, 0.00851, 0.03448, 0.0238, 0.02171, 0.02839, 0.09676, 0.08494, 0.01161, 0.01414, 0.00323, 0.02239, 0.03772, 0.0101, 0.0323, 0.02977, 0.00287, 0.00298, 0.01851, 0.0152, 0.00917, 0.0037, 0.02456, 0.04531, 0.00102, 0.0011, 0.00756, 0.01145, 0.00613, 0.0022, 0.04086, 0.03283, 0.0076, 0.01785, 0.00145],[0.30132, 0.24168, 0.20901, 0.29003, 0.23244],[11, 17, 10, 5, 7],54,5
2.5,112,[0.00387, 0.01097, 0.00177, 0.00376, 0.00297, 0.03342, 0.00343, 0.03283, 0.0076, 0.01785, 0.00145, 0.0017, 0.0332, 0.00433, 0.06484, 0.00694, 0.03217, 0.00354, 0.00263, 0.02539, 0.04189, 0.01084, 0.00224, 0.04449, 0.00384, 0.02269, 0.05765, 0.00558, 0.04796, 0.01697, 0.0436, 0.0238, 0.00734, 0.09732, 0.00599, 0.08091, 0.00454, 0.04566, 0.00376, 0.05199, 0.00147, 0.05021, 0.00206, 0.03199, 0.04183, 0.02773, 0.00803, 0.05262, 0.01256, 0.07707, 0.02755, 0.0662, 0.09584, 0.03013, 0.05934],[0.21383, 0.28703, 0.22583, 0.21453, 0.2137, 0.26628, 0.20192],[2, 5, 9, 8, 13, 9, 6],55,7
2.5,113,[0.01554, 0.00682, 0.02928, 0.03849, 0.08449, 0.00803, 0.05262, 0.01256, 0.07707, 0.02755, 0.0662, 0.09584, 0.03013, 0.05934, 0.00428, 0.03882, 0.04702, 0.0428, 0.09478, 0.00677, 0.03491, 0.04654, 0.01709, 0.03007, 0.01755, 0.03224, 0.01595, 0.00182, 0.02641, 0.08257, 0.02512, 0.0767, 0.02824, 0.05777, 0.07916, 0.05706, 0.01414, 0.00323, 0.02239, 0.03772, 0.0101, 0.07902, 0.0323, 0.02977, 0.00287, 0.00298, 0.01851, 0.0152, 0.00917, 0.0037, 0.02456, 0.04531, 0.00102, 0.0011, 0.00756],[0.23439, 0.20192, 0.23988, 0.21373, 0.20901, 0.29003],[5, 6, 11, 13, 12, 5],55,6
2.5,114,[0.00118, 0.00136, 0.04515, 0.02523, 0.00193, 0.04901, 0.03283, 0.0076, 0.01785, 0.00145, 0.0017, 0.0332, 0.00433, 0.06484, 0.00694, 0.03217, 0.00354, 0.00263, 0.02539, 0.04189, 0.01084, 0.00224, 0.04449, 0.00384, 0.02269, 0.05765, 0.00558, 0.04796, 0.01697, 0.0436, 0.0238, 0.00734, 0.09732, 0.00599, 0.08091, 0.00454, 0.04566, 0.00376, 0.05199, 0.00147, 0.05021, 0.00206, 0.03199, 0.04183, 0.02773, 0.00803, 0.05262, 0.01256, 0.07707, 0.02755, 0.0662, 0.09584, 0.03013, 0.05934],[0.24022, 0.22583, 0.21453, 0.2137, 0.26628, 0.20192],[6, 9, 8, 13, 9, 6],54,6
2.5,115,[0.02357, 0.00075, 0.00544, 0.02573, 0.00151, 0.00304, 0.03434, 0.03283, 0.0076, 0.01785, 0.00145, 0.0017, 0.0332, 0.00433, 0.06484, 0.00694, 0.03217, 0.00354, 0.00263, 0.02539, 0.04189, 0.01084, 0.00224, 0.04449, 0.09298, 0.00384, 0.02269, 0.05765, 0.00558, 0.04796, 0.01697, 0.0436, 0.0238, 0.00734, 0.09732, 0.00599, 0.08091, 0.00454, 0.04566, 0.00376, 0.05199, 0.00147, 0.05021, 0.00206, 0.03199, 0.04183, 0.02773, 0.00803, 0.05262, 0.01256, 0.07707, 0.02755, 0.0662, 0.09584, 0.03013, 0.05934],[0.28065, 0.22583, 0.21453, 0.2137, 0.26628, 0.20192],[7, 9, 9, 13, 9, 6],56,6
2.5,116,[0.01482, 0.08406, 0.0152, 0.00917, 0.0037, 0.02456, 0.04531, 0.08631, 0.05958, 0.00225, 0.03707, 0.05706, 0.004, 0.01724, 0.03097, 0.02429, 0.00674, 0.02448, 0.00102, 0.0011, 0.00756, 0.01145, 0.00613, 0.0022, 0.03283, 0.0076, 0.01785, 0.00145, 0.0017, 0.0332, 0.00433, 0.06484, 0.00694, 0.03217, 0.00354, 0.00263, 0.02539, 0.04189, 0.01084, 0.00224, 0.04449, 0.00384, 0.02269],[0.22334, 0.22549, 0.20298, 0.23244, 0.22583, 0.21453],[2, 7, 9, 6, 9, 8],43,6
2.5,117,[0.03016, 0.00313, 0.00152, 0.08875, 0.00072, 0.00899, 0.0007, 0.00227, 0.02625, 0.04223, 0.04386, 0.00178, 0.03874, 0.08038, 0.02933, 0.09732, 0.02239, 0.03283, 0.0076, 0.01785, 0.00145, 0.0017, 0.0332, 0.00433, 0.06484, 0.00694, 0.03217, 0.00354, 0.00263, 0.02539, 0.04189, 0.01084, 0.00224, 0.04449, 0.03261, 0.03018, 0.02549, 0.02852, 0.04649, 0.04617, 0.06071, 0.03248, 0.01927, 0.08201, 0.01304, 0.04566, 0.00376, 0.05199, 0.00147],[0.25278, 0.23806, 0.22583, 0.28155, 0.22682, 0.26473],[4, 13, 9, 8, 6, 5],49,6
2.5,118,[0.00208, 0.0251, 0.05563, 0.01137, 0.01062, 0.02925, 0.05902, 0.04582, 0.04637, 0.05021, 0.00595, 0.02422, 0.03283, 0.0076, 0.01785, 0.00145, 0.0017, 0.0332, 0.00433, 0.06484, 0.00694, 0.03217, 0.00354, 0.00263, 0.02539, 0.04189, 0.01084, 0.00224, 0.04449, 0.09298, 0.03261, 0.03018, 0.02549, 0.02852, 0.04649, 0.04617, 0.02932],[0.21702, 0.28498, 0.22583, 0.28155],[10, 2, 9, 9],37,4
2.5,119,[0.02885, 0.00207, 0.02514, 0.02883, 0.02118, 0.08729, 0.06253, 0.00703, 0.00254, 0.02748, 0.01236, 0.01261, 0.02035, 0.09584, 0.03013, 0.05934, 0.00428, 0.03882],[0.23876],[13],18,1
2.5,120,[0.02232, 0.01022, 0.00803, 0.05262, 0.01256, 0.07707, 0.02755, 0.0662, 0.09584, 0.03013, 0.05934, 0.00428, 0.03882, 0.04702, 0.0428, 0.09478, 0.00677, 0.03491, 0.04654, 0.01709, 0.03007, 0.01755, 0.03224, 0.01595, 0.00182, 0.02641, 0.08257, 0.02512, 0.0767, 0.02824, 0.05777, 0.07916, 0.05706, 0.01414, 0.00323, 0.02239, 0.03772, 0.0101, 0.07902, 0.0323, 0.02977, 0.00287, 0.00298, 0.01851, 0.0152, 0.00917, 0.0037, 0.02456, 0.04531, 0.00102, 0.0011, 0.00756, 0.01145],[0.24435, 0.20192, 0.23988, 0.21373, 0.20901, 0.29003],[2, 6, 11, 13, 12, 5],53,6
2.5,121,[0.00052, 0.04211, 0.0695, 0.01659, 0.05108, 0.01995, 0.0028, 0.01157, 0.08195, 0.00902, 0.00304, 0.0844, 0.02099, 0.07059, 0.045, 0.00377, 0.00225, 0.03707, 0.05706, 0.004, 0.01724, 0.03097, 0.02429, 0.00674, 0.02448, 0.0152, 0.00917, 0.0037, 0.02456, 0.04531, 0.00102, 0.0011, 0.00756, 0.01145, 0.00613, 0.0022, 0.03283, 0.0076, 0.01785],[0.20485, 0.22549, 0.29003, 0.23244],[16, 9, 5, 6],39,4
2.5,122,[0.03812, 0.00103, 0.00327, 0.01713, 0.00165, 0.01457, 0.01752, 0.03217, 0.00354, 0.00263, 0.02539, 0.04189, 0.01084, 0.00224, 0.04449, 0.03283, 0.0076, 0.01785, 0.00145, 0.0017, 0.0332, 0.00433, 0.06484, 0.00694, 0.00102, 0.0011, 0.00756, 0.01145, 0.00613, 0.0022, 0.00225, 0.03707, 0.05706, 0.004, 0.01724, 0.03097, 0.02429, 0.00674, 0.02448, 0.0152, 0.00917, 0.0037, 0.02456, 0.04531, 0.01709, 0.03007, 0.01755, 0.03224, 0.01595, 0.00182, 0.02641],[0.24379, 0.22583, 0.23244, 0.20298, 0.22549, 0.37038],[7, 8, 9, 6, 9, 5],51,6
2.5,123,[0.02846, 0.01293, 0.00957, 0.09364, 0.03283, 0.0076, 0.01785, 0.00145, 0.0017, 0.0332, 0.00433, 0.06484, 0.00694, 0.03217, 0.00354, 0.00263, 0.02539, 0.04189, 0.01084, 0.00224, 0.04449, 0.09298, 0.01096, 0.09432, 0.01521, 0.03085, 0.00384, 0.02269, 0.00558, 0.04796, 0.01697, 0.0436, 0.0238, 0.00734, 0.09732, 0.00599, 0.08091, 0.00454, 0.04566, 0.00376, 0.05199, 0.00147, 0.05021, 0.00206, 0.03199, 0.04183, 0.02773, 0.00803, 0.05262, 0.01256, 0.07707, 0.02755, 0.0662],[0.25759, 0.22583, 0.21453, 0.2137, 0.26628, 0.20192],[4, 9, 13, 12, 9, 6],53,6
2.5,124,[0.00489, 0.07146, 0.04866, 0.08333, 0.0452, 0.01457, 0.00509, 0.00172, 0.01896, 0.00179, 0.06424, 0.06995, 0.03872, 0.00958, 0.0152, 0.00917, 0.0037, 0.02456, 0.04531, 0.08631, 0.05958, 0.0056, 0.00225],[0.21129, 0.22549],[14, 8],23,2
2.5,125,[0.00295, 0.0018, 0.01201, 0.00997, 0.05839, 0.03108, 0.00803, 0.05262, 0.01256, 0.07707, 0.02755, 0.0662, 0.09584, 0.03013, 0.05934, 0.00428, 0.03882, 0.04702, 0.0428, 0.09478, 0.00677, 0.03491, 0.04654, 0.01709, 0.03007, 0.01755, 0.03224, 0.01595, 0.00182, 0.02641, 0.08257, 0.02512, 0.0767, 0.02824, 0.05777, 0.07916, 0.05706, 0.01414, 0.00323, 0.02239, 0.03772, 0.0101, 0.07902, 0.0323, 0.02977, 0.00287, 0.00298, 0.01851, 0.0152, 0.00917, 0.0037, 0.02456, 0.04531, 0.00102, 0.0011, 0.00756, 0.01145],[0.32418, 0.20192, 0.23988, 0.21373, 0.20901, 0.29003],[6, 6, 11, 13, 12, 5],57,6
2.5,126,[0.04477, 0.00482, 0.01677, 0.00129, 0.03645, 0.03426, 0.05235, 0.09706, 0.03217, 0.00354, 0.00263, 0.02539, 0.04189, 0.01084, 0.00224, 0.04449, 0.03283, 0.0076, 0.01785, 0.00145, 0.0017, 0.0332, 0.00433, 0.06484, 0.00694, 0.00102, 0.0011, 0.00756, 0.01145, 0.00613, 0.0022, 0.00225, 0.03707, 0.05706, 0.004, 0.01724, 0.03097, 0.02429, 0.00674, 0.02448, 0.0152, 0.00917, 0.0037, 0.02456, 0.04531, 0.01709, 0.03007, 0.01755, 0.03224, 0.01595, 0.00182, 0.02641, 0.08257, 0.02512, 0.0767, 0.02824, 0.05777, 0.07916, 0.09584, 0.03013],[0.27621, 0.22583, 0.23244, 0.20298, 0.22549, 0.37038, 0.23988],[8, 8, 9, 6, 9, 5, 13],60,7
2.5,127,[0.00171, 0.09167, 0.01807, 0.04883, 0.09424, 0.029],[],[],6,0
2.5,128,[0.00521, 0.03163, 0.04165, 0.0291, 0.09584, 0.03013, 0.05934, 0.00428, 0.03882, 0.04702, 0.00803, 0.05262, 0.01256, 0.02755, 0.0662, 0.01709, 0.03007, 0.01755, 0.03224, 0.01595, 0.00182, 0.02641, 0.08257, 0.02512, 0.0767, 0.02824, 0.05777, 0.07916, 0.05706, 0.01414, 0.00323, 0.02239, 0.03772, 0.0101, 0.07902, 0.0323, 0.02977, 0.00287, 0.00298, 0.01851, 0.0152, 0.00917, 0.0037, 0.02456, 0.04531, 0.00102, 0.0011, 0.00756, 0.01145, 0.00613],[0.21425, 0.20192, 0.26858, 0.21373, 0.20901, 0.29003],[4, 6, 5, 13, 12, 5],50,6
2.5,129,[0.00229, 0.0487, 0.01947, 0.06493, 0.02051, 0.02707, 0.03276, 0.04876, 0.03283, 0.0076, 0.01785, 0.00145, 0.0017, 0.0332, 0.00433, 0.06484, 0.00694, 0.03217, 0.00354, 0.00263, 0.02539, 0.04189, 0.01084, 0.00224, 0.04449, 0.09298, 0.01096, 0.09432, 0.01521, 0.03085, 0.00384, 0.02269, 0.00558, 0.04796, 0.01697, 0.0436, 0.0238, 0.00734, 0.09732, 0.00599, 0.08091, 0.00454, 0.04566, 0.00376, 0.05199, 0.00147, 0.05021],[0.2447, 0.22583, 0.21453, 0.2137],[8, 9, 13, 12],47,4
2.5,130,[0.02414, 0.0012, 0.02361, 0.04653, 0.05084, 0.00628, 0.09651, 0.00072, 0.00899, 0.0007, 0.00227, 0.02625, 0.04223, 0.04386, 0.00178, 0.03874, 0.08038, 0.02933, 0.09732, 0.02239, 0.06907, 0.03283, 0.0076, 0.01785, 0.00145, 0.0017, 0.0332, 0.00433, 0.06484, 0.00694, 0.08883, 0.03255, 0.01937],[0.21047, 0.23806],[7, 14],33,2
2.5,131,[0.01708, 0.02893, 0.0013, 0.07121, 0.05959, 0.09084, 0.01211, 0.09434, 0.00832, 0.01323, 0.00222, 0.00264, 0.04392, 0.05146, 0.02663, 0.01483],[],[],16,0
2.5,132,[0.01013, 0.02139, 0.00275, 0.00803, 0.05262, 0.01256, 0.07707, 0.02755, 0.0662, 0.09584, 0.03013, 0.05934, 0.00428, 0.03882, 0.04702, 0.0428, 0.09478, 0.00677, 0.03491, 0.04654, 0.01709, 0.03007, 0.01755, 0.03224, 0.01595, 0.00182, 0.02641, 0.08257, 0.02512, 0.0767, 0.02824, 0.05777, 0.07916, 0.05706, 0.01414, 0.00323, 0.02239, 0.03772, 0.0101, 0.07902, 0.0323, 0.02977, 0.00287, 0.00298, 0.01851],[0.2605, 0.20192, 0.23988, 0.21373],[3, 6, 11, 13],45,4
2.5,133,[0.03955, 0.0249, 0.0152, 0.00917, 0.0037, 0.02456, 0.04531, 0.00225, 0.03707, 0.05706, 0.004, 0.01724, 0.03097, 0.02429, 0.00674, 0.02448, 0.00102, 0.0011, 0.00756, 0.01145, 0.00613, 0.0022, 0.03283, 0.0076, 0.01785, 0.00145, 0.0017, 0.0332, 0.00433, 0.06484, 0.00694, 0.03217, 0.00354, 0.00263, 0.02539, 0.04189, 0.01084, 0.00224, 0.04449, 0.00384, 0.02269, 0.05765, 0.00558, 0.04796, 0.01697],[0.2146, 0.22549, 0.20298, 0.23244, 0.22583, 0.21453],[2, 5, 9, 6, 9, 8],45,6
2.5,134,[0.04813, 0.0298, 0.06145, 0.01129, 0.02107, 0.08458, 0.00237, 0.01196, 0.01845, 0.02317, 0.02055, 0.0035, 0.00359, 0.01836, 0.004, 0.00595, 0.02422, 0.03283, 0.0076, 0.01785, 0.00145, 0.0017, 0.0332, 0.00433, 0.06484, 0.00694, 0.03217, 0.00354, 0.00263, 0.02539],[0.30651, 0.28498, 0.22583],[15, 2, 9],30,3
2.5,135,[0.02331, 0.05272, 0.02508, 0.09584, 0.03013, 0.05934, 0.00428, 0.03882, 0.04702, 0.00803, 0.05262, 0.01256, 0.07707, 0.02755, 0.0662, 0.01709, 0.03007, 0.01755, 0.03224, 0.01595, 0.00182, 0.02641, 0.08257, 0.02512, 0.0767, 0.02824, 0.05777, 0.07916, 0.05706, 0.01414, 0.00323, 0.02239, 0.03772, 0.0101, 0.07902, 0.0323, 0.02977, 0.00287, 0.00298, 0.01851, 0.0152, 0.00917, 0.0037, 0.02456, 0.04531, 0.00102, 0.0011, 0.00756, 0.01145],[0.22112, 0.20192, 0.26858, 0.21373, 0.20901, 0.29003],[3, 6, 6, 13, 12, 5],49,6
2.5,136,[0.00611, 0.01334, 0.00094, 0.00283, 0.00566, 0.09584, 0.03221, 0.01425, 0.02343, 0.02361, 0.00308, 0.03479, 0.0221, 0.01152, 0.01709, 0.03007, 0.01755, 0.03224, 0.01595, 0.00182, 0.02641, 0.08257, 0.02512, 0.0767, 0.02824, 0.05777, 0.07916, 0.00803, 0.05262, 0.01256, 0.07707, 0.02755, 0.0662, 0.00072, 0.00899, 0.0007, 0.00227, 0.02625, 0.04223, 0.04386, 0.00178, 0.03874, 0.08038, 0.02933, 0.09732, 0.02239, 0.03283, 0.0076, 0.01785, 0.00145, 0.0017, 0.0332, 0.00433, 0.06484, 0.00694, 0.03217, 0.00354, 0.00263, 0.02539, 0.04189, 0.01084, 0.00224, 0.04449],[0.21151, 0.26762, 0.26858, 0.25288, 0.23806, 0.22583, 0.28155],[1, 13, 13, 6, 13, 9, 8],63,7
2.5,137,[0.04418, 0.00114, 0.03223, 0.00186, 0.0206, 0.00669, 0.01709, 0.03007, 0.01755, 0.03224, 0.01595, 0.00182, 0.02641, 0.08257, 0.02512, 0.0767, 0.02824, 0.05777, 0.07916, 0.03013, 0.05934, 0.00428, 0.03882, 0.04702, 0.00803, 0.05262, 0.01256, 0.07707, 0.02755, 0.0662, 0.00072, 0.00899, 0.0007, 0.00227, 0.02625, 0.04223, 0.04386, 0.00178, 0.03874, 0.08038, 0.02933, 0.09732, 0.02239, 0.03283, 0.0076, 0.01785, 0.00145, 0.0017, 0.0332, 0.00433, 0.06484, 0.00694, 0.03217, 0.00354, 0.00263, 0.02539, 0.04189, 0.01084, 0.00224, 0.04449],[0.29091, 0.23988, 0.20192, 0.25288, 0.23806, 0.22583, 0.28155],[6, 13, 5, 6, 13, 9, 8],60,7
2.5,138,[0.03872, 0.04944, 0.06801, 0.03823, 0.00595, 0.02422, 0.03283, 0.0076, 0.01785, 0.00145, 0.0017, 0.0332, 0.00433, 0.06484, 0.00694, 0.03217, 0.00354, 0.00263, 0.02539, 0.04189, 0.01084, 0.00224, 0.04449, 0.09298, 0.00384, 0.02269, 0.05765, 0.00558, 0.04796, 0.01697, 0.0436, 0.0238, 0.00734, 0.09732, 0.00599, 0.08091, 0.00454, 0.04566, 0.00376, 0.05199, 0.00147, 0.05021, 0.00206, 0.03199, 0.04183, 0.02773, 0.00803],[0.24152, 0.28498, 0.22583, 0.21453, 0.2137, 0.26628],[4, 2, 9, 9, 13, 9],47,6
2.5,139,[0.00643, 0.07514, 0.00104, 0.00795, 0.0158, 0.03817, 0.0828, 0.02291, 0.00659, 0.05973, 0.00354, 0.01858, 0.03068, 0.01334, 0.00094, 0.00283, 0.00566, 0.09584, 0.03221, 0.01425, 0.02343, 0.02361, 0.00308, 0.03479, 0.0221, 0.01152, 0.01709, 0.03007, 0.01755, 0.03224, 0.01595, 0.00182, 0.02641, 0.08257, 0.02512, 0.0767, 0.02824, 0.05777, 0.07916, 0.00803, 0.05262, 0.01256, 0.07707, 0.02755, 0.0662, 0.00072, 0.00899, 0.0007, 0.00227, 0.02625, 0.04223],[0.22831, 0.28659, 0.26762, 0.26858, 0.25288],[2, 11, 13, 13, 6],51,5
2.5,140,[0.00533, 0.03022, 0.00139, 0.0077, 0.03283, 0.0076, 0.01785, 0.00145, 0.0017, 0.0332, 0.00433, 0.06484, 0.00694, 0.03217, 0.00354, 0.00263, 0.02539, 0.04189, 0.01084, 0.00224, 0.04449, 0.00384, 0.02269, 0.05765, 0.00558, 0.04796, 0.01697, 0.0436, 0.0238, 0.00734, 0.09732, 0.00599, 0.08091, 0.00454, 0.04566, 0.00376, 0.05199, 0.00147, 0.05021, 0.00206, 0.03199, 0.04183, 0.02773, 0.00803, 0.05262, 0.01256, 0.07707, 0.02755, 0.0662, 0.09584, 0.03013, 0.05934],[0.21563, 0.22583, 0.21453, 0.2137, 0.26628, 0.20192],[4, 9, 8, 13, 9, 6],52,6
2.5,141,[0.03165, 0.00214, 0.01149, 0.03694, 0.00857, 0.00501, 0.01709, 0.03007, 0.01755, 0.03224, 0.01595, 0.00182, 0.02641, 0.08257, 0.02512, 0.0767, 0.02824, 0.05777, 0.07916, 0.03013, 0.05934, 0.00428, 0.03882, 0.04702, 0.00803, 0.05262, 0.01256, 0.07707, 0.02755, 0.0662, 0.00072, 0.00899, 0.0007, 0.00227, 0.02625, 0.04223, 0.04386, 0.00178, 0.03874, 0.08038, 0.02933, 0.09732, 0.02239, 0.03283, 0.0076, 0.01785, 0.00145, 0.0017, 0.0332, 0.00433, 0.06484, 0.00694, 0.03217, 0.00354, 0.00263, 0.02539, 0.04189, 0.01084, 0.00224, 0.04449],[0.24321, 0.23988, 0.20192, 0.25288, 0.23806, 0.22583, 0.28155],[6, 13, 5, 6, 13, 9, 8],60,7
2.5,142,[0.01732, 0.01758, 0.02442, 0.01709, 0.00403, 0.09105, 0.03217, 0.00354, 0.00263, 0.02539, 0.04189, 0.01084, 0.00224, 0.04449, 0.03283, 0.0076, 0.01785, 0.00145, 0.0017, 0.0332, 0.00433, 0.06484, 0.00694, 0.00102, 0.0011, 0.00756, 0.01145, 0.00613, 0.0022, 0.00225, 0.03707, 0.05706, 0.004, 0.01724, 0.03097, 0.02429, 0.00674, 0.02448, 0.0152, 0.00917, 0.0037, 0.02456, 0.04531, 0.01709, 0.03007],[0.25512, 0.22583, 0.23244, 0.20298, 0.22549, 0.37038],[6, 8, 9, 6, 9, 5],45,6
2.5,143,[0.04242, 0.00214, 0.09357, 0.01334, 0.00094, 0.00283, 0.00566, 0.09584, 0.03221, 0.01425, 0.02343, 0.02361, 0.00308, 0.03479, 0.0221, 0.01152, 0.01709, 0.03007, 0.01755, 0.03224, 0.01595, 0.00182, 0.02641, 0.08257, 0.02512, 0.0767, 0.02824, 0.05777, 0.07916, 0.00803, 0.05262, 0.01256, 0.07707, 0.02755, 0.0662, 0.00072, 0.00899, 0.0007, 0.00227, 0.02625, 0.04223, 0.04386, 0.00178, 0.03874],[0.34194, 0.26762, 0.26858, 0.25288],[3, 13, 13, 6],44,4
2.5,144,[0.00403, 0.00984, 0.00082, 0.041, 0.07967, 0.05142, 0.00168, 0.00356, 0.06162, 0.02833, 0.00238, 0.0028, 0.01503, 0.06995, 0.05257, 0.03437, 0.01051, 0.0072, 0.00727, 0.0186, 0.07488, 0.00104, 0.00795, 0.0158, 0.03817, 0.0828, 0.02291, 0.00659, 0.05973, 0.00354, 0.01858, 0.03068, 0.01334, 0.00094, 0.00283, 0.00566, 0.09584, 0.03221, 0.01425, 0.02343, 0.02361, 0.00308, 0.03479, 0.0221, 0.01152, 0.01709, 0.03007, 0.01755, 0.03224, 0.01595, 0.00182, 0.02641, 0.08257, 0.02512, 0.0767, 0.02824],[0.28316, 0.28659, 0.26762],[21, 11, 13],56,3
2.5,145,[0.04961, 0.02394, 0.02494, 0.0042, 0.05889, 0.03439, 0.01124, 0.00801, 0.00897, 0.01402, 0.05656, 0.05208, 0.00679, 0.01548, 0.02326],[],[],15,0
2.5,146,[0.00451, 0.00125, 0.00905, 0.00154, 0.03007, 0.02902, 0.00209, 0.01793, 0.00129, 0.03498, 0.05079, 0.05914, 0.01818, 0.04762, 0.00191, 0.08152, 0.0162, 0.04944, 0.00803, 0.05262, 0.01256, 0.07707, 0.02755, 0.0662, 0.09584, 0.03013, 0.05934, 0.00428, 0.03882, 0.04702, 0.0428, 0.09478, 0.00677, 0.03491, 0.04654, 0.00411, 0.00104, 0.00795, 0.0158, 0.03817, 0.0828, 0.02291, 0.00659, 0.05973, 0.00354, 0.01858, 0.03068, 0.03832, 0.02419, 0.00496, 0.02525, 0.08348],[0.2208, 0.24618, 0.20192, 0.28583],[4, 14, 6, 12],52,4
2.5,147,[0.0098, 0.00788, 0.02624, 0.09971, 0.01437, 0.09537, 0.00789, 0.03768, 0.04658, 0.00072, 0.00899, 0.0007, 0.00227, 0.02625, 0.04223, 0.04386, 0.00178, 0.03874, 0.08038, 0.02933, 0.09732, 0.02239, 0.03283, 0.0076, 0.01785, 0.00145, 0.0017, 0.0332, 0.00433, 0.06484, 0.00694, 0.03217, 0.00354, 0.00263, 0.02539, 0.04189, 0.01084, 0.00224, 0.04449],[0.23903, 0.23806, 0.22583],[9, 13, 9],39,3
2.5,148,[0.06529, 0.00691, 0.06226, 0.00432, 0.00962, 0.03198, 0.03315, 0.02539, 0.00536, 0.01387, 0.03719, 0.07814, 0.03187, 0.03227],[],[],14,0
2.5,149,[0.00101, 0.03267, 0.03007, 0.02902, 0.00209, 0.01793, 0.00129, 0.03498, 0.05079, 0.05914, 0.01818, 0.04762, 0.00191, 0.08152, 0.0162, 0.04944, 0.00803, 0.05262, 0.01256, 0.07707, 0.02755, 0.0662, 0.09584, 0.03013, 0.05934, 0.00428, 0.03882, 0.04702, 0.0428, 0.09478, 0.00677, 0.03491, 0.04654, 0.00411, 0.00104, 0.00795, 0.0158, 0.03817, 0.0828, 0.02291, 0.00659, 0.05973, 0.00354, 0.01858, 0.03068, 0.03832, 0.02419, 0.00496, 0.02525, 0.08348],[0.22223, 0.24618, 0.20192, 0.28583],[2, 14, 6, 12],50,4
2.5,150,[0.00062, 0.01383, 0.03759, 0.01332, 0.02522, 0.0641, 0.03772, 0.00244, 0.03133, 0.02861, 0.01094, 0.06758, 0.00317, 0.05713, 0.00941, 0.04717],[0.24476],[8],16,1
2.5,151,[0.02334, 0.0227, 0.00949, 0.07307, 0.01203, 0.03217, 0.00354, 0.00263, 0.02539, 0.04189, 0.01084, 0.00224, 0.04449, 0.0076, 0.01785, 0.00145, 0.0017, 0.0332, 0.00433, 0.06484, 0.00694, 0.00102, 0.0011, 0.00756, 0.01145, 0.00613, 0.0022, 0.00225, 0.03707, 0.05706, 0.004, 0.01724, 0.03097, 0.02429, 0.00674, 0.02448, 0.0152, 0.00917, 0.0037, 0.02456, 0.04531, 0.01709, 0.03007, 0.01755, 0.03224, 0.01595, 0.00182, 0.02641, 0.08257, 0.02512, 0.0767, 0.02824, 0.05777, 0.07916],[0.26943, 0.22583, 0.23244, 0.20298, 0.22549, 0.37038],[5, 8, 8, 6, 9, 5],54,6
2.5,152,[0.01714, 0.04293, 0.02131, 0.00735, 0.01732, 0.0497, 0.00278, 0.0429, 0.00849, 0.04704, 0.07911, 0.0285, 0.01169, 0.00722, 0.00248, 0.06004, 0.00549, 0.09664, 0.03951, 0.04005, 0.02178, 0.00314, 0.05407, 0.01297, 0.0245, 0.05947, 0.01, 0.04351, 0.07252, 0.02981, 0.05043, 0.05139, 0.06926],[0.24362],[25],33,1
2.5,153,[0.00096, 0.01186, 0.0284, 0.08287, 0.0505, 0.00531, 0.00452, 0.01268, 0.01604, 0.03914, 0.01125, 0.00266, 0.00329, 0.00479, 0.00502, 0.07533, 0.00851, 0.03448, 0.0238, 0.02171, 0.02839, 0.09676, 0.08494, 0.01161, 0.01709, 0.03007, 0.01755, 0.03224, 0.01595, 0.00182, 0.02641, 0.08257, 0.02512, 0.0767, 0.02824, 0.05777, 0.07916, 0.09584, 0.03013, 0.05934, 0.00428, 0.03882, 0.04702, 0.00803, 0.05262, 0.01256, 0.07707, 0.02755, 0.0662, 0.00072],[0.21569, 0.33737, 0.23988, 0.20192, 0.25288],[7, 17, 13, 6, 6],50,5
2.5,154,[0.03647, 0.00602, 0.01004, 0.00322, 0.01222, 0.03148, 0.08938, 0.00229, 0.03283, 0.0076, 0.01785, 0.00145, 0.0017, 0.0332, 0.00433, 0.06484, 0.00694, 0.03217, 0.00354, 0.00263, 0.02539, 0.04189, 0.01084, 0.00224, 0.04449, 0.00384, 0.02269, 0.05765, 0.00558, 0.04796, 0.01697, 0.0436, 0.0238, 0.00734, 0.09732, 0.00599, 0.08091, 0.00454, 0.04566, 0.00376, 0.05199, 0.00147, 0.05021, 0.00206, 0.03199, 0.04183, 0.02773, 0.00803, 0.05262, 0.01256, 0.07707, 0.02755, 0.0662, 0.09584, 0.03013, 0.05934],[0.22279, 0.22583, 0.21453, 0.2137, 0.26628, 0.20192],[8, 9, 8, 13, 9, 6],56,6
2.5,155,[0.02839, 0.08937, 0.00872, 0.00175, 0.09484, 0.00368, 0.01943, 0.05864, 0.01268, 0.01604, 0.03914, 0.01125, 0.00266, 0.00329, 0.00479, 0.00502, 0.07533, 0.00851, 0.03448, 0.0238, 0.02171, 0.02839, 0.09676, 0.08494, 0.01161, 0.01414, 0.00323, 0.02239, 0.03772, 0.0101, 0.0323, 0.02977, 0.00287, 0.00298, 0.01851, 0.0152, 0.00917, 0.0037, 0.02456, 0.04531, 0.00102, 0.0011, 0.00756, 0.01145, 0.00613, 0.0022, 0.03283, 0.0076, 0.01785, 0.00145, 0.0017],[0.25869, 0.24168, 0.20901, 0.29003, 0.23244],[8, 17, 10, 5, 6],51,5
2.5,156,[0.0115, 0.07594, 0.06017, 0.03256, 0.00217, 0.04277, 0.0589, 0.04228, 0.03217, 0.00354, 0.00263, 0.02539, 0.04189, 0.01084, 0.00224, 0.04449, 0.00384, 0.02269, 0.05765, 0.00558, 0.04796, 0.01697, 0.0436, 0.0238, 0.00734, 0.09732, 0.00599, 0.08091, 0.00454, 0.04566, 0.00376, 0.05199, 0.00147, 0.05021, 0.00206, 0.03199, 0.04183, 0.02773, 0.00803, 0.05262, 0.01256, 0.07707, 0.02755, 0.0662, 0.09584, 0.03013, 0.05934],[0.21278, 0.21453, 0.2137, 0.26628, 0.20192],[8, 8, 13, 9, 6],47,5
2.5,157,[0.00485, 0.02617, 0.00648, 0.02282, 0.07398, 0.00963, 0.00307, 0.002, 0.01999, 0.03101, 0.01194, 0.06056, 0.00256, 0.04618],[],[],14,0
2.5,158,[0.00115, 0.05603, 0.023, 0.00177, 0.00376, 0.00297, 0.03342, 0.00343, 0.03283, 0.0076, 0.01785, 0.00145, 0.0017, 0.0332, 0.00433, 0.06484, 0.00694, 0.03217, 0.00354, 0.00263, 0.02539, 0.04189, 0.01084, 0.00224, 0.04449, 0.00384, 0.02269, 0.05765, 0.00558, 0.04796, 0.01697, 0.0436, 0.0238, 0.00734, 0.09732, 0.00599, 0.08091, 0.00454, 0.04566, 0.00376, 0.05199, 0.00147, 0.05021, 0.00206, 0.03199, 0.04183, 0.02773, 0.00803, 0.05262, 0.01256, 0.07707, 0.02755, 0.0662, 0.09584, 0.03013],[0.23905, 0.28703, 0.22583, 0.21453, 0.2137, 0.26628, 0.20192],[3, 5, 9, 8, 13, 9, 6],55,7
2.5,159,[0.02628, 0.01235, 0.00803, 0.05262, 0.01256, 0.07707, 0.02755, 0.0662, 0.09584, 0.03013, 0.05934, 0.00428, 0.03882, 0.04702, 0.0428, 0.09478, 0.00677, 0.03491, 0.04654, 0.01709, 0.03007, 0.01755, 0.03224, 0.01595, 0.00182, 0.02641, 0.08257, 0.02512, 0.0767, 0.02824, 0.05777, 0.07916, 0.05706, 0.01414, 0.00323, 0.02239, 0.03772, 0.0101, 0.07902, 0.0323, 0.02977, 0.00287, 0.00298, 0.01851, 0.0152, 0.00917, 0.0037, 0.02456, 0.04531, 0.00102],[0.27671, 0.20192, 0.23988, 0.21373, 0.20901, 0.29003],[2, 6, 11, 13, 12, 5],50,6
2.5,160,[0.0215, 0.02871, 0.02098, 0.00177, 0.00376, 0.00297, 0.03342, 0.00343, 0.03283, 0.0076, 0.01785, 0.00145, 0.0017, 0.0332, 0.00433, 0.06484, 0.00694, 0.03217, 0.00354, 0.00263, 0.02539, 0.04189, 0.01084, 0.00224, 0.04449, 0.00384, 0.02269, 0.05765, 0.00558, 0.04796, 0.01697, 0.0436, 0.0238, 0.00734, 0.09732, 0.00599, 0.08091, 0.00454, 0.04566, 0.00376, 0.05199, 0.00147, 0.05021, 0.00206, 0.03199, 0.04183, 0.02773, 0.00803, 0.05262, 0.01256, 0.07707, 0.02755],[0.20305, 0.28703, 0.22583, 0.21453, 0.2137, 0.26628],[3, 5, 9, 8, 13, 9],52,6
2.5,161,[0.00014, 0.00158, 0.01057, 0.01823, 0.00425, 0.02191, 0.03914, 0.01166, 0.00984, 0.00994, 0.02807, 0.01491, 0.08764, 0.05947, 0.01, 0.04351, 0.07252, 0.02981, 0.05043, 0.05139, 0.06926, 0.00499, 0.00549, 0.01656, 0.00288, 0.04085, 0.01364, 0.00356, 0.0225, 0.06758, 0.047, 0.0414, 0.01485, 0.01786, 0.05604, 0.05213, 0.0983, 0.05445, 0.01106, 0.01434, 0.05206, 0.00308, 0.08127, 0.01298, 0.02568, 0.04235, 0.0087, 0.00393, 0.07965, 0.00669, 0.0363, 0.01186, 0.01904, 0.04846, 0.09161, 0.06259, 0.08675, 0.00915, 0.00595, 0.02422, 0.03283, 0.0076, 0.01785, 0.00145, 0.0017, 0.0332, 0.00433, 0.06484, 0.00694, 0.03217],[0.27306, 0.23416, 0.22477, 0.21354, 0.28498, 0.22583],[13, 15, 15, 15, 2, 9],70,6
2.5,162,[0.00267, 0.07633, 0.09102, 0.01126, 0.02291, 0.02083, 0.01379, 0.0109, 0.03941, 0.01248, 0.01583, 0.03549, 0.00225, 0.03707, 0.05706, 0.004, 0.01724, 0.03097, 0.02429, 0.00674, 0.02448, 0.0152, 0.00917, 0.0037, 0.02456, 0.04531, 0.00102],[0.2016, 0.22549, 0.29003],[12, 9, 5],27,3
2.5,163,[0.02456, 0.05098, 0.01031, 0.03263, 0.02279, 0.05314, 0.08615, 0.00217, 0.00886, 0.08428, 0.04817, 0.00262, 0.05765, 0.06071, 0.03248, 0.01927, 0.08201, 0.01304, 0.00161, 0.03283, 0.00185, 0.00466, 0.00359, 0.02688, 0.00328, 0.00384, 0.04271, 0.03296, 0.01364, 0.00259, 0.00263, 0.00884, 0.00177, 0.00376, 0.00297, 0.03342, 0.00343, 0.07711, 0.06947, 0.02814, 0.06354],[0.20367, 0.22146, 0.25424, 0.20107, 0.22916],[12, 6, 14, 5, 4],41,5
2.5,164,[0.00713, 0.02928, 0.06416, 0.06237, 0.01355, 0.01298, 0.02568, 0.04235, 0.0087, 0.00393, 0.07965, 0.00669, 0.0363, 0.01186, 0.01904, 0.04846, 0.09161, 0.06259, 0.08675, 0.00915, 0.00595, 0.02422, 0.03283, 0.0076, 0.01785, 0.00145, 0.0017, 0.0332, 0.00433, 0.06484, 0.00694, 0.03217, 0.00354, 0.00263, 0.02539, 0.04189],[0.24168, 0.21354, 0.28498, 0.22583],[5, 15, 2, 9],36,4
2.5,165,[0.00105, 0.06983, 0.06034, 0.08536, 0.04404, 0.07444, 0.00401, 0.07025, 0.00436, 0.01033, 0.00297, 0.09785, 0.0225, 0.06758, 0.047, 0.0414, 0.01485, 0.01786, 0.05604, 0.05213, 0.0983, 0.05445, 0.01106, 0.01434, 0.05206, 0.00308, 0.08127, 0.05947, 0.01, 0.04351, 0.07252, 0.02981, 0.05043, 0.05139, 0.06926, 0.00499, 0.00549, 0.01656, 0.00288, 0.04085, 0.01364, 0.00356],[0.22774, 0.23416],[12, 15],42,2
2.5,166,[0.01897, 0.00441, 0.01182, 0.0313, 0.00416, 0.0923, 0.05647, 0.0152, 0.00917, 0.0037, 0.02456, 0.04531, 0.00225, 0.03707, 0.05706, 0.004, 0.01724, 0.03097, 0.02429, 0.00674, 0.02448, 0.01268, 0.01604, 0.03914, 0.01125, 0.00266, 0.00329, 0.00479, 0.00502, 0.07533, 0.00851, 0.03448, 0.0238, 0.02171, 0.02839, 0.09676, 0.08494, 0.01161, 0.01709],[0.26815, 0.22549, 0.27342, 0.33737],[7, 5, 9, 17],39,4
2.5,167,[0.02389, 0.00263, 0.01852, 0.00856, 0.0152, 0.00917, 0.0037, 0.02456, 0.04531, 0.00225, 0.03707, 0.05706, 0.004, 0.01724, 0.03097, 0.02429, 0.00674, 0.02448, 0.00102, 0.0011, 0.00756, 0.01145, 0.00613, 0.0022, 0.03283, 0.0076, 0.01785, 0.00145, 0.0017, 0.0332, 0.00433, 0.06484, 0.00694, 0.03217, 0.00354, 0.00263, 0.02539, 0.04189, 0.01084, 0.00224, 0.04449, 0.00384, 0.02269, 0.05765, 0.00558, 0.04796, 0.01697],[0.25921, 0.22549, 0.20298, 0.23244, 0.22583, 0.21453],[4, 5, 9, 6, 9, 8],47,6
2.5,168,[0.04917, 0.0439, 0.03788, 0.03553, 0.09219, 0.00188, 0.04456, 0.00439, 0.01587, 0.02136, 0.02156, 0.06442],[],[],12,0
2.5,169,[0.00819, 0.004, 0.00875, 0.00256, 0.07774, 0.00841, 0.07933, 0.03728, 0.0205, 0.01718, 0.04744, 0.03217, 0.00354, 0.00263, 0.02539, 0.04189, 0.01084, 0.00224, 0.04449, 0.09298, 0.03283, 0.0076, 0.01785, 0.00145, 0.0017, 0.0332, 0.00433, 0.06484, 0.00694],[0.20445, 0.22583, 0.23244],[11, 9, 9],29,3
2.5,170,[0.00562, 0.01553, 0.07408, 0.02677, 0.00663, 0.0701, 0.0024, 0.00968, 0.0152, 0.00917, 0.0037, 0.02456, 0.04531, 0.00225, 0.03707, 0.05706, 0.004, 0.01724, 0.03097, 0.02429, 0.00674, 0.02448, 0.01268, 0.01604, 0.03914, 0.01125, 0.00266, 0.00329, 0.00479, 0.00502, 0.07533, 0.00851, 0.03448, 0.0238, 0.02171, 0.02839, 0.09676, 0.08494, 0.01161, 0.01709, 0.03007, 0.01755, 0.03224, 0.01595, 0.00182, 0.02641, 0.08257, 0.02512, 0.0767, 0.02824, 0.05777, 0.07916],[0.22541, 0.22549, 0.27342, 0.33737, 0.23988],[8, 5, 9, 17, 13],52,5
2.5,171,[0.03014, 0.03345, 0.00657, 0.00896, 0.07813, 0.04181, 0.09367, 0.00177, 0.00376, 0.00297, 0.03342, 0.00343, 0.03283, 0.0076, 0.01785, 0.00145, 0.0017, 0.0332, 0.00433, 0.06484, 0.00694, 0.03217, 0.00354, 0.00263, 0.02539, 0.04189, 0.01084, 0.00224, 0.04449, 0.00384, 0.02269, 0.05765, 0.00558, 0.04796, 0.01697, 0.0436, 0.0238, 0.00734, 0.09732, 0.00599, 0.08091, 0.00454],[0.22989, 0.28703, 0.22583, 0.21453],[7, 5, 9, 8],42,4
2.5,172,[0.01149, 0.03058, 0.05323, 0.0027, 0.02973, 0.04653, 0.01955, 0.00333, 0.05295, 0.07988, 0.0176, 0.07628, 0.07242, 0.05947, 0.01, 0.04351, 0.07252, 0.02981, 0.05043, 0.05139, 0.06926, 0.00499, 0.00549, 0.01656, 0.00288, 0.04085, 0.01364, 0.00356, 0.00803, 0.05262, 0.01256, 0.07707, 0.02755, 0.0662, 0.09584, 0.03013, 0.05934, 0.00428, 0.03882, 0.04702, 0.0428, 0.09478, 0.00677, 0.03491, 0.04654, 0.01709, 0.03007, 0.01755, 0.03224, 0.01595, 0.00182, 0.02641, 0.08257, 0.02512, 0.0767, 0.02824, 0.05777, 0.07916, 0.05706],[0.26387, 0.36523, 0.20192, 0.23988, 0.21373],[13, 15, 6, 11, 13],59,5
2.5,173,[0.00713, 0.06025, 0.0337, 0.07076, 0.0018, 0.04808, 0.0039, 0.05745, 0.05345, 0.02208, 0.00485, 0.00984, 0.05036, 0.01694, 0.01426, 0.02385, 0.01709, 0.03007, 0.01755, 0.03224, 0.01595, 0.00182, 0.02641, 0.08257, 0.02512, 0.0767, 0.02824, 0.05777, 0.07916, 0.09584, 0.03013, 0.05934, 0.00428, 0.03882, 0.04702, 0.00803, 0.05262, 0.01256, 0.07707, 0.02755, 0.0662, 0.00072, 0.00899, 0.0007, 0.00227, 0.02625, 0.04223, 0.04386, 0.00178],[0.33641, 0.23988, 0.20192, 0.25288],[16, 13, 6, 6],49,4
2.5,174,[0.00467, 0.04466, 0.04649, 0.00104, 0.03104, 0.00124, 0.03822, 0.04693, 0.01077, 0.01186, 0.05301, 0.00513, 0.00806, 0.0313, 0.00317, 0.0032, 0.01604, 0.01709, 0.03007, 0.01755, 0.03224, 0.01595, 0.00182, 0.02641, 0.08257, 0.02512, 0.0767, 0.02824, 0.05777, 0.07916, 0.09584, 0.03013, 0.05934, 0.00428, 0.03882, 0.04702, 0.00803, 0.05262, 0.01256, 0.07707, 0.02755, 0.0662, 0.00072, 0.00899],[0.31948, 0.23988, 0.20192, 0.25288],[17, 13, 6, 6],44,4
2.5,175,[0.00202, 0.03066, 0.0018, 0.04659, 0.02443, 0.00803, 0.05262, 0.01256, 0.07707, 0.02755, 0.0662, 0.09584, 0.03013, 0.05934, 0.00428, 0.03882, 0.04702, 0.0428, 0.09478, 0.00677, 0.03491, 0.04654, 0.01709, 0.03007, 0.01755, 0.03224, 0.01595, 0.00182, 0.02641, 0.08257, 0.02512, 0.0767, 0.02824, 0.05777, 0.07916, 0.05706, 0.01414, 0.00323, 0.02239, 0.03772, 0.0101, 0.07902, 0.0323, 0.02977, 0.00287, 0.00298, 0.01851, 0.0152, 0.00917, 0.0037],[0.24517, 0.20192, 0.23988, 0.21373, 0.20901],[5, 6, 11, 13, 12],50,5
2.5,176,[0.00386, 0.00759, 0.00455, 0.0331, 0.0409, 0.037, 0.08942, 0.01443, 0.05947, 0.01, 0.04351, 0.07252, 0.02981, 0.05043, 0.05139, 0.06926, 0.00499, 0.00549, 0.01656, 0.00288, 0.04085, 0.01364, 0.00356, 0.0225, 0.06758, 0.047, 0.0414, 0.01485, 0.01786, 0.05604, 0.05213, 0.0983, 0.05445, 0.01106, 0.01434, 0.05206, 0.00308, 0.08127, 0.01298, 0.02568, 0.04235, 0.0087, 0.00393, 0.07965, 0.00669, 0.0363, 0.01186, 0.01904],[0.22497, 0.23416, 0.22477],[8, 15, 15],48,3
2.5,177,[0.02899, 0.0747, 0.01559, 0.08097, 0.00669, 0.01688, 0.04421, 0.03532, 0.06304, 0.07243, 0.01334, 0.00094, 0.00283, 0.00566, 0.09584, 0.03221, 0.01425, 0.02343, 0.02361, 0.00308, 0.03479, 0.0221, 0.01152, 0.01709, 0.03007, 0.01755, 0.03224, 0.01595, 0.00182, 0.02641, 0.08257, 0.02512, 0.0767, 0.02824, 0.05777, 0.07916, 0.00803, 0.05262, 0.01256, 0.07707, 0.02755, 0.0662, 0.00072, 0.00899, 0.0007, 0.00227, 0.02625, 0.04223, 0.04386, 0.00178, 0.03874, 0.08038],[0.36987, 0.26762, 0.26858, 0.25288],[10, 13, 13, 6],52,4
2.5,178,[0.0275, 0.00159, 0.05947, 0.01, 0.04351, 0.07252, 0.02981, 0.05043, 0.05139, 0.06926, 0.00499, 0.00549, 0.01656, 0.00288, 0.04085, 0.01364, 0.00356, 0.0225, 0.06758, 0.047, 0.0414, 0.01485, 0.01786, 0.05604, 0.05213, 0.0983, 0.05445, 0.01106, 0.01434, 0.05206, 0.00308, 0.08127, 0.01298, 0.02568, 0.04235, 0.0087, 0.00393, 0.07965, 0.00669, 0.0363, 0.01186, 0.01904, 0.04846, 0.09161, 0.06259, 0.08675, 0.00915, 0.00595, 0.02422, 0.03283, 0.0076, 0.01785, 0.00145, 0.0017, 0.0332, 0.00433, 0.06484, 0.00694, 0.03217],[0.25919, 0.23416, 0.22477, 0.21354, 0.28498, 0.22583],[2, 15, 15, 15, 2, 9],59,6
2.5,179,[0.01111, 0.00361, 0.01841, 0.03811, 0.02804, 0.02717, 0.00153, 0.05576, 0.05293, 0.0069, 0.09703, 0.07353, 0.02006, 0.05765, 0.06071, 0.03248, 0.01927, 0.08201, 0.01304, 0.00161, 0.03283, 0.00185, 0.00466, 0.00359, 0.02688, 0.00328, 0.00384, 0.04271, 0.03296, 0.01364, 0.00259, 0.00263, 0.00884, 0.00177, 0.00376, 0.00297],[0.22721, 0.22146, 0.25424],[13, 6, 14],36,3
2.5,180,[0.02633, 0.0075, 0.04802, 0.02421, 0.04335, 0.00722, 0.01453, 0.0844, 0.05852, 0.08212, 0.00471, 0.07433, 0.01334, 0.00094, 0.00283, 0.00566, 0.09584, 0.03221, 0.01425, 0.02343, 0.02361, 0.00308, 0.03479, 0.0221, 0.01152, 0.00803, 0.05262, 0.01256, 0.07707, 0.02755, 0.0662, 0.00072, 0.00899, 0.0007, 0.00227, 0.02625, 0.04223, 0.04386, 0.00178, 0.03874, 0.08038, 0.02933, 0.09732, 0.02239, 0.03283, 0.0076, 0.01785, 0.00145, 0.0017, 0.0332, 0.00433],[0.2873, 0.29686, 0.25288, 0.23806],[12, 13, 6, 13],51,4
2.5,181,[0.04428, 0.02557, 0.09479, 0.01987, 0.02225, 0.01709, 0.03007, 0.01755, 0.03224, 0.01595, 0.00182, 0.02641, 0.08257, 0.02512, 0.0767, 0.02824, 0.05777, 0.07916, 0.09584, 0.03013, 0.05934, 0.00428, 0.03882, 0.04702, 0.00803, 0.05262, 0.01256, 0.07707, 0.02755, 0.0662, 0.00072, 0.00899, 0.0007, 0.00227, 0.02625, 0.04223, 0.04386, 0.00178, 0.03874, 0.08038, 0.02933, 0.09732, 0.02239, 0.03283, 0.0076, 0.01785, 0.00145, 0.0017, 0.0332, 0.00433, 0.06484, 0.00694, 0.03217, 0.00354, 0.00263],[0.20078, 0.23988, 0.20192, 0.25288, 0.23806, 0.22583],[5, 13, 6, 6, 13, 9],55,6
2.5,182,[0.01528, 0.01726, 0.00136, 0.09588, 0.07686, 0.00663, 0.00189, 0.01071, 0.00246, 0.01992, 0.00177, 0.00376, 0.00297, 0.03342, 0.00343, 0.07711, 0.06947, 0.02814, 0.06354, 0.01588, 0.0234, 0.05316, 0.00666, 0.0626, 0.00032, 0.00068, 0.0031, 0.01864, 0.00129, 0.00144, 0.04197, 0.05993, 0.06549, 0.01061],[0.22734, 0.20107, 0.22916, 0.21098],[10, 5, 4, 5],34,4
2.5,183,[0.00309, 0.0143, 0.01449, 0.04654, 0.06071, 0.0587, 0.0825, 0.06096, 0.06902, 0.00467, 0.00238, 0.05947, 0.01, 0.04351, 0.07252, 0.02981, 0.05043, 0.05139, 0.06926, 0.00499, 0.00549, 0.01656, 0.00288, 0.04085, 0.01364, 0.00356, 0.00803, 0.05262, 0.01256, 0.07707, 0.02755, 0.0662, 0.09584, 0.03013, 0.05934, 0.00428, 0.03882, 0.04702, 0.0428, 0.09478, 0.00677, 0.03491, 0.04654, 0.01709, 0.03007, 0.01755, 0.03224, 0.01595, 0.00182, 0.02641, 0.08257, 0.02512, 0.0767, 0.02824, 0.05777, 0.07916],[0.27678, 0.36523, 0.20192, 0.23988],[11, 15, 6, 11],56,4
2.5,184,[0.00208, 0.01601, 0.02457, 0.06735, 0.01409, 0.03283, 0.0076, 0.01785, 0.00145, 0.0017, 0.0332, 0.00433, 0.06484, 0.00694, 0.03217, 0.00354, 0.00263, 0.02539, 0.04189, 0.01084, 0.00224, 0.04449, 0.00384, 0.02269, 0.05765, 0.00558, 0.04796, 0.01697, 0.0436, 0.0238, 0.00734, 0.09732, 0.00599, 0.08091, 0.00454, 0.04566, 0.00376, 0.05199, 0.00147, 0.05021, 0.00206, 0.03199, 0.04183, 0.02773, 0.00803, 0.05262, 0.01256, 0.07707, 0.02755, 0.0662, 0.09584, 0.03013],[0.25437, 0.22583, 0.21453, 0.2137, 0.26628, 0.20192],[5, 9, 8, 13, 9, 6],52,6
2.5,185,[0.00081, 0.02025, 0.02117, 0.05765, 0.06071, 0.03248, 0.01927, 0.08201, 0.01304, 0.00161, 0.03283, 0.00185, 0.00466, 0.00359, 0.02688, 0.00328, 0.00384, 0.04271, 0.03296, 0.01364, 0.00259, 0.00263, 0.00884, 0.00177, 0.00376, 0.00297, 0.03342, 0.00343, 0.07711, 0.06947, 0.02814, 0.06354],[0.20323, 0.22146, 0.25424, 0.20107, 0.22916],[3, 6, 14, 5, 4],32,5
2.5,186,[0.00574, 0.0044, 0.01675, 0.01906, 0.01383, 0.0359, 0.00804, 0.0073, 0.02977, 0.01501, 0.01945, 0.08364, 0.01617, 0.00104, 0.00795, 0.0158, 0.03817, 0.0828, 0.02291, 0.00659, 0.05973, 0.00354, 0.01858, 0.03068, 0.01334, 0.00094, 0.00283, 0.00566, 0.09584, 0.03221, 0.01425, 0.02343, 0.02361, 0.00308, 0.03479, 0.0221, 0.01152, 0.01709, 0.03007, 0.01755, 0.03224, 0.01595, 0.00182, 0.02641, 0.08257, 0.02512, 0.0767, 0.02824, 0.05777, 0.07916, 0.00803, 0.05262, 0.01256, 0.07707, 0.02755, 0.0662, 0.00072, 0.00899, 0.0007, 0.00227, 0.02625, 0.04223],[0.25273, 0.28659, 0.26762, 0.26858, 0.25288],[13, 11, 13, 13, 6],62,5
2.5,187,[0.07612, 0.08746, 0.08869, 0.01571, 0.03257, 0.0915, 0.0679, 0.09594, 0.00814, 0.07445, 0.09307, 0.01268, 0.01604, 0.03914, 0.01125, 0.00266, 0.00329, 0.00479, 0.00502, 0.07533, 0.00851, 0.03448, 0.0238, 0.02171, 0.02839, 0.09676, 0.08494, 0.01161, 0.01414, 0.00323, 0.02239, 0.03772, 0.0101, 0.0323, 0.02977, 0.00287, 0.00298, 0.01851, 0.0152, 0.00917, 0.0037, 0.02456, 0.04531, 0.00102, 0.0011, 0.00756, 0.01145, 0.00613, 0.0022, 0.04086, 0.03283, 0.0076, 0.01785, 0.00145],[0.31062, 0.24168, 0.20901, 0.29003, 0.23244],[11, 17, 10, 5, 7],54,5
2.5,188,[0.07748, 0.01245, 0.05297, 0.07826, 0.00927, 0.01893, 0.01546, 0.05765, 0.06071, 0.03248, 0.01927, 0.08201, 0.01304, 0.03261, 0.03018, 0.02549, 0.02852, 0.04649, 0.04617, 0.03217, 0.00354, 0.00263, 0.02539, 0.04189, 0.01084, 0.00224, 0.04449, 0.00371],[0.23551, 0.22682, 0.28155, 0.23788],[7, 6, 6, 8],28,4
2.5,189,[0.00065, 0.02996, 0.03394, 0.02202, 0.0488, 0.09649, 0.00543, 0.01659, 0.05066, 0.02564, 0.08502, 0.00475, 0.02243, 0.01312],[],[],14,0
2.5,190,[0.01007, 0.03407, 0.06148, 0.00329, 0.07908, 0.00736, 0.0182, 0.01268, 0.01604, 0.03914, 0.01125, 0.00266, 0.00329, 0.00479, 0.00502, 0.07533, 0.00851, 0.03448, 0.0238, 0.02171, 0.02839, 0.09676, 0.08494, 0.01161, 0.01709, 0.03007, 0.01755, 0.03224, 0.01595, 0.00182, 0.02641, 0.08257, 0.02512, 0.0767, 0.02824, 0.05777, 0.07916, 0.09584, 0.03013, 0.05934, 0.00428, 0.03882, 0.04702, 0.00803, 0.05262, 0.01256, 0.07707, 0.02755, 0.0662, 0.00072],[0.22404, 0.33737, 0.23988, 0.20192, 0.25288],[7, 17, 13, 6, 6],50,5
2.5,191,[0.02276, 0.00727, 0.01852, 0.09546, 0.05947, 0.01, 0.04351, 0.07252, 0.02981, 0.05043, 0.05139, 0.06926, 0.00499, 0.00549, 0.01656, 0.00288, 0.04085, 0.01364, 0.00356, 0.0225, 0.06758, 0.047, 0.0414, 0.01485, 0.01786, 0.05604, 0.05213, 0.0983, 0.05445, 0.01106, 0.01434, 0.05206, 0.00308, 0.08127, 0.01298, 0.02568, 0.04235, 0.0087, 0.00393, 0.07965, 0.00669, 0.0363, 0.01186, 0.01904, 0.04846, 0.09161, 0.06259, 0.08675, 0.00915, 0.00595, 0.02422, 0.03283, 0.0076, 0.01785, 0.00145, 0.0017, 0.0332, 0.00433, 0.06484],[0.2276, 0.23416, 0.22477, 0.21354, 0.28498],[4, 15, 15, 15, 2],59,5
2.5,192,[0.01826, 0.04211, 0.00137, 0.07982, 0.0571, 0.02228, 0.00232, 0.03217, 0.00354, 0.00263, 0.02539, 0.04189, 0.01084, 0.00224, 0.04449, 0.03283, 0.0076, 0.01785, 0.00145, 0.0017, 0.0332, 0.00433, 0.06484, 0.00694, 0.00102, 0.0011, 0.00756, 0.01145, 0.00613, 0.0022, 0.00225, 0.03707, 0.05706, 0.004, 0.01724, 0.03097, 0.02429, 0.00674, 0.02448, 0.0152, 0.00917, 0.0037, 0.02456, 0.04531, 0.01709, 0.03007, 0.01755, 0.03224, 0.01595, 0.00182, 0.02641, 0.08257, 0.02512, 0.0767, 0.02824, 0.05777, 0.07916, 0.09584, 0.03013],[0.28304, 0.22583, 0.23244, 0.20298, 0.22549, 0.37038, 0.23988],[7, 8, 9, 6, 9, 5, 13],59,7
2.5,193,[0.00871, 0.08434, 0.05173, 0.02174, 0.09605, 0.00876, 0.00302, 0.00323, 0.00177, 0.00376, 0.00297, 0.03342, 0.00343, 0.03283, 0.0076, 0.01785, 0.00145, 0.0017, 0.0332, 0.00433, 0.06484, 0.00694, 0.03217, 0.00354, 0.00263, 0.02539, 0.04189, 0.01084, 0.00224, 0.04449],[0.2549, 0.28703, 0.22583, 0.21453],[8, 5, 9, 8],30,4
2.5,194,[0.00091, 0.05234, 0.09478, 0.05873, 0.04847, 0.0411, 0.0512, 0.03731, 0.01177, 0.03045, 0.01297, 0.06, 0.01694, 0.06927, 0.0225, 0.06758, 0.047, 0.0414, 0.01485, 0.01786, 0.05604, 0.05213, 0.0983, 0.05445, 0.01106, 0.01434, 0.05206, 0.00308, 0.08127],[0.24294, 0.22477],[14, 15],29,2
2.5,195,[0.01672, 0.02027, 0.01617, 0.00304, 0.03582, 0.02272, 0.00744, 0.09469, 0.00775, 0.01062, 0.05617, 0.03283, 0.0076, 0.01785, 0.00145, 0.0017, 0.0332, 0.00433, 0.06484, 0.00694, 0.00102, 0.0011, 0.00756, 0.01145, 0.00613, 0.0022, 0.00225, 0.03707, 0.05706, 0.004, 0.01724, 0.03097, 0.02429, 0.00674, 0.02448],[0.22553, 0.23244, 0.20298, 0.22549],[11, 9, 6, 9],35,4
2.5,196,[0.06033, 0.07733, 0.00952, 0.01741, 0.04344, 0.03283, 0.0076, 0.01785, 0.00145, 0.0017, 0.0332, 0.00433, 0.06484, 0.00694, 0.00102, 0.0011, 0.00756, 0.01145, 0.00613, 0.0022, 0.00225, 0.03707, 0.05706, 0.004, 0.01724, 0.03097, 0.02429, 0.00674, 0.02448, 0.0152, 0.00917, 0.0037, 0.02456, 0.04531, 0.01709, 0.03007, 0.01755, 0.03224, 0.01595, 0.00182, 0.02641, 0.08257, 0.02512, 0.0767, 0.02824, 0.05777, 0.07916, 0.09584, 0.03013, 0.05934, 0.00428, 0.03882, 0.04702, 0.00803],[0.24587, 0.23244, 0.20298, 0.22549, 0.37038, 0.23988, 0.20192],[5, 9, 6, 9, 5, 13, 6],54,7
2.5,197,[0.00347, 0.04521, 0.03238, 0.01334, 0.00094, 0.00283, 0.00566, 0.09584, 0.03221, 0.01425, 0.02343, 0.02361, 0.00308, 0.03479, 0.0221, 0.01152, 0.01709, 0.03007, 0.01755, 0.03224, 0.01595, 0.00182, 0.02641, 0.08257, 0.02512, 0.0767, 0.02824, 0.05777, 0.07916, 0.00803, 0.05262, 0.01256, 0.07707, 0.02755, 0.0662, 0.00072, 0.00899, 0.0007, 0.00227, 0.02625, 0.04223, 0.04386, 0.00178, 0.03874, 0.08038, 0.02933, 0.09732, 0.02239, 0.03283, 0.0076, 0.01785, 0.00145, 0.0017, 0.0332, 0.00433, 0.06484, 0.00694, 0.03217, 0.00354, 0.00263, 0.02539, 0.04189, 0.01084, 0.00224, 0.04449],[0.28582, 0.26762, 0.26858, 0.25288, 0.23806, 0.22583, 0.28155],[3, 13, 13, 6, 13, 9, 8],65,7
2.5,198,[0.00139, 0.00548, 0.00123, 0.09656, 0.00694, 0.03864, 0.00803, 0.05262, 0.01256, 0.07707, 0.02755, 0.0662, 0.09584, 0.03013, 0.05934, 0.00428, 0.03882, 0.04702, 0.0428, 0.09478, 0.00677, 0.03491, 0.04654, 0.01709, 0.03007, 0.01755, 0.03224, 0.01595, 0.00182, 0.02641, 0.08257, 0.02512, 0.0767, 0.02824, 0.05777, 0.07916, 0.05706, 0.01414, 0.00323, 0.02239, 0.03772, 0.0101, 0.07902, 0.0323, 0.02977, 0.00287, 0.00298, 0.01851, 0.0152, 0.00917, 0.0037, 0.02456, 0.04531, 0.00032, 0.00068, 0.0403, 0.0031],[0.22774, 0.20192, 0.23988, 0.21373, 0.20901, 0.32137],[6, 6, 11, 13, 12, 5],57,6
2.5,199,[0.00494, 0.06966, 0.0335, 0.00332, 0.03399, 0.01709, 0.03007, 0.01755, 0.03224, 0.01595, 0.00182, 0.02641, 0.08257, 0.02512, 0.0767, 0.02824, 0.05777, 0.07916, 0.03013, 0.05934, 0.00428, 0.03882, 0.04702, 0.00803, 0.05262, 0.01256, 0.07707, 0.02755, 0.0662, 0.00072, 0.00899, 0.0007, 0.00227, 0.02625, 0.04223, 0.04386, 0.00178, 0.03874, 0.08038, 0.02933, 0.09732, 0.02239, 0.03283, 0.0076, 0.01785, 0.00145, 0.0017, 0.0332, 0.00433, 0.06484, 0.00694, 0.03217, 0.00354, 0.00263, 0.02539, 0.04189, 0.01084, 0.00224, 0.04449],[0.22388, 0.23988, 0.20192, 0.25288, 0.23806, 0.22583, 0.28155],[5, 13, 5, 6, 13, 9, 8],59,7

