2.5,0,[0.00429, 0.00039, 0.02017, 0.01251, 0.01161, 0.03957, 0.01177, 0.00825, 0.00556, 0.02469, 0.02626, 0.02653, 0.00308, 0.01426, 0.00412, 0.00458, 0.02244, 0.00134, 0.00176, 0.07605, 0.00278],[0.23197],[15],21,1
2.5,1,[0.00269, 0.01167, 0.00263, 0.00154, 0.03709, 0.04636, 0.00934, 0.02246, 0.02012, 0.03101, 0.03891, 0.0179, 0.00359, 0.04873, 0.00638, 0.0176, 0.01135, 0.00389, 0.00792, 0.07293, 0.00245, 0.09043, 0.06196, 0.07515, 0.01855, 0.00374, 0.0291, 0.06466, 0.00449, 0.00051, 0.01528, 0.001, 0.01041, 0.02647, 0.00671, 0.04032, 0.08072, 0.0118, 0.02928, 0.01955, 0.00684, 0.00777, 0.00782],[0.21945, 0.20179, 0.21369],[14, 5, 10],43,3
2.5,2,[0.00915, 0.01071, 0.00417, 0.01734, 0.00395, 0.07431, 0.00311, 0.00814, 0.01404, 0.01526, 0.00257, 0.00075, 0.00841, 0.00203],[0.22599],[11],14,1
2.5,3,[0.01144, 0.0761, 0.04552, 0.0696, 0.06161, 0.0969, 0.03752, 0.01901, 0.06014, 0.00223, 0.05688],[0.32148],[11],11,1
2.5,4,[0.01215, 0.01164, 0.01264, 0.02188, 0.00226, 0.0035, 0.05628, 0.00768, 0.08781, 0.01039, 0.07657, 0.00186, 0.07126, 0.00477, 0.00451, 0.01781, 0.03521, 0.03822, 0.00174, 0.00643, 0.00254, 0.01901, 0.00927, 0.04665, 0.07984, 0.01809, 0.01531, 0.03097, 0.00888, 0.01379, 0.00926, 0.00469, 0.0991, 0.00953, 0.01912, 0.05785, 0.08575, 0.00513, 0.01038, 0.01054, 0.07912, 0.01597, 0.09696, 0.01002, 0.00742, 0.00137, 0.00624, 0.07642, 0.03744, 0.09572, 0.00497, 0.04067, 0.05684],[0.27727, 0.25281],[14, 29],53,2
2.5,5,[0.00425, 0.00457, 0.04041, 0.0065, 0.00111, 0.0012, 0.06064, 0.05423, 0.08201, 0.00075, 0.00841, 0.00203, 0.01947, 0.09892, 0.06335, 0.02473, 0.00159, 0.00783, 0.03035, 0.00424, 0.04165, 0.04331, 0.0031, 0.01094, 0.06637, 0.03265, 0.01066, 0.02476, 0.00113, 0.07758, 0.05708, 0.0283, 0.00718, 0.0525, 0.01326, 0.00137, 0.02058, 0.09967, 0.05761, 0.09881, 0.03475, 0.05798, 0.00228, 0.04753, 0.00476, 0.00596, 0.04123, 0.01141, 0.04044, 0.0448, 0.07787, 0.02622, 0.03851, 0.04684, 0.01437, 0.01284, 0.00345, 0.00347],[0.29067, 0.2248, 0.26736, 0.20274, 0.22889, 0.2299, 0.20679],[9, 6, 6, 5, 6, 13, 10],58,7
2.5,6,[0.00273, 0.00434, 0.00401, 0.02132, 0.03957, 0.05521, 0.09722, 0.0071, 0.02589, 0.02054, 0.00718, 0.0525, 0.01326, 0.00137, 0.02058, 0.09967, 0.05761, 0.09881, 0.03475, 0.05798, 0.00228, 0.04753, 0.00476, 0.00596, 0.04123, 0.01141, 0.04044, 0.0448, 0.07787, 0.02622, 0.03851, 0.04684, 0.01437, 0.01284, 0.00345, 0.00347, 0.00588, 0.02532, 0.0163, 0.01539, 0.04755, 0.03501, 0.02649],[0.272, 0.2299, 0.20679],[10, 13, 10],43,3
2.5,7,[0.02776, 0.00467, 0.02731, 0.07409, 0.00718, 0.0525, 0.01326, 0.00137, 0.02058, 0.09967, 0.05761, 0.09881, 0.03475, 0.05798, 0.00228, 0.04753, 0.00476, 0.00596, 0.04123, 0.01141, 0.04044, 0.0448, 0.07787, 0.02622, 0.03851, 0.04684, 0.01437, 0.01284, 0.00345, 0.00347, 0.00588, 0.02532, 0.0163, 0.01539, 0.04755, 0.04627, 0.01589, 0.03802, 0.05797, 0.02479, 0.02485, 0.06075, 0.04029, 0.07883, 0.00163, 0.0448, 0.01847, 0.01292, 0.02127],[0.20473, 0.2299, 0.20679, 0.22773, 0.23829],[4, 13, 10, 8, 9],49,5
2.5,8,[0.00438, 0.01421, 0.00878, 0.01414, 0.09713, 0.00223, 0.00696, 0.03671, 0.01175, 0.01637, 0.04427, 0.00539, 0.03078, 0.00225, 0.09892, 0.07257, 0.06316, 0.01844, 0.05123, 0.00451, 0.01781, 0.03521, 0.03822, 0.00174, 0.00643, 0.00254, 0.01901, 0.00927, 0.04665, 0.07984, 0.01809, 0.01531, 0.03097, 0.00888, 0.01379, 0.00926, 0.00469, 0.0991, 0.00953, 0.01912, 0.05785, 0.08575, 0.00513, 0.01038, 0.01054, 0.07912, 0.01597, 0.09696, 0.00551, 0.01126, 0.00567, 0.01161],[0.32269, 0.26687],[8, 11],52,2
2.5,9,[0.02042, 0.00177, 0.01061, 0.02355, 0.08941, 0.00185, 0.00195, 0.00198, 0.01175, 0.01637, 0.04427, 0.00539, 0.03078, 0.00225, 0.09892, 0.07257, 0.06316, 0.01844, 0.05123, 0.00451, 0.01781, 0.03521, 0.03822, 0.00174, 0.00643, 0.00254, 0.01901, 0.00927, 0.04665, 0.07984, 0.01809, 0.01531, 0.03097, 0.00888, 0.01379, 0.00926, 0.00469, 0.0991, 0.00953, 0.01912, 0.05785, 0.08575, 0.00513, 0.01038, 0.01054, 0.07912, 0.01597, 0.09696, 0.01002, 0.00742, 0.00137, 0.00624, 0.07642, 0.03744, 0.09572, 0.00497, 0.04067, 0.05684],[0.23934, 0.26687, 0.25281, 0.22852],[8, 11, 29, 10],58,4
2.5,10,[0.00687, 0.01026, 0.00102, 0.04813, 0.06358, 0.05832, 0.02442, 0.02085, 0.05896, 0.05985, 0.02654, 0.08618, 0.01035, 0.04126, 0.01175, 0.01637],[0.24013],[14],16,1
2.5,11,[0.03557, 0.05211, 0.06636, 0.01488, 0.05328, 0.0928, 0.03402, 0.00549, 0.01038, 0.0199, 0.0525, 0.01053, 0.00421, 0.01444, 0.00244, 0.01258, 0.07488, 0.04752, 0.01935, 0.04627, 0.06393, 0.06493, 0.01589, 0.07985, 0.03802, 0.05797, 0.02479, 0.02485, 0.06075, 0.04029, 0.07883, 0.01284, 0.00345, 0.00347, 0.00588, 0.02532, 0.0163, 0.01539, 0.04755],[0.23068, 0.20239, 0.22773, 0.24792],[7, 12, 12, 8],39,4
2.5,12,[0.00127, 0.02395, 0.00824, 0.02314, 0.07311, 0.00679, 0.02554, 0.03831, 0.00228, 0.04331, 0.0031, 0.01094, 0.09052, 0.06637, 0.03265, 0.01066, 0.02476],[0.20288, 0.20274],[9, 6],17,2
2.5,13,[0.04935, 0.01163, 0.03355, 0.00187, 0.01167, 0.00178, 0.00722, 0.09887, 0.01649, 0.06393, 0.05071, 0.03969, 0.07195, 0.08669, 0.00596, 0.04123, 0.01141, 0.04044, 0.0448, 0.07787, 0.02622, 0.03851, 0.04684, 0.01437, 0.02912, 0.01792, 0.09065, 0.06745, 0.01315, 0.03367, 0.00718, 0.0525, 0.01326, 0.00137, 0.02058, 0.09967, 0.05761, 0.03475, 0.05798, 0.00228, 0.04753, 0.00476, 0.01936, 0.01066, 0.02476, 0.00113, 0.07758, 0.05708, 0.0283, 0.04331, 0.0031, 0.01094, 0.09052],[0.31722, 0.22143, 0.23398, 0.2299, 0.22889, 0.20274],[4, 4, 6, 16, 13, 6],53,6
2.5,14,[0.00432, 0.00326, 0.00644, 0.02153, 0.00117, 0.09727, 0.01394, 0.01012, 0.02018, 0.00718, 0.0525, 0.01326, 0.00137, 0.02058, 0.09967, 0.05761, 0.09881, 0.03475, 0.05798, 0.00228, 0.04753, 0.00476, 0.01936, 0.00596, 0.04123, 0.01141, 0.04044, 0.0448, 0.07787, 0.02622, 0.03851, 0.04684, 0.01437, 0.02912, 0.01792, 0.09065, 0.06745, 0.01315, 0.03367],[0.23734, 0.2299, 0.20679],[9, 14, 16],39,3
2.5,15,[8e-05, 0.03599, 0.00512, 0.02633, 0.01876, 0.09166, 0.01051, 0.01993, 0.00379, 0.00858, 0.0984, 0.00294, 0.079, 0.03765, 0.09568, 0.00355, 0.00118, 0.00089, 0.05559, 0.00865, 0.0037, 0.07293, 0.01311, 0.02842, 0.00204, 0.0526, 0.02463, 0.03646],[0.21604],[16],28,1
2.5,16,[0.01205, 0.00169, 0.00993, 0.00399, 0.01007, 0.00215, 0.01167, 0.00178, 0.00722, 0.09887, 0.01649, 0.06393, 0.05071, 0.03969, 0.07195, 0.08669, 0.00596, 0.04123, 0.01141, 0.04044, 0.0448, 0.07787, 0.02622, 0.03851, 0.04684, 0.01437, 0.02912, 0.01792, 0.09065, 0.06745, 0.01315, 0.03367, 0.00718, 0.0525, 0.01326, 0.00137, 0.02058, 0.09967, 0.05761, 0.03475, 0.05798, 0.00228, 0.04753, 0.00476, 0.01936, 0.01066, 0.02476, 0.00113, 0.07758, 0.05708, 0.0283, 0.04331, 0.0031, 0.01094, 0.09052],[0.2067, 0.22143, 0.23398, 0.2299, 0.22889, 0.20274],[6, 4, 6, 16, 13, 6],55,6
2.5,17,[0.00037, 0.00141, 0.04671, 0.01566, 0.04342, 0.04395, 0.01549, 0.01745, 0.01913, 0.00075, 0.00841, 0.00203, 0.01947, 0.09892, 0.06335, 0.02473, 0.00159, 0.00783, 0.03035, 0.00424, 0.04165, 0.07489, 0.00242, 0.03941, 0.03487, 0.04049, 0.03245, 0.09615, 0.04298, 0.07996, 0.0191, 0.0976, 0.00381, 0.03454],[0.28147, 0.26569, 0.2248],[3, 6, 6],34,3
2.5,18,[0.01369, 0.02726, 0.05136, 0.05439, 0.01901, 0.00272, 0.00149, 0.0582, 0.06311, 0.01429, 0.01018, 0.00451, 0.01781, 0.03521, 0.03822, 0.00174, 0.00643, 0.00254, 0.01901, 0.00927, 0.04665, 0.07984, 0.01809, 0.01531, 0.03097, 0.00888, 0.01379, 0.00926, 0.00469],[0.22252],[11],29,1
2.5,19,[0.02864, 0.00507, 0.07723, 0.02598, 0.07831, 0.06069, 0.0921, 0.074, 0.01056, 0.04627, 0.06393, 0.06493, 0.01589, 0.07985, 0.03802, 0.05797, 0.02479, 0.00549, 0.01038, 0.0199, 0.0525, 0.01053, 0.00421, 0.01444, 0.00244, 0.01258, 0.04752, 0.01935, 0.00596, 0.04123, 0.01141, 0.04044, 0.0448, 0.07787, 0.02622, 0.03851, 0.04684, 0.01437, 0.02912, 0.01792, 0.09065, 0.06745, 0.01315, 0.03367, 0.01284, 0.00345, 0.00347, 0.00588, 0.02532],[0.23414, 0.20239, 0.27818, 0.20679],[9, 8, 11, 16],49,4
2.5,20,[0.00083, 0.00146, 0.02995, 0.07647, 0.0037, 0.00718, 0.0525, 0.01326, 0.00137, 0.02058, 0.09967, 0.05761, 0.09881, 0.03475, 0.05798, 0.00228, 0.04753, 0.00476, 0.00596, 0.04123, 0.01141, 0.04044, 0.0448, 0.07787, 0.02622, 0.03851, 0.04684, 0.01437, 0.01284, 0.00345, 0.00347, 0.00588, 0.02532, 0.0163, 0.01539, 0.04755, 0.04627, 0.06393, 0.01589, 0.07985, 0.03802, 0.05797, 0.02479, 0.02485, 0.06075, 0.04029, 0.07883, 0.00163, 0.0448, 0.01847],[0.22746, 0.2299, 0.20679, 0.22773, 0.23829],[5, 13, 10, 8, 11],50,5
2.5,21,[0.00104, 0.006, 0.00899, 0.01444, 0.03443, 0.00914, 0.00559, 0.09146, 0.02223, 0.0045, 0.0113, 0.0499, 0.03629, 0.06527, 0.07488, 0.00554, 0.01529, 0.09967, 0.01106, 0.05241, 0.0586, 0.04017, 0.04381, 0.05609, 0.00406, 0.09192, 0.02316, 0.07196, 0.0602, 0.04627, 0.06393, 0.06493, 0.01589, 0.07985, 0.03802, 0.05797, 0.02479, 0.02485, 0.06075, 0.04029],[0.21715, 0.23017, 0.20679],[12, 2, 15],40,3
2.5,22,[0.05923, 0.04487, 0.01379, 0.01127, 0.01652, 0.01656, 0.00154, 0.03629, 0.06527, 0.07488, 0.00554, 0.01529, 0.01106, 0.05241, 0.0586, 0.04017, 0.04381, 0.05609, 0.00406, 0.09192, 0.02316, 0.07196, 0.0602, 0.04627, 0.06393, 0.01589, 0.07985, 0.03802, 0.05797, 0.02479, 0.02485, 0.06075, 0.04029, 0.07883, 0.04123, 0.04392, 0.01424, 0.01329, 0.01626, 0.01284],[0.21729, 0.23017, 0.20679, 0.21012, 0.24345],[7, 2, 14, 11, 5],40,5
2.5,23,[0.03401, 0.00108, 0.04635, 0.00348, 0.00184, 0.07633, 0.0497, 0.09726, 0.00849, 0.00221, 0.04691, 0.00723, 0.06334, 0.09332, 0.033, 0.0204, 0.05312, 0.02366, 0.01175, 0.01637, 0.04427],[0.25477],[18],21,1
2.5,24,[0.00991, 0.02312, 0.00169, 0.04493, 0.01687, 0.05919, 0.01397, 0.00529, 0.06621, 0.08574, 0.08824, 0.04471, 0.03472, 0.02236, 0.01912, 0.03421, 0.02028, 0.01066, 0.02476, 0.00113, 0.07758, 0.05708, 0.0283, 0.00718, 0.0525, 0.01326, 0.00137, 0.02058, 0.09967, 0.05761, 0.09881],[0.21558, 0.22889],[17, 6],31,2
2.5,25,[0.01432, 0.0118, 0.01694, 0.00616, 0.00342, 0.00229, 0.00435, 0.07732, 0.0038, 0.00396, 0.01971, 0.04331],[0.22807],[11],12,1
2.5,26,[0.00063, 0.00768, 0.08517, 0.04056, 0.00172, 0.09737, 0.00242, 0.05119, 0.08469, 0.03557, 0.00296, 0.00303, 0.00929, 0.01696, 0.03054, 0.00638, 0.0176, 0.01135, 0.00389, 0.00792, 0.02732, 0.0353, 0.00762, 0.02558, 0.01329, 0.03238, 0.00598, 0.00602, 0.00245, 0.06196, 0.01855, 0.00374, 0.0291, 0.06466, 0.00449, 0.00051],[0.2197, 0.2018, 0.20179, 0.21369],[5, 10, 13, 7],36,4
2.5,27,[0.04367, 0.03601, 0.00916, 0.00166, 0.0207, 0.05397, 0.00653, 0.00922, 0.0071, 0.06467, 0.01244, 0.08872, 0.05493, 0.01175, 0.01637, 0.04427, 0.00539, 0.03078, 0.00225, 0.09892, 0.07257, 0.06316, 0.01844, 0.05123, 0.00451, 0.01781, 0.03521, 0.03822, 0.00174, 0.00643, 0.00254, 0.01901, 0.00927, 0.04665, 0.07984, 0.01809, 0.01531, 0.03097, 0.00888, 0.01379, 0.00926, 0.00469, 0.0991, 0.00953, 0.01912, 0.05785, 0.08575, 0.00513, 0.01038, 0.01054, 0.07912, 0.01597, 0.09696],[0.28723, 0.26687, 0.25281],[13, 11, 29],53,3
2.5,28,[0.02327, 0.0305, 0.01284, 0.00345, 0.00347, 0.00588, 0.02532, 0.0163, 0.01539, 0.04755, 0.04627, 0.06393, 0.06493, 0.01589, 0.07985, 0.03802, 0.05797, 0.02479, 0.00549, 0.01038, 0.0199, 0.0525, 0.01053, 0.00421],[0.21608, 0.22773, 0.20239],[2, 8, 8],24,3
2.5,29,[0.00132, 0.0305, 0.09046, 0.03005, 0.01566, 0.04342, 0.04395, 0.01549, 0.01745, 0.01913, 0.00075, 0.00841, 0.00203, 0.01947, 0.09892, 0.06335, 0.02473, 0.00159, 0.00783, 0.03035, 0.00424, 0.04165, 0.07489, 0.00242, 0.03941, 0.03487, 0.04049, 0.03245, 0.09615, 0.04298, 0.07996, 0.0191, 0.0976, 0.00381, 0.03454],[0.2389, 0.26569, 0.2248],[4, 6, 6],35,3
2.5,30,[0.03643, 0.05349, 0.04527, 0.07742, 0.00784, 0.03229, 0.02043, 0.00113, 0.0417, 0.00492, 0.09052, 0.02271, 0.0048, 0.04938, 0.00585, 0.00042, 0.03218, 0.02308, 0.05359, 0.07758, 0.03041, 0.00754, 0.09348, 0.06589, 0.00482, 0.0226, 0.03645, 0.00261, 0.07112, 0.07488, 0.00554, 0.01529, 0.09967, 0.01106, 0.05241, 0.0586, 0.04017, 0.04381, 0.05609],[0.21114, 0.21542, 0.21719],[4, 11, 14],39,3
2.5,31,[0.00224, 0.03967, 0.0046, 0.05117, 0.00975, 0.0041, 0.01882, 0.08047, 0.00502, 0.00075, 0.00841, 0.00203, 0.01947, 0.09892, 0.06335, 0.02473, 0.00159, 0.00783, 0.03035, 0.00424, 0.04165, 0.04331, 0.0031, 0.01094, 0.09052, 0.06637, 0.03265, 0.01066, 0.02476, 0.00113, 0.07758, 0.05708, 0.0283, 0.00718, 0.0525, 0.01326, 0.00137, 0.02058, 0.09967, 0.05761, 0.09881, 0.03475, 0.05798, 0.00228, 0.04753, 0.00476, 0.00596, 0.04123, 0.01141, 0.04044, 0.0448, 0.07787, 0.02622, 0.03851, 0.04684, 0.01437, 0.01284, 0.00345, 0.00347, 0.00588],[0.20708, 0.2248, 0.26736, 0.20274, 0.22889, 0.2299, 0.20679],[9, 6, 6, 6, 6, 13, 10],60,7
2.5,32,[0.00151, 0.01112, 0.00323, 0.06481, 0.08941, 0.07005, 0.04627, 0.06393, 0.06493, 0.01589, 0.07985, 0.03802, 0.05797, 0.02479, 0.00549, 0.01038, 0.0199, 0.0525, 0.01053, 0.00421, 0.01444, 0.00244, 0.01258, 0.07488, 0.04752, 0.01935, 0.00596, 0.04123, 0.01141, 0.04044, 0.0448, 0.07787, 0.02622, 0.03851, 0.04684, 0.01437],[0.22528, 0.20239, 0.27818],[6, 8, 12],36,3
2.5,33,[0.00834, 0.0037, 0.04668, 0.00601, 0.02976, 0.00108, 0.04589, 0.00576, 0.0646, 0.02803, 0.02342, 0.00223, 0.00549, 0.01038, 0.0199, 0.0525, 0.01053, 0.00421, 0.01444, 0.00244, 0.01258, 0.07488, 0.04752, 0.01935, 0.01066, 0.02476, 0.00113, 0.07758, 0.05708, 0.0283, 0.04331, 0.0031, 0.01094, 0.09052, 0.06637, 0.03265, 0.03188, 0.01838],[0.23086, 0.22922, 0.20274],[12, 12, 6],38,3
2.5,34,[0.01217, 0.0011, 0.02308, 0.00138, 0.09946, 0.00158, 0.04845, 0.01249, 0.06446, 0.04427, 0.01149, 0.04988, 0.00138, 0.01684, 0.0139, 0.05756, 0.08164, 0.07337, 0.05441, 0.00517, 0.02977, 0.06786, 0.05167, 0.00451, 0.01781, 0.03521, 0.03822, 0.00174, 0.00643, 0.00254, 0.01901, 0.00927, 0.04665, 0.07984, 0.01809, 0.01531, 0.03097, 0.00888, 0.01379, 0.00926, 0.00469, 0.0991, 0.00953, 0.01912, 0.05785, 0.08575, 0.00513, 0.01038, 0.01054],[0.23719, 0.23553],[9, 14],49,2
2.5,35,[0.00779, 0.02665, 0.05625, 0.0353, 0.00369, 0.07897, 0.05423, 0.09721, 0.00718, 0.0525, 0.01326, 0.00137, 0.02058, 0.09967, 0.05761, 0.09881, 0.03475, 0.05798, 0.00228, 0.04753, 0.00476, 0.01936, 0.00596, 0.04123, 0.01141, 0.04044, 0.0448, 0.07787, 0.02622, 0.03851, 0.04684, 0.01437, 0.02912, 0.01792, 0.09065, 0.06745, 0.01315, 0.03367, 0.01284, 0.00345, 0.00347, 0.00588, 0.02532, 0.0163, 0.01539, 0.04755, 0.0489, 0.04324, 0.07073],[0.20882, 0.2299, 0.20679, 0.24792],[8, 14, 16, 8],49,4
2.5,36,[0.00082, 0.02027, 0.02243, 0.04733, 0.03925, 0.02539, 0.093, 0.00728, 0.06988, 0.02064, 0.00173, 0.00718, 0.0525, 0.01326, 0.00137, 0.02058, 0.09967, 0.05761, 0.09881, 0.03475, 0.05798, 0.00228, 0.04753, 0.00476, 0.01936, 0.00596, 0.04123, 0.01141, 0.04044, 0.0448, 0.07787, 0.02622, 0.03851, 0.04684, 0.01437, 0.02912, 0.01792, 0.09065, 0.06745, 0.01315, 0.03367, 0.01284],[0.23629, 0.2299, 0.20679],[11, 14, 16],42,3
2.5,37,[0.00162, 0.00059, 0.01703, 0.00166, 0.02914, 0.01637, 0.01704, 0.0079, 0.04592, 0.01002, 0.00742, 0.00137, 0.00624, 0.07642, 0.03744, 0.09572, 0.00497, 0.04067, 0.05684, 0.00451, 0.01781, 0.03521, 0.03822, 0.00174, 0.00643, 0.00254, 0.01901, 0.00927, 0.04665, 0.07984, 0.01809, 0.01531, 0.04427, 0.01149, 0.04988, 0.00138, 0.01684, 0.0139, 0.05756, 0.08164, 0.07337, 0.00378, 0.03013, 0.0098, 0.00577, 0.06922, 0.02443, 0.03939, 0.04735],[0.21381, 0.25281, 0.23553, 0.22391],[9, 10, 13, 9],49,4
2.5,38,[0.00198, 0.02382, 0.08638, 0.00942, 0.01586, 0.03775, 0.02669, 0.01511, 0.00042, 0.03218, 0.02308, 0.05359, 0.07758, 0.03041, 0.00754, 0.09348, 0.06589, 0.00482, 0.0226, 0.07488, 0.00554, 0.01529, 0.09967, 0.01106, 0.05241, 0.0586, 0.04017, 0.04381, 0.05609, 0.00406, 0.09192, 0.02316, 0.07196, 0.0602, 0.04627, 0.06393, 0.06493, 0.01589, 0.07985, 0.03802],[0.25008, 0.21719, 0.20679],[8, 11, 15],40,3
2.5,39,[0.00864, 0.00282, 0.02037, 0.06718, 0.00118, 0.00089, 0.05559, 0.00865, 0.0037, 0.07293, 0.01311, 0.02842, 0.00204, 0.0526, 0.02463, 0.03646, 0.01167, 0.00178, 0.00722, 0.09887, 0.01649, 0.06393, 0.05071, 0.03969, 0.07195, 0.08669, 0.00596, 0.04123, 0.01141, 0.04044, 0.0448, 0.07787, 0.02622, 0.03851, 0.04684, 0.01437, 0.02912, 0.01792, 0.09065, 0.06745, 0.01315, 0.03367, 0.00718, 0.0525, 0.01326, 0.00137, 0.02058, 0.09967, 0.05761, 0.03475, 0.05798, 0.00228, 0.04753, 0.00476, 0.01936, 0.01066, 0.02476],[0.25532, 0.40597, 0.22143, 0.23398, 0.2299, 0.22889],[4, 12, 4, 6, 16, 13],57,6
2.5,40,[0.04323, 0.03138, 0.02739, 0.00357, 0.00451, 0.01781, 0.03521, 0.03822, 0.00174, 0.00643, 0.00254, 0.01901, 0.00927, 0.04665, 0.07984, 0.01809, 0.01531, 0.04427, 0.01149, 0.04988, 0.00138, 0.01684, 0.0139, 0.05756, 0.08164, 0.07337, 0.00378, 0.03013, 0.0098, 0.00577, 0.06922, 0.02443, 0.03939, 0.04735, 0.04736, 0.02528, 0.00291, 0.07681, 0.06706, 0.0838, 0.00075, 0.00841, 0.00203],[0.30146, 0.23553, 0.22391, 0.23071],[4, 13, 9, 14],43,4
2.5,41,[0.00376, 0.06567, 0.02915, 0.07659, 0.0291, 0.00389, 0.00975, 0.05231, 0.00622, 0.06677, 0.08229, 0.00958, 0.00976, 0.09676, 0.05485, 0.00263, 0.03439, 0.00451, 0.01781, 0.03521, 0.03822, 0.00174, 0.00643, 0.00254, 0.01901, 0.00927, 0.04665, 0.07984, 0.01809, 0.01531, 0.04427, 0.01149, 0.04988, 0.00138, 0.01684, 0.0139],[0.23546, 0.23553],[17, 13],36,2
2.5,42,[0.0222, 0.03074, 0.03626, 0.03167, 0.00371, 0.00991, 0.00205, 0.00864, 0.03907, 0.0028, 0.03833, 0.01425, 0.01612, 0.03718, 0.04016, 0.05019],[],[],16,0
2.5,43,[0.04125, 0.03291, 0.00531, 0.07738, 0.00153, 0.08807, 0.03053, 0.03685, 0.07488, 0.00554, 0.01529, 0.09967, 0.01106, 0.05241, 0.0586, 0.04017, 0.04381, 0.05609, 0.00406, 0.09192, 0.02316, 0.07196, 0.0602],[0.24441],[8],23,1
2.5,44,[0.03639, 0.001, 0.00315, 0.05748, 0.03174, 0.05156, 0.03354, 0.00118, 0.00089, 0.05559, 0.00865, 0.0037, 0.07293, 0.01311, 0.02842, 0.00204, 0.0526, 0.02463, 0.03646, 0.01167, 0.00178, 0.00722, 0.09887, 0.01649, 0.06393, 0.05071, 0.03969, 0.07195, 0.08669, 0.00596, 0.04123, 0.01141, 0.04044, 0.0448, 0.07787, 0.02622, 0.03851, 0.04684, 0.01437, 0.02912, 0.01792, 0.09065, 0.06745, 0.01315, 0.03367, 0.00718, 0.0525, 0.01326, 0.00137, 0.02058, 0.09967, 0.05761, 0.03475, 0.05798, 0.00228, 0.04753, 0.00476, 0.01936],[0.21409, 0.40597, 0.22143, 0.23398, 0.2299, 0.22889],[7, 12, 4, 6, 16, 13],58,6
2.5,45,[0.03918, 0.06302, 0.03577, 0.00659, 0.03971, 0.02875, 0.04627, 0.06393, 0.06493, 0.01589, 0.07985, 0.03802, 0.05797, 0.02479, 0.00554, 0.01529, 0.09967, 0.01106, 0.05241, 0.0586, 0.04017, 0.04381, 0.00406, 0.09192, 0.02316, 0.07196, 0.0602],[0.26472, 0.20679],[6, 8],27,2
2.5,46,[0.00219, 0.01349, 0.00632, 0.03661, 0.01175, 0.01637, 0.04427, 0.00539, 0.03078, 0.00225, 0.09892, 0.07257, 0.06316, 0.01844, 0.05123, 0.00451, 0.01781, 0.03521, 0.03822, 0.00174, 0.00643, 0.00254, 0.01901, 0.00927, 0.04665, 0.07984, 0.01809, 0.01531, 0.03097, 0.00888, 0.01379, 0.00926, 0.00469, 0.00953, 0.01912, 0.05785, 0.08575, 0.00513, 0.01038, 0.01054, 0.07912, 0.01597, 0.09696, 0.01002, 0.00742, 0.00137, 0.00624, 0.07642, 0.03744, 0.09572, 0.00497, 0.04067, 0.05684],[0.30438, 0.26687, 0.25281, 0.22852],[4, 11, 28, 10],53,4
2.5,47,[0.00143, 0.003, 0.03613, 0.04795, 0.0997, 0.00075, 0.00841, 0.00203, 0.01947, 0.09892, 0.06335, 0.02473, 0.00159, 0.00783, 0.03035, 0.00424, 0.04165, 0.04331, 0.0031, 0.01094, 0.09052, 0.06637, 0.03265, 0.01066, 0.02476, 0.00113, 0.07758, 0.05708, 0.0283, 0.00718, 0.0525, 0.01326, 0.00137, 0.02058, 0.09967, 0.05761, 0.09881, 0.03475, 0.05798, 0.00228, 0.04753, 0.00476, 0.00596, 0.04123, 0.01141, 0.04044, 0.0448, 0.07787, 0.02622, 0.03851, 0.04684, 0.01437, 0.01284, 0.00345, 0.00347, 0.00588],[0.27032, 0.2248, 0.26736, 0.20274, 0.22889, 0.2299, 0.20679],[5, 6, 6, 6, 6, 13, 10],56,7
2.5,48,[0.0099, 0.00438, 0.01041, 0.08933, 0.00075, 0.00841, 0.00203, 0.01947, 0.09892, 0.06335, 0.02473, 0.00159, 0.00783, 0.03035, 0.00424, 0.04165, 0.04331, 0.0031, 0.01094, 0.09052, 0.06637, 0.03265, 0.01066, 0.02476, 0.00113, 0.07758, 0.05708, 0.0283, 0.00718, 0.0525, 0.01326, 0.00137, 0.02058, 0.09967, 0.05761, 0.09881, 0.03475, 0.05798, 0.00228, 0.04753, 0.00476, 0.00596, 0.04123, 0.01141, 0.04044, 0.0448, 0.07787, 0.02622, 0.03851, 0.04684, 0.01437, 0.01284, 0.00345, 0.00347, 0.00588],[0.25069, 0.2248, 0.26736, 0.20274, 0.22889, 0.2299, 0.20679],[4, 6, 6, 6, 6, 13, 10],55,7
2.5,49,[0.00683, 0.04023, 0.01575, 0.0019, 0.03113, 0.08476, 0.02679, 0.00901, 0.00784, 0.03229, 0.02043, 0.00113, 0.0417, 0.00492, 0.09052, 0.02271, 0.0048, 0.04938, 0.00585, 0.00042, 0.03218, 0.02308, 0.05359, 0.07758, 0.03041, 0.00754, 0.09348, 0.06589, 0.00482, 0.0226, 0.03645, 0.00261, 0.07112, 0.07488, 0.00554, 0.01529, 0.09967, 0.01106, 0.05241, 0.0586, 0.04017, 0.04381, 0.05609],[0.2232, 0.21542, 0.21719],[8, 11, 14],43,3
2.5,50,[0.01263, 0.00702, 0.02091, 0.02857, 0.00075, 0.00841, 0.00203, 0.01947, 0.09892, 0.06335, 0.02473, 0.00159, 0.00783, 0.03035, 0.00424, 0.04165, 0.04331, 0.0031, 0.01094, 0.09052, 0.06637, 0.03265, 0.01066, 0.02476, 0.00113, 0.07758, 0.05708, 0.0283, 0.00718, 0.0525, 0.01326, 0.00137, 0.02058, 0.09967, 0.05761, 0.09881, 0.03475, 0.05798, 0.00228, 0.04753, 0.00476, 0.00596, 0.04123, 0.01141, 0.04044, 0.0448, 0.07787, 0.02622, 0.03851, 0.04684, 0.01437, 0.01284, 0.00345, 0.00347, 0.00588],[0.25522, 0.2248, 0.26736, 0.20274, 0.22889, 0.2299, 0.20679],[4, 6, 6, 6, 6, 13, 10],55,7
2.5,51,[0.00823, 0.03125, 0.03561, 0.00361, 0.00637, 0.02251, 0.0081, 0.01927, 0.04247, 0.01784, 0.08118, 0.00744, 0.02303, 0.08513, 0.07327, 0.00638, 0.0176, 0.01135, 0.00389, 0.00792, 0.07293, 0.00245, 0.09043, 0.06196, 0.07515, 0.01855, 0.00374, 0.0291, 0.06466, 0.00449, 0.00051, 0.01528, 0.001, 0.01041, 0.02647, 0.00671, 0.04032, 0.08072, 0.0118, 0.02928, 0.01955],[0.26081, 0.20179, 0.21369],[15, 5, 10],41,3
2.5,52,[0.00463, 0.00104, 0.05816, 0.00148, 0.00321, 0.05697, 0.02476, 0.01958, 0.00398, 0.07089, 0.00042, 0.03218, 0.02308, 0.05359, 0.07758, 0.03041, 0.00754, 0.09348, 0.06589, 0.00482, 0.0226, 0.07488, 0.00554, 0.01529, 0.09967, 0.01106, 0.05241, 0.0586, 0.04017, 0.04381, 0.05609, 0.00406, 0.09192, 0.02316, 0.07196],[0.26937, 0.21719],[10, 11],35,2
2.5,53,[0.0004, 0.02382, 0.01304, 0.04627, 0.06393, 0.06493, 0.01589, 0.07985, 0.03802, 0.05797, 0.02479, 0.00549, 0.01038, 0.0199, 0.0525, 0.01053, 0.00421, 0.01444, 0.00244, 0.01258, 0.07488, 0.04752, 0.01935, 0.01066, 0.02476, 0.00113, 0.07758, 0.05708, 0.0283, 0.04331, 0.0031, 0.01094, 0.09052, 0.06637, 0.03265, 0.03188, 0.01838, 0.03676, 0.06263, 0.0693, 0.00063, 0.01095, 0.06473, 0.05464],[0.28452, 0.20239, 0.22922, 0.20274, 0.2132, 0.21041],[3, 8, 12, 6, 11, 4],44,6
2.5,54,[0.0425, 0.00525, 0.05681, 0.01881, 0.01566, 0.04342, 0.04395, 0.01549, 0.01745, 0.01913, 0.00865, 0.00912, 0.01171, 0.00529, 0.04407, 0.05071, 0.02596, 0.00885, 0.09671, 0.01161, 0.04061, 0.05447, 0.00042, 0.03218, 0.02308, 0.05359, 0.07758, 0.03041, 0.00754, 0.09348, 0.06589, 0.00482, 0.0226, 0.07488, 0.00554, 0.01529, 0.09967, 0.01106, 0.05241],[0.22628, 0.23245, 0.23313, 0.21719],[4, 6, 12, 11],39,4
2.5,55,[0.05453, 0.02083, 0.08131, 0.01859, 0.00408, 0.06547, 0.00467, 0.03055, 0.07293, 0.00245, 0.09043, 0.06196, 0.07515, 0.01855, 0.00374, 0.0291, 0.06466, 0.00449, 0.00475, 0.01167, 0.00178, 0.00722, 0.09887, 0.01649, 0.06393, 0.05071, 0.03969, 0.07195, 0.08669, 0.00596, 0.04123, 0.01141, 0.04044, 0.0448, 0.07787, 0.02622, 0.03851, 0.04684, 0.01437, 0.02912, 0.01792, 0.09065, 0.06745, 0.01315, 0.03367, 0.00718, 0.0525, 0.01326, 0.00137, 0.02058],[0.20033, 0.473, 0.22143, 0.23398, 0.2299],[8, 11, 4, 6, 16],50,5
2.5,56,[0.0067, 0.01054, 0.01666, 0.00858, 0.0409, 0.07411, 0.08239, 0.04125, 0.00042, 0.03218, 0.02308, 0.05359, 0.07758, 0.03041, 0.00754, 0.09348, 0.06589, 0.00482, 0.0226, 0.07488, 0.00554, 0.01529, 0.09967, 0.01106, 0.05241, 0.0586, 0.04017, 0.04381, 0.05609, 0.00406, 0.09192, 0.02316, 0.07196, 0.0602, 0.04627, 0.06393, 0.06493, 0.01589, 0.07985, 0.03802],[0.21802, 0.21719, 0.20679],[8, 11, 15],40,3
2.5,57,[0.03459, 0.00395, 0.00722, 0.00205, 0.07642, 0.0159, 0.07631, 0.00394, 0.00056, 0.05559, 0.09043, 0.01247, 0.08489, 0.07199, 0.00235, 0.03543, 0.05564, 0.09737, 0.00589, 0.00317, 0.00051, 0.01528, 0.001, 0.01041, 0.02647, 0.00671, 0.04032, 0.0205, 0.00313, 0.00678, 0.00692, 0.0106, 0.03596, 0.01191, 0.002, 0.03545, 0.07102, 0.08348, 0.09182, 0.01549, 0.02958, 0.01346, 0.06937, 0.04737, 0.02986, 0.05829, 0.00834, 0.01494, 0.04633],[0.22123, 0.24082, 0.25795, 0.20063],[7, 13, 7, 19],49,4
2.5,58,[0.00485, 0.00793, 0.09501, 0.03116, 0.02635, 0.04481, 0.01234, 0.00042, 0.03218, 0.02308, 0.05359, 0.07758, 0.03041, 0.00754, 0.09348, 0.06589, 0.00482, 0.0226, 0.07488, 0.00554, 0.01529, 0.09967, 0.01106, 0.05241, 0.0586, 0.04017, 0.04381, 0.05609, 0.00406, 0.09192, 0.02316, 0.07196, 0.0602, 0.04627, 0.06393, 0.06493, 0.01589, 0.07985, 0.03802],[0.2428, 0.21719, 0.20679],[7, 11, 15],39,3
2.5,59,[0.00318, 0.01612, 0.04274, 0.00434, 0.05268, 0.00188, 0.00638, 0.0176, 0.01135, 0.00389, 0.00792, 0.07293, 0.00245, 0.09043, 0.06196, 0.07515, 0.01855, 0.00374, 0.0291, 0.06466, 0.00449, 0.00051, 0.01528, 0.001, 0.01041, 0.02647, 0.00671, 0.04032, 0.08072, 0.0118, 0.02928, 0.01955, 0.00684, 0.00777, 0.00782, 0.01186, 0.01991, 0.00406, 0.06195, 0.0172, 0.06177, 0.06408, 0.02019, 0.00518, 0.00533, 0.01083, 0.02272, 0.08017, 0.02352, 0.00594, 0.0205, 0.00313, 0.00678, 0.00692, 0.0106, 0.03596, 0.01191, 0.002, 0.03545, 0.07102, 0.08348, 0.09182, 0.01549, 0.02958, 0.01346],[0.22224, 0.20179, 0.21369, 0.25795],[6, 5, 10, 29],65,4
2.5,60,[0.07265, 0.04061, 0.06085, 0.06598, 0.06386, 0.07234, 0.01175, 0.01637, 0.04427, 0.00539, 0.03078, 0.00225, 0.09892, 0.07257, 0.06316, 0.01844, 0.05123, 0.00451, 0.01781, 0.03521, 0.03822, 0.00174, 0.00643, 0.00254, 0.01901, 0.00927, 0.04665, 0.07984, 0.01809, 0.01531, 0.03097, 0.00888, 0.01379, 0.00926, 0.00469, 0.0991, 0.00953, 0.01912, 0.05785, 0.08575, 0.00513, 0.01038, 0.01054, 0.07912, 0.01597, 0.09696, 0.01002, 0.00742, 0.00137, 0.00624, 0.07642, 0.03744, 0.09572, 0.00497, 0.04067, 0.05684],[0.25821, 0.26687, 0.25281, 0.22852],[6, 11, 29, 10],56,4
2.5,61,[0.04257, 0.06195, 0.02521, 0.04865, 0.09464, 0.02386, 0.033, 0.01193, 0.01983, 0.00163, 0.0448, 0.01847, 0.01292, 0.02127, 0.0263],[0.20275],[9],15,1
2.5,62,[0.03112, 0.09245, 0.01042, 0.02527, 0.00225, 0.04802, 0.00267, 0.00289, 0.08273, 0.00865, 0.00912, 0.01171, 0.00529, 0.04407, 0.05071, 0.02596, 0.00885, 0.09671, 0.01161, 0.04061, 0.05447, 0.00042, 0.03218, 0.02308, 0.05359, 0.07758, 0.03041, 0.00754, 0.09348, 0.06589, 0.00482],[0.24459, 0.23313],[9, 12],31,2
2.5,63,[0.03961, 0.00132, 0.06628, 0.01307, 0.00216, 0.06504, 0.05654, 0.00509, 0.00451, 0.01781, 0.03521, 0.03822, 0.00174, 0.00643, 0.00254, 0.01901, 0.00927, 0.04665, 0.07984, 0.01809, 0.01531, 0.04427, 0.01149, 0.04988, 0.00138, 0.01684, 0.0139, 0.05756, 0.08164, 0.07337, 0.00378, 0.03013, 0.0098, 0.00577, 0.06922, 0.02443, 0.03939, 0.04735, 0.04736, 0.02528, 0.00291, 0.07681, 0.00075, 0.00841],[0.27557, 0.23553, 0.22391, 0.23071],[8, 13, 9, 12],44,4
2.5,64,[0.00876, 0.02361, 0.03478, 0.05121, 0.07527, 0.01631, 0.02553, 0.03806, 0.00118, 0.00089, 0.05559, 0.00865, 0.0037, 0.07293, 0.01311, 0.02842, 0.00204, 0.0526, 0.02463, 0.03646, 0.01167, 0.00178, 0.00722, 0.09887, 0.01649, 0.06393, 0.05071, 0.03969, 0.07195, 0.08669, 0.00596, 0.04123, 0.01141, 0.04044, 0.0448, 0.07787, 0.02622, 0.03851, 0.04684, 0.01437, 0.02912, 0.01792, 0.09065, 0.06745, 0.01315, 0.03367, 0.00718, 0.0525, 0.01326, 0.00137, 0.02058, 0.09967, 0.05761, 0.03475, 0.05798, 0.00228, 0.04753, 0.00476],[0.28765, 0.40597, 0.22143, 0.23398, 0.2299],[8, 12, 4, 6, 16],58,5
2.5,65,[0.01301, 0.04334, 0.04037, 0.07936, 0.00302, 0.06261, 0.00633, 0.01782, 0.02917, 0.05038, 0.01869, 0.00468, 0.01167, 0.00178, 0.00722, 0.09887, 0.01649, 0.06393, 0.05071, 0.03969, 0.07195, 0.08669, 0.00596, 0.04123, 0.01141, 0.04044, 0.0448, 0.07787, 0.02622, 0.03851, 0.04684, 0.01437, 0.02912, 0.01792, 0.09065, 0.06745, 0.01315, 0.03367, 0.00718, 0.0525, 0.01326, 0.00137, 0.02058, 0.09967, 0.05761, 0.03475, 0.05798, 0.00228],[0.34383, 0.22143, 0.23398, 0.2299],[12, 4, 6, 16],48,4
2.5,66,[0.01531, 0.0569, 0.09169, 0.05069, 0.07622, 0.01175, 0.01637, 0.04427, 0.00539, 0.03078, 0.00225, 0.09892, 0.07257, 0.06316, 0.01844, 0.05123, 0.00451, 0.01781, 0.03521, 0.03822, 0.00174, 0.00643, 0.00254, 0.01901, 0.00927, 0.04665, 0.07984, 0.01809, 0.01531, 0.03097, 0.00888, 0.01379, 0.00926, 0.00469, 0.0991, 0.00953, 0.01912, 0.05785, 0.08575, 0.00513, 0.01038, 0.01054, 0.07912, 0.01597, 0.09696, 0.01002, 0.00742, 0.00137, 0.00624, 0.07642, 0.03744, 0.09572, 0.00497, 0.04067, 0.05684],[0.28526, 0.26687, 0.25281, 0.22852],[5, 11, 29, 10],55,4
2.5,67,[0.05113, 0.00168, 0.04074, 0.00201, 0.07293, 0.00245, 0.09043, 0.06196, 0.07515, 0.01855, 0.00638, 0.0176, 0.01135, 0.00389, 0.00792, 0.02732, 0.0353, 0.00762, 0.02558, 0.01329, 0.03238, 0.00598, 0.00602, 0.01167, 0.00178, 0.00722, 0.09887, 0.01649, 0.06393, 0.05071, 0.03969],[0.21817, 0.20179, 0.34918, 0.22143],[4, 6, 13, 4],31,4
2.5,68,[0.00382, 0.01128, 0.08393, 0.00193, 0.00777, 0.0683, 0.01266, 0.083, 0.00042, 0.03218, 0.02308, 0.05359, 0.07758, 0.03041, 0.00754, 0.09348, 0.06589, 0.00482, 0.0226, 0.07488, 0.00554, 0.01529, 0.09967, 0.01106, 0.05241, 0.0586, 0.04017, 0.04381, 0.05609, 0.00406, 0.09192, 0.02316, 0.07196, 0.0602, 0.04627, 0.06393, 0.06493, 0.01589, 0.07985, 0.03802],[0.21333, 0.21719, 0.20679],[8, 11, 15],40,3
2.5,69,[0.03061, 0.00102, 0.00193, 0.00401, 0.00638, 0.0176, 0.01135, 0.00389, 0.00792, 0.07293, 0.00245, 0.09043, 0.06196, 0.07515, 0.01855, 0.00374, 0.0291, 0.06466, 0.00449, 0.00051, 0.01528, 0.001, 0.01041, 0.02647, 0.00671, 0.04032, 0.08072, 0.0118, 0.02928, 0.01955, 0.00684, 0.00777, 0.00782, 0.01186, 0.01991, 0.00406, 0.06195, 0.0172, 0.06177, 0.06408, 0.02019, 0.00518, 0.00533, 0.01083, 0.02272, 0.08017, 0.02352, 0.00594, 0.0205, 0.00313, 0.00678, 0.00692, 0.0106, 0.03596, 0.01191, 0.002, 0.03545, 0.07102, 0.08348, 0.01549, 0.02958, 0.01346, 0.06937, 0.04737, 0.02986],[0.23412, 0.20179, 0.21369, 0.25795],[4, 5, 10, 29],65,4
2.5,70,[0.00022, 0.0437, 0.09019, 0.04689, 0.00774, 0.01154, 0.03479, 0.02513, 0.01167, 0.00178, 0.00722, 0.09887, 0.01649, 0.06393, 0.05071, 0.03969, 0.07195, 0.08669, 0.00596, 0.04123, 0.01141, 0.04044, 0.0448, 0.07787, 0.02622, 0.03851, 0.04684, 0.01437, 0.02912, 0.01792, 0.09065, 0.06745, 0.01315, 0.03367, 0.00718, 0.0525, 0.01326, 0.00137, 0.02058, 0.09967, 0.05761, 0.03475, 0.05798, 0.00228, 0.04753, 0.00476, 0.01936, 0.01066, 0.02476, 0.00113, 0.07758, 0.05708, 0.0283, 0.04331, 0.0031],[0.29704, 0.22143, 0.23398, 0.2299, 0.22889, 0.20274],[8, 4, 6, 16, 13, 6],55,6
2.5,71,[0.00062, 0.00424, 0.07143, 0.08211, 0.01245, 0.04015, 0.0103, 0.07631, 0.0191, 0.09152, 0.046, 0.03993, 0.03515],[],[],13,0
2.5,72,[0.01817, 0.04099, 0.0255, 0.02721, 0.01284, 0.01038, 0.03413, 0.04067, 0.00281, 0.0704, 0.09209, 0.03708, 0.00326, 0.00118, 0.00089, 0.05559, 0.00865, 0.0037, 0.07293, 0.01311, 0.02842, 0.00204, 0.0526, 0.02463, 0.03646, 0.01167, 0.00178, 0.00722, 0.09887, 0.01649, 0.06393, 0.05071, 0.03969, 0.07195, 0.08669, 0.00596, 0.04123, 0.01141, 0.04044, 0.0448, 0.07787, 0.02622, 0.03851, 0.04684, 0.01437, 0.02912, 0.01792, 0.09065],[0.30449, 0.40597, 0.22143, 0.23398],[13, 12, 4, 6],48,4
2.5,73,[0.00042, 0.00536, 0.01955, 0.00367, 0.03344, 0.08815, 0.09522, 0.0456, 0.04627, 0.06393, 0.06493, 0.01589],[0.28987],[8],12,1
2.5,74,[0.0012, 0.00189, 0.00202, 0.00105, 0.04867, 0.00966, 0.00691, 0.01208, 0.09937, 0.00475, 0.02139, 0.0313, 0.04947, 0.03695, 0.00607, 0.00718, 0.0525, 0.01326, 0.00137, 0.02058, 0.09967, 0.05761, 0.09881, 0.03475, 0.05798, 0.00228, 0.04753, 0.00476, 0.00596, 0.04123, 0.01141, 0.04044, 0.0448, 0.07787, 0.02622, 0.03851, 0.04684, 0.01437, 0.01284, 0.00345, 0.00347, 0.00588, 0.02532, 0.0163, 0.01539, 0.04755, 0.03501, 0.02649],[0.27847, 0.2299, 0.20679],[15, 13, 10],48,3
2.5,75,[0.01517, 0.00087, 0.07844, 0.00733, 0.09184, 0.00718, 0.0525, 0.01326, 0.00137, 0.02058, 0.09967, 0.05761, 0.09881, 0.03475, 0.05798, 0.00228, 0.04753, 0.00476, 0.00596, 0.04123, 0.01141, 0.04044, 0.0448, 0.07787, 0.02622, 0.03851, 0.04684, 0.01437, 0.01284, 0.00345, 0.00347, 0.00588, 0.02532, 0.0163, 0.01539, 0.04755, 0.04627, 0.06393, 0.01589, 0.07985, 0.03802, 0.05797, 0.02479, 0.02485, 0.06075, 0.04029, 0.07883, 0.01066, 0.02476, 0.00113],[0.21225, 0.2299, 0.20679, 0.22773, 0.23088],[5, 13, 10, 8, 11],50,5
2.5,76,[0.00061, 0.01489, 0.00218, 0.05902, 0.09876, 0.00075, 0.00841, 0.00203, 0.01947, 0.09892, 0.06335, 0.02473, 0.00159, 0.00783, 0.03035, 0.00424, 0.04165, 0.04331, 0.0031, 0.01094, 0.09052, 0.06637, 0.03265, 0.01066, 0.02476, 0.00113, 0.07758, 0.05708, 0.0283, 0.00718, 0.0525, 0.01326, 0.00137, 0.02058, 0.09967, 0.05761, 0.09881, 0.03475, 0.05798, 0.00228, 0.04753, 0.00476, 0.00596, 0.04123, 0.01141, 0.04044, 0.0448, 0.07787, 0.02622, 0.03851, 0.04684, 0.01437, 0.01284, 0.00345, 0.00347, 0.00588],[0.21419, 0.2248, 0.26736, 0.20274, 0.22889, 0.2299, 0.20679],[5, 6, 6, 6, 6, 13, 10],56,7
2.5,77,[0.01018, 0.0233, 0.00547, 0.01719, 0.06853, 0.09777, 0.00479, 0.02473, 0.00159, 0.00783, 0.03035, 0.00424, 0.04165, 0.07489, 0.00242, 0.08245, 0.00075, 0.00841, 0.00203, 0.01947, 0.09892, 0.06335, 0.00378, 0.03013, 0.0098, 0.00577, 0.06922, 0.02443, 0.03939, 0.04735, 0.04736, 0.02528, 0.00291, 0.07681, 0.01149, 0.04988, 0.00138, 0.01684],[0.20165, 0.2248, 0.23071, 0.22391],[7, 9, 6, 12],38,4
2.5,78,[0.0026, 0.00083, 0.08666, 0.00155, 0.07685, 0.03058, 0.06384, 0.04427, 0.01149, 0.04988, 0.00138, 0.01684, 0.0139, 0.05756, 0.08164, 0.07337, 0.05441, 0.00517, 0.02977, 0.06786, 0.05167, 0.00451, 0.01781, 0.03521, 0.03822, 0.00174, 0.00643, 0.00254, 0.01901, 0.00927, 0.04665, 0.07984, 0.01809, 0.01531, 0.03097, 0.00888, 0.01379, 0.00926, 0.00469, 0.0991, 0.00953, 0.01912, 0.05785, 0.08575, 0.00513, 0.01038, 0.01054],[0.20234, 0.23553],[7, 14],47,2
2.5,79,[0.03482, 0.0618, 0.03211, 0.02732, 0.00145, 0.02623, 0.00164, 0.00404, 0.00205, 0.01085],[],[],10,0
2.5,80,[0.00045, 0.0117, 0.03937, 0.0039, 0.04035, 0.01632, 0.01175, 0.01637, 0.04427, 0.00539, 0.03078, 0.00225, 0.09892, 0.07257, 0.06316, 0.01844, 0.05123, 0.00451, 0.01781, 0.03521, 0.03822, 0.00174, 0.00643, 0.00254, 0.01901, 0.00927, 0.04665, 0.07984, 0.01809, 0.01531, 0.03097, 0.00888, 0.01379, 0.00926, 0.00469, 0.0991, 0.00953, 0.01912, 0.05785, 0.08575, 0.00513, 0.01038, 0.01054, 0.07912, 0.01597, 0.09696, 0.01002, 0.00742, 0.00137, 0.00624, 0.07642, 0.03744, 0.09572, 0.00497, 0.04067, 0.05684],[0.21083, 0.26687, 0.25281, 0.22852],[6, 11, 29, 10],56,4
2.5,81,[0.00112, 0.01012, 0.01491, 0.00082, 0.08054, 0.08349, 0.03593, 0.00191, 0.03629, 0.06527, 0.07488, 0.00554, 0.01529, 0.09967, 0.01106, 0.05241, 0.0586, 0.04017, 0.04381, 0.05609, 0.00406, 0.09192, 0.02316, 0.07196, 0.0602, 0.04627, 0.06393, 0.01589, 0.07985, 0.03802, 0.05797, 0.02479, 0.02485],[0.25821, 0.23017, 0.20679],[8, 2, 15],33,3
2.5,82,[0.01581, 0.07038, 0.00827, 0.02252, 0.0744, 0.02615, 0.0676, 0.04886, 0.00718, 0.0525, 0.01326, 0.00137, 0.02058, 0.09967, 0.05761, 0.09881, 0.03475, 0.05798, 0.00228, 0.04753, 0.00476, 0.00596, 0.04123, 0.01141, 0.04044, 0.0448, 0.07787, 0.02622, 0.03851, 0.04684, 0.01437, 0.01284, 0.00345, 0.00347, 0.00588, 0.02532, 0.0163, 0.01539, 0.04755, 0.04627, 0.06393, 0.01589, 0.07985, 0.03802, 0.05797, 0.02479, 0.02485],[0.23167, 0.2299, 0.20679, 0.22773],[8, 13, 10, 8],47,4
2.5,83,[0.03436, 0.01675, 0.05887, 0.08663, 0.00798, 0.0109, 0.05738, 0.05161, 0.05285, 0.0076, 0.01175, 0.01637, 0.04427, 0.00539, 0.03078, 0.00225, 0.09892],[0.31801],[10],17,1
2.5,84,[0.00066, 0.00239, 0.00364, 0.09969, 0.02453, 0.03297, 0.02177, 0.0113, 0.00285, 0.0153, 0.00458, 0.02244, 0.00134, 0.00176, 0.07605, 0.00278, 0.01176, 0.03838, 0.00298, 0.00969, 0.08705, 0.02503, 0.0554, 0.00384, 0.03489, 0.01183, 0.04167],[0.21801],[10],27,1
2.5,85,[0.00711, 0.01897, 0.02415, 0.01305, 0.05106, 0.00342, 0.07148, 0.07926, 0.0249, 0.02631, 0.01452, 0.01175, 0.01637, 0.04427, 0.00539, 0.03078, 0.00225, 0.09892, 0.07257, 0.06316, 0.01844, 0.05123, 0.00451],[0.20825, 0.26687],[11, 11],23,2
2.5,86,[0.04381, 0.0013, 0.06505, 0.00718, 0.0525, 0.01326, 0.00137, 0.02058, 0.09967, 0.05761, 0.09881, 0.03475, 0.05798, 0.00228, 0.04753, 0.00476, 0.00596, 0.01141, 0.04044, 0.0448, 0.02622, 0.03851, 0.04684, 0.01437, 0.01284, 0.00345, 0.00347, 0.00588, 0.02532, 0.0163, 0.01539, 0.04755, 0.04627, 0.06393, 0.01589, 0.07985, 0.03802, 0.05797, 0.02479, 0.02485, 0.06075, 0.04029, 0.07883, 0.00163, 0.0448, 0.01847],[0.25695, 0.2299, 0.20679, 0.22773, 0.23829],[3, 13, 8, 8, 11],46,5
2.5,87,[0.00359, 0.02651, 0.00189, 0.07227, 0.03629, 0.06527, 0.07488, 0.00554, 0.01529, 0.09967, 0.01106, 0.05241, 0.0586, 0.04017, 0.04381, 0.05609, 0.00406, 0.09192, 0.02316, 0.07196, 0.0602, 0.04627, 0.06393, 0.06493, 0.01589, 0.07985, 0.03802, 0.05797, 0.02479, 0.02485, 0.06075, 0.04029, 0.07883, 0.04123, 0.01424, 0.01329, 0.01626, 0.01284],[0.25615, 0.23017, 0.20679, 0.21012, 0.24345],[4, 2, 15, 12, 4],38,5
2.5,88,[0.00739, 0.01787, 0.00735, 0.03746, 0.07876, 0.03907, 0.00638, 0.0176, 0.01135, 0.00389, 0.00792, 0.07293, 0.00245, 0.09043, 0.06196, 0.07515, 0.01855, 0.00374, 0.0291, 0.06466, 0.00449, 0.00051, 0.01528, 0.001, 0.01041, 0.02647, 0.00671, 0.04032, 0.08072, 0.0118, 0.02928, 0.01955, 0.00684, 0.00777, 0.00782, 0.01186, 0.01991, 0.00406, 0.06195, 0.0172, 0.06177, 0.06408, 0.02019, 0.00518, 0.00533, 0.01083, 0.02272, 0.08017, 0.02352, 0.00594, 0.0205, 0.00313, 0.00678, 0.00692, 0.0106, 0.03596, 0.01191, 0.002, 0.03545, 0.07102, 0.08348],[0.20245, 0.20179, 0.21369, 0.25795],[6, 5, 10, 29],61,4
2.5,89,[0.002, 0.01165, 0.07516, 0.00978, 0.00738, 0.00358, 0.02843, 0.00212, 0.00596, 0.04123, 0.01141, 0.04044, 0.0448, 0.07787, 0.02622, 0.03851, 0.04684, 0.01437, 0.00718, 0.0525, 0.01326, 0.00137, 0.02058, 0.09967, 0.05761, 0.09881, 0.03475, 0.05798, 0.00228, 0.04753, 0.00476, 0.01066, 0.02476, 0.00113, 0.07758, 0.05708, 0.0283, 0.04627, 0.06393, 0.01589, 0.07985, 0.03802, 0.05797, 0.02479, 0.02485, 0.06075, 0.04029, 0.07883],[0.21517, 0.2299, 0.22889, 0.23088],[8, 10, 13, 6],48,4
2.5,90,[0.05673, 0.01252, 0.00358, 0.06112, 0.00638, 0.0176, 0.01135, 0.00389, 0.00792, 0.07293, 0.00245, 0.06196, 0.07515, 0.01855, 0.00374, 0.0291, 0.06466, 0.00449, 0.00051, 0.01528, 0.001, 0.01041, 0.02647, 0.00671, 0.04032, 0.08072, 0.0118, 0.02928, 0.01955, 0.00684, 0.00777, 0.00782, 0.01186, 0.01991, 0.00406, 0.06195, 0.0172, 0.06177, 0.06408, 0.02019, 0.00518, 0.00533, 0.01083, 0.02272, 0.08017, 0.02352, 0.00594, 0.0205, 0.00313, 0.00678, 0.00692, 0.0106, 0.03596, 0.01191, 0.002, 0.03545, 0.07102, 0.08348, 0.09182, 0.01549, 0.02958, 0.01346, 0.06937, 0.04737],[0.21226, 0.20179, 0.21369, 0.25795],[4, 5, 9, 29],64,4
2.5,91,[0.03825, 0.00249, 0.07864, 0.0764, 0.03255, 0.00718, 0.0525, 0.01326, 0.00137, 0.02058, 0.09967, 0.05761, 0.09881, 0.03475, 0.05798, 0.00228, 0.04753, 0.00476, 0.00596, 0.01141, 0.04044, 0.0448, 0.02622, 0.03851, 0.04684, 0.01437, 0.01284, 0.00345, 0.00347, 0.00588, 0.02532, 0.0163, 0.01539, 0.04755, 0.04627, 0.06393, 0.01589, 0.07985, 0.03802, 0.05797, 0.02479, 0.02485, 0.06075, 0.04029, 0.07883, 0.00163, 0.01847, 0.01292],[0.22817, 0.2299, 0.20679, 0.22773, 0.23829],[5, 13, 8, 8, 11],48,5
2.5,92,[0.01427, 0.01861, 0.08015, 0.05085, 0.07129, 0.00075, 0.00841, 0.00203, 0.01947, 0.09892, 0.06335, 0.08604, 0.08967, 0.02473, 0.00159, 0.00783, 0.03035, 0.00424, 0.04165, 0.04331, 0.0031, 0.01094, 0.09052, 0.06637, 0.03265, 0.01066, 0.02476, 0.00113, 0.07758, 0.05708, 0.0283, 0.00718, 0.0525, 0.01326, 0.00137, 0.02058, 0.09967, 0.05761, 0.09881, 0.03475, 0.05798, 0.00228, 0.04753, 0.00476, 0.00596, 0.04123, 0.01141, 0.04044, 0.0448, 0.07787, 0.02622, 0.03851, 0.04684],[0.20445, 0.2248, 0.26736, 0.20274, 0.22889, 0.2299],[5, 8, 6, 6, 6, 13],53,6
2.5,93,[0.01053, 0.07853, 0.00565, 0.00075, 0.00841, 0.00203, 0.01947, 0.09892, 0.06335, 0.02473, 0.00159, 0.00783, 0.03035, 0.00424, 0.04165, 0.04331, 0.0031, 0.01094, 0.09052, 0.06637, 0.03265, 0.01066, 0.02476, 0.00113, 0.07758, 0.05708, 0.0283, 0.00718, 0.0525, 0.01326, 0.00137, 0.02058, 0.09967, 0.05761, 0.09881, 0.03475, 0.05798, 0.00228, 0.04753, 0.00476, 0.00596, 0.04123, 0.01141, 0.04044, 0.0448, 0.07787, 0.02622, 0.03851, 0.04684, 0.01437, 0.01284, 0.00345, 0.00347, 0.00588],[0.23951, 0.2248, 0.26736, 0.20274, 0.22889, 0.2299, 0.20679],[3, 6, 6, 6, 6, 13, 10],54,7
2.5,94,[0.007, 0.02575, 0.01453, 0.02655, 0.00369, 0.00042, 0.03218, 0.02308, 0.05359, 0.07758, 0.03041, 0.00754, 0.09348, 0.06589, 0.00482, 0.0226, 0.07488, 0.00554, 0.01529, 0.09967, 0.01106, 0.05241, 0.0586, 0.04017, 0.04381, 0.05609, 0.00406, 0.09192, 0.02316, 0.07196, 0.0602, 0.04627, 0.06393, 0.06493, 0.01589, 0.07985, 0.03802],[0.22236, 0.21719, 0.20679],[5, 11, 15],37,3
2.5,95,[0.01359, 0.0036, 0.00394, 0.00056, 0.05559, 0.09043, 0.01247, 0.08489, 0.07199, 0.00235, 0.03543, 0.05564, 0.09737, 0.00589, 0.00317, 0.00051, 0.01528, 0.001, 0.01041, 0.02647, 0.00671, 0.04032, 0.0205, 0.00313, 0.00678, 0.00692, 0.0106, 0.03596, 0.01191, 0.002, 0.03545, 0.07102, 0.08348, 0.09182, 0.01549, 0.02958, 0.01346, 0.06937, 0.04737, 0.02986, 0.05829, 0.00834, 0.01494, 0.04633],[0.21214, 0.24082, 0.25795, 0.20063],[2, 13, 7, 19],44,4
2.5,96,[0.00659, 0.01997, 0.08643, 0.00743, 0.00994, 0.09042, 0.00259, 0.0652, 0.00261, 0.09839, 0.00638, 0.0176, 0.01135, 0.00389, 0.00792, 0.07293, 0.00245, 0.09043, 0.06196, 0.07515, 0.01855, 0.00374, 0.0291, 0.06466, 0.00449, 0.00051, 0.01528, 0.001, 0.01041, 0.02647, 0.00671, 0.04032, 0.08072, 0.0118, 0.02928, 0.01955, 0.00684, 0.00777, 0.00782, 0.01186, 0.01991, 0.00406, 0.06195, 0.0172, 0.06177, 0.06408, 0.02019],[0.2501, 0.20179, 0.21369],[10, 5, 10],47,3
2.5,97,[0.00377, 0.00108, 0.03029, 0.06074, 0.01466, 0.02158, 0.04295, 0.02819, 0.00242, 0.00997, 0.01338, 0.01713, 0.04709, 0.01547, 0.04331, 0.0031, 0.01094, 0.09052, 0.06637, 0.03265, 0.01066],[0.22261, 0.20274],[14, 6],21,2
2.5,98,[0.00359, 0.01162, 0.01239, 0.04672, 0.03326, 0.02539, 0.00157, 0.0387, 0.0018, 0.02576, 0.04627, 0.06393, 0.06493, 0.01589, 0.07985, 0.03802, 0.05797, 0.02479],[0.27689, 0.20239],[10, 8],18,2
2.5,99,[0.03141, 0.06742, 0.0043, 0.01362, 0.09125, 0.02181, 0.09361, 0.03629, 0.06527, 0.07488, 0.00554, 0.01529, 0.01106, 0.05241, 0.0586, 0.04017, 0.04381, 0.05609, 0.00406, 0.09192, 0.02316, 0.07196, 0.0602, 0.00042, 0.03218, 0.02308, 0.05359, 0.07758, 0.03041, 0.00754, 0.09348, 0.06589, 0.00482, 0.0226, 0.00784, 0.03229, 0.02043, 0.00113, 0.0417, 0.00492, 0.09052, 0.02271, 0.0048],[0.23464, 0.23017, 0.21719, 0.21542],[7, 2, 14, 11],43,4
2.5,100,[0.00086, 0.01347, 0.00925, 0.01538, 0.00912, 0.01557, 0.05784, 0.00265, 0.01927, 0.00638, 0.0176, 0.01135, 0.00389, 0.00792, 0.07293, 0.00245, 0.09043, 0.06196, 0.07515, 0.01855, 0.00374, 0.0291, 0.06466, 0.00449, 0.00051, 0.01528, 0.001, 0.01041, 0.02647, 0.00671, 0.04032, 0.08072, 0.0118, 0.02928, 0.01955, 0.00684, 0.00777, 0.00782, 0.01186, 0.01991, 0.00406, 0.06195, 0.0172, 0.06177, 0.06408, 0.02019, 0.00518, 0.00533, 0.01083, 0.02272, 0.08017, 0.02352, 0.00594, 0.0205, 0.00313, 0.00678, 0.00692, 0.0106, 0.03596, 0.01191, 0.002, 0.03545, 0.07102, 0.08348, 0.09182, 0.01549, 0.02958, 0.01346, 0.06937, 0.04737],[0.25861, 0.20179, 0.21369, 0.25795],[9, 5, 10, 29],70,4
2.5,101,[0.00104, 0.00086, 0.0012, 0.00152, 0.00638, 0.0176, 0.01135, 0.00389, 0.00792, 0.07293, 0.00245, 0.09043, 0.06196, 0.07515, 0.01855, 0.00374, 0.0291, 0.06466, 0.00449, 0.00051, 0.01528, 0.001, 0.01041, 0.02647, 0.00671, 0.04032, 0.08072, 0.0118, 0.02928, 0.01955, 0.00684, 0.00777, 0.00782, 0.01186, 0.01991, 0.00406, 0.06195, 0.0172, 0.06177, 0.06408, 0.02019, 0.00518, 0.00533, 0.01083, 0.02272, 0.08017, 0.02352, 0.00594, 0.0205, 0.00313, 0.00678, 0.00692, 0.0106, 0.03596, 0.01191, 0.002, 0.03545, 0.07102, 0.08348, 0.09182, 0.01549, 0.02958, 0.01346, 0.06937, 0.04737],[0.20292, 0.20179, 0.21369, 0.25795],[4, 5, 10, 29],65,4
2.5,102,[0.04595, 0.05297, 0.03703, 0.03909, 0.03227, 0.08663, 0.01871, 0.09941, 0.00378, 0.03013, 0.0098, 0.00577, 0.06922, 0.02443, 0.03939, 0.04735, 0.04736, 0.02528, 0.00291, 0.07681, 0.06706, 0.00451, 0.01781, 0.03521, 0.03822, 0.00174, 0.00643, 0.00254, 0.01901, 0.00927, 0.04665, 0.07984, 0.01809, 0.01531, 0.03097, 0.00888, 0.01379, 0.00926, 0.00469, 0.0991, 0.00953, 0.01912, 0.05785],[0.20945, 0.29149],[8, 13],43,2
2.5,103,[0.00301, 0.024, 0.01364, 0.011, 0.00515, 0.00451, 0.0032, 0.00162, 0.06018, 0.09151, 0.01175, 0.01637, 0.04427, 0.00539, 0.03078, 0.00225, 0.09892, 0.07257, 0.06316, 0.01844, 0.05123, 0.00451, 0.01781, 0.03521, 0.03822, 0.00174, 0.00643, 0.00254, 0.01901, 0.00927, 0.04665, 0.07984, 0.01809, 0.01531, 0.03097, 0.00888, 0.01379, 0.00926, 0.00469, 0.0991, 0.00953, 0.01912, 0.05785, 0.08575, 0.00513, 0.01038, 0.01054, 0.07912, 0.01597, 0.09696, 0.01002, 0.00742, 0.00137, 0.00624, 0.07642, 0.03744, 0.09572, 0.00497, 0.04067, 0.05684],[0.2324, 0.26687, 0.25281, 0.22852],[10, 11, 29, 10],60,4
2.5,104,[0.05018, 0.00951, 0.00252, 0.00638, 0.0176, 0.01135, 0.00389, 0.00792, 0.07293, 0.00245, 0.06196, 0.07515, 0.01855, 0.00374, 0.0291, 0.06466, 0.00449, 0.00051, 0.01528, 0.001, 0.01041, 0.02647, 0.00671, 0.04032, 0.08072, 0.0118, 0.02928, 0.01955, 0.00684, 0.00777, 0.00782, 0.01186, 0.01991, 0.00406, 0.06195, 0.0172, 0.06177, 0.06408, 0.02019, 0.00518, 0.00533, 0.01083, 0.02272, 0.08017, 0.02352, 0.00594, 0.0205, 0.00313, 0.00678, 0.00692, 0.0106, 0.03596, 0.01191, 0.002, 0.03545, 0.07102, 0.08348, 0.09182, 0.01549, 0.02958, 0.01346, 0.06937, 0.04737],[0.20559, 0.20179, 0.21369, 0.25795],[3, 5, 9, 29],63,4
2.5,105,[0.05805, 0.00217, 0.02174, 0.0017, 0.02024, 0.00214, 0.04165, 0.00747, 0.07293, 0.00245, 0.09043, 0.06196, 0.07515, 0.01855, 0.00374, 0.0291, 0.06466, 0.00449, 0.00051, 0.01528, 0.001, 0.01041, 0.02647, 0.00671, 0.04032, 0.08072, 0.0118, 0.02928, 0.01955, 0.00684, 0.00777, 0.00782, 0.01186, 0.01991, 0.00406, 0.06195, 0.0172, 0.06177, 0.06408, 0.02019, 0.00518, 0.00533, 0.01083, 0.02272, 0.08017, 0.02352, 0.00594, 0.0205, 0.00313, 0.00678, 0.00692, 0.0106, 0.03596, 0.01191, 0.002, 0.03545, 0.07102, 0.08348, 0.09182, 0.01549, 0.02958, 0.01346, 0.06937, 0.04737],[0.22682, 0.21369, 0.25795],[8, 10, 29],64,3
2.5,106,[0.008, 0.0583, 0.04257, 0.0106, 0.02023, 0.09589, 0.03629, 0.06527, 0.07488, 0.00554, 0.01529, 0.01106, 0.05241, 0.0586, 0.04017, 0.04381, 0.05609, 0.00406, 0.09192, 0.02316, 0.07196, 0.0602, 0.00042, 0.03218, 0.02308, 0.05359, 0.07758, 0.03041, 0.00754, 0.09348, 0.06589, 0.00482, 0.0226, 0.00784, 0.03229, 0.02043, 0.00113, 0.0417, 0.00492, 0.09052, 0.02271, 0.0048],[0.23323, 0.23017, 0.21719, 0.21542],[6, 2, 14, 11],42,4
2.5,107,[0.03137, 0.0156, 0.01393, 0.02079, 0.03155, 0.01167, 0.00178, 0.00722, 0.09887, 0.01649, 0.06393, 0.05071, 0.03969, 0.07195, 0.08669, 0.00596, 0.04123, 0.01141, 0.04044, 0.0448, 0.07787, 0.02622, 0.03851, 0.04684, 0.01437, 0.02912, 0.01792, 0.09065, 0.06745, 0.01315, 0.03367, 0.00718, 0.0525, 0.01326, 0.00137, 0.02058, 0.09967, 0.05761, 0.03475, 0.05798, 0.00228, 0.04753, 0.00476, 0.01936, 0.01066, 0.02476, 0.00113, 0.07758, 0.05708, 0.0283, 0.04331, 0.0031, 0.01094, 0.09052],[0.32704, 0.22143, 0.23398, 0.2299, 0.22889, 0.20274],[5, 4, 6, 16, 13, 6],54,6
2.5,108,[0.05632, 0.0574, 0.01066, 0.03332, 0.00245, 0.05354, 0.07078, 0.00451, 0.01781, 0.03521, 0.03822, 0.00174, 0.00643, 0.00254, 0.01901, 0.00927, 0.04665, 0.07984, 0.01809, 0.01531, 0.01149, 0.00138, 0.01684, 0.0139, 0.05756, 0.08164, 0.05441, 0.00517, 0.02977, 0.06786, 0.05167, 0.06576, 0.00808, 0.02846, 0.00378, 0.03013, 0.0098, 0.00577, 0.06922, 0.02443, 0.03939],[0.31376, 0.23553, 0.22391],[7, 13, 14],41,3
2.5,109,[0.05185, 0.00426, 0.06581, 0.00145, 0.00527, 0.01843, 0.06254, 0.00674, 0.06994, 0.00451, 0.01781, 0.03521, 0.03822, 0.00174, 0.00643, 0.00254, 0.01901, 0.00927, 0.04665, 0.07984, 0.01809, 0.01531, 0.04427, 0.01149, 0.04988, 0.00138, 0.01684, 0.0139, 0.05756, 0.08164, 0.07337, 0.00378, 0.03013, 0.0098, 0.00577, 0.06922, 0.02443, 0.03939, 0.04735, 0.04736, 0.02528, 0.00291, 0.07681, 0.00075, 0.00841, 0.00203, 0.01947],[0.26276, 0.23553, 0.22391, 0.23071],[9, 13, 9, 12],47,4
2.5,110,[0.05078, 0.00157, 0.07526, 0.04627, 0.06393, 0.06493, 0.01589, 0.07985, 0.03802, 0.05797, 0.02479, 0.00549, 0.01038, 0.0199, 0.0525, 0.01053, 0.00421, 0.01444, 0.00244, 0.01258, 0.07488, 0.04752, 0.01935, 0.01066, 0.02476, 0.00113, 0.07758, 0.05708, 0.0283, 0.04331, 0.0031, 0.01094, 0.09052, 0.06637, 0.03265, 0.03188, 0.01838, 0.03676, 0.06263, 0.0693, 0.00063, 0.01095],[0.28096, 0.20239, 0.22922, 0.20274, 0.2132],[3, 8, 12, 6, 11],42,5
2.5,111,[0.01475, 0.02117, 0.00068, 0.06599, 0.01331, 0.03262, 0.01732, 0.00484, 0.05247, 0.04966, 0.01642, 0.07557, 0.0349, 0.07635, 0.00075, 0.00841, 0.00203, 0.01947, 0.09892, 0.06335, 0.02473, 0.00159, 0.00783, 0.03035, 0.00424, 0.04165, 0.04331, 0.0031, 0.01094, 0.09052, 0.06637, 0.03265, 0.01066, 0.02476, 0.00113, 0.07758, 0.05708, 0.0283, 0.00718, 0.0525],[0.23591, 0.2248, 0.26736, 0.20274, 0.22889],[14, 6, 6, 6, 6],40,5
2.5,112,[0.01407, 0.03798, 0.01175, 0.01637, 0.04427, 0.00539, 0.03078, 0.00225, 0.09892, 0.07257, 0.06316, 0.01844, 0.05123, 0.00451, 0.01781, 0.03521, 0.03822, 0.00174, 0.00643, 0.00254, 0.01901, 0.00927, 0.04665, 0.07984, 0.01809, 0.01531, 0.03097, 0.00888, 0.01379, 0.00926, 0.00469, 0.0991, 0.00953, 0.01912, 0.05785, 0.08575, 0.00513, 0.01038, 0.01054, 0.07912, 0.01597, 0.09696, 0.01002, 0.00742, 0.00137, 0.00624, 0.07642, 0.03744, 0.09572, 0.00497, 0.04067, 0.05684],[0.20791, 0.26687, 0.25281, 0.22852],[2, 11, 29, 10],52,4
2.5,113,[0.00102, 0.05457, 0.02489, 0.09343, 0.00199, 0.00637, 0.07429, 0.06646, 0.00458, 0.02244, 0.00134, 0.00176, 0.07605, 0.00278, 0.01176, 0.03838, 0.00298, 0.00969, 0.08705, 0.02503, 0.0554, 0.00384, 0.03489, 0.01183, 0.04167],[0.23819],[8],25,1
2.5,114,[0.01862, 0.01419, 0.01375, 0.06536, 0.03128, 0.05857, 0.03591, 0.01007, 0.01371, 0.00198, 0.02675, 0.06793, 0.09585, 0.02684, 0.02731, 0.00242, 0.02949],[],[],17,0
2.5,115,[0.00762, 0.00778, 0.00753, 0.00196, 0.05107, 0.06724, 0.02349, 0.01781, 0.00638, 0.0176, 0.01135, 0.00389, 0.00792, 0.07293, 0.00245, 0.09043, 0.06196, 0.07515, 0.01855, 0.00374, 0.0291, 0.06466, 0.00449, 0.00051, 0.01528, 0.001, 0.01041, 0.02647, 0.00671, 0.04032, 0.08072, 0.0118, 0.02928, 0.01955, 0.00684, 0.00777, 0.00782, 0.01186, 0.01991, 0.00406, 0.06195, 0.0172, 0.06177, 0.06408, 0.02019, 0.00518, 0.00533, 0.01083, 0.02272, 0.08017, 0.02352, 0.00594, 0.0205, 0.00313, 0.00678, 0.00692, 0.0106, 0.03596, 0.01191, 0.002, 0.03545, 0.07102, 0.08348, 0.09182, 0.01549, 0.02958, 0.01346, 0.06937, 0.04737],[0.26122, 0.20179, 0.21369, 0.25795],[8, 5, 10, 29],69,4
2.5,116,[0.00742, 0.00163, 0.01378, 0.03056, 0.07473, 0.03328, 0.00451, 0.01781, 0.03521, 0.03822, 0.00174, 0.00643, 0.00254, 0.01901, 0.00927, 0.04665, 0.07984, 0.01809, 0.01531, 0.04427, 0.01149, 0.04988, 0.00138, 0.01684, 0.0139, 0.05756, 0.08164, 0.07337, 0.00378, 0.03013, 0.0098, 0.00577, 0.06922, 0.02443, 0.03939, 0.04735, 0.04736, 0.02528, 0.00291, 0.07681, 0.00075, 0.00841, 0.00203, 0.01947, 0.06335],[0.25146, 0.23553, 0.22391, 0.23071, 0.2248],[6, 13, 9, 12, 5],45,5
2.5,117,[0.01714, 0.07052, 0.07376, 0.00914, 0.01167, 0.00178, 0.00722, 0.09887, 0.01802, 0.01649, 0.05071, 0.03969, 0.07195, 0.00596, 0.04123, 0.01141, 0.04044, 0.0448, 0.07787, 0.02622, 0.03851, 0.04684, 0.01437, 0.02912, 0.01792, 0.09065, 0.06745, 0.01315, 0.03367, 0.00718, 0.0525, 0.01326, 0.00137, 0.02058, 0.09967, 0.05761, 0.03475, 0.05798, 0.00228, 0.04753, 0.00476, 0.01936, 0.01066, 0.02476, 0.00113, 0.07758, 0.05708, 0.0283, 0.04331, 0.0031, 0.01094, 0.09052],[0.21531, 0.22143, 0.23398, 0.2299, 0.22889, 0.20274],[4, 5, 4, 16, 13, 6],52,6
2.5,118,[0.00153, 0.01314, 0.06663, 0.02357, 0.09065, 0.07218, 0.01542, 0.01566, 0.04342, 0.04395, 0.01549, 0.01745, 0.01913, 0.00865, 0.00912, 0.01171, 0.00529, 0.04407, 0.05071, 0.02596, 0.00885, 0.09671, 0.01161, 0.04061, 0.05447, 0.00042, 0.03218, 0.02308, 0.05359, 0.07758, 0.03041, 0.00754, 0.09348, 0.06589, 0.00482, 0.0226, 0.07488, 0.00554, 0.01529, 0.09967, 0.01106, 0.05241],[0.2434, 0.23245, 0.23313, 0.21719],[7, 6, 12, 11],42,4
2.5,119,[0.02076, 0.04271, 0.04157, 0.01988, 0.04166, 0.00279, 0.05022],[],[],7,0
2.5,120,[0.0384, 0.03929, 0.033, 0.04166, 0.00108, 0.00162, 0.09032, 0.0544, 0.00549, 0.01038, 0.0199, 0.0525, 0.01053, 0.00421, 0.01444, 0.00244, 0.01258, 0.07488, 0.04752, 0.01935, 0.01066, 0.02476, 0.00113, 0.07758, 0.05708, 0.0283, 0.04331, 0.0031, 0.01094, 0.09052, 0.06637, 0.03265, 0.03188, 0.01838, 0.03676, 0.06263, 0.0693, 0.00063, 0.01095, 0.06473, 0.05464],[0.20476, 0.22922, 0.20274, 0.2132, 0.21041],[8, 12, 6, 11, 4],41,5
2.5,121,[0.00327, 0.01014, 0.03759, 0.00152, 0.05126, 0.09417, 0.08863, 0.05036, 0.04444, 0.0778, 0.02938, 0.00246, 0.03629, 0.06527, 0.04627, 0.06393, 0.06493, 0.01589, 0.07985, 0.03802, 0.05797, 0.02479, 0.00549, 0.01038, 0.0199, 0.0525, 0.01053, 0.00421, 0.01444, 0.00244, 0.01258, 0.04752, 0.01935, 0.01066, 0.02476],[0.28759, 0.32542, 0.20239, 0.22922],[12, 2, 8, 11],35,4
2.5,122,[0.01012, 0.00358, 0.00721, 0.04528, 0.00101, 0.0378, 0.05159, 0.09815, 0.03144, 0.02838, 0.03106, 0.02692],[],[],12,0
2.5,123,[0.00368, 0.04904, 0.0437, 0.06107, 0.04627, 0.06393, 0.06493, 0.01589, 0.07985, 0.03802, 0.05797, 0.02479, 0.00549, 0.01038, 0.0199, 0.0525, 0.01053, 0.00421, 0.01444, 0.00244, 0.01258, 0.07488, 0.04752, 0.01935, 0.01066, 0.02476, 0.00113, 0.07758, 0.05708, 0.0283, 0.04331, 0.0031, 0.01094, 0.09052, 0.06637, 0.03265, 0.03188, 0.01838, 0.03676, 0.06263, 0.0693, 0.00063, 0.01095, 0.06473, 0.05464],[0.23361, 0.20239, 0.22922, 0.20274, 0.2132, 0.21041],[4, 8, 12, 6, 11, 4],45,6
2.5,124,[0.00122, 0.00927, 0.03887, 0.03291, 0.03704, 0.0715, 0.05503, 0.04698, 0.04115, 0.04712, 0.00556, 0.003, 0.01175, 0.01637, 0.04427, 0.00539, 0.03078, 0.00225, 0.09892, 0.07257, 0.06316, 0.01844, 0.05123, 0.00378, 0.03013, 0.0098],[0.22925, 0.20017],[12, 11],26,2
2.5,125,[0.01441, 0.04092, 0.00217, 0.01963, 0.04562, 0.08589, 0.01988, 0.05031, 0.02028, 0.02674, 0.00596, 0.04123, 0.01141, 0.04044, 0.0448, 0.07787, 0.02622, 0.03851, 0.04684, 0.01437, 0.01284, 0.00345, 0.00347, 0.00588, 0.02532, 0.0163, 0.01539, 0.04755, 0.04627, 0.06393, 0.06493, 0.01589, 0.07985, 0.03802, 0.05797, 0.02479, 0.02485, 0.06075, 0.04029, 0.07883, 0.00163, 0.0448],[0.24424, 0.20679, 0.22773, 0.23829],[10, 10, 8, 12],42,4
2.5,126,[0.00884, 0.01534, 0.02891, 0.03357, 0.0609, 0.07857, 0.02961, 0.02323, 0.02976, 0.02686, 0.00811, 0.00834, 0.01494, 0.04633, 0.06534, 0.00255, 0.03866],[0.22674],[11],17,1
2.5,127,[0.0004, 0.05376, 0.04584, 0.0076, 0.00186, 0.07639, 0.00631, 0.0064, 0.00451, 0.01781, 0.03521, 0.03822, 0.00174, 0.00643, 0.00254, 0.01901, 0.00927, 0.04665, 0.07984, 0.01809, 0.01531, 0.04427, 0.01149, 0.04988, 0.00138, 0.01684, 0.0139, 0.05756, 0.08164, 0.07337, 0.01638, 0.0091, 0.01218],[0.30631, 0.23553, 0.2833],[8, 13, 9],33,3
2.5,128,[0.01372, 0.03837, 0.00118, 0.00089, 0.05559, 0.00865, 0.0037, 0.07293, 0.01311, 0.02842, 0.00204, 0.0526, 0.02463, 0.03646, 0.01167, 0.00178, 0.00722, 0.09887, 0.01649, 0.06393, 0.05071, 0.03969, 0.07195, 0.08669, 0.00596, 0.04123, 0.01141, 0.04044, 0.0448, 0.07787, 0.02622, 0.03851, 0.04684, 0.01437, 0.02912, 0.01792, 0.09065, 0.06745, 0.01315, 0.03367, 0.00718, 0.0525, 0.01326, 0.00137, 0.02058, 0.09967, 0.05761, 0.03475, 0.05798, 0.00228, 0.04753, 0.00476, 0.01936, 0.01066, 0.02476],[0.23313, 0.40597, 0.22143, 0.23398, 0.2299, 0.22889],[2, 12, 4, 6, 16, 13],55,6
2.5,129,[0.03302, 0.00969, 0.03192, 0.00693, 0.05386, 0.04361, 0.00865, 0.00912, 0.01171, 0.00529, 0.04407, 0.05071, 0.02596, 0.00885, 0.09671, 0.01161, 0.04061, 0.05447, 0.04451, 0.00042, 0.03218, 0.02308, 0.05359, 0.07758, 0.03041],[0.20181, 0.23313],[6, 13],25,2
2.5,130,[0.00298, 0.00096, 0.04735, 0.04423, 0.02151, 0.01652, 0.01883, 0.03698, 0.02996, 0.01143, 0.0521, 0.08797, 0.00075, 0.00841, 0.00203, 0.01947, 0.09892, 0.06335, 0.02473, 0.00159, 0.00783, 0.03035, 0.00424, 0.04165],[0.23066, 0.2248, 0.26736],[12, 6, 6],24,3
2.5,131,[0.00257, 0.00409, 0.00118, 0.03129, 0.00194, 0.01278, 0.04733, 0.0043, 0.01107, 0.07282, 0.07505, 0.01262, 0.01613, 0.0033, 0.00662, 0.05096, 0.01454, 0.06175, 0.01002, 0.00742, 0.00137, 0.00624, 0.07642, 0.03744, 0.09572, 0.00497, 0.04067, 0.05684, 0.00451, 0.01781, 0.03521, 0.03822, 0.00174, 0.00643, 0.00254, 0.01901, 0.00927, 0.04665, 0.07984],[0.22017, 0.25281],[18, 10],39,2
2.5,132,[0.00322, 0.00081, 0.03017, 0.06013, 0.00337, 0.07433, 0.03262, 0.02368, 0.03481, 0.01167, 0.00178, 0.00722, 0.09887, 0.01649, 0.06393, 0.05071, 0.03969, 0.07195, 0.08669, 0.00596, 0.04123, 0.01141, 0.04044, 0.0448, 0.07787, 0.02622, 0.03851, 0.04684, 0.01437, 0.02912, 0.01792],[0.34774, 0.22143, 0.23398],[9, 4, 6],31,3
2.5,133,[0.00723, 0.08829, 0.0968, 0.01577, 0.00465, 0.00638, 0.0176, 0.01135, 0.00389, 0.00792, 0.07293, 0.00245, 0.09043, 0.06196, 0.07515, 0.01855, 0.00374, 0.0291, 0.06466, 0.00449, 0.00051, 0.01528, 0.001, 0.01041, 0.02647, 0.00671, 0.04032, 0.08072, 0.0118, 0.02928, 0.01955, 0.00684, 0.00777, 0.00782, 0.01186, 0.01991, 0.00406, 0.06195, 0.0172, 0.06177, 0.06408, 0.02019, 0.00518],[0.25271, 0.20179, 0.21369],[5, 5, 10],43,3
2.5,134,[0.0007, 0.02871, 0.09865, 0.07271, 0.00217, 0.01758, 0.01066, 0.02476, 0.00113, 0.07758, 0.05708, 0.0283, 0.00718, 0.0525, 0.01326, 0.00137, 0.02058, 0.09967, 0.05761, 0.09881, 0.03475, 0.05798, 0.00228, 0.04753, 0.00476, 0.00596, 0.04123, 0.01141, 0.04044, 0.0448, 0.07787, 0.02622, 0.03851, 0.04684, 0.01437, 0.01284, 0.00345, 0.00347, 0.00588],[0.2285, 0.22889, 0.2299, 0.20679],[6, 6, 13, 10],39,4
2.5,135,[0.01602, 0.00942, 0.00125, 0.0207, 0.02026, 0.04238, 0.01115, 0.0157, 0.0215],[],[],9,0
2.5,136,[0.01623, 0.0416, 0.06809, 0.01125, 0.0103, 0.003, 0.00951, 0.09389, 0.03406, 0.00216, 0.00704, 0.00718, 0.0525, 0.01326, 0.00137, 0.02058, 0.09967, 0.05761, 0.09881, 0.03475, 0.05798, 0.00228, 0.04753, 0.00476, 0.01066, 0.02476, 0.00113, 0.07758, 0.05708, 0.0283, 0.04627, 0.06393, 0.01589, 0.07985, 0.03802, 0.05797, 0.02479, 0.02485, 0.06075, 0.04029, 0.07883, 0.01284, 0.00345, 0.00347, 0.00588, 0.02532, 0.0163, 0.01539, 0.04755],[0.20549, 0.22889, 0.23088, 0.22773, 0.24792],[11, 13, 6, 11, 8],49,5
2.5,137,[0.00625, 0.0426, 0.0009, 0.02511, 0.06518, 0.0203, 0.02665, 0.00505, 0.00511, 0.03802, 0.06269],[],[],11,0
2.5,138,[0.00164, 0.00832, 0.03038, 0.00707, 0.00542, 0.02897, 0.06749, 0.00975, 0.05114, 0.07138, 0.03267],[],[],11,0
2.5,139,[0.00857, 0.00761, 0.09678, 0.00943, 0.00493, 0.00767, 0.07488, 0.00554, 0.01529, 0.09967, 0.01106, 0.05241, 0.0586, 0.04017, 0.04381, 0.05609, 0.00406, 0.09192, 0.02316, 0.07196, 0.0602, 0.04627, 0.06393, 0.06493, 0.01589, 0.07985, 0.03802, 0.05797, 0.02479, 0.02485, 0.06075, 0.04029, 0.07883, 0.04123, 0.04392, 0.01424, 0.01329, 0.01626, 0.03629],[0.20793, 0.20679, 0.21012, 0.2951],[6, 15, 12, 5],39,4
2.5,140,[0.00053, 0.03779, 0.01432, 0.01143, 0.02967, 0.0631, 0.01, 0.01341, 0.01865, 0.01495, 0.08109, 0.07041, 0.03098, 0.00785, 0.08791, 0.05013, 0.01066, 0.02476, 0.00113, 0.07758, 0.05708, 0.0283, 0.00718, 0.0525, 0.01326, 0.00137, 0.02058, 0.09967, 0.05761, 0.09881, 0.03475, 0.05798, 0.00228, 0.04753, 0.00476],[0.21294, 0.22889],[16, 6],35,2
2.5,141,[0.02196, 0.00356, 0.01661, 0.05292, 0.03111, 0.00426, 0.02724, 0.00689, 0.08431, 0.0077, 0.0425, 0.02798, 0.01002, 0.00742, 0.00137, 0.00624, 0.07642, 0.03744, 0.09572, 0.00497, 0.04067, 0.05684, 0.00451, 0.01781, 0.03521, 0.03822, 0.00174, 0.00643, 0.00254, 0.01901, 0.00927, 0.04665, 0.07984, 0.01809, 0.01531],[0.20738, 0.25281],[12, 10],35,2
2.5,142,[0.00426, 0.0425, 0.03136, 0.06078, 0.02635, 0.04648, 0.07794, 0.00451, 0.01781, 0.03521, 0.03822, 0.00174, 0.00643, 0.00254, 0.01901, 0.00927, 0.04665, 0.07984, 0.01809, 0.01531, 0.03097, 0.00888, 0.01379, 0.00926, 0.00469, 0.0991, 0.00953, 0.01912, 0.05785, 0.00059, 0.0007, 0.0287, 0.00587, 0.00457, 0.06612, 0.01981],[0.30873, 0.21998],[7, 22],36,2
2.5,143,[0.02467, 0.02783, 0.03294, 0.01484, 0.03608, 0.0845, 0.03815, 0.04452, 0.03373, 0.00232, 0.0121, 0.03095, 0.07279, 0.00596, 0.04123, 0.01141, 0.04044, 0.0448, 0.07787, 0.02622, 0.03851, 0.04684, 0.01437, 0.01284, 0.00345, 0.00347, 0.00588, 0.02532, 0.0163, 0.01539, 0.04755, 0.04627, 0.06393, 0.06493, 0.01589, 0.07985, 0.03802, 0.05797, 0.02479, 0.02485, 0.06075],[0.25258, 0.20679, 0.22773],[13, 10, 8],41,3
2.5,144,[0.017, 0.04252, 0.03448, 0.00194, 0.08618, 0.07525, 0.00219, 0.09574, 0.00231, 0.00717, 0.00562, 0.01513, 0.04007, 0.00336, 0.01167, 0.00178, 0.00722, 0.09887, 0.01649, 0.06393, 0.05071, 0.03969, 0.07195, 0.08669, 0.00596, 0.04123, 0.01141, 0.04044, 0.0448, 0.07787, 0.02622, 0.03851, 0.04684, 0.01437, 0.02912, 0.01792, 0.09065],[0.25301, 0.22143, 0.23398],[14, 4, 6],37,3
2.5,145,[0.02076, 0.02083, 0.00838, 0.00387, 0.05836, 0.02848, 0.02389, 0.05862, 0.06481, 0.02218, 0.00718, 0.0525, 0.01326, 0.00137, 0.02058, 0.09967, 0.05761, 0.09881, 0.03475, 0.05798, 0.00228, 0.04753, 0.00476, 0.01066, 0.02476, 0.00113, 0.07758, 0.05708, 0.0283, 0.04627, 0.06393, 0.01589, 0.07985, 0.03802, 0.05797, 0.02479, 0.02485, 0.06075, 0.04029],[0.23019, 0.22889, 0.23088],[10, 13, 6],39,3
2.5,146,[0.00054, 0.01787, 0.01104, 0.00693, 0.08372, 0.09671, 0.00225, 0.03692, 0.02323, 0.06018, 0.09256, 0.08624, 0.09732, 0.00042, 0.03218, 0.02308, 0.05359, 0.07758, 0.03041, 0.00754, 0.09348, 0.06589, 0.00482, 0.0226, 0.07488, 0.00554, 0.01529, 0.09967, 0.01106, 0.05241, 0.0586, 0.04017, 0.04381, 0.05609, 0.00406, 0.09192, 0.02316, 0.07196, 0.0602],[0.25348, 0.21719, 0.20679],[13, 11, 15],39,3
2.5,147,[0.03745, 0.00095, 0.00725, 0.02786, 0.05007, 0.07756, 0.00118, 0.00089, 0.05559, 0.00865, 0.0037, 0.07293, 0.01311, 0.02842, 0.00204, 0.0526, 0.02463, 0.03646, 0.01167, 0.00178, 0.00722, 0.09887, 0.01649, 0.06393, 0.05071, 0.03969, 0.07195, 0.08669, 0.00596, 0.04123, 0.01141, 0.04044, 0.0448, 0.07787, 0.02622, 0.03851, 0.04684, 0.01437, 0.02912, 0.01792, 0.09065, 0.06745, 0.01315, 0.03367, 0.00718, 0.0525, 0.01326, 0.00137, 0.02058, 0.09967, 0.05761, 0.03475, 0.05798, 0.00228, 0.04753, 0.00476, 0.01936],[0.22288, 0.40597, 0.22143, 0.23398, 0.2299, 0.22889],[6, 12, 4, 6, 16, 13],57,6
2.5,148,[0.02837, 0.06797, 0.0761, 0.05462, 0.01956, 0.0318, 0.00451, 0.01781, 0.03521, 0.03822, 0.00174, 0.00643, 0.00254, 0.01901, 0.00927, 0.04665, 0.07984, 0.01809, 0.01531, 0.04427, 0.01149, 0.04988, 0.00138, 0.01684, 0.0139, 0.05756, 0.07337, 0.01638, 0.0091],[0.25026, 0.23553, 0.2833],[6, 13, 8],29,3
2.5,149,[0.00828, 0.07297, 0.04213, 0.0532, 0.00549, 0.01038, 0.0199, 0.0525, 0.01053, 0.00421, 0.01444, 0.00244, 0.01258, 0.07488, 0.04752, 0.01935, 0.04627, 0.06393, 0.06493, 0.01589, 0.07985, 0.03802, 0.05797, 0.02479, 0.02485, 0.06075, 0.04029, 0.07883, 0.04123, 0.04392, 0.01424, 0.01329, 0.01626, 0.03629],[0.23827, 0.20239, 0.21012, 0.2951],[4, 12, 12, 5],34,4
2.5,150,[0.00234, 0.0211, 0.00645, 0.01159, 0.0513, 0.00596, 0.04123, 0.01141, 0.04044, 0.0448, 0.07787, 0.02622, 0.03851, 0.04684, 0.01437, 0.00718, 0.0525, 0.01326, 0.00137, 0.02058, 0.09967],[0.20741, 0.2299],[5, 10],21,2
2.5,151,[0.00062, 0.01915, 0.00206, 0.00314, 0.01264, 0.00114, 0.0151, 0.01175, 0.01637, 0.04427, 0.00539, 0.03078, 0.00225, 0.09892, 0.07257, 0.06316, 0.01844, 0.05123, 0.00451, 0.01781, 0.03521, 0.03822, 0.00174, 0.00643, 0.00254, 0.01901, 0.00927, 0.04665, 0.07984, 0.01809, 0.01531, 0.03097, 0.00888, 0.01379, 0.00926, 0.00469, 0.0991, 0.00953, 0.01912, 0.05785, 0.08575, 0.00513, 0.01038, 0.01054, 0.07912, 0.01597, 0.09696, 0.01002, 0.00742, 0.00137, 0.00624, 0.07642],[0.24476, 0.26687, 0.25281],[7, 11, 29],52,3
2.5,152,[0.03017, 0.0036, 0.06318, 0.00323, 0.04297, 0.00575, 0.03629, 0.06527, 0.04627, 0.06393, 0.06493, 0.01589, 0.07985, 0.03802, 0.05797, 0.02479, 0.00549, 0.01038, 0.0199, 0.0525, 0.01053, 0.00421, 0.01444, 0.00244, 0.01258],[0.28706, 0.32542, 0.20239],[6, 2, 8],25,3
2.5,153,[0.00022, 0.006, 0.02357, 0.01076, 0.00799, 0.08152, 0.03629, 0.06527, 0.07488, 0.00554, 0.01529, 0.09967, 0.01106, 0.05241, 0.0586, 0.04017, 0.04381, 0.05609, 0.00406, 0.09192, 0.02316, 0.07196, 0.0602, 0.04627, 0.06393, 0.06493, 0.01589, 0.07985, 0.03802, 0.05797, 0.02479, 0.02485, 0.06075, 0.04029, 0.07883, 0.04123, 0.04392, 0.01424, 0.01329, 0.01626, 0.01284],[0.21527, 0.23017, 0.20679, 0.21012, 0.24345],[6, 2, 15, 12, 5],41,5
2.5,154,[0.00077, 0.01022, 0.03931, 0.00498, 0.04825, 0.01849, 0.00606, 0.02636, 0.03565, 0.02088, 0.07604, 0.00075, 0.00841, 0.00203, 0.01947, 0.09892, 0.06335, 0.02473, 0.00159, 0.00783, 0.03035, 0.00424, 0.04165, 0.04331, 0.0031, 0.01094, 0.09052, 0.06637, 0.03265, 0.01066, 0.02476, 0.00113, 0.07758, 0.05708, 0.0283, 0.00718, 0.0525, 0.01326, 0.00137, 0.02058, 0.09967, 0.05761, 0.09881, 0.03475, 0.05798, 0.00228, 0.04753, 0.00476, 0.00596, 0.04123, 0.01141, 0.04044, 0.0448],[0.24255, 0.2248, 0.26736, 0.20274, 0.22889, 0.2299],[11, 6, 6, 6, 6, 13],53,6
2.5,155,[0.04317, 0.00699, 0.01566, 0.04342, 0.04395, 0.01549, 0.01745, 0.01913, 0.00075, 0.00841, 0.00203, 0.01947, 0.09892, 0.06335, 0.02473, 0.00159, 0.00783, 0.03035, 0.00424, 0.04165, 0.07489, 0.00242, 0.03941, 0.03487, 0.04049, 0.03245, 0.09615, 0.04298, 0.07996, 0.0191, 0.0976, 0.00381, 0.03454],[0.26685, 0.26569, 0.2248],[2, 6, 6],33,3
2.5,156,[0.00151, 0.01104, 0.01175, 0.01637, 0.04427, 0.00539, 0.03078, 0.00225, 0.09892, 0.07257, 0.06316, 0.01844, 0.05123, 0.00451, 0.01781, 0.03521, 0.03822, 0.00174, 0.00643, 0.00254, 0.01901, 0.00927, 0.04665, 0.07984, 0.01809, 0.01531, 0.03097, 0.00888, 0.01379, 0.00926, 0.00469, 0.0991, 0.00953, 0.01912, 0.05785, 0.08575, 0.00513, 0.01038, 0.01054, 0.07912, 0.01597, 0.09696, 0.01002, 0.00742, 0.00137, 0.00624, 0.07642, 0.03744, 0.09572, 0.00497, 0.04067, 0.05684],[0.20278, 0.26687, 0.25281, 0.22852],[2, 11, 29, 10],52,4
2.5,157,[0.01401, 0.03582, 0.07645, 0.07419, 0.04482, 0.06086, 0.09353, 0.04466, 0.00549, 0.01038, 0.0199, 0.0525, 0.01053, 0.00421, 0.01444, 0.00244, 0.01258, 0.07488, 0.04752, 0.01935, 0.04627, 0.06393, 0.06493, 0.01589, 0.07985, 0.03802, 0.05797, 0.02479, 0.02485, 0.06075, 0.04029, 0.07883, 0.01284, 0.00345, 0.00347, 0.00588, 0.02532, 0.0163, 0.01539, 0.04755],[0.20794, 0.20239, 0.22773, 0.24792],[8, 12, 12, 8],40,4
2.5,158,[0.01411, 0.07857, 0.0064, 0.04709, 0.09582, 0.01969, 0.00401, 0.0823, 0.05917, 0.02359, 0.00945, 0.05829, 0.00323, 0.01655, 0.02484],[0.20431],[10],15,1
2.5,159,[0.00189, 0.00054, 0.00231, 0.00683, 0.01067, 0.02816, 0.00438, 0.00481, 0.00248, 0.01265, 0.07488, 0.00554, 0.01529, 0.09967, 0.01106, 0.05241, 0.0586, 0.04017, 0.04381, 0.05609, 0.00406, 0.09192, 0.02316, 0.07196, 0.0602, 0.04627, 0.06393, 0.06493, 0.01589, 0.07985, 0.03802, 0.05797, 0.02479, 0.02485, 0.06075, 0.04029, 0.07883, 0.04123, 0.04392, 0.01424, 0.01329, 0.01626, 0.03629],[0.24819, 0.20679, 0.21012, 0.2951],[10, 15, 12, 5],43,4
2.5,160,[0.02099, 0.05452, 0.00231, 0.04983, 0.02912, 0.03806, 0.00718, 0.0525, 0.01326, 0.00137, 0.02058, 0.09967, 0.05761, 0.09881, 0.03475, 0.05798, 0.00228, 0.04753, 0.00476, 0.00596, 0.04123, 0.01141, 0.04044, 0.0448, 0.07787, 0.02622, 0.03851, 0.04684, 0.01437, 0.01284, 0.00345, 0.00347, 0.00588, 0.02532, 0.0163, 0.01539, 0.04755, 0.04627, 0.06393, 0.01589, 0.07985, 0.03802, 0.05797, 0.02479, 0.02485, 0.06075, 0.04029, 0.07883, 0.00163, 0.0448, 0.01847],[0.20383, 0.2299, 0.20679, 0.22773, 0.23829],[6, 13, 10, 8, 11],51,5
2.5,161,[0.01924, 0.00418, 0.05605, 0.06559, 0.01192, 0.00148, 0.0418, 0.01874, 0.02551, 0.03839, 0.09719, 0.01167, 0.00178, 0.00722, 0.09887, 0.01649, 0.06393, 0.05071, 0.03969, 0.07195, 0.08669, 0.00596, 0.04123, 0.01141, 0.04044, 0.0448, 0.07787, 0.02622, 0.03851, 0.04684, 0.01437, 0.02912, 0.01792, 0.09065, 0.06745, 0.01315, 0.03367, 0.00718, 0.0525, 0.01326, 0.00137, 0.02058, 0.09967, 0.05761, 0.03475, 0.05798, 0.00228, 0.04753, 0.00476, 0.01936, 0.01066, 0.02476, 0.00113],[0.42521, 0.22143, 0.23398, 0.2299, 0.22889],[11, 4, 6, 16, 13],53,5
2.5,162,[0.00326, 0.00628, 0.05861, 0.00141, 0.09123, 0.01397, 0.08341, 0.07397, 0.03248, 0.00257, 0.05585, 0.09623, 0.0029, 0.00642, 0.00051, 0.01528, 0.001, 0.01041, 0.02647, 0.00671, 0.04032, 0.0205, 0.00313, 0.00678, 0.00692, 0.0106, 0.03596, 0.01191, 0.002, 0.03545, 0.07102, 0.08348, 0.09182, 0.01549, 0.02958, 0.01346, 0.06937, 0.04737, 0.02986, 0.05829, 0.00834, 0.01494, 0.04633],[0.24397, 0.25795, 0.20063],[14, 7, 19],43,3
2.5,163,[0.00641, 0.02446, 0.02321, 0.01234, 0.02156, 0.00216, 0.02407, 0.01002, 0.00742, 0.00137, 0.00624, 0.07642, 0.03744, 0.09572, 0.00497, 0.04067, 0.05684, 0.00451, 0.01781, 0.03521, 0.03822, 0.00174, 0.00643, 0.00254, 0.01901, 0.00927, 0.04665, 0.07984, 0.01809, 0.01531, 0.04427, 0.01149, 0.04988, 0.00138, 0.01684, 0.0139, 0.05756, 0.08164, 0.07337, 0.00378, 0.03013, 0.0098, 0.00577, 0.06922, 0.02443, 0.03939, 0.04735],[0.21819, 0.25281, 0.23553, 0.22391],[7, 10, 13, 9],47,4
2.5,164,[0.00014, 0.0103, 0.01814, 0.06075, 0.04025, 0.00612, 0.02413, 0.01167, 0.00178, 0.00722, 0.09887, 0.01649, 0.06393, 0.05071, 0.03969, 0.07195, 0.08669, 0.00596, 0.04123, 0.01141, 0.04044, 0.0448, 0.07787, 0.02622, 0.03851, 0.04684, 0.01437, 0.02912, 0.01792, 0.09065, 0.06745, 0.01315, 0.03367, 0.00718],[0.26787, 0.22143, 0.23398, 0.2299],[7, 4, 6, 16],34,4
2.5,165,[0.00028, 0.02558, 0.05897, 0.07437, 0.0415, 0.01831, 0.07749, 0.01974, 0.00549, 0.01038, 0.0199, 0.0525, 0.01053, 0.00421, 0.01444, 0.00244, 0.01258, 0.07488, 0.04752, 0.01935, 0.04627, 0.06493, 0.01589, 0.03802, 0.05797, 0.02479, 0.02485, 0.06075, 0.04029, 0.07883],[0.20982, 0.20239, 0.21012],[8, 12, 10],30,3
2.5,166,[0.04228, 0.01362, 0.00596, 0.04123, 0.01141, 0.04044, 0.0448, 0.07787, 0.02622, 0.03851, 0.04684, 0.01437, 0.00718, 0.0525, 0.01326, 0.00137, 0.02058, 0.09967, 0.05761, 0.09881, 0.03475, 0.05798, 0.00228, 0.04753, 0.00476, 0.01066, 0.02476, 0.00113, 0.07758, 0.05708, 0.0283, 0.04627, 0.06393, 0.01589, 0.07985, 0.03802, 0.05797, 0.02479, 0.02485, 0.06075, 0.04029, 0.07883],[0.24796, 0.2299, 0.22889, 0.23088],[2, 10, 13, 6],42,4
2.5,167,[0.04472, 0.00953, 0.04438, 0.05697, 0.00727, 0.00394, 0.00056, 0.05559, 0.09043, 0.01247, 0.08489, 0.07199, 0.00235, 0.03543, 0.05564, 0.09737, 0.00589, 0.00317, 0.00051, 0.01528, 0.001, 0.01041, 0.02647, 0.00671, 0.04032, 0.0205, 0.00313, 0.00678, 0.00692, 0.0106, 0.03596, 0.01191, 0.002, 0.03545, 0.07102, 0.08348, 0.09182, 0.01549, 0.02958, 0.01346, 0.06937, 0.04737, 0.02986, 0.05829, 0.00834, 0.01494, 0.04633],[0.26281, 0.24082, 0.25795, 0.20063],[5, 13, 7, 19],47,4
2.5,168,[0.00141, 0.00158, 0.04501, 0.00686, 0.01175, 0.01637, 0.04427, 0.00539, 0.03078, 0.00225, 0.09892, 0.07257, 0.06316, 0.01844, 0.05123, 0.00451, 0.01781, 0.03521, 0.03822, 0.00174, 0.00643, 0.00254, 0.01901, 0.00927, 0.04665, 0.07984, 0.01809, 0.01531, 0.03097, 0.00888, 0.01379, 0.00926, 0.00469, 0.0991, 0.00953, 0.01912, 0.05785, 0.08575, 0.00513, 0.01038, 0.01054, 0.07912, 0.01597, 0.09696, 0.01002, 0.00742, 0.00137, 0.00624, 0.07642, 0.03744, 0.09572, 0.00497, 0.04067, 0.05684],[0.24265, 0.26687, 0.25281, 0.22852],[4, 11, 29, 10],54,4
2.5,169,[0.01311, 0.00737, 0.00127, 0.07585, 0.0016, 0.02811, 0.03315, 0.00458, 0.02244, 0.00134, 0.00176, 0.07605, 0.00278, 0.01176, 0.03838, 0.00298, 0.00969, 0.08705, 0.02503, 0.0554, 0.00384, 0.03489, 0.01183, 0.04167],[0.24171],[7],24,1
2.5,170,[0.00263, 0.00943, 0.03747, 0.06855, 0.01606, 0.06893, 0.00176, 0.05793, 0.0448, 0.00484, 0.06425, 0.02538, 0.02413, 0.06882, 0.0927],[0.21106, 0.23757],[8, 7],15,2
2.5,171,[0.00786, 0.00174, 0.01069, 0.02196, 0.01392, 0.03714, 0.03629, 0.03823, 0.00174, 0.00375, 0.07488, 0.00554, 0.01529, 0.09967, 0.01106, 0.05241, 0.0586, 0.04017, 0.04381, 0.05609, 0.00406, 0.09192, 0.02316, 0.07196, 0.0602, 0.04627, 0.06393],[0.20222, 0.21869, 0.20679],[6, 4, 15],27,3
2.5,172,[0.00874, 0.00514, 0.00113, 0.0214, 0.01595, 0.00241, 0.07293, 0.00245, 0.09043, 0.06196, 0.07515, 0.01855, 0.00374, 0.0291, 0.06466, 0.00449, 0.00051, 0.01528, 0.001, 0.01041, 0.02647, 0.00671, 0.04032, 0.08072, 0.0118, 0.02928, 0.01955, 0.00684, 0.00777, 0.00782, 0.01186, 0.01991, 0.00406, 0.06195, 0.0172, 0.06177, 0.06408, 0.02019, 0.00518, 0.00533, 0.01083, 0.02272, 0.08017, 0.02352, 0.00594, 0.0205, 0.00313, 0.00678, 0.00692, 0.0106, 0.03596, 0.01191, 0.002, 0.03545, 0.07102, 0.08348, 0.09182, 0.01549, 0.02958, 0.01346, 0.06937, 0.04737],[0.21029, 0.21369, 0.25795],[6, 10, 29],62,3
2.5,173,[0.00148, 0.01152, 0.00283, 0.02673, 0.07211, 0.01575, 0.03492, 0.05689, 0.05643, 0.07229, 0.02347, 0.00473],[],[],12,0
2.5,174,[0.03518, 0.05257, 0.00905, 0.00562, 0.01642, 0.08255, 0.00075, 0.00841, 0.00203, 0.01947, 0.09892, 0.06335, 0.02473, 0.00159, 0.00783, 0.03035, 0.00424, 0.04165, 0.04331, 0.0031, 0.01094, 0.09052, 0.06637, 0.03265, 0.01066, 0.02476, 0.00113, 0.07758, 0.05708, 0.0283, 0.00718, 0.0525, 0.01326, 0.00137, 0.02058, 0.09967, 0.05761, 0.09881, 0.03475, 0.05798, 0.00228, 0.04753, 0.00476, 0.00596, 0.04123, 0.01141, 0.04044, 0.0448, 0.07787, 0.02622, 0.03851, 0.04684, 0.01437, 0.01284, 0.00345, 0.00347, 0.00588],[0.21076, 0.2248, 0.26736, 0.20274, 0.22889, 0.2299, 0.20679],[6, 6, 6, 6, 6, 13, 10],57,7
2.5,175,[0.03681, 0.02911, 0.06223, 0.05328, 0.08546, 0.00145, 0.0438, 0.02561, 0.038],[],[],9,0
2.5,176,[0.02153, 0.01729, 0.00543, 0.01728, 0.0067, 0.08422, 0.06338, 0.01175, 0.01637, 0.04427, 0.00539, 0.03078, 0.00225, 0.09892, 0.07257, 0.06316, 0.01844, 0.05123, 0.00451, 0.01781, 0.03521, 0.03822, 0.00174, 0.00643, 0.00254, 0.01901, 0.00927, 0.04665, 0.07984, 0.01809, 0.01531, 0.03097, 0.00888, 0.01379, 0.00926, 0.00469, 0.0991, 0.00953, 0.01912, 0.05785, 0.08575, 0.00513, 0.01038, 0.01054, 0.07912, 0.01597, 0.09696, 0.01002, 0.00742, 0.00137, 0.00624, 0.07642, 0.03744, 0.09572, 0.00497, 0.04067, 0.05684],[0.23973, 0.26687, 0.25281, 0.22852],[7, 11, 29, 10],57,4
2.5,177,[0.00364, 0.00103, 0.01566, 0.04342, 0.04395, 0.01549, 0.01745, 0.01913, 0.00075, 0.00841, 0.00203, 0.01947, 0.09892, 0.06335, 0.02473, 0.00159, 0.00783, 0.03035, 0.00424, 0.04165, 0.07489, 0.00242, 0.03941, 0.03487, 0.04049, 0.03245, 0.09615, 0.04298, 0.07996, 0.0191, 0.0976, 0.00381, 0.03454],[0.22669, 0.26569, 0.2248],[2, 6, 6],33,3
2.5,178,[0.0429, 0.06482, 0.01349, 0.02473, 0.00159, 0.00783, 0.03035, 0.00424, 0.04165, 0.00075, 0.00841, 0.00203, 0.01947, 0.09892, 0.06335, 0.01566, 0.04342, 0.04395, 0.01549, 0.01745, 0.01913, 0.00674, 0.0656, 0.03045, 0.06378, 0.00287, 0.02074, 0.00865, 0.00912, 0.01171, 0.00529, 0.04407, 0.05071],[0.24222, 0.2248, 0.26569, 0.23245],[3, 6, 6, 12],33,4
2.5,179,[0.00036, 0.00436, 0.00592, 0.00167, 0.03262, 0.01003, 0.00454, 0.06699, 0.00799, 0.01635, 0.09048, 0.00075, 0.00841, 0.00203, 0.01947, 0.09892, 0.06335, 0.02473, 0.00159, 0.00783, 0.03035, 0.00424, 0.04165, 0.04331, 0.0031, 0.01094, 0.06637, 0.03265, 0.01066, 0.02476, 0.00113, 0.07758, 0.05708, 0.0283, 0.00718, 0.0525, 0.01326, 0.00137, 0.02058, 0.09967, 0.05761, 0.09881, 0.03475, 0.05798, 0.00228, 0.04753, 0.00476, 0.00596, 0.04123, 0.01141, 0.04044, 0.0448, 0.07787, 0.02622],[0.25504, 0.2248, 0.26736, 0.20274, 0.22889, 0.2299],[11, 6, 6, 5, 6, 13],54,6
2.5,180,[0.00639, 0.0145, 0.01604, 0.0166, 0.06608, 0.01506, 0.0175, 0.03309, 0.03776, 0.07987, 0.01952, 0.07434, 0.00294, 0.02167],[],[],14,0
2.5,181,[0.00299, 0.02614, 0.00759, 0.01175, 0.01637, 0.04427, 0.00539, 0.03078, 0.00225, 0.09892, 0.07257, 0.06316, 0.01844, 0.05123, 0.00451, 0.01781, 0.03521, 0.03822, 0.00174, 0.00643, 0.00254, 0.01901, 0.00927, 0.04665, 0.07984, 0.01809, 0.01531, 0.03097, 0.00888, 0.01379, 0.00926, 0.00469, 0.00953, 0.01912, 0.05785, 0.08575, 0.00513, 0.01038, 0.01054, 0.07912, 0.01597, 0.09696, 0.01002, 0.00742, 0.00137, 0.00624, 0.07642, 0.03744, 0.09572, 0.00497, 0.04067, 0.05684],[0.29172, 0.26687, 0.25281, 0.22852],[3, 11, 28, 10],52,4
2.5,182,[0.01536, 0.01935, 0.02226, 0.00134, 0.01204, 0.05053, 0.03332, 0.08752, 0.00179, 0.00802, 0.00202, 0.00222, 0.02178, 0.00275, 0.05369, 0.00042, 0.03218, 0.02308, 0.05359, 0.07758, 0.03041, 0.00754, 0.09348, 0.06589, 0.00482, 0.0226, 0.03645, 0.00261, 0.07112, 0.07488, 0.00554, 0.01529, 0.09967, 0.01106, 0.05241, 0.0586, 0.04017, 0.04381],[0.21689, 0.21719],[15, 14],38,2
2.5,183,[0.01067, 0.04206, 0.06983, 0.02678, 0.07096, 0.00186, 0.04874, 0.049, 0.09715, 0.04832, 0.01167, 0.00178, 0.00722, 0.09887, 0.01802, 0.00596, 0.04123, 0.01141, 0.04044, 0.0448, 0.07787, 0.02622, 0.03851, 0.04684, 0.01437, 0.02912, 0.01792, 0.09065, 0.06745, 0.01315, 0.03367, 0.00718, 0.0525, 0.01326, 0.00137, 0.02058, 0.09967, 0.05761, 0.03475, 0.05798, 0.00228, 0.04753, 0.00476, 0.01936, 0.01066, 0.02476, 0.00113, 0.07758, 0.05708, 0.0283, 0.04331],[0.21716, 0.29023, 0.2299, 0.22889, 0.20274],[10, 5, 16, 13, 6],51,5
2.5,184,[0.0033, 0.0065, 0.08543, 0.01649, 0.06393, 0.05071, 0.03969, 0.07195, 0.08669, 0.01167, 0.00178, 0.00722, 0.09887, 0.01802, 0.0912, 0.0923, 0.09605, 0.00347, 0.07981, 0.05207, 0.00596, 0.04123, 0.01141, 0.04044, 0.0448, 0.07787, 0.02622, 0.03851, 0.04684, 0.01437, 0.02912, 0.01792],[0.20381, 0.22143, 0.29023],[3, 6, 11],32,3
2.5,185,[0.00097, 0.00328, 0.04627, 0.06393, 0.06493, 0.01589, 0.07985, 0.03802, 0.05797, 0.02479, 0.00549, 0.01038, 0.0199, 0.0525, 0.01053, 0.00421, 0.01444, 0.00244, 0.01258, 0.07488, 0.04752, 0.01935, 0.01066, 0.02476, 0.00113, 0.07758, 0.05708, 0.0283, 0.04331, 0.0031, 0.01094, 0.09052, 0.06637, 0.03265, 0.03188, 0.01838, 0.03676, 0.06263, 0.0693, 0.00063, 0.01095, 0.06473, 0.05464],[0.32974, 0.20239, 0.22922, 0.20274, 0.2132, 0.21041],[2, 8, 12, 6, 11, 4],43,6
2.5,186,[0.01463, 0.00845, 0.01711, 0.00118, 0.00089, 0.05559, 0.00865, 0.0037, 0.07293, 0.01311, 0.02842, 0.00204, 0.0526, 0.02463, 0.03646, 0.01167, 0.00178, 0.00722, 0.09887, 0.01649, 0.06393, 0.05071, 0.03969, 0.07195, 0.08669, 0.00596, 0.04123, 0.01141, 0.04044, 0.0448, 0.07787, 0.02622, 0.03851, 0.04684, 0.01437, 0.02912, 0.01792, 0.09065, 0.06745, 0.01315, 0.03367, 0.00718, 0.0525, 0.01326, 0.00137, 0.02058, 0.09967, 0.05761, 0.03475, 0.05798, 0.00228, 0.04753, 0.00476, 0.01936, 0.01066, 0.02476],[0.22136, 0.40597, 0.22143, 0.23398, 0.2299, 0.22889],[3, 12, 4, 6, 16, 13],56,6
2.5,187,[0.00735, 0.01103, 0.05563, 0.02768, 0.04344, 0.04627, 0.06393, 0.06493, 0.01589, 0.07985, 0.03802, 0.05797, 0.02479, 0.00549, 0.01038, 0.0199, 0.0525, 0.01053, 0.00421, 0.01444, 0.00244, 0.01258, 0.07488, 0.04752, 0.01935, 0.01066, 0.02476, 0.00113, 0.07758, 0.05708, 0.0283, 0.04331, 0.0031, 0.01094, 0.09052, 0.06637, 0.03265, 0.03188, 0.01838, 0.03676, 0.06263, 0.0693, 0.00063, 0.01095, 0.06473, 0.05464],[0.2742, 0.20239, 0.22922, 0.20274, 0.2132, 0.21041],[5, 8, 12, 6, 11, 4],46,6
2.5,188,[0.0219, 0.00073, 0.04592, 0.0013, 0.01274, 0.00286, 0.04576, 0.03397, 0.07289, 0.02318, 0.06361, 0.00217, 0.03602, 0.02002, 0.00289, 0.04946, 0.05604, 0.01175, 0.01637, 0.04427, 0.00539, 0.03078, 0.00225, 0.09892, 0.07257, 0.06316, 0.01844, 0.05123],[0.22159],[17],28,1
2.5,189,[0.00513, 0.02061, 0.00225, 0.00793, 0.06017, 0.07287, 0.04888, 0.07047, 0.02553, 0.00232, 0.02157, 0.01693, 0.00638, 0.0176, 0.01135, 0.00389, 0.00792, 0.07293, 0.00245, 0.09043, 0.06196, 0.07515, 0.01855, 0.00374, 0.0291, 0.06466, 0.00449, 0.00051, 0.01528, 0.001],[0.25123, 0.20179, 0.21369],[12, 5, 10],30,3
2.5,190,[0.00618, 0.02774, 0.00341, 0.06195, 0.0133, 0.00902, 0.00232, 0.00118, 0.00089, 0.05559, 0.00865, 0.0037, 0.07293, 0.01311, 0.02842, 0.00204, 0.0526, 0.02463, 0.03646, 0.01167, 0.00178, 0.00722, 0.09887, 0.01649, 0.06393, 0.05071, 0.03969, 0.07195, 0.08669, 0.00596, 0.04123, 0.01141, 0.04044, 0.0448, 0.07787, 0.02622, 0.03851, 0.04684, 0.01437, 0.02912, 0.01792, 0.09065, 0.06745, 0.01315, 0.03367, 0.00718, 0.0525, 0.01326, 0.00137, 0.02058, 0.09967, 0.05761, 0.03475, 0.05798, 0.00228, 0.04753, 0.00476, 0.01936],[0.2189, 0.40597, 0.22143, 0.23398, 0.2299, 0.22889],[7, 12, 4, 6, 16, 13],58,6
2.5,191,[0.03841, 0.04316, 0.05123, 0.0813, 0.03436, 0.00075, 0.00841, 0.00203, 0.01947, 0.09892, 0.06335, 0.02473, 0.00159, 0.00783, 0.03035, 0.00424, 0.04165, 0.04331, 0.0031, 0.01094, 0.09052, 0.06637, 0.03265, 0.01066, 0.02476, 0.00113, 0.07758, 0.05708, 0.0283, 0.00718, 0.0525, 0.01326, 0.00137, 0.02058, 0.09967, 0.05761, 0.09881, 0.03475, 0.05798, 0.00228, 0.04753, 0.00476, 0.00596, 0.04123, 0.01141, 0.04044, 0.0448, 0.07787, 0.02622, 0.03851, 0.04684, 0.01437, 0.01284, 0.00345, 0.00347, 0.00588],[0.21823, 0.2248, 0.26736, 0.20274, 0.22889, 0.2299, 0.20679],[5, 6, 6, 6, 6, 13, 10],56,7
2.5,192,[0.00125, 0.0056, 0.00718, 0.0525, 0.01326, 0.00137, 0.02058, 0.09967, 0.05761, 0.09881, 0.03475, 0.05798, 0.00228, 0.04753, 0.00476, 0.00596, 0.04123, 0.01141, 0.04044, 0.0448, 0.07787, 0.02622, 0.03851, 0.04684, 0.01437, 0.01284, 0.00345, 0.00347, 0.00588, 0.02532, 0.0163, 0.01539, 0.04755, 0.04627, 0.06393, 0.01589, 0.07985, 0.03802, 0.05797, 0.02479, 0.02485, 0.06075, 0.04029, 0.07883, 0.00163, 0.0448, 0.01847],[0.22622, 0.2299, 0.20679, 0.22773, 0.23829],[2, 13, 10, 8, 11],47,5
2.5,193,[0.0154, 0.08264, 0.0208, 0.04892, 0.05773, 0.03237, 0.04331, 0.0031, 0.01094, 0.09052, 0.06637, 0.03265, 0.01066, 0.02476, 0.00113, 0.07758, 0.05708, 0.0283, 0.00718, 0.0525, 0.01326, 0.00137, 0.02058, 0.09967, 0.05761, 0.09881, 0.03475, 0.05798, 0.00228, 0.04753, 0.00476, 0.00596, 0.04123, 0.01141, 0.04044, 0.0448, 0.07787, 0.02622, 0.03851, 0.04684, 0.01437, 0.01284, 0.00345],[0.22087, 0.20274, 0.22889, 0.2299, 0.20679],[6, 6, 6, 13, 10],43,5
2.5,194,[0.00178, 0.00468, 0.08682, 0.02796, 0.04619, 0.02845, 0.00779, 0.00198, 0.00403, 0.01294, 0.04627, 0.06393, 0.06493, 0.01589, 0.07985, 0.03802, 0.05797, 0.02479, 0.00549, 0.01038, 0.0199, 0.0525, 0.01053, 0.00421, 0.01444, 0.00244, 0.01258, 0.07488, 0.04752, 0.01935, 0.01066],[0.25192, 0.20239, 0.22922],[10, 8, 12],31,3
2.5,195,[0.00604, 0.00399, 0.01327, 0.09037, 0.00451, 0.03029, 0.0738, 0.07971, 0.07569, 0.00319, 0.00118, 0.00089, 0.05559, 0.00865, 0.0037, 0.07293, 0.01311, 0.02842, 0.00204, 0.0526, 0.02463, 0.03646, 0.01167, 0.00178, 0.00722, 0.09887, 0.01649, 0.06393, 0.05071, 0.03969, 0.07195, 0.08669, 0.00596, 0.04123, 0.01141, 0.04044, 0.0448, 0.07787, 0.02622, 0.03851, 0.04684, 0.01437, 0.02912, 0.01792, 0.09065, 0.06745, 0.01315, 0.03367, 0.00718, 0.0525, 0.01326, 0.00137, 0.02058, 0.09967, 0.05761, 0.03475, 0.05798, 0.00228, 0.04753, 0.00476, 0.01936, 0.01066, 0.02476],[0.26719, 0.40597, 0.22143, 0.23398, 0.2299, 0.22889],[10, 12, 4, 6, 16, 13],63,6
2.5,196,[0.02876, 0.0153, 0.07674, 0.08731, 0.06864, 0.00394, 0.00056, 0.05559, 0.09043, 0.01247, 0.08489, 0.07199, 0.00235, 0.03543, 0.05564, 0.09737, 0.00589, 0.00317, 0.00051, 0.01528, 0.001, 0.01041, 0.02647, 0.00671, 0.04032, 0.0205, 0.00313, 0.00678, 0.00692, 0.0106, 0.03596, 0.01191, 0.002, 0.03545, 0.07102, 0.08348, 0.09182, 0.01549, 0.02958, 0.01346, 0.06937, 0.04737, 0.02986, 0.05829, 0.00834, 0.01494, 0.04633],[0.20536, 0.24082, 0.25795, 0.20063],[5, 13, 7, 19],47,4
2.5,197,[0.00192, 0.00075, 0.00841, 0.00203, 0.01947, 0.09892, 0.06335, 0.02473, 0.00159, 0.00783, 0.03035, 0.00424, 0.04165, 0.04331, 0.0031, 0.01094, 0.09052, 0.06637, 0.03265, 0.01066, 0.02476, 0.00113, 0.07758, 0.05708, 0.0283, 0.00718, 0.0525, 0.01326, 0.00137, 0.02058, 0.09967, 0.05761, 0.09881, 0.03475, 0.05798, 0.00228, 0.04753, 0.00476, 0.00596, 0.04123, 0.01141, 0.04044, 0.0448, 0.07787, 0.02622, 0.03851, 0.04684, 0.01437, 0.01284, 0.00345, 0.00347, 0.00588],[0.24809, 0.2248, 0.26736, 0.20274, 0.22889, 0.2299, 0.20679],[1, 6, 6, 6, 6, 13, 10],52,7
2.5,198,[0.06259, 0.00995, 0.02018, 0.07293, 0.00245, 0.09043, 0.06196, 0.07515, 0.01855, 0.00374, 0.0291, 0.06466, 0.00449, 0.00051, 0.01528, 0.001, 0.01041, 0.02647, 0.00671, 0.04032, 0.08072, 0.0118, 0.02928, 0.01955, 0.00684, 0.00777, 0.00782, 0.01186, 0.01991, 0.00406, 0.06195, 0.0172, 0.06177, 0.06408, 0.02019, 0.00518, 0.00533, 0.01083, 0.02272, 0.08017, 0.02352, 0.00594, 0.0205, 0.00313, 0.00678, 0.00692, 0.0106, 0.03596, 0.01191, 0.002, 0.03545, 0.07102, 0.08348, 0.09182, 0.01549, 0.02958, 0.01346, 0.06937, 0.04737],[0.21243, 0.21369, 0.25795],[3, 10, 29],59,3
2.5,199,[0.00903, 0.00361, 0.0377, 0.01597, 0.05041, 0.02075, 0.02473, 0.00159, 0.00783, 0.03035, 0.00424, 0.04165, 0.00075, 0.00841, 0.00203, 0.01947, 0.09892, 0.06335, 0.01566, 0.04342, 0.04395, 0.01549, 0.01745, 0.01913, 0.00674, 0.0656, 0.03045, 0.06378, 0.00287, 0.02074, 0.00865, 0.00912, 0.01171, 0.00529, 0.04407, 0.05071],[0.2117, 0.2248, 0.26569, 0.23245],[6, 6, 6, 12],36,4

