2.5,0,[0.00395, 0.0351, 0.02122, 0.04666, 0.0424, 0.07635, 0.03206, 0.05721, 0.01107, 0.03953, 0.00576, 0.00357, 0.02565],[],[],13,0
2.5,1,[0.01359, 0.0095, 0.02216, 0.04374, 0.00881, 0.00161, 0.09397, 0.02632, 0.03001, 0.07036, 0.00223, 0.01362, 0.00195, 0.00292, 0.00764, 0.01762, 0.00309, 0.00115, 0.06766, 0.09766, 0.02027, 0.0629, 0.0089, 0.01146, 0.00235, 0.01472, 0.00497, 0.01177, 0.00529, 0.00158, 0.07643, 0.0276, 0.00395, 0.03534, 0.00578, 0.04004, 0.01389, 0.00328, 0.00351, 0.00947, 0.08528, 0.04793, 0.03279, 0.09173, 0.00117],[0.20472, 0.22576, 0.24399, 0.21476, 0.20356],[5, 7, 14, 8, 10],45,5
2.5,2,[0.00144, 0.01818, 0.00635, 0.00891, 0.00487, 0.09791, 0.03117, 0.03013, 0.01348, 0.02168, 0.01006, 0.08238, 0.0018, 0.04124],[0.21392],[7],14,1
2.5,3,[0.02626, 0.01181, 0.0021, 0.0485, 0.09282, 0.09698, 0.02937, 0.00532, 0.02478, 0.03451, 0.01428, 0.07549, 0.00206, 0.06831, 0.04499, 0.04026, 0.04866, 0.00262, 0.03451, 0.00271, 0.0435, 0.00953, 0.01769, 0.01764, 0.02252, 0.04476, 0.00247, 0.0087, 0.02943, 0.00309, 0.0098, 0.01953, 0.06144, 0.07524, 0.01735, 0.09254, 0.04096, 0.04565, 0.07807, 0.08195, 0.00256, 0.01349, 0.06394, 0.02862, 0.04455, 0.08238],[0.29005, 0.22778, 0.20146, 0.24804, 0.24144],[7, 14, 9, 10, 6],46,5
2.5,4,[0.04474, 0.05337, 0.00221, 0.00387, 0.01332, 0.00134, 0.07782, 0.0041, 0.00834, 0.08835, 0.001, 0.03385, 0.01492, 0.00141, 0.01334, 0.01738, 0.02821, 0.04559, 0.00258, 0.08518, 0.00932, 0.00384, 0.05209, 0.01736, 0.01119, 0.0847, 0.00838, 0.01458, 0.05315, 0.0847, 0.00342, 0.00534, 0.0102, 0.00244, 0.0162, 0.00711, 0.06572, 0.00234, 0.00041, 0.00333, 0.06766, 0.04166, 0.05422, 0.01123, 0.07508, 0.00177, 0.00497, 0.01177, 0.00529, 0.00158, 0.07643, 0.0276],[0.21057, 0.23508, 0.37, 0.25549, 0.23017],[10, 8, 13, 7, 8],52,5
2.5,5,[0.00262, 0.00322, 0.00637, 0.06215, 0.01964, 0.05477, 0.00843, 0.07221, 0.03631, 0.04537, 0.00532, 0.02478, 0.03451, 0.01428, 0.07549, 0.00206, 0.06831, 0.04499, 0.04026, 0.04866, 0.00262, 0.03451, 0.00271, 0.0435, 0.00953, 0.01769, 0.01764, 0.02252, 0.04476, 0.00247, 0.0087, 0.02943, 0.00309, 0.0098, 0.01953, 0.06144, 0.07524, 0.01735, 0.09254, 0.04096, 0.04565, 0.07807, 0.08195, 0.00256, 0.01349, 0.06394, 0.02862, 0.04455],[0.2315, 0.22778, 0.20146, 0.24804],[10, 14, 9, 10],48,4
2.5,6,[0.01612, 0.03213, 0.00282, 0.05216, 0.05236, 0.05537, 0.07778, 0.08306, 0.04881, 0.00117, 0.00975, 0.01246, 0.00195, 0.07422, 0.08985, 0.05915, 0.00268, 0.05548, 0.00841, 0.02323, 0.00933],[0.20524, 0.21022],[9, 10],21,2
2.5,7,[0.05565, 0.08249, 0.0014, 0.00146, 0.00283, 0.0221, 0.08565, 0.04006, 0.00153, 0.00174, 0.0093, 0.02106, 0.00532, 0.02478, 0.03451, 0.01428, 0.07549, 0.00206, 0.06831, 0.04499, 0.04026, 0.04866, 0.00262, 0.03451, 0.00271, 0.0435, 0.00953, 0.01769, 0.01764, 0.02252, 0.04476, 0.00247, 0.0087, 0.02943, 0.00309, 0.0098, 0.01953, 0.06144, 0.07524, 0.01735, 0.09254, 0.04096, 0.04565, 0.07807, 0.08195, 0.00256, 0.01349, 0.06394, 0.02862, 0.04455],[0.2003, 0.24814, 0.23827, 0.28574, 0.22778, 0.20146, 0.24804],[2, 2, 4, 4, 14, 9, 10],50,7
2.5,8,[0.01299, 0.00983, 0.04705, 0.03956, 0.0457, 0.01371, 0.09584, 0.04898, 0.02805, 0.0241, 0.0086, 0.01671, 0.00392, 0.07262, 0.07158, 0.09053, 0.09186, 0.00117, 0.00975, 0.01246, 0.00195],[0.20218, 0.22743],[9, 8],21,2
2.5,9,[0.00056, 0.03927, 0.03656, 0.00308, 0.00504, 0.03494, 0.01073, 0.00919, 0.01287, 0.02884, 0.03775, 0.00117, 0.00975, 0.01246, 0.00195, 0.07422, 0.08985, 0.05915, 0.00268, 0.05548, 0.00841, 0.00578, 0.04004, 0.01389, 0.00328, 0.00351, 0.00947, 0.08528, 0.04793, 0.03279, 0.09173, 0.00497, 0.01177, 0.00529, 0.00158, 0.07643],[0.25127, 0.20356, 0.21476],[11, 10, 10],36,3
2.5,10,[0.00356, 0.02249, 0.05384, 0.05845, 0.04935, 0.05582, 0.05207, 0.08979, 0.00161, 0.09397, 0.02632, 0.03001, 0.07036, 0.00223, 0.01362, 0.00195, 0.00292, 0.00764, 0.01762, 0.00309, 0.00115, 0.06766, 0.09766, 0.02027, 0.0629, 0.0089, 0.01146, 0.00235, 0.01472, 0.00497, 0.01177, 0.00529, 0.00158, 0.0276, 0.00395, 0.03534, 0.01967, 0.00503, 0.00716],[0.22446, 0.22576, 0.24399, 0.31536],[8, 7, 14, 7],39,4
2.5,11,[0.00138, 0.00112, 0.00371, 0.00179, 0.08808, 0.0077, 0.0414, 0.00234, 0.0026, 0.041, 0.02073, 0.00191, 0.07154, 0.02074, 0.08565, 0.04627, 0.04665, 0.04716, 0.01093, 0.02218, 0.00338, 0.05114, 0.01223, 0.00835, 0.00746, 0.01543, 0.00531, 0.03214, 0.00287, 0.00986, 0.00153, 0.00174, 0.0093, 0.02106, 0.01065, 0.0392, 0.0243, 0.03976, 0.08442, 0.00219, 0.0241, 0.00532, 0.02478, 0.03451, 0.01428],[0.20719, 0.20484, 0.28664, 0.28574],[8, 10, 12, 11],45,4
2.5,12,[0.01907, 0.014, 0.01729, 0.00138, 0.00144, 0.08528, 0.06444, 0.00219, 0.07685, 0.00221, 0.04166, 0.04709, 0.00176, 0.08518, 0.00196, 0.00534, 0.0102, 0.00244, 0.0162, 0.00711, 0.00234, 0.04497, 0.06187, 0.00931, 0.07135, 0.001],[0.22284, 0.32926, 0.24222, 0.22341],[10, 5, 6, 4],26,4
2.5,13,[0.00468, 0.01595, 0.09165, 0.01001, 0.02663, 0.02387, 0.06303, 0.00953, 0.01769, 0.01764, 0.02252, 0.04476, 0.00247, 0.0087, 0.02943, 0.00309, 0.0098, 0.01953, 0.06144, 0.07524, 0.01735, 0.09254, 0.04096, 0.04565, 0.07807, 0.08195, 0.00256, 0.01349, 0.06394, 0.02862, 0.04455, 0.08238],[0.22209, 0.20146, 0.24804, 0.24144],[7, 9, 10, 6],32,4
2.5,14,[0.00431, 0.0323, 0.03665, 0.00261, 0.03015, 0.06332, 0.00951, 0.01582, 0.03835, 0.00303, 0.02888, 0.03794, 0.00844, 0.00152, 0.00468, 0.02383, 0.03416, 0.08236, 0.00492, 0.028, 0.0051, 0.03388, 0.06613, 0.0182, 0.06646, 0.03329, 0.07497, 0.03419, 0.05274, 0.04261, 0.03083, 0.02082, 0.02746, 0.00123, 0.07154, 0.02211, 0.04913, 0.00766, 0.00105, 0.0129, 0.00416, 0.00423],[0.21587, 0.35342, 0.21583],[9, 21, 7],42,3
2.5,15,[0.02767, 0.03293, 0.02361, 0.00041, 0.00333, 0.06732, 0.06766, 0.04166, 0.05422, 0.01123, 0.07508, 0.00177, 0.00497, 0.01177, 0.00529, 0.00158, 0.07643, 0.0276, 0.00395, 0.03534, 0.00578, 0.04004, 0.01389, 0.00328, 0.00351, 0.00947, 0.04793, 0.03279, 0.09173, 0.00117, 0.00975, 0.01246, 0.00195, 0.07422, 0.08985, 0.05915, 0.00268, 0.05548, 0.00841, 0.00293, 0.08657, 0.07064, 0.02268, 0.00326, 0.0241, 0.0086, 0.01671, 0.00392, 0.07262, 0.00233, 0.07365],[0.22131, 0.23017, 0.21476, 0.20356, 0.22743],[3, 9, 8, 9, 15],51,5
2.5,16,[0.00022, 0.00725, 0.0018, 0.05333, 0.00195, 0.00292, 0.00764, 0.01762, 0.00309, 0.00115, 0.06766, 0.09766, 0.02027, 0.0629, 0.0089, 0.01146, 0.00235, 0.01472, 0.00161, 0.02632, 0.03001, 0.07036, 0.00223, 0.01362, 0.00265, 0.00274, 0.09968, 0.06801, 0.06126, 0.04166, 0.04709, 0.00176, 0.08518, 0.00196, 0.00534, 0.0102, 0.00244, 0.0162, 0.00711, 0.06572, 0.00234, 0.00117],[0.20238, 0.22576, 0.2984, 0.32926, 0.31266],[4, 14, 11, 5, 7],42,5
2.5,17,[0.02397, 0.02222, 0.01921, 0.03009, 0.04752, 0.03083, 0.02082, 0.02746, 0.00123, 0.07154, 0.02211, 0.04913, 0.09076, 0.00766, 0.00105, 0.0129, 0.00416, 0.00423, 0.07443, 0.00428, 0.05713, 0.00786, 0.03326, 0.00927, 0.05049, 0.00327, 0.0014, 0.00146, 0.0439, 0.01437, 0.02336, 0.02626, 0.02969, 0.00283, 0.0221, 0.04006, 0.02181, 0.00247, 0.01584, 0.00153, 0.00174, 0.0093, 0.02106, 0.01065],[0.20286, 0.21583, 0.25145, 0.24814, 0.23827],[5, 8, 13, 7, 6],44,5
2.5,18,[0.04884, 0.09008, 0.0441, 0.0147, 0.00261, 0.01746, 0.05, 0.0233, 0.00117, 0.00975, 0.01246, 0.00195, 0.07422, 0.08985, 0.05915, 0.00268, 0.05548, 0.00841, 0.00293, 0.08657],[0.21786],[8],20,1
2.5,19,[0.00127, 0.03673, 0.01165, 0.00925, 0.03017, 0.04497, 0.06187, 0.00931, 0.07135, 0.09397, 0.001, 0.03385, 0.01492, 0.00141, 0.01334, 0.01738, 0.02821, 0.04559, 0.00258, 0.08518, 0.00932, 0.00384, 0.05209, 0.01736, 0.01119, 0.0847, 0.00838, 0.01458, 0.05315, 0.0847, 0.00342, 0.01767, 0.00576, 0.00958, 0.0493, 0.01101, 0.02958, 0.00505, 0.05917, 0.06488, 0.01247, 0.00041, 0.00333, 0.06766, 0.04166, 0.05422, 0.01123, 0.07508, 0.00177],[0.27796, 0.22341, 0.23508, 0.22336, 0.32272, 0.23017],[5, 5, 8, 13, 10, 8],49,6
2.5,20,[0.02502, 0.0436, 0.08533, 0.06418, 0.06542, 0.01049, 0.03927, 0.08272, 0.00191, 0.00766, 0.00105, 0.0129, 0.00416, 0.00423, 0.07443, 0.00428, 0.05713, 0.00786, 0.03326, 0.00927, 0.05049, 0.00327, 0.0014, 0.00146, 0.0439, 0.01437, 0.02336, 0.05977, 0.02626, 0.02969, 0.00283, 0.0221, 0.04006, 0.02181, 0.00247, 0.01584, 0.00153, 0.00174, 0.0093, 0.02106, 0.01065, 0.0392],[0.22741, 0.25145, 0.24814, 0.23827],[9, 13, 8, 6],42,4
2.5,21,[0.0255, 0.0263, 0.00774, 0.02002, 0.00176, 0.04088, 0.00615, 0.09505, 0.06187, 0.06732, 0.01661, 0.04205, 0.06112, 0.07105, 0.02121, 0.02082, 0.02346, 0.09766, 0.03712, 0.00214, 0.00534, 0.0102, 0.00244, 0.0162, 0.00711, 0.06572, 0.00234, 0.00117, 0.00975, 0.01246, 0.00195, 0.07422, 0.08985, 0.05915, 0.00268, 0.05548, 0.00841, 0.0241, 0.0086, 0.01671, 0.00161, 0.02632],[0.20354, 0.24785, 0.31266, 0.22743, 0.28333],[8, 12, 7, 10, 3],42,5
2.5,22,[0.00103, 0.0134, 0.01057, 0.0919, 0.00896, 0.06851, 0.01371, 0.02088, 0.06187, 0.06732, 0.01661, 0.04205, 0.06112, 0.07105, 0.02121, 0.02082, 0.02346, 0.09766, 0.03712, 0.00214, 0.00534, 0.0102, 0.00244, 0.0162, 0.00711, 0.06572, 0.00234, 0.00117, 0.00975, 0.01246, 0.00195, 0.07422, 0.08985, 0.05915, 0.00268, 0.05548, 0.00841, 0.00578, 0.04004, 0.01389],[0.20395, 0.24785, 0.31266, 0.20356],[8, 12, 7, 10],40,4
2.5,23,[0.01104, 0.02155, 0.00058, 0.01254, 0.06525, 0.00787, 0.00298, 0.03083, 0.02082, 0.02746, 0.00123, 0.07154, 0.02211, 0.04913, 0.09076, 0.00766, 0.00105, 0.0129, 0.00416, 0.00423, 0.07443, 0.00428, 0.05713, 0.00786, 0.03326, 0.00927, 0.05049, 0.00327, 0.0014, 0.00146, 0.0439, 0.01437, 0.02336, 0.02626, 0.02969, 0.00283, 0.0221],[0.27048, 0.21583, 0.25145, 0.24814],[7, 8, 13, 7],37,4
2.5,24,[0.00759, 0.00668, 0.05674, 0.03465, 0.00152, 0.01175, 0.00283, 0.0221, 0.08565, 0.04006, 0.00153, 0.00174, 0.0093, 0.02106, 0.00532, 0.02478, 0.03451, 0.01428, 0.07549, 0.00206, 0.06831, 0.04499, 0.04026, 0.04866, 0.00262, 0.03451, 0.00271, 0.0435, 0.00953, 0.01769, 0.01764, 0.02252, 0.04476, 0.00247, 0.0087, 0.02943, 0.00309, 0.0098, 0.01953, 0.06144, 0.07524, 0.01735, 0.09254, 0.04096, 0.04565, 0.07807, 0.08195, 0.00256, 0.01349, 0.06394, 0.02862, 0.04455],[0.20748, 0.23827, 0.28574, 0.22778, 0.20146, 0.24804],[6, 4, 4, 14, 9, 10],52,6
2.5,25,[0.06322, 0.0151, 0.09836, 0.08769, 0.02549, 0.00195, 0.00292, 0.00764, 0.01762, 0.00309, 0.00115, 0.06766, 0.09766, 0.02027, 0.0629, 0.0089, 0.01146, 0.00235, 0.01472, 0.00497, 0.01177, 0.00529, 0.00158, 0.07643, 0.0276, 0.00395, 0.03534, 0.00578, 0.04004, 0.01389, 0.00328, 0.00351, 0.00947, 0.08528, 0.04793, 0.03279, 0.09173, 0.00117, 0.00975, 0.01246, 0.00195, 0.07422, 0.08985, 0.05915, 0.00268, 0.05548, 0.00841, 0.00293, 0.08657, 0.07064],[0.21368, 0.24399, 0.21476, 0.20356],[5, 14, 8, 10],50,4
2.5,26,[0.00172, 0.00092, 0.08159, 0.08391, 0.00406, 0.00283, 0.0221, 0.08565, 0.04006, 0.00153, 0.00174, 0.0093, 0.02106, 0.00532, 0.02478, 0.03451, 0.01428, 0.07549, 0.00206, 0.06831, 0.04499, 0.04026, 0.04866, 0.00262, 0.03451, 0.00271, 0.0435, 0.00953, 0.01769, 0.01764, 0.02252, 0.04476, 0.00247, 0.0087, 0.02943, 0.00309, 0.0098, 0.01953, 0.06144, 0.07524, 0.01735, 0.09254, 0.04096, 0.04565, 0.07807, 0.08195, 0.00256, 0.01349, 0.06394, 0.02862, 0.04455],[0.22, 0.23827, 0.28574, 0.22778, 0.20146, 0.24804],[5, 4, 4, 14, 9, 10],51,6
2.5,27,[0.00737, 0.00258, 0.05323, 0.02859, 0.06918, 0.01112, 0.01992, 0.01504, 0.06977, 0.03527, 0.0323, 0.06662, 0.00534],[0.20276],[12],13,1
2.5,28,[0.00251, 0.02998, 0.00235, 0.01381, 0.0971, 0.08898, 0.00256, 0.01349, 0.06394, 0.02862, 0.04455, 0.08238, 0.00953, 0.01769, 0.01764, 0.02252, 0.04476, 0.00247, 0.0087, 0.02943, 0.00309, 0.0098, 0.01953, 0.06144, 0.07524, 0.01735, 0.09254, 0.04096, 0.04565, 0.07807, 0.08195, 0.01967, 0.00503, 0.00716, 0.01309, 0.02678, 0.00264, 0.01049],[0.24299, 0.24954, 0.20146, 0.43018],[6, 6, 9, 10],38,4
2.5,29,[0.00329, 0.00402, 0.01144, 0.01892, 0.04166, 0.04709, 0.00176, 0.08518, 0.00196, 0.00161, 0.09397, 0.02632, 0.03001, 0.07036, 0.00223, 0.01362, 0.00195, 0.00292, 0.00764, 0.01762, 0.00309, 0.00115, 0.06766, 0.09766, 0.02027, 0.0629, 0.0089, 0.01146, 0.00235, 0.01472, 0.00497, 0.01177, 0.00529, 0.00158, 0.07643, 0.0276, 0.00395, 0.03534, 0.00578, 0.04004, 0.01389, 0.00328, 0.00351, 0.00947, 0.08528, 0.04793, 0.03279, 0.09173, 0.00117],[0.22253, 0.2984, 0.22576, 0.24399, 0.21476, 0.20356],[4, 5, 7, 14, 8, 10],49,6
2.5,30,[0.00166, 0.03248, 0.00914, 0.03864, 0.0377, 0.07769, 0.00482, 0.00509, 0.00497, 0.01177, 0.00529, 0.00158, 0.07643, 0.0276, 0.00395, 0.03534, 0.00041, 0.00333, 0.06732, 0.06766, 0.04166, 0.05422, 0.01123, 0.07508, 0.00177, 0.00534, 0.0102, 0.00244, 0.0162, 0.00711, 0.06572, 0.00234, 0.04497, 0.00931, 0.07135, 0.09397, 0.00295, 0.00957, 0.00325, 0.03993, 0.04162, 0.01461, 0.08215, 0.001, 0.03385, 0.01492],[0.2964, 0.23017, 0.25549, 0.24222, 0.22341],[8, 8, 9, 7, 11],46,5
2.5,31,[0.01919, 0.00874, 0.00269, 0.00306, 0.0019, 0.04121, 0.07634, 0.02665, 0.01474, 0.01411, 0.00813, 0.03351, 0.00532, 0.02478, 0.03451, 0.01428, 0.07549, 0.00206, 0.06831, 0.04499, 0.04026, 0.04866, 0.00262, 0.03451, 0.00271, 0.0435, 0.00953, 0.01769, 0.01764, 0.02252, 0.04476, 0.00247, 0.0087, 0.02943, 0.00309, 0.0098, 0.01953, 0.06144, 0.07524, 0.01735, 0.09254, 0.04096, 0.04565, 0.07807, 0.08195, 0.00256],[0.23343, 0.24727, 0.22778, 0.20146, 0.24804],[7, 5, 14, 9, 10],46,5
2.5,32,[0.00484, 0.00198, 0.00119, 0.02923, 0.02686, 0.02346, 0.04511, 0.01922, 0.02895, 0.00161, 0.09397, 0.02632, 0.03001, 0.07036, 0.00223, 0.01362, 0.00195, 0.00292, 0.00764, 0.01762, 0.00309, 0.00115],[0.22703, 0.22576],[9, 7],22,2
2.5,33,[0.06853, 0.0602, 0.0014, 0.06793, 0.05691, 0.04367, 0.09934, 0.05303, 0.04102, 0.06283, 0.00283, 0.0221, 0.08565, 0.04006, 0.02181, 0.00247, 0.01584, 0.02208, 0.01748, 0.00277, 0.02185, 0.02821, 0.00377, 0.03582],[0.22376, 0.2013],[10, 7],24,2
2.5,34,[0.00409, 0.0037, 0.03692, 0.01787, 0.06745, 0.00276, 0.02242, 0.04642, 0.08954, 0.04705, 0.00415, 0.09885, 0.05121, 0.03025, 0.08802, 0.00602, 0.01093, 0.02218, 0.00338, 0.05114, 0.01223, 0.00835, 0.00746, 0.01543, 0.00531, 0.00153, 0.00174, 0.0093, 0.02106, 0.01065, 0.0392, 0.0243, 0.03976, 0.08442, 0.00219, 0.0241, 0.00532, 0.02478, 0.03451, 0.01428],[0.20695, 0.28664, 0.28574],[16, 9, 11],40,3
2.5,35,[0.02074, 0.00068, 0.00281, 0.05049, 0.08084, 0.07483, 0.01971, 0.04184, 0.04012, 0.08847, 0.00801, 0.0707, 0.06625, 0.05458, 0.01053, 0.00268, 0.01353, 0.01102, 0.06631, 0.00113, 0.0461, 0.03158, 0.03477, 0.02282, 0.08442, 0.0431, 0.01251, 0.03213, 0.05037, 0.02181, 0.09171, 0.00846, 0.01559, 0.01936],[0.24252],[19],34,1
2.5,36,[0.01086, 0.01134, 0.0099, 0.00958, 0.01647, 0.00626, 0.00646, 0.00174, 0.04457, 0.00989, 0.04356, 0.0067, 0.01267, 0.0762, 0.03843, 0.08242, 0.00497, 0.01177, 0.00529, 0.00158, 0.07643, 0.0276, 0.00395, 0.03534, 0.00041, 0.00333, 0.06732, 0.06766],[0.21142, 0.23017],[16, 8],28,2
2.5,37,[0.04551, 0.00508, 0.02516, 0.0038, 0.07053, 0.02192, 0.02506, 0.01665, 0.00191, 0.0026, 0.041, 0.02073, 0.00191, 0.07154, 0.02074, 0.08565, 0.04627, 0.04665, 0.04716, 0.01093, 0.02218, 0.00338, 0.05114, 0.01223, 0.00835, 0.00746, 0.01543, 0.00531, 0.00766],[0.20434, 0.20484, 0.31284],[9, 10, 9],29,3
2.5,38,[0.01602, 0.04089, 0.0034, 0.01237, 0.01837, 0.0241, 0.0086, 0.01671, 0.00117, 0.00975, 0.01246, 0.00195, 0.07422, 0.08985, 0.05915, 0.00268, 0.05548, 0.00841, 0.00578, 0.04004, 0.01389, 0.00328, 0.00351, 0.00947, 0.08528, 0.04793, 0.03279, 0.09173, 0.00497, 0.01177, 0.00529, 0.00158, 0.07643, 0.0276, 0.00395, 0.03534, 0.00041, 0.00333, 0.06732],[0.25319, 0.22743, 0.20356, 0.21476, 0.23017],[5, 3, 10, 10, 8],39,5
2.5,39,[0.00041, 0.00485, 0.07885, 0.09404, 0.00408, 0.06437, 0.01396, 0.05723, 0.08519, 0.07776, 0.01967, 0.00503, 0.00716, 0.01309, 0.02678, 0.00264, 0.01049, 0.02567, 0.01278, 0.05554, 0.01715, 0.04097, 0.07538, 0.09429, 0.03333, 0.02963, 0.03513, 0.00953, 0.01769, 0.01764, 0.02252, 0.04476, 0.00247, 0.0087, 0.02943, 0.00309, 0.00532, 0.02478, 0.03451],[0.28438, 0.30855, 0.22778],[10, 17, 9],39,3
2.5,40,[0.00279, 0.04577, 0.02182, 0.00136, 0.01349, 0.01004, 0.02999, 0.0479, 0.00911, 0.00041, 0.00333, 0.06732, 0.06766, 0.04166, 0.05422, 0.01123, 0.07508, 0.00177, 0.00497, 0.01177, 0.00529, 0.00158, 0.07643, 0.0276, 0.00395, 0.03534, 0.00578, 0.04004, 0.01389, 0.00328, 0.00351, 0.00947, 0.04793],[0.26577, 0.23017, 0.21476],[9, 9, 8],33,3
2.5,41,[0.0376, 0.00816, 0.00953, 0.01769, 0.01764, 0.02252, 0.04476, 0.00247, 0.0087, 0.02943, 0.00309, 0.00532, 0.02478, 0.03451, 0.01428, 0.00206, 0.06831, 0.04499, 0.04026, 0.04866, 0.00262, 0.03451, 0.00271, 0.0435, 0.00113, 0.0461, 0.03158, 0.03477, 0.02282, 0.08442, 0.0431, 0.01251, 0.03213, 0.05037, 0.02181, 0.03083, 0.041, 0.03044, 0.0158, 0.08517, 0.00199, 0.07059, 0.03325, 0.06381, 0.05717, 0.01247, 0.02665, 0.01474, 0.01411, 0.00813, 0.03351],[0.24219, 0.22778, 0.21737, 0.2075, 0.21431, 0.2237],[2, 9, 13, 11, 11, 5],51,6
2.5,42,[0.08119, 0.00151, 0.05281, 0.05271, 0.01379, 0.04435, 0.00474, 0.08755, 0.0027, 0.00687, 0.01125, 0.01967, 0.00503, 0.00716, 0.01309, 0.02678, 0.00264, 0.01049, 0.02567, 0.01278, 0.05554, 0.01715, 0.04097, 0.07538, 0.09429, 0.03333, 0.02963, 0.03513, 0.00953, 0.01769, 0.01764, 0.02252, 0.04476, 0.00247, 0.0087, 0.02943, 0.00309, 0.00532, 0.02478, 0.03451, 0.01428, 0.07549, 0.00206, 0.06831, 0.04499, 0.04026],[0.23853, 0.20451, 0.30855, 0.22778],[9, 2, 17, 9],46,4
2.5,43,[0.01455, 0.00638, 0.0028, 0.00102, 0.02294, 0.01415, 0.00583, 0.02214, 0.00295, 0.00793],[],[],10,0
2.5,44,[0.01761, 0.00287, 0.07604, 0.06083, 0.04497, 0.06187, 0.00931, 0.07135, 0.09397, 0.001, 0.03385, 0.01492, 0.00141, 0.01334, 0.01738, 0.02821, 0.04559, 0.00258, 0.08518, 0.00932, 0.00384, 0.05209, 0.01736, 0.01119, 0.0847, 0.00838, 0.01458, 0.05315, 0.0847, 0.00342, 0.01767, 0.00576, 0.00958, 0.0493, 0.01101, 0.02958, 0.00505, 0.05917, 0.06488, 0.01247, 0.08125, 0.0538, 0.00041, 0.00333, 0.06766, 0.04166, 0.05422],[0.20802, 0.22341, 0.23508, 0.22336, 0.32272],[4, 5, 8, 13, 12],47,5
2.5,45,[0.01905, 0.01595, 0.00353, 0.00577, 0.01334, 0.02089, 0.07568, 0.00532, 0.02478, 0.03451, 0.01428, 0.07549, 0.00206, 0.06831, 0.04499, 0.04026, 0.04866, 0.00262, 0.03451, 0.00271, 0.0435, 0.00953, 0.01769, 0.01764, 0.02252, 0.04476, 0.00247, 0.0087, 0.02943, 0.00309, 0.0098, 0.01953, 0.06144, 0.07524, 0.01735, 0.09254, 0.04096, 0.04565, 0.07807, 0.08195, 0.00256, 0.01349, 0.06394, 0.02862, 0.04455, 0.08238],[0.2285, 0.22778, 0.20146, 0.24804, 0.24144],[7, 14, 9, 10, 6],46,5
2.5,46,[0.01778, 0.03498, 0.0523, 0.00163, 0.00183, 0.03321, 0.00214, 0.00697, 0.07063, 0.03623, 0.08658, 0.001, 0.03385, 0.01492, 0.00141, 0.01334, 0.01738, 0.02821, 0.04559, 0.04497, 0.06187, 0.00931, 0.07135, 0.09397, 0.00578, 0.04004, 0.01389, 0.00328, 0.00351, 0.00947, 0.08528, 0.04793, 0.03279, 0.09173, 0.00117, 0.00975, 0.01246, 0.00195, 0.07422, 0.08985, 0.05915, 0.00268, 0.05548, 0.00841, 0.0241, 0.0086, 0.01671, 0.01967, 0.00503, 0.00716, 0.01309, 0.02678, 0.00264],[0.20048, 0.22341, 0.21605, 0.20356, 0.22743, 0.36416],[11, 8, 5, 10, 10, 3],53,6
2.5,47,[0.02793, 0.01648, 0.04197, 0.03145, 0.02474, 0.00303, 0.02888, 0.03794, 0.00844, 0.00152, 0.00468, 0.02383, 0.03416, 0.08236, 0.00492, 0.028, 0.0051, 0.03388, 0.06613, 0.0182, 0.06646, 0.03329, 0.07497, 0.03419, 0.05274, 0.04261, 0.03083, 0.02082, 0.02746, 0.00123, 0.07154, 0.02211, 0.04913, 0.00766, 0.00105, 0.0129, 0.00416, 0.00423],[0.22476, 0.35342, 0.21583],[5, 21, 7],38,3
2.5,48,[0.00391, 0.00377, 0.01234, 0.02028, 0.00657, 0.00736, 0.0257, 0.09668, 0.00188, 0.02349, 0.0142],[],[],11,0
2.5,49,[0.04494, 0.00619, 0.0011, 0.0213, 0.04311, 0.00161, 0.09397, 0.02632, 0.03001, 0.07036, 0.00223, 0.01362, 0.00195, 0.00292, 0.00764, 0.01762, 0.00309, 0.00115, 0.06766, 0.09766, 0.02027, 0.0629, 0.0089, 0.01146, 0.00235, 0.01472, 0.00497, 0.01177, 0.00529, 0.00158, 0.07643, 0.0276, 0.00395, 0.03534, 0.00578, 0.04004, 0.01389, 0.00328, 0.00351, 0.00947, 0.08528, 0.04793, 0.03279, 0.09173, 0.00117, 0.00975, 0.01246, 0.00195, 0.07422, 0.08985, 0.05915, 0.00268],[0.22922, 0.2809, 0.22576, 0.24399, 0.21476, 0.20356],[2, 3, 7, 14, 8, 10],52,6
2.5,50,[0.03322, 0.00592, 0.01672, 0.01807, 0.02572, 0.09126, 0.06011, 0.06049],[],[],8,0
2.5,51,[0.00444, 0.00353, 0.05694, 0.00265, 0.0696, 0.01569, 0.06252, 0.00256, 0.01349, 0.06394, 0.02862, 0.04455, 0.08238],[0.25564, 0.24954],[7, 6],13,2
2.5,52,[0.02365, 0.00169, 0.07083, 0.00246, 0.01023, 0.00157, 0.02808, 0.00195, 0.00292, 0.00764, 0.01762, 0.00309, 0.00115, 0.06766, 0.09766, 0.02027, 0.0629, 0.0089, 0.01146, 0.00235, 0.01472, 0.00497, 0.01177, 0.00529, 0.00158, 0.07643, 0.0276, 0.00395, 0.03534, 0.00578, 0.04004, 0.01389, 0.00328, 0.00351, 0.00947, 0.08528, 0.04793, 0.03279, 0.09173, 0.00117, 0.00975, 0.01246, 0.00195, 0.07422, 0.08985, 0.05915, 0.00268, 0.05548, 0.00841, 0.00293, 0.08657, 0.07064],[0.20397, 0.24399, 0.21476, 0.20356],[7, 14, 8, 10],52,4
2.5,53,[0.00191, 0.09775, 0.09545, 0.03611, 0.005, 0.02899, 0.02755, 0.04623, 0.07545, 0.00965, 0.00497, 0.01177, 0.00529, 0.00158, 0.07643, 0.0276, 0.00395, 0.03534, 0.00041, 0.00333, 0.06732, 0.06766, 0.04166, 0.05422, 0.01123, 0.07508, 0.00177, 0.00534, 0.0102, 0.00244, 0.0162, 0.00711, 0.06572, 0.00234],[0.28633, 0.23017, 0.25549],[10, 8, 9],34,3
2.5,54,[0.0007, 0.00139, 0.08083, 0.08664, 0.00172, 0.04497, 0.06187, 0.00931, 0.07135, 0.09397, 0.001, 0.03385, 0.01492, 0.00141, 0.01334, 0.01738, 0.02821, 0.04559, 0.00258, 0.08518, 0.00932, 0.00384, 0.05209, 0.01736, 0.01119, 0.0847, 0.00838, 0.01458, 0.05315, 0.0847, 0.00342, 0.00534, 0.0102, 0.00244, 0.0162, 0.00711, 0.06572, 0.00234, 0.00041, 0.00333, 0.04166, 0.05422, 0.01123, 0.07508, 0.00177, 0.06017, 0.00741, 0.09371, 0.0274],[0.23027, 0.22341, 0.23508, 0.37, 0.25549],[5, 5, 8, 13, 7],49,5
2.5,55,[0.02164, 0.00758, 0.00119, 0.05472, 0.01697, 0.07588, 0.06026, 0.00202, 0.03384, 0.00789, 0.00953, 0.01769, 0.01764, 0.02252, 0.04476, 0.00247, 0.0087, 0.02943, 0.00309, 0.00532, 0.02478, 0.03451, 0.01428, 0.07549, 0.00206, 0.06831, 0.04499, 0.04026, 0.04866, 0.00262, 0.03451, 0.00271, 0.0435, 0.00113],[0.21784, 0.22778, 0.21737],[10, 9, 14],34,3
2.5,56,[0.00418, 0.0117, 0.05216, 0.06549, 0.00698, 0.00325, 0.0934, 0.07577, 0.00747, 0.08021, 0.00283, 0.08004, 0.03083, 0.00161, 0.09397, 0.02632, 0.03001, 0.07036, 0.00223, 0.01362, 0.00195, 0.00292, 0.00764, 0.01762, 0.00309, 0.00115, 0.06766, 0.09766, 0.02027, 0.0629, 0.0089, 0.01146, 0.00235, 0.01472, 0.00497, 0.01177, 0.00529, 0.00158, 0.07643, 0.0276, 0.00395, 0.03534, 0.00578, 0.04004, 0.01389, 0.00328, 0.00351, 0.00947, 0.08528, 0.04793, 0.03279],[0.25972, 0.22576, 0.24399, 0.21476],[13, 7, 14, 8],51,4
2.5,57,[0.02984, 0.0048, 0.07394, 0.00151, 0.00161, 0.09397, 0.02632, 0.03001, 0.07036, 0.00223, 0.01362, 0.00195, 0.00292, 0.00764, 0.01762, 0.00309, 0.00115, 0.06766, 0.09766, 0.02027, 0.0629, 0.0089, 0.01146, 0.00235, 0.01472, 0.00497, 0.01177, 0.00529, 0.00158, 0.07643, 0.0276, 0.00395, 0.03534, 0.00578, 0.04004, 0.01389, 0.00328, 0.00351, 0.00947, 0.08528, 0.04793, 0.03279, 0.09173, 0.00117, 0.00975, 0.01246, 0.00195, 0.07422, 0.08985, 0.05915, 0.00268, 0.05548, 0.00841, 0.00293, 0.08657, 0.07064],[0.25111, 0.22576, 0.24399, 0.21476, 0.20356],[4, 7, 14, 8, 10],56,5
2.5,58,[0.00907, 0.00208, 0.00182, 0.0138, 0.00269, 0.01595, 0.02543, 0.00829, 0.02247, 0.06265, 0.06368, 0.00296, 0.02105, 0.00603, 0.0031, 0.03083, 0.02082, 0.02746, 0.00123, 0.07154, 0.02211, 0.04913, 0.09076, 0.00766, 0.00105, 0.0129, 0.00416, 0.00423, 0.07443, 0.00428],[0.27531, 0.21583],[15, 8],30,2
2.5,59,[0.01291, 0.00949, 0.08131, 0.03666, 0.00605, 0.00713, 0.00161, 0.09397, 0.02632, 0.03001, 0.07036, 0.00223, 0.01362, 0.00195, 0.00292, 0.00764, 0.01762, 0.00309, 0.00115, 0.06766, 0.09766, 0.02027, 0.0629, 0.0089, 0.01146, 0.00235, 0.01472, 0.00497, 0.01177, 0.00529, 0.00158, 0.07643, 0.0276, 0.00395, 0.03534, 0.00578, 0.04004, 0.01389, 0.00328, 0.00351, 0.00947, 0.08528, 0.04793, 0.03279, 0.09173, 0.00117, 0.00975, 0.01246, 0.00195, 0.07422, 0.08985],[0.25741, 0.22576, 0.24399, 0.21476, 0.20356],[6, 7, 14, 8, 10],51,5
2.5,60,[0.01124, 0.01252, 0.02897, 0.09227, 0.06187, 0.06732, 0.01661, 0.04205, 0.06112, 0.07105, 0.02121, 0.02082, 0.02346, 0.09766, 0.03712, 0.00214, 0.00534, 0.0102, 0.00244, 0.0162, 0.00711, 0.06572, 0.00234, 0.00117, 0.00975, 0.01246, 0.00195, 0.07422, 0.08985, 0.05915, 0.00268, 0.05548, 0.00841, 0.00578, 0.04004, 0.01389, 0.00328, 0.00351, 0.00947],[0.24818, 0.24785, 0.31266, 0.20356],[4, 12, 7, 10],39,4
2.5,61,[0.00133, 0.01911, 0.02263, 0.06421, 0.02404, 0.00305, 0.05351, 0.07065, 0.01364, 0.02757, 0.03472, 0.0311, 0.0666, 0.00117, 0.00975, 0.01246, 0.00195, 0.07422, 0.08985, 0.05915, 0.00268, 0.05548, 0.00841, 0.00578, 0.04004],[0.25635, 0.20356],[13, 10],25,2
2.5,62,[0.01129, 0.00095, 0.04257, 0.02347, 0.05491, 0.01366, 0.01792, 0.09133, 0.06049, 0.00953, 0.01769, 0.01764, 0.02252, 0.04476, 0.00247, 0.0087, 0.02943, 0.00309, 0.00532, 0.02478, 0.03451, 0.01428, 0.07549, 0.00206, 0.06831, 0.04499, 0.04026, 0.04866, 0.00262, 0.03451, 0.00271, 0.0435, 0.00113, 0.0461, 0.03158, 0.03477, 0.02282, 0.08442, 0.0431, 0.01251, 0.03213, 0.05037, 0.02181, 0.03083, 0.041, 0.03044, 0.0158, 0.08517, 0.00199, 0.07059, 0.03325, 0.06381, 0.05717, 0.01247, 0.02665, 0.01474, 0.01411, 0.00813, 0.03351],[0.22457, 0.22778, 0.21737, 0.2075, 0.21431, 0.2237],[9, 9, 14, 11, 11, 5],59,6
2.5,63,[0.03553, 0.00089, 0.01371, 0.00462, 0.01357, 0.04489, 0.07479, 0.012, 0.00249, 0.01852, 0.0241, 0.0086, 0.01671, 0.04497, 0.06187, 0.00931, 0.07135, 0.09397, 0.001, 0.03385, 0.01492, 0.00141, 0.01334, 0.01738, 0.02821, 0.04559, 0.00258, 0.08518, 0.00932, 0.00384, 0.05209, 0.01736, 0.01119, 0.0847, 0.00838, 0.01458, 0.05315, 0.0847, 0.00342, 0.00534, 0.0102, 0.00244, 0.0162, 0.00711, 0.06572, 0.00234],[0.21242, 0.25056, 0.22341, 0.23508, 0.37, 0.25549],[10, 3, 5, 8, 13, 7],46,6
2.5,64,[0.00043, 0.00395, 0.00283, 0.09748, 0.02269, 0.02465, 0.01153, 0.06002, 0.02709, 0.00619, 0.00319, 0.02663, 0.06996, 0.00953, 0.01769, 0.01764, 0.02252, 0.04476, 0.00247, 0.0087, 0.02943, 0.00309, 0.0098, 0.01953, 0.06144, 0.07524, 0.01735, 0.09254, 0.04096, 0.04565, 0.07807, 0.08195, 0.00256, 0.01349, 0.06394, 0.02862, 0.04455, 0.08238],[0.22692, 0.20146, 0.24804, 0.24144],[13, 9, 10, 6],38,4
2.5,65,[0.00397, 0.01277, 0.0396, 0.03661, 0.01915, 0.00534, 0.0102, 0.00244, 0.0162, 0.00711, 0.06572, 0.00234, 0.04497, 0.06187, 0.00931, 0.07135, 0.09397, 0.001, 0.03385, 0.01492, 0.00141, 0.01334, 0.01738, 0.02821, 0.04559, 0.00258, 0.08518, 0.00932, 0.00384, 0.05209, 0.01736, 0.01119, 0.0847, 0.00838, 0.01458, 0.05315, 0.0847, 0.00342, 0.01767, 0.00576, 0.00958, 0.0493, 0.01101, 0.02958, 0.00505, 0.05917, 0.06488, 0.01247, 0.08125, 0.0538, 0.00041, 0.00333, 0.06766, 0.04166, 0.05422],[0.21552, 0.24222, 0.22341, 0.23508, 0.22336, 0.32272],[5, 7, 5, 8, 13, 12],55,6
2.5,66,[0.00401, 0.00356, 0.00994, 0.00162, 0.09581, 0.08443, 0.01715, 0.06099, 0.00117, 0.00975, 0.01246, 0.00195, 0.07422, 0.08985, 0.05915, 0.00268, 0.05548, 0.00841, 0.00293, 0.08657, 0.00578, 0.04004, 0.01389, 0.00328, 0.00351, 0.00947, 0.08528, 0.04793, 0.03279, 0.09173, 0.04497, 0.06187, 0.00931, 0.07135, 0.09397, 0.001, 0.03385, 0.01492, 0.00141, 0.01334, 0.01738, 0.02821, 0.04559, 0.00258, 0.08518],[0.25721, 0.20356, 0.21605, 0.22341, 0.23508],[8, 12, 10, 5, 8],45,5
2.5,67,[0.00427, 0.01866, 0.02505, 0.00146, 0.02194, 0.01407, 0.07334, 0.00177, 0.02477, 0.03122, 0.00962, 0.00497, 0.01177, 0.00529, 0.00158, 0.07643, 0.0276, 0.00395, 0.03534, 0.00041],[0.27727, 0.23017],[11, 8],20,2
2.5,68,[0.02221, 0.02139, 0.03392, 0.05138, 0.00156, 0.01907, 0.03753, 0.03079, 0.01967, 0.00503, 0.00716, 0.01309, 0.02678, 0.00264, 0.01049, 0.02567, 0.01278, 0.05554, 0.01715, 0.04097, 0.07538, 0.09429, 0.03333, 0.02963, 0.03513, 0.00687, 0.01125, 0.00117, 0.00975, 0.01246, 0.00195, 0.07422, 0.08985, 0.05915, 0.00268, 0.05548, 0.00841],[0.20633, 0.20451, 0.26009],[8, 17, 2],37,3
2.5,69,[0.04473, 0.0111, 0.06717, 0.00699, 0.09275, 0.04746, 0.0399, 0.00117, 0.00975, 0.01246, 0.00195, 0.07422, 0.08985, 0.05915, 0.00268, 0.05548, 0.00841, 0.00578, 0.04004, 0.01389, 0.00328, 0.00351, 0.00947, 0.08528, 0.04793, 0.03279, 0.09173, 0.00497, 0.01177, 0.00529, 0.00158, 0.07643, 0.0276, 0.00395, 0.03534, 0.00041, 0.00333, 0.06732, 0.06766, 0.04166, 0.05422, 0.01123, 0.00177, 0.00534, 0.0102, 0.00244, 0.0162, 0.00711, 0.06572, 0.00234, 0.04497, 0.00931, 0.07135, 0.09397, 0.00295, 0.00957],[0.21024, 0.20356, 0.21476, 0.23017, 0.25549, 0.24222],[7, 10, 10, 8, 8, 7],56,6
2.5,70,[0.00772, 0.00107, 0.0578, 0.05928, 0.03657, 0.06178, 0.00859, 0.0026, 0.041, 0.02073, 0.00191, 0.07154, 0.02074, 0.08565, 0.04627, 0.04665, 0.04716, 0.01093, 0.02218, 0.00338, 0.05114, 0.01223, 0.00835, 0.00746, 0.01543, 0.00531, 0.00153, 0.00174, 0.0093, 0.02106, 0.01065, 0.0392, 0.0243, 0.03976, 0.08442, 0.00219, 0.0241, 0.00532],[0.21992, 0.20484, 0.28664, 0.28574],[7, 10, 9, 11],38,4
2.5,71,[0.00491, 0.03367, 0.02253, 0.03962, 0.05372, 0.03851, 0.00177, 0.06412, 0.03719, 0.09076, 0.03358, 0.06726, 0.08517, 0.00766, 0.00105, 0.0129, 0.00416, 0.00423, 0.07443, 0.00428, 0.05713, 0.00786, 0.03326, 0.00927, 0.05049, 0.00327, 0.0014, 0.00146, 0.0439, 0.01437, 0.02336, 0.05977, 0.02626, 0.02969, 0.00283, 0.0221, 0.08565, 0.04006, 0.02181, 0.00247, 0.01584, 0.00153, 0.00174, 0.0093, 0.02106, 0.01065],[0.20587, 0.26729, 0.25145, 0.24814, 0.23827],[8, 5, 13, 8, 7],46,5
2.5,72,[0.02413, 0.00389, 0.01251, 0.04704, 0.00936, 0.08265, 0.02014, 0.03291, 0.03564, 0.02211, 0.01884, 0.0681, 0.03733, 0.05482, 0.00953, 0.01769, 0.01764, 0.02252, 0.04476, 0.00247, 0.0087, 0.02943, 0.00309, 0.00532, 0.02478, 0.03451, 0.01428, 0.07549, 0.00206, 0.06831, 0.04499, 0.04026, 0.04866, 0.00262, 0.03451, 0.00271, 0.0435, 0.00113, 0.0461],[0.20306, 0.22778, 0.21737],[14, 9, 14],39,3
2.5,73,[0.00263, 0.03482, 0.00795, 0.03123, 0.01499, 0.04488, 0.04628, 0.08151, 0.03144, 0.00239, 0.06391, 0.04907, 0.01967, 0.00503, 0.00716, 0.01309, 0.02678, 0.00264, 0.01049, 0.02567, 0.01278, 0.05554, 0.01715, 0.04097, 0.07538, 0.09429, 0.03333, 0.02963, 0.03513, 0.00687, 0.01125, 0.00117, 0.00975, 0.01246, 0.00195, 0.07422],[0.20193, 0.20451, 0.26009],[12, 17, 2],36,3
2.5,74,[0.0002, 0.02186, 0.02203, 0.00677, 0.00338, 0.02186, 0.03816, 0.00681, 0.08838, 0.00827, 0.05114, 0.01526, 0.03414, 0.01912, 0.03555, 0.08653, 0.00117, 0.00975, 0.01246, 0.00195, 0.07422, 0.08985, 0.05915, 0.00268, 0.05548, 0.00841, 0.00578, 0.04004, 0.01389, 0.00328, 0.00351, 0.00947, 0.08528, 0.04793, 0.03279, 0.09173],[0.21058, 0.20356],[16, 10],36,2
2.5,75,[0.00597, 0.00527, 0.01539, 0.03855, 0.00534, 0.0102, 0.00244, 0.0162, 0.00711, 0.06572, 0.00234, 0.04497, 0.06187, 0.00931, 0.07135, 0.09397, 0.001, 0.03385, 0.01492, 0.00141, 0.01334, 0.01738, 0.02821, 0.04559, 0.00258, 0.08518, 0.00932, 0.00384, 0.05209, 0.01736, 0.01119, 0.0847, 0.00838, 0.01458, 0.05315, 0.0847, 0.00342, 0.01767, 0.00576, 0.00958, 0.0493, 0.01101, 0.02958, 0.00505, 0.05917, 0.06488, 0.01247, 0.08125],[0.20151, 0.24222, 0.22341, 0.23508, 0.22336],[4, 7, 5, 8, 13],48,5
2.5,76,[0.00462, 0.02164, 0.02364, 0.01505, 0.06566, 0.02908, 0.00161, 0.09397, 0.02632, 0.03001, 0.07036, 0.00223, 0.01362, 0.00195, 0.00292, 0.00764, 0.01762, 0.00309, 0.00115],[0.34624, 0.22576],[6, 7],19,2
2.5,77,[0.01033, 0.0825, 0.08581, 0.00426, 0.00222, 0.00283, 0.0221, 0.08565, 0.04006, 0.00153, 0.00174, 0.0093, 0.02106, 0.00532, 0.02478, 0.03451, 0.01428, 0.07549, 0.00206, 0.06831, 0.04499, 0.04026, 0.04866, 0.00262, 0.03451, 0.00271, 0.0435, 0.00953, 0.01769, 0.01764, 0.02252, 0.04476, 0.00247, 0.0087, 0.02943, 0.00309, 0.0098, 0.01953, 0.06144, 0.07524, 0.01735, 0.09254, 0.04096, 0.04565, 0.07807, 0.08195, 0.00256, 0.01349, 0.06394, 0.02862, 0.04455],[0.22093, 0.23827, 0.28574, 0.22778, 0.20146, 0.24804],[5, 4, 4, 14, 9, 10],51,6
2.5,78,[0.00817, 0.04534, 0.0337, 0.02061, 0.03013, 0.00578, 0.03573, 0.00921, 0.03703, 0.05562, 0.09254, 0.0075, 0.09067, 0.00568, 0.00953, 0.01769, 0.01764, 0.02252, 0.04476, 0.00247],[0.26607, 0.20505, 0.29388],[4, 5, 5],20,3
2.5,79,[0.0016, 0.00706, 0.02152, 0.01234, 0.00429, 0.01091, 0.02819, 0.03824, 0.00639, 0.00153, 0.00174, 0.0093, 0.02106, 0.00283],[0.21091, 0.23827],[9, 4],14,2
2.5,80,[0.0393, 0.02214, 0.0596, 0.01964, 0.00532, 0.02478, 0.03451, 0.01428, 0.07549, 0.00206, 0.06831, 0.04499, 0.04026, 0.04866, 0.00262, 0.03451, 0.00271, 0.0435, 0.00953, 0.01769, 0.01764, 0.02252, 0.04476, 0.00247, 0.0087, 0.02943, 0.00309, 0.0098, 0.01953, 0.06144, 0.07524, 0.01735, 0.09254, 0.04096, 0.04565, 0.07807, 0.08195, 0.00256, 0.01349, 0.06394, 0.02862, 0.04455, 0.08238],[0.28501, 0.22778, 0.20146, 0.24804, 0.24144],[4, 14, 9, 10, 6],43,5
2.5,81,[0.02703, 0.01908, 0.001, 0.00919, 0.03163, 0.03675, 0.0065, 0.06504, 0.07369, 0.04695, 0.02821, 0.02132, 0.0322, 0.00654, 0.07234],[],[],15,0
2.5,82,[0.02035, 0.03334, 0.09738, 0.06427, 0.02294, 0.01162, 0.00041, 0.00333, 0.06732, 0.06766, 0.04166, 0.05422, 0.01123, 0.07508, 0.00177, 0.00497, 0.01177, 0.00529, 0.00158, 0.07643, 0.0276, 0.00395, 0.03534, 0.00578, 0.04004, 0.01389, 0.00328, 0.00351, 0.00947, 0.04793, 0.03279, 0.09173, 0.00117, 0.00975, 0.01246, 0.00195, 0.07422, 0.08985, 0.05915, 0.00268, 0.05548, 0.00841, 0.00293, 0.08657, 0.07064, 0.02268, 0.00326, 0.0241],[0.24555, 0.23017, 0.21476, 0.20356, 0.22743],[6, 9, 8, 9, 15],48,5
2.5,83,[0.01445, 0.00095, 0.01481, 0.00197, 0.03231, 0.01929, 0.021, 0.00631, 0.0485, 0.0173, 0.09577, 0.06089, 0.0175, 0.06867, 0.00948, 0.04167, 0.03274, 0.03681, 0.03083, 0.02082, 0.02746, 0.00123, 0.07154, 0.02211, 0.04913, 0.09076, 0.00766, 0.00105, 0.0129, 0.00416],[0.33931, 0.21583],[18, 8],30,2
2.5,84,[0.05644, 0.02443, 0.04986, 0.08586, 0.04138, 0.08794, 0.00819, 0.0676, 0.00283, 0.0221, 0.08565, 0.04006, 0.02181, 0.00247, 0.01584, 0.02208, 0.01748, 0.00277, 0.02185, 0.02821, 0.00377, 0.03582],[0.2076, 0.2013],[8, 7],22,2
2.5,85,[0.00588, 0.00701, 0.04174, 0.00125, 0.04332, 0.03967, 0.0063, 0.00851, 0.05409, 0.00695, 0.09896, 0.0199, 0.00953, 0.01769, 0.01764, 0.02252, 0.04476, 0.00247, 0.0087, 0.02943, 0.00309, 0.00532, 0.02478, 0.03451, 0.01428, 0.07549, 0.00206, 0.06831, 0.04499, 0.04026, 0.04866, 0.00262, 0.03451, 0.00271, 0.0435, 0.00113, 0.0461, 0.03158, 0.03477, 0.02282, 0.08442, 0.0431, 0.01251, 0.03213, 0.05037, 0.02181],[0.20525, 0.22778, 0.21737, 0.2075],[12, 9, 14, 11],46,4
2.5,86,[0.02012, 0.05395, 0.00161, 0.09397, 0.02632, 0.03001, 0.07036, 0.00223, 0.01362, 0.00195, 0.00292, 0.00764, 0.01762, 0.00309, 0.00115, 0.06766, 0.09766, 0.02027, 0.0629, 0.0089, 0.01146, 0.00235, 0.01472, 0.00497, 0.01177, 0.00529, 0.00158, 0.07643, 0.0276, 0.00395, 0.03534, 0.00578, 0.04004, 0.01389, 0.00328, 0.00351, 0.00947, 0.08528, 0.04793, 0.03279, 0.09173, 0.00117, 0.00975, 0.01246, 0.00195, 0.07422, 0.08985, 0.05915, 0.00268, 0.05548, 0.00841, 0.00293, 0.08657, 0.07064],[0.20058, 0.22576, 0.24399, 0.21476, 0.20356],[2, 7, 14, 8, 10],54,5
2.5,87,[0.00896, 0.01817, 0.00513, 0.00109, 0.00282, 0.09369, 0.08648, 0.07689, 0.00697, 0.08689, 0.00248, 0.00117, 0.00975, 0.01246, 0.00195, 0.07422, 0.08985, 0.05915, 0.00268, 0.05548, 0.00841, 0.00293, 0.08657, 0.07064, 0.02268, 0.00326, 0.00578, 0.04004, 0.01389, 0.00328, 0.00351, 0.00947, 0.08528, 0.04793, 0.03279, 0.04497, 0.06187, 0.00931, 0.07135, 0.09397, 0.001, 0.03385, 0.01492, 0.00141, 0.01334, 0.01738, 0.02821, 0.04559],[0.22223, 0.20356, 0.21605, 0.22341],[11, 15, 9, 5],48,4
2.5,88,[0.0218, 0.01541, 0.03578, 0.00139, 0.0115, 0.02901, 0.05474, 0.02261, 0.03117, 0.03268, 0.04884, 0.03083, 0.02082, 0.02746, 0.00123, 0.07154, 0.02211, 0.04913, 0.09076, 0.00766, 0.00105, 0.0129, 0.00416, 0.00423, 0.07443, 0.00428],[0.31328, 0.21583],[11, 8],26,2
2.5,89,[0.01848, 0.00441, 0.06136, 0.01705, 0.01377, 0.03935, 0.00467, 0.04186, 0.03231],[],[],9,0
2.5,90,[0.00078, 0.04016, 0.08524, 0.00162, 0.00166, 0.00807, 0.00278, 0.00666, 0.01007, 0.05775, 0.00497, 0.01177, 0.00529, 0.00158, 0.07643, 0.0276, 0.00395, 0.03534, 0.00041, 0.00333, 0.06732, 0.06766, 0.04166, 0.05422, 0.01123, 0.07508, 0.00177, 0.00534, 0.0102, 0.00244, 0.0162, 0.00711, 0.06572, 0.00234, 0.04497, 0.00931, 0.07135, 0.09397, 0.00295, 0.00957, 0.00325, 0.03993],[0.24979, 0.23017, 0.25549, 0.24222],[10, 8, 9, 7],42,4
2.5,91,[0.00267, 0.00154, 0.01797, 0.06246, 0.00228, 0.00232, 0.01455, 0.04509, 0.00497, 0.01177, 0.00529, 0.00158, 0.07643, 0.0276, 0.00395, 0.03534, 0.00041, 0.00333, 0.06732, 0.06766, 0.04166, 0.05422, 0.01123, 0.07508, 0.00177, 0.00534, 0.0102, 0.00244, 0.0162, 0.00711, 0.06572, 0.00234, 0.04497, 0.00931, 0.07135, 0.09397, 0.00295, 0.00957, 0.00325],[0.27688, 0.23017, 0.25549, 0.24222],[8, 8, 9, 7],39,4
2.5,92,[0.00101, 0.02822, 0.01816, 0.05224, 0.03713, 0.08445, 0.00497, 0.01177, 0.00529, 0.00158, 0.07643, 0.0276, 0.00395, 0.03534, 0.00041, 0.00333, 0.06732, 0.06766, 0.04166, 0.05422, 0.01123, 0.07508, 0.00177, 0.00534, 0.0102, 0.00244, 0.0162, 0.00711, 0.06572, 0.00234, 0.04558],[0.24356, 0.23017, 0.25549],[6, 8, 9],31,3
2.5,93,[0.00798, 0.0287, 0.02898, 0.05309, 0.0012, 0.00369, 0.03486, 0.00568, 0.01463, 0.03693, 0.01134, 0.00523, 0.00907, 0.02665, 0.01474, 0.01411, 0.00813, 0.03351, 0.00532, 0.02478, 0.03451, 0.01428, 0.07549, 0.00206, 0.06831, 0.04499, 0.04026, 0.04866, 0.00262, 0.03451, 0.00271, 0.0435, 0.00953, 0.01769, 0.01764, 0.02252, 0.04476, 0.00247, 0.0087, 0.02943, 0.00309, 0.0098, 0.01953, 0.06144, 0.07524, 0.01735, 0.09254, 0.04096],[0.22916, 0.24727, 0.22778, 0.20146],[13, 5, 14, 9],48,4
2.5,94,[0.00898, 0.08514, 0.08876, 0.00166, 0.01576, 0.00219, 0.01417, 0.00041, 0.00333, 0.06732, 0.06766, 0.04166, 0.05422, 0.01123, 0.07508, 0.00177, 0.00497, 0.01177, 0.00529, 0.00158, 0.07643, 0.0276, 0.00395, 0.03534, 0.00578, 0.04004, 0.01389, 0.00328, 0.00351, 0.00947, 0.04793, 0.03279, 0.09173, 0.00117, 0.00975, 0.01246, 0.00195, 0.07422, 0.08985, 0.05915, 0.00268, 0.05548, 0.00841, 0.00293, 0.08657, 0.07064, 0.02268, 0.00326, 0.0241, 0.0086, 0.01671, 0.00392, 0.07262, 0.00233, 0.07365],[0.2111, 0.23017, 0.21476, 0.20356, 0.22743],[7, 9, 8, 9, 15],55,5
2.5,95,[0.03745, 0.01284, 0.00289, 0.00604, 0.03804, 0.01698, 0.00124, 0.00126, 0.03066, 0.00169, 0.04327, 0.07508, 0.00928, 0.01034, 0.00953, 0.01769, 0.01764, 0.02252, 0.04476, 0.00247, 0.0087, 0.02943, 0.00309, 0.0098, 0.01953, 0.06144, 0.07524, 0.01735, 0.09254, 0.04096, 0.04565, 0.07807, 0.08195, 0.00256, 0.01349, 0.06394],[0.23305, 0.20146, 0.24804],[14, 9, 10],36,3
2.5,96,[0.04968, 0.06272, 0.0516, 0.00298, 0.08005, 0.01836, 0.07678, 0.00161, 0.09397, 0.02632, 0.03001, 0.07036, 0.00223, 0.01362, 0.04166, 0.04709, 0.00176, 0.08518, 0.00196, 0.01559, 0.03334, 0.0493, 0.00867, 0.05502, 0.01661, 0.04205, 0.06112, 0.07105, 0.02121, 0.02082, 0.02346, 0.03712, 0.00214, 0.00488, 0.05359, 0.07008, 0.01098],[0.22459, 0.2984, 0.20428, 0.22854],[7, 7, 5, 5],37,4
2.5,97,[0.02448, 0.00704, 0.01719, 0.06909, 0.00177, 0.03122, 0.06022, 0.00439, 0.04202, 0.01927, 0.05955, 0.00497, 0.01177, 0.00529, 0.00158, 0.07643, 0.0276, 0.00395, 0.03534, 0.00041, 0.00333, 0.06732, 0.06766, 0.04166, 0.05422, 0.01123, 0.07508, 0.00177, 0.00534, 0.0102, 0.00244, 0.0162, 0.00711, 0.06572, 0.00234, 0.04497, 0.00931, 0.07135, 0.09397, 0.00295, 0.00957],[0.21585, 0.21922, 0.23017, 0.25549, 0.24222],[9, 2, 8, 9, 7],41,5
2.5,98,[0.0335, 0.0014, 0.02645, 0.06419, 0.03083, 0.02082, 0.02746, 0.00123, 0.07154, 0.02211, 0.04913, 0.09076, 0.00766, 0.00105, 0.0129, 0.00416, 0.00423, 0.07443, 0.00428, 0.05713, 0.00786, 0.03326, 0.00927, 0.05049, 0.00327, 0.0014, 0.00146, 0.0439, 0.01437, 0.02336, 0.02626, 0.02969, 0.00283, 0.0221, 0.04006, 0.02181, 0.00247, 0.01584, 0.00153, 0.00174, 0.0093, 0.02106, 0.01065, 0.0392],[0.26912, 0.21583, 0.25145, 0.24814, 0.23827],[4, 8, 13, 7, 6],44,5
2.5,99,[0.00215, 0.01485, 0.00497, 0.01177, 0.00529, 0.00158, 0.07643, 0.0276, 0.00395, 0.03534, 0.00041, 0.00333, 0.06732, 0.06766, 0.04166, 0.05422, 0.01123, 0.07508, 0.00177, 0.00534, 0.0102, 0.00244, 0.0162, 0.00711, 0.06572, 0.00234, 0.04497, 0.00931, 0.07135, 0.09397, 0.00295, 0.00957, 0.00325, 0.03993, 0.04162, 0.01461, 0.08215, 0.001, 0.03385, 0.01492],[0.22197, 0.23017, 0.25549, 0.24222, 0.22341],[2, 8, 9, 7, 11],40,5
2.5,100,[0.028, 0.00091, 0.006, 0.00124, 0.01649, 0.0358, 0.00316, 0.06894, 0.01481, 0.09734, 0.01633, 0.02025, 0.01776, 0.02707, 0.03744, 0.0265],[],[],16,0
2.5,101,[0.00616, 0.00506, 0.01048, 0.01728, 0.00338, 0.0728, 0.00926, 0.01417, 0.04727, 0.03746, 0.0026, 0.041, 0.02073, 0.00191, 0.07154, 0.02074, 0.08565, 0.04627, 0.04665, 0.04716, 0.01093, 0.02218, 0.00338, 0.05114, 0.01223, 0.00835, 0.00746, 0.01543, 0.00531, 0.00153, 0.00174, 0.0093, 0.02106, 0.01065, 0.0392, 0.0243, 0.03976, 0.00219],[0.22485, 0.20484, 0.28664],[10, 10, 9],38,3
2.5,102,[0.0093, 0.02075, 0.02222, 0.04985, 0.00755, 0.00253, 0.00953, 0.01769, 0.01764, 0.02252, 0.04476, 0.00247, 0.0087, 0.02943, 0.00309, 0.00532, 0.02478, 0.03451, 0.01428, 0.07549, 0.00206, 0.06831, 0.04499, 0.04026, 0.04866, 0.00262, 0.03451, 0.00271, 0.0435, 0.00113, 0.0461, 0.03158, 0.03477, 0.02282, 0.08442, 0.0431, 0.01251, 0.03213, 0.05037, 0.02181, 0.03083, 0.041, 0.03044, 0.0158, 0.08517, 0.00199, 0.07059, 0.03325, 0.06381, 0.05717, 0.01247, 0.02665, 0.01474, 0.01411, 0.00813, 0.03351],[0.20231, 0.22778, 0.21737, 0.2075, 0.21431, 0.2237],[6, 9, 14, 11, 11, 5],56,6
2.5,103,[0.01872, 0.03927, 0.05349, 0.04647, 0.0087, 0.0238, 0.08767, 0.05039, 0.01333, 0.07258, 0.04972, 0.00253, 0.00786, 0.03083, 0.041, 0.03044, 0.0158, 0.08517, 0.00199, 0.07059, 0.03325, 0.06381, 0.05717, 0.01247, 0.02665, 0.01474, 0.01411, 0.00813, 0.03351, 0.00532, 0.02478, 0.03451, 0.01428, 0.07549, 0.00206, 0.06831, 0.04499],[0.21088, 0.21431, 0.24727],[13, 11, 5],37,3
2.5,104,[0.01936, 0.04624, 0.01449, 0.01062, 0.00749, 0.00534, 0.0102, 0.00244, 0.0162, 0.00711, 0.06572, 0.00234, 0.04497, 0.06187, 0.00931, 0.07135, 0.09397, 0.001, 0.03385, 0.01492, 0.00141, 0.01334, 0.01738, 0.02821, 0.04559, 0.00258, 0.08518, 0.00932, 0.00384, 0.05209, 0.01736, 0.01119, 0.0847, 0.00838, 0.01458, 0.05315, 0.0847, 0.00342, 0.01767, 0.00576, 0.00958, 0.0493, 0.01101, 0.02958, 0.00505, 0.05917, 0.06488, 0.01247, 0.08125, 0.0538, 0.00041, 0.00333, 0.06766, 0.04166, 0.05422],[0.22079, 0.24222, 0.22341, 0.23508, 0.22336, 0.32272],[5, 7, 5, 8, 13, 12],55,6
2.5,105,[0.00057, 0.03703, 0.00538, 0.00287, 0.00637, 0.05669, 0.04521, 0.01054, 0.06071, 0.01637, 0.07175, 0.0094, 0.05764, 0.00841, 0.00975, 0.04046],[],[],16,0
2.5,106,[0.00044, 0.03589, 0.01483, 0.01343, 0.02216, 0.02561, 0.01967, 0.00503, 0.00716, 0.01309, 0.02678, 0.00264, 0.01049, 0.02567, 0.01278, 0.05554, 0.01715, 0.04097, 0.07538, 0.09429, 0.03333, 0.02963, 0.03513, 0.00687, 0.01125, 0.00117, 0.00975, 0.01246, 0.00195, 0.07422, 0.08985],[0.26653, 0.20451, 0.26009],[6, 17, 2],31,3
2.5,107,[0.02703, 0.01846, 0.02114, 0.01102, 0.00753, 0.00716, 0.03385, 0.00978, 0.07486, 0.02865, 0.08401, 0.05537, 0.00543, 0.0249, 0.00559, 0.09447, 0.02466, 0.01585, 0.00326, 0.07011, 0.0707, 0.05139, 0.02418, 0.00953, 0.01769, 0.01764, 0.02252, 0.04476, 0.00247, 0.0087, 0.02943, 0.00309, 0.0098, 0.01953, 0.06144, 0.07524, 0.01735, 0.09254, 0.04096, 0.04565, 0.07807, 0.08195],[0.25451, 0.20146],[23, 9],42,2
2.5,108,[0.02208, 0.03757, 0.03705, 0.02441, 0.00539, 0.03684, 0.01213, 0.00793, 0.00204, 0.01967, 0.00503, 0.00716, 0.01309, 0.02678, 0.00264, 0.01049, 0.02567, 0.01278, 0.05554, 0.01715, 0.04097, 0.07538, 0.09429, 0.03333, 0.02963, 0.03513, 0.00687, 0.01125, 0.00117, 0.00975, 0.01246, 0.00195, 0.07422, 0.08985, 0.05915, 0.00268, 0.05548, 0.00841, 0.00578, 0.04004, 0.01389, 0.00328, 0.00351, 0.00947, 0.08528, 0.04793, 0.03279, 0.09173],[0.20808, 0.20451, 0.26009, 0.20356],[9, 17, 2, 10],48,4
2.5,109,[0.00024, 0.04739, 0.06394, 0.09847, 0.02071, 0.00229, 0.08753, 0.04981, 0.02055, 0.00256, 0.01349, 0.06394, 0.02862, 0.04455, 0.08238, 0.00953, 0.01769, 0.01764, 0.02252, 0.04476, 0.00247, 0.0087, 0.02943, 0.00309, 0.0098, 0.01953, 0.06144, 0.07524, 0.01735, 0.09254, 0.04096, 0.04565, 0.07807, 0.08195, 0.01967, 0.00503, 0.00716, 0.01309, 0.02678, 0.00264, 0.01049],[0.22051, 0.24954, 0.20146, 0.43018],[9, 6, 9, 10],41,4
2.5,110,[0.03483, 0.00636, 0.03408, 0.01981, 0.02654, 0.01907, 0.00953, 0.01769, 0.01764, 0.02252, 0.04476, 0.00247, 0.0087, 0.02943, 0.00309, 0.00532, 0.02478, 0.03451, 0.01428, 0.07549, 0.00206, 0.06831, 0.04499, 0.04026, 0.04866, 0.00262, 0.03451, 0.00271, 0.0435, 0.00113, 0.0461, 0.03158, 0.03477, 0.02282, 0.08442, 0.0431, 0.01251, 0.03213, 0.05037, 0.02181, 0.03083, 0.041, 0.03044, 0.0158, 0.08517, 0.00199, 0.07059, 0.03325, 0.06381, 0.05717, 0.01247, 0.02665, 0.01474, 0.01411, 0.00813, 0.03351],[0.21195, 0.22778, 0.21737, 0.2075, 0.21431, 0.2237],[6, 9, 14, 11, 11, 5],56,6
2.5,111,[0.00192, 0.06848, 0.03073, 0.01562, 0.05955, 0.01742, 0.05856, 0.02294, 0.05008, 0.00213, 0.05802, 0.00433, 0.00247, 0.00263, 0.01164, 0.00161, 0.09397, 0.02632, 0.03001, 0.07036, 0.00223, 0.01362, 0.00195, 0.00292, 0.00764, 0.01762, 0.00309, 0.00115, 0.06766, 0.09766, 0.02027, 0.0629, 0.0089, 0.01146, 0.00235, 0.01472, 0.00497, 0.01177, 0.00529, 0.00158, 0.07643, 0.0276, 0.00395, 0.03534, 0.00578, 0.04004, 0.01389, 0.00328, 0.00351, 0.00947, 0.08528, 0.04793, 0.03279, 0.09173, 0.00117, 0.00975, 0.01246, 0.00195, 0.07422],[0.31445, 0.22576, 0.24399, 0.21476, 0.20356],[15, 7, 14, 8, 10],59,5
2.5,112,[0.01297, 0.0102, 0.00075, 0.06813, 0.04929, 0.08008, 0.03912, 0.00227, 0.00235, 0.06069, 0.03048, 0.03564, 0.05555],[],[],13,0
2.5,113,[0.00914, 0.03174, 0.05417, 0.02098, 0.06959, 0.09241, 0.03457, 0.00536, 0.00532, 0.02478, 0.03451, 0.01428, 0.07549, 0.00206, 0.06831, 0.04499, 0.04026, 0.04866, 0.00262, 0.03451, 0.00271, 0.0435, 0.00953, 0.01769, 0.01764, 0.02252, 0.04476, 0.00247, 0.0087, 0.02943, 0.00309, 0.0098, 0.01953, 0.06144, 0.07524, 0.01735, 0.09254, 0.04096, 0.04565, 0.07807],[0.23605, 0.22778, 0.20146],[8, 14, 9],40,3
2.5,114,[0.01182, 0.02646, 0.00711, 0.00947, 0.08756, 0.02157, 0.00161, 0.09397, 0.02632, 0.03001, 0.07036, 0.00223, 0.01362, 0.04166, 0.04709, 0.00176, 0.08518, 0.00196, 0.01559, 0.03334, 0.0493, 0.00867, 0.05502, 0.01661, 0.04205, 0.06112, 0.07105, 0.02121, 0.02082, 0.02346, 0.03712, 0.00214, 0.00488, 0.05359, 0.07008, 0.00534, 0.0102],[0.22984, 0.2984, 0.20428, 0.22854, 0.24785],[6, 7, 5, 5, 12],37,5
2.5,115,[0.00521, 0.00312, 0.01808, 0.0402, 0.01612, 0.00632, 0.01114, 0.00762, 0.0129, 0.07673, 0.02751, 0.0224, 0.07869, 0.00313, 0.05751, 0.01716, 0.02417, 0.00117, 0.00975, 0.01246, 0.00195, 0.07422, 0.08985, 0.05915, 0.00268, 0.05548],[0.28126],[17],26,1
2.5,116,[0.00018, 0.06072, 0.00133, 0.00153, 0.08399, 0.06072, 0.03201, 0.09867, 0.03458, 0.01467, 0.02996, 0.02241, 0.00463, 0.03392, 0.00244, 0.00741, 0.00117, 0.00975, 0.01246, 0.00195, 0.07422, 0.08985, 0.05915, 0.00268, 0.05548, 0.00841, 0.00293, 0.08657, 0.00578, 0.04004, 0.01389, 0.00328, 0.00351, 0.00947, 0.08528, 0.04793, 0.03279, 0.09173, 0.04497, 0.06187, 0.00931, 0.07135, 0.09397, 0.001, 0.03385, 0.01492, 0.00141],[0.22383, 0.20356, 0.21605, 0.22341],[16, 12, 10, 5],47,4
2.5,117,[0.00165, 0.03388, 0.05608, 0.0575, 0.02217, 0.00469, 0.00496, 0.06054, 0.03894, 0.02202, 0.03873, 0.04978, 0.02601, 0.05964, 0.07008, 0.00674, 0.04497, 0.06187, 0.00931, 0.07135, 0.09397, 0.001, 0.03385, 0.01492, 0.00141, 0.01334, 0.01738, 0.02821, 0.04559],[0.22688, 0.22341, 0.23508],[16, 5, 8],29,3
2.5,118,[0.02718, 0.00518, 0.01789, 0.00408, 0.01453, 0.06395, 0.07448, 0.0135, 0.02641, 0.0894, 0.00621, 0.00161, 0.09397, 0.02632, 0.03001, 0.07036, 0.00223, 0.01362, 0.00265, 0.00274, 0.09968, 0.06801, 0.06126, 0.04166, 0.04709, 0.00176, 0.08518, 0.00196, 0.00534, 0.0102, 0.00244, 0.0162, 0.00711, 0.06572, 0.00234, 0.00117],[0.20385, 0.2984, 0.32926, 0.31266],[11, 12, 5, 7],36,4
2.5,119,[0.01631, 0.0072, 0.09208, 0.00334, 0.00192, 0.04644, 0.00233, 0.00775, 0.03911, 0.00299, 0.01967, 0.00503, 0.00716, 0.01309, 0.02678, 0.00264, 0.01049, 0.02567, 0.01278, 0.05554, 0.01715, 0.04097, 0.07538, 0.09429, 0.03333, 0.02963, 0.03513, 0.00687, 0.01125, 0.00117, 0.00975, 0.01246, 0.00195, 0.07422, 0.08985, 0.05915, 0.00268, 0.05548, 0.00841, 0.00578, 0.04004, 0.01389, 0.00328, 0.00351, 0.00947, 0.08528, 0.04793, 0.03279, 0.09173],[0.21829, 0.20451, 0.26009, 0.20356],[10, 17, 2, 10],49,4
2.5,120,[0.03397, 0.04133, 0.00797, 0.02727, 0.02789, 0.01129, 0.00243, 0.00261, 0.00533, 0.01213, 0.05464, 0.0402, 0.03771, 0.02219],[],[],14,0
2.5,121,[0.00237, 0.04221, 0.03531, 0.03013, 0.00578, 0.03573, 0.00921, 0.03703, 0.05562, 0.09254, 0.0075, 0.09067, 0.00568, 0.00953, 0.01769, 0.01764, 0.02252, 0.04476, 0.00247],[0.20152, 0.20505, 0.29388],[3, 5, 5],19,3
2.5,122,[0.00723, 0.02902, 0.05564, 0.02259, 0.01609, 0.00825, 0.06775, 0.02194, 0.00702, 0.00256, 0.01349, 0.06394, 0.02862, 0.04455, 0.08238, 0.00953, 0.01769, 0.01764, 0.02252, 0.04476, 0.00247, 0.0087, 0.02943, 0.00309, 0.0098, 0.01953, 0.06144, 0.07524, 0.01735, 0.09254, 0.04096],[0.26009, 0.24954, 0.20146],[9, 6, 9],31,3
2.5,123,[0.01331, 0.00931, 0.0012, 0.06456, 0.01514, 0.05642, 0.00953, 0.01769, 0.01764, 0.02252, 0.04476, 0.00247, 0.0087, 0.02943, 0.00309, 0.00532, 0.02478, 0.03451, 0.01428, 0.07549, 0.00206, 0.06831, 0.04499, 0.04026, 0.04866, 0.00262, 0.03451, 0.00271, 0.0435, 0.00113, 0.0461, 0.03158, 0.03477, 0.02282, 0.08442, 0.0431, 0.01251, 0.03213, 0.05037, 0.02181, 0.03083, 0.041, 0.03044, 0.0158, 0.08517, 0.00199, 0.07059, 0.03325, 0.06381, 0.05717, 0.01247, 0.02665, 0.01474, 0.01411, 0.00813, 0.03351],[0.23656, 0.22778, 0.21737, 0.2075, 0.21431, 0.2237],[6, 9, 14, 11, 11, 5],56,6
2.5,124,[0.07526, 0.01516, 0.02078, 0.03812, 0.00177, 0.0278, 0.05219, 0.00826, 0.03375, 0.01967, 0.00503, 0.00716, 0.01309, 0.02678, 0.00264, 0.01049, 0.02567, 0.01278, 0.05554, 0.01715, 0.04097, 0.07538, 0.09429, 0.03333, 0.02963, 0.03513, 0.00687, 0.01125, 0.00117, 0.00975, 0.01246, 0.00195, 0.07422, 0.08985, 0.05915, 0.00268, 0.05548, 0.00841, 0.00578, 0.04004, 0.01389, 0.00328, 0.00351, 0.00947, 0.08528, 0.04793, 0.03279, 0.09173],[0.23329, 0.20451, 0.26009, 0.20356],[9, 17, 2, 10],48,4
2.5,125,[0.01423, 0.01049, 0.00161, 0.09397, 0.02632, 0.03001, 0.07036, 0.00223, 0.01362, 0.00195, 0.00292, 0.00764, 0.01762, 0.00309, 0.00115, 0.06766, 0.09766, 0.02027, 0.0629, 0.0089, 0.01146, 0.00235, 0.01472, 0.00497, 0.01177, 0.00529, 0.00158, 0.07643, 0.0276, 0.00395, 0.03534, 0.00578, 0.04004, 0.01389, 0.00328, 0.00351, 0.00947, 0.08528, 0.04793, 0.03279, 0.09173, 0.00117, 0.00975, 0.01246, 0.00195, 0.07422, 0.08985, 0.05915, 0.00268, 0.05548, 0.00841, 0.00293, 0.08657, 0.07064],[0.24859, 0.22576, 0.24399, 0.21476, 0.20356],[2, 7, 14, 8, 10],54,5
2.5,126,[0.0023, 0.00041, 0.00097, 0.03424, 0.00953, 0.01769, 0.01764, 0.02252, 0.04476, 0.00247, 0.0087, 0.02943, 0.00309, 0.00532, 0.02478, 0.03451, 0.01428, 0.07549, 0.00206, 0.06831, 0.04499, 0.04026, 0.04866, 0.00262, 0.03451, 0.00271, 0.0435, 0.00113, 0.0461, 0.03158, 0.03477, 0.02282, 0.08442, 0.0431, 0.01251, 0.03213, 0.05037, 0.02181, 0.03083, 0.041, 0.03044, 0.0158, 0.08517, 0.00199, 0.07059, 0.03325, 0.06381, 0.05717, 0.01247, 0.02665, 0.01474, 0.01411, 0.00813, 0.03351],[0.2457, 0.22778, 0.21737, 0.2075, 0.21431, 0.2237],[4, 9, 14, 11, 11, 5],54,6
2.5,127,[0.04162, 0.00704, 0.00611, 0.03151, 0.07323, 0.05799, 0.00424, 0.06624, 0.03968, 0.0241, 0.0086, 0.01671, 0.00117, 0.00975, 0.01246, 0.00195, 0.07422, 0.08985, 0.05915, 0.00268, 0.05548, 0.00841, 0.00578, 0.04004, 0.01389, 0.00328, 0.00351, 0.00947, 0.08528, 0.04793, 0.03279, 0.09173, 0.00497, 0.01177, 0.00529, 0.00158, 0.07643, 0.0276, 0.00395, 0.03534, 0.0723, 0.0241],[0.20305, 0.22743, 0.20356, 0.21476],[9, 3, 10, 10],42,4
2.5,128,[0.00057, 0.00087, 0.03625, 0.0031, 0.0032, 0.00687, 0.01125, 0.01967, 0.00503, 0.00716, 0.01309, 0.02678, 0.00264, 0.01049, 0.02567, 0.01278, 0.05554, 0.01715, 0.04097, 0.07538, 0.09429, 0.03333, 0.02963, 0.03513, 0.00953, 0.01769, 0.01764, 0.02252, 0.04476, 0.00247, 0.0087, 0.02943, 0.00309, 0.00532, 0.02478, 0.03451, 0.01428, 0.07549, 0.00206, 0.06831, 0.04499, 0.04026, 0.04866, 0.00262, 0.03451, 0.00271, 0.0435],[0.24105, 0.20451, 0.30855, 0.22778],[5, 2, 17, 9],47,4
2.5,129,[0.03728, 0.01068, 0.08703, 0.00487, 0.07537, 0.03847, 0.02104, 0.08222, 0.01153, 0.05352, 0.00256, 0.01349, 0.06394, 0.02862, 0.04455, 0.08238, 0.00953, 0.01769, 0.01764, 0.02252, 0.04476, 0.00247, 0.0087, 0.02943, 0.00309, 0.0098, 0.01953, 0.06144, 0.07524, 0.01735, 0.09254, 0.04096, 0.04565, 0.07807, 0.08195, 0.01967, 0.00503, 0.00716, 0.01309, 0.02678, 0.00264, 0.01049],[0.2319, 0.24954, 0.20146, 0.43018],[10, 6, 9, 10],42,4
2.5,130,[0.00023, 0.03968, 0.04564, 0.00568, 0.00121, 0.04503, 0.04907, 0.06494, 0.02485, 0.00117, 0.00975, 0.01246, 0.00195, 0.07422, 0.08985, 0.05915, 0.00268, 0.05548, 0.00841, 0.0241, 0.0086, 0.01671, 0.04497, 0.06187, 0.00931, 0.07135, 0.09397, 0.001, 0.03385, 0.01492, 0.00141, 0.01334, 0.01738, 0.02821, 0.04559, 0.00258, 0.08518, 0.00932, 0.00384, 0.05209, 0.01736, 0.01119],[0.21671, 0.22743, 0.25056, 0.22341, 0.23508],[9, 10, 3, 5, 8],42,5
2.5,131,[0.00047, 0.06111, 0.03965, 0.08891, 0.00117, 0.00975, 0.01246, 0.00195, 0.07422, 0.08985, 0.05915, 0.00268, 0.05548, 0.00841, 0.0241, 0.0086, 0.01671, 0.04497, 0.06187, 0.00931, 0.07135, 0.09397, 0.001, 0.03385, 0.01492, 0.00141, 0.01334, 0.01738, 0.02821, 0.04559, 0.00258, 0.08518, 0.00932, 0.00384, 0.05209, 0.01736, 0.01119, 0.0847, 0.00838, 0.01458, 0.05315, 0.0847, 0.00342, 0.00534, 0.0102, 0.00244, 0.0162, 0.00711, 0.06572, 0.00234],[0.26449, 0.22743, 0.25056, 0.22341, 0.23508, 0.37, 0.25549],[4, 10, 3, 5, 8, 13, 7],50,7
2.5,132,[0.00263, 0.02154, 0.01967, 0.00503, 0.00716, 0.01309, 0.02678, 0.00264, 0.01049, 0.02567, 0.01278, 0.05554, 0.01715, 0.04097, 0.07538, 0.09429, 0.03333, 0.02963, 0.03513, 0.00687, 0.01125, 0.00117, 0.00975, 0.01246, 0.00195, 0.07422, 0.08985, 0.05915, 0.00268, 0.05548, 0.00841, 0.00578, 0.04004, 0.01389, 0.00328, 0.00351, 0.00947, 0.08528, 0.04793, 0.03279, 0.09173],[0.29914, 0.20451, 0.26009, 0.20356],[2, 17, 2, 10],41,4
2.5,133,[0.02746, 0.00108, 0.0264, 0.08236, 0.06778, 0.01888, 0.00556, 0.04547, 0.00041, 0.00333, 0.06732, 0.06766, 0.04166, 0.05422, 0.01123, 0.07508, 0.00177, 0.00497, 0.01177, 0.00529, 0.00158, 0.0276, 0.00395, 0.03534, 0.00578, 0.04004, 0.01389, 0.00328, 0.00351, 0.00947, 0.04793, 0.03279, 0.09173, 0.04497, 0.00931],[0.22826, 0.23017, 0.21476, 0.21605],[8, 9, 7, 9],35,4
2.5,134,[0.0108, 0.00655, 0.01236, 0.00841, 0.0116, 0.002, 0.00913, 0.01828, 0.09345, 0.01222, 0.08555, 0.07312, 0.08458, 0.00953, 0.01769, 0.01764, 0.02252, 0.04476, 0.00247, 0.0087, 0.02943, 0.00309, 0.00532, 0.02478, 0.03451, 0.01428, 0.07549, 0.00206, 0.06831, 0.04499, 0.04026, 0.04866, 0.00262, 0.03451, 0.00271, 0.0435, 0.00113, 0.0461, 0.03158, 0.03477, 0.02282, 0.08442, 0.0431, 0.01251],[0.2248, 0.22778, 0.21737],[13, 9, 14],44,3
2.5,135,[0.00235, 0.01819, 0.00605, 0.00947, 0.0631, 0.01444, 0.05926, 0.03217, 0.0179, 0.00699, 0.00953, 0.01769, 0.01764, 0.02252, 0.04476, 0.00247, 0.0087, 0.02943, 0.00309, 0.00532, 0.02478, 0.03451, 0.01428, 0.07549, 0.00206, 0.06831, 0.04499, 0.04026, 0.04866, 0.00262, 0.03451, 0.00271, 0.0435, 0.00113, 0.0461, 0.03158, 0.03477, 0.02282, 0.08442, 0.0431, 0.01251, 0.03213, 0.05037, 0.02181, 0.03083, 0.041, 0.03044, 0.0158, 0.08517, 0.00199, 0.07059, 0.03325],[0.20296, 0.22778, 0.21737, 0.2075],[10, 9, 14, 11],52,4
2.5,136,[0.05072, 0.02493, 0.04863, 0.02452, 0.0082, 0.01995, 0.02019, 0.04166, 0.04709, 0.00176, 0.08518, 0.00196, 0.00161, 0.09397, 0.02632, 0.03001, 0.07036, 0.00223, 0.01362, 0.00195, 0.00292, 0.00764],[0.20127, 0.2984, 0.22576],[7, 5, 7],22,3
2.5,137,[0.06179, 0.04501, 0.00448, 0.01193, 0.06187, 0.06732, 0.01661, 0.04205, 0.06112, 0.07105, 0.02121, 0.02082, 0.02346, 0.09766, 0.03712, 0.00214, 0.00534, 0.0102, 0.00244, 0.0162, 0.00711, 0.06572, 0.00234, 0.00117, 0.00975, 0.01246, 0.00195, 0.07422, 0.08985, 0.05915, 0.00268, 0.05548, 0.00841, 0.00578, 0.04004, 0.01389, 0.00328, 0.00351, 0.00947],[0.21967, 0.24785, 0.31266, 0.20356],[4, 12, 7, 10],39,4
2.5,138,[0.00215, 0.00659, 0.01269, 0.00041, 0.00333, 0.06732, 0.06766, 0.04166, 0.05422, 0.01123, 0.07508, 0.00177, 0.00497, 0.01177, 0.00529, 0.00158, 0.07643, 0.0276, 0.00395, 0.03534, 0.00578, 0.04004, 0.01389, 0.00328, 0.00351, 0.00947, 0.04793, 0.03279, 0.09173, 0.00117, 0.00975, 0.01246, 0.00195, 0.07422, 0.08985, 0.05915, 0.00268, 0.05548, 0.00841, 0.00293, 0.08657, 0.07064, 0.02268, 0.00326, 0.0241, 0.0086, 0.01671, 0.00392, 0.07262, 0.00233, 0.07365],[0.24791, 0.23017, 0.21476, 0.20356, 0.22743],[3, 9, 8, 9, 15],51,5
2.5,139,[0.07952, 0.08246, 0.04177, 0.06061, 0.02183, 0.02685, 0.00583, 0.00195, 0.00292, 0.00764, 0.01762, 0.00309, 0.00115, 0.06766, 0.09766, 0.02027, 0.0629, 0.0089, 0.01146, 0.00235, 0.01472, 0.00161, 0.09397, 0.02632, 0.03001, 0.07036, 0.00223, 0.01362, 0.00265, 0.00274, 0.09968, 0.06801, 0.06126, 0.04166, 0.04709, 0.00176, 0.08518, 0.00196, 0.00534, 0.0102, 0.00244, 0.0162, 0.00711, 0.06572, 0.00234, 0.00117],[0.20058, 0.22576, 0.2984, 0.32926, 0.31266],[7, 14, 12, 5, 7],46,5
2.5,140,[0.01021, 0.00144, 0.05808, 0.0126, 0.06776, 0.01584, 0.00403, 0.03513, 0.07085, 0.001, 0.03385, 0.01492, 0.00141],[0.20851],[9],13,1
2.5,141,[0.01817, 0.00394, 0.05453, 0.04552, 0.00192, 0.00239, 0.06539, 0.0011, 0.0213, 0.04311, 0.00161, 0.09397, 0.02632, 0.03001, 0.07036, 0.00223, 0.01362, 0.00195, 0.00292, 0.00764, 0.01762, 0.00309, 0.00115, 0.06766, 0.09766],[0.21713, 0.2809, 0.22576],[7, 3, 7],25,3
2.5,142,[0.00212, 0.04591, 0.07772, 0.03633, 0.00613, 0.0517, 0.04642, 0.01024, 0.00226, 0.07453, 0.04002, 0.01078, 0.001, 0.03385, 0.01492, 0.00141, 0.01334, 0.01738, 0.02821, 0.04559, 0.04497, 0.06187, 0.00931, 0.07135, 0.09397, 0.00578, 0.04004, 0.01389, 0.00328, 0.00351, 0.00947, 0.08528, 0.04793, 0.03279, 0.09173, 0.00117, 0.00975, 0.01246, 0.00195, 0.07422, 0.08985, 0.05915, 0.00268, 0.05548, 0.00841, 0.0241, 0.0086, 0.01671, 0.01967, 0.00503, 0.00716, 0.01309, 0.02678, 0.00264],[0.21373, 0.22341, 0.21605, 0.20356, 0.22743, 0.36416],[12, 8, 5, 10, 10, 3],54,6
2.5,143,[0.01493, 0.00456, 0.0006, 0.04123, 0.03215, 0.01653, 0.00113, 0.00139, 0.00174, 0.04888, 0.05098, 0.09775, 0.07185, 0.02665, 0.01474, 0.01411, 0.00813, 0.03351, 0.00532, 0.02478, 0.03451, 0.01428, 0.07549, 0.00206, 0.06831, 0.04499, 0.04026, 0.04866, 0.00262, 0.03451, 0.00271, 0.0435, 0.00953, 0.01769, 0.01764, 0.02252, 0.04476, 0.00247, 0.0087, 0.02943, 0.00309, 0.0098, 0.01953, 0.06144, 0.07524, 0.01735, 0.09254, 0.04096, 0.04565, 0.07807, 0.08195, 0.00256],[0.22155, 0.24727, 0.22778, 0.20146, 0.24804],[13, 5, 14, 9, 10],52,5
2.5,144,[0.02896, 0.06382, 0.0063, 0.00872, 0.00303, 0.02888, 0.03794, 0.00844, 0.00152, 0.00468, 0.02383, 0.03416, 0.08236, 0.00492, 0.028, 0.0051, 0.03388, 0.06613, 0.0182, 0.06646, 0.03329, 0.07497, 0.03419, 0.05274, 0.04261, 0.03083, 0.02082, 0.02746, 0.00123, 0.07154, 0.02211, 0.04913, 0.09076, 0.00766, 0.00105, 0.0129, 0.00416],[0.22542, 0.35342, 0.21583],[4, 21, 8],37,3
2.5,145,[0.02746, 0.01279, 0.0037, 0.05407, 0.0878, 0.09855, 0.0087, 0.03008, 0.03415, 0.09515, 0.0241, 0.0086, 0.01671, 0.00117, 0.00975, 0.01246, 0.00195, 0.07422, 0.08985, 0.05915, 0.00268, 0.05548, 0.00841, 0.00578, 0.04004, 0.01389, 0.00328, 0.00351, 0.00947, 0.08528, 0.04793, 0.03279, 0.09173, 0.00497, 0.01177, 0.00529, 0.00158, 0.07643, 0.0276, 0.00395],[0.2383, 0.22743, 0.20356, 0.21476],[10, 3, 10, 10],40,4
2.5,146,[0.006, 0.04186, 0.09965, 0.00464, 0.03298, 0.03083, 0.02082, 0.02746, 0.00123, 0.07154, 0.02211, 0.04913, 0.09076, 0.00766, 0.00105, 0.0129, 0.00416, 0.00423, 0.07443, 0.00428, 0.05713, 0.00786, 0.03326, 0.00927, 0.05049, 0.00327, 0.0014, 0.00146, 0.0439, 0.01437, 0.02336, 0.02626, 0.02969, 0.00283, 0.0221, 0.04006, 0.02181, 0.00247, 0.01584, 0.00153, 0.00174, 0.0093, 0.02106, 0.01065, 0.0392],[0.24219, 0.21583, 0.25145, 0.24814, 0.23827],[5, 8, 13, 7, 6],45,5
2.5,147,[0.08117, 0.06164, 0.0384, 0.04066, 0.00153, 0.00174, 0.0093, 0.02106, 0.00283, 0.0221, 0.08565, 0.04006, 0.00303, 0.02888, 0.03794, 0.00844, 0.00152, 0.00468, 0.02383, 0.03416, 0.08236, 0.00492, 0.028, 0.0051, 0.03388, 0.06613, 0.0182],[0.2009, 0.23827, 0.30447],[4, 4, 4],27,3
2.5,148,[0.01153, 0.08737, 0.02745, 0.02461, 0.01967, 0.00503, 0.00716, 0.01309, 0.02678, 0.00264, 0.01049, 0.02567, 0.01278, 0.05554, 0.01715, 0.04097, 0.07538, 0.09429, 0.03333, 0.02963, 0.03513, 0.00687, 0.01125, 0.00117, 0.00975, 0.01246, 0.00195, 0.07422, 0.08985, 0.05915, 0.00268, 0.05548, 0.00841, 0.00578, 0.04004, 0.01389, 0.00328, 0.00351, 0.00947, 0.08528, 0.04793, 0.03279, 0.09173],[0.29493, 0.20451, 0.26009, 0.20356],[4, 17, 2, 10],43,4
2.5,149,[0.02345, 0.04039, 0.02251, 0.04494, 0.04497, 0.00173, 0.03461, 0.00275, 0.00558, 0.00296, 0.02076, 0.01967, 0.00503, 0.00716, 0.01309, 0.02678, 0.00264, 0.01049, 0.02567, 0.01278, 0.05554, 0.01715, 0.04097, 0.07538, 0.09429, 0.03333, 0.02963, 0.03513, 0.00687, 0.01125, 0.00117, 0.00975, 0.01246, 0.00195, 0.07422, 0.08985, 0.05915, 0.00268, 0.05548, 0.00841, 0.00578, 0.04004, 0.01389, 0.00328, 0.00351, 0.00947, 0.08528, 0.04793, 0.03279],[0.22797, 0.20451, 0.26009, 0.20356],[11, 17, 2, 10],49,4
2.5,150,[0.0118, 0.07465, 0.05425, 0.01983, 0.00345, 0.01779, 0.00216, 0.00243, 0.07318, 0.00744, 0.00282, 0.09912, 0.00153, 0.00174, 0.0093, 0.02106, 0.00283, 0.0221, 0.08565, 0.04006, 0.0014, 0.00146, 0.00766, 0.00105, 0.0129, 0.00416, 0.00423, 0.07443, 0.00428, 0.05713, 0.00786, 0.03326, 0.00927, 0.05049, 0.03083, 0.02082, 0.02746, 0.00123, 0.02211, 0.04913, 0.09076, 0.06185, 0.05763, 0.03322],[0.2111, 0.23827, 0.24814, 0.25145, 0.21583],[12, 4, 4, 2, 12],44,5
2.5,151,[0.04026, 0.01139, 0.00141, 0.06509, 0.00738, 0.01616, 0.00207, 0.02999, 0.0022, 0.01992, 0.09553, 0.00791, 0.02939, 0.05414, 0.01241, 0.00953, 0.01769, 0.01764, 0.02252, 0.04476, 0.00247, 0.0087, 0.02943, 0.00309, 0.0098, 0.01953, 0.06144, 0.07524, 0.01735, 0.09254, 0.04096, 0.04565, 0.07807, 0.08195, 0.00256, 0.01349, 0.06394, 0.02862],[0.26597, 0.20146, 0.24804],[15, 9, 10],38,3
2.5,152,[0.00073, 0.08231, 0.00694, 0.046, 0.09657, 0.06303, 0.01172, 0.00161, 0.09397, 0.02632, 0.03001, 0.07036, 0.00223, 0.01362, 0.00195, 0.00292, 0.00764, 0.01762, 0.00309, 0.00115, 0.06766, 0.09766, 0.02027, 0.0629, 0.0089, 0.01146, 0.00235, 0.01472, 0.00497, 0.01177, 0.00529, 0.00158, 0.07643, 0.0276, 0.00395, 0.03534, 0.00578, 0.04004, 0.01389, 0.00328, 0.00351, 0.00947, 0.08528, 0.04793, 0.03279, 0.09173, 0.00117, 0.00975, 0.01246, 0.00195, 0.07422, 0.08985, 0.05915, 0.00268, 0.05548],[0.35681, 0.22576, 0.24399, 0.21476, 0.20356],[7, 7, 14, 8, 10],55,5
2.5,153,[0.03898, 0.05421, 0.06801, 0.00325, 0.00406, 0.00953, 0.01769, 0.01764, 0.02252, 0.04476, 0.00247, 0.0087, 0.02943, 0.00309, 0.00532, 0.02478, 0.03451, 0.01428, 0.07549, 0.00206, 0.06831, 0.04499, 0.04026, 0.04866, 0.00262, 0.03451, 0.00271, 0.0435, 0.00113, 0.0461, 0.03158, 0.03477, 0.02282, 0.08442, 0.0431, 0.01251, 0.03213],[0.24956, 0.22778, 0.21737],[5, 9, 14],37,3
2.5,154,[0.03033, 0.08336, 0.01937, 0.04234, 0.01726, 0.05726, 0.01024, 0.05543, 0.00261, 0.00286, 0.08831, 0.00339, 0.001, 0.03385, 0.01492, 0.00141, 0.01334, 0.01738, 0.02821, 0.04559, 0.04497, 0.06187, 0.00931, 0.07135, 0.09397, 0.00578, 0.04004, 0.01389, 0.00328, 0.00351, 0.00947, 0.08528, 0.04793, 0.03279, 0.09173, 0.00117, 0.00975, 0.01246, 0.00195, 0.07422, 0.08985, 0.05915, 0.00268, 0.05548, 0.00841, 0.0241, 0.0086, 0.01671, 0.01967, 0.00503, 0.00716, 0.01309, 0.02678, 0.00264],[0.2258, 0.22341, 0.21605, 0.20356, 0.22743, 0.36416],[12, 8, 5, 10, 10, 3],54,6
2.5,155,[0.01655, 0.00585, 0.05126, 0.03287, 0.00611, 0.00458, 0.0023, 0.03948, 0.01681, 0.00268, 0.02658, 0.04497, 0.06187, 0.00931, 0.07135, 0.09397, 0.001, 0.03385, 0.01492, 0.00141, 0.01334, 0.01738, 0.02821, 0.04559, 0.00258, 0.08518, 0.00932, 0.00384, 0.05209, 0.01736, 0.01119, 0.0847, 0.00838, 0.01458, 0.05315, 0.0847, 0.00342, 0.00534, 0.0102, 0.00244, 0.0162, 0.00711, 0.06572, 0.00234, 0.00041, 0.00333, 0.06766, 0.04166, 0.05422, 0.01123, 0.07508, 0.00177, 0.00497, 0.01177, 0.00529, 0.00158, 0.07643, 0.0276],[0.20311, 0.22341, 0.23508, 0.37, 0.25549, 0.23017],[11, 5, 8, 13, 7, 8],58,6
2.5,156,[0.00129, 0.03749, 0.01226, 0.00541, 0.01705, 0.03848, 0.00202, 0.00624, 0.02318, 0.00884, 0.01826, 0.0856, 0.08153, 0.03083, 0.02082, 0.02746, 0.00123, 0.07154, 0.02211, 0.04913],[0.28797],[13],20,1
2.5,157,[0.0056, 0.00873, 0.00391, 0.00215, 0.01802, 0.0789, 0.08498, 0.05021, 0.05925, 0.00578, 0.04004, 0.01389, 0.00328, 0.00351, 0.00947, 0.08528, 0.04793, 0.03279, 0.09173, 0.00497, 0.01177, 0.00529, 0.00158, 0.07643, 0.0276, 0.00395, 0.03534, 0.00041, 0.00333, 0.06732, 0.06766, 0.04166, 0.05422, 0.01123, 0.00177, 0.00534, 0.0102, 0.00244, 0.0162, 0.00711, 0.06572, 0.00234, 0.04497, 0.00931, 0.07135, 0.09397, 0.00295, 0.00957],[0.20641, 0.21476, 0.23017, 0.25549, 0.24222],[9, 10, 8, 8, 7],48,5
2.5,158,[0.02073, 0.00602, 0.00617, 0.06134, 0.07525, 0.04952, 0.00541, 0.00183, 0.04594, 0.0023, 0.00532, 0.02478, 0.03451, 0.01428, 0.07549, 0.00206, 0.06831, 0.04499, 0.04026, 0.04866, 0.00262, 0.03451, 0.00271, 0.0435, 0.00953, 0.01769, 0.01764, 0.02252, 0.04476, 0.00247, 0.0087, 0.02943, 0.00309, 0.0098, 0.01953, 0.06144, 0.07524, 0.01735, 0.09254, 0.04096],[0.20385, 0.22778, 0.20146],[10, 14, 9],40,3
2.5,159,[0.00091, 0.06776, 0.00171, 0.00248, 0.00502, 0.078, 0.05599, 0.039],[0.20857],[7],8,1
2.5,160,[0.01992, 0.0066, 0.01518, 0.0013, 0.00297, 0.06507, 0.01056, 0.01675, 0.05794, 0.03637, 0.0025, 0.00953, 0.01769, 0.01764, 0.02252, 0.04476, 0.00247, 0.0087, 0.02943, 0.00309, 0.00532, 0.02478, 0.03451, 0.01428, 0.07549, 0.00206, 0.06831, 0.04499, 0.04026, 0.04866, 0.00262, 0.03451, 0.00271, 0.0435, 0.00113, 0.0461, 0.03158, 0.03477, 0.02282, 0.08442, 0.0431, 0.01251, 0.03213, 0.05037, 0.02181, 0.03083, 0.041, 0.03044, 0.0158, 0.08517, 0.00199, 0.07059, 0.03325, 0.06381, 0.05717, 0.01247, 0.02665, 0.01474, 0.01411, 0.00813, 0.03351],[0.20928, 0.22778, 0.21737, 0.2075, 0.21431, 0.2237],[11, 9, 14, 11, 11, 5],61,6
2.5,161,[0.00581, 0.05152, 0.03014, 0.05793, 0.06697, 0.0647, 0.00716, 0.00766, 0.00105, 0.0129, 0.00416, 0.00423, 0.07443, 0.00428, 0.05713, 0.00786, 0.03326, 0.00927, 0.05049, 0.00327, 0.0014, 0.00146, 0.0439, 0.01437, 0.02336, 0.05977, 0.02626, 0.02969, 0.00283, 0.0221, 0.08565, 0.04006, 0.02181, 0.00247, 0.01584, 0.02208, 0.01748, 0.00277, 0.02185, 0.02821],[0.26223, 0.25145, 0.24814, 0.2013],[7, 13, 8, 7],40,4
2.5,162,[0.01563, 0.01122, 0.00103, 0.00207, 0.01426, 0.06841, 0.06758, 0.00256, 0.01349, 0.06394, 0.02862, 0.04455, 0.08238, 0.00953, 0.01769, 0.01764, 0.02252, 0.04476, 0.00247, 0.0087, 0.02943, 0.00309, 0.05761, 0.03618],[0.25145, 0.24954],[7, 6],24,2
2.5,163,[0.00134, 0.00048, 0.00379, 0.04378, 0.00381, 0.03666, 0.03427, 0.07487, 0.00153, 0.00174, 0.0093, 0.02106, 0.00532, 0.02478, 0.03451, 0.01428, 0.07549, 0.00206, 0.06831, 0.04499, 0.04026, 0.04866, 0.00262, 0.03451, 0.00271, 0.0435, 0.00953, 0.01769, 0.01764, 0.02252, 0.04476, 0.00247, 0.0087, 0.02943, 0.00309, 0.0098, 0.01953, 0.06144, 0.07524, 0.01735, 0.09254, 0.04096, 0.04565, 0.07807, 0.08195, 0.00256, 0.01349, 0.06394, 0.02862, 0.04455],[0.20578, 0.28574, 0.22778, 0.20146, 0.24804],[8, 4, 14, 9, 10],50,5
2.5,164,[0.00118, 0.0052, 0.07725, 0.00882, 0.07797, 0.00208, 0.02574, 0.00232, 0.00939, 0.00245, 0.02971, 0.05504, 0.0251, 0.03027],[],[],14,0
2.5,165,[0.00779, 0.0237, 0.05828, 0.00787, 0.032, 0.06256, 0.01295, 0.00787, 0.00426, 0.03639, 0.00429, 0.0241, 0.0086, 0.01671, 0.00117, 0.00975, 0.01246, 0.00195, 0.07422, 0.08985, 0.05915, 0.00268, 0.05548, 0.00841, 0.00578, 0.04004, 0.01389, 0.00328, 0.00351, 0.00947, 0.08528, 0.04793, 0.03279, 0.09173, 0.00497, 0.01177, 0.00529, 0.00158, 0.07643, 0.0276, 0.00395, 0.03534, 0.0723, 0.0241],[0.22897, 0.22743, 0.20356, 0.21476],[11, 3, 10, 10],44,4
2.5,166,[0.00283, 0.00348, 0.00808, 0.00254, 0.04165, 0.01009, 0.02616, 0.0203, 0.05202, 0.08029, 0.07491, 0.04781, 0.06014, 0.00306, 0.03083, 0.02082, 0.02746, 0.00123, 0.07154, 0.02211, 0.04913, 0.09076, 0.00766, 0.00105, 0.0129, 0.00416, 0.00423],[0.34263, 0.21583],[14, 8],27,2
2.5,167,[0.0006, 0.0015, 0.04078, 0.02034, 0.00113, 0.0461, 0.03158, 0.03477, 0.02282, 0.08442, 0.0431, 0.01251, 0.03213, 0.05037, 0.02181, 0.00532, 0.02478, 0.03451, 0.01428, 0.07549, 0.00206, 0.06831, 0.04499, 0.04026, 0.04866, 0.00262, 0.03451, 0.00271, 0.0435, 0.00953, 0.01769, 0.01764],[0.21402, 0.21737, 0.22778],[4, 11, 14],32,3
2.5,168,[0.00969, 0.00185, 0.03371, 0.06307, 0.07051, 0.08253, 0.00193, 0.00117, 0.00975, 0.01246, 0.00195, 0.07422, 0.08985, 0.05915, 0.00268, 0.05548, 0.00841, 0.00578, 0.04004, 0.01389, 0.00328, 0.00351, 0.00947, 0.04793, 0.03279, 0.00497, 0.01177, 0.00529, 0.00158, 0.07643, 0.0276, 0.00395, 0.03534, 0.00041, 0.00333, 0.06732, 0.06766, 0.04166, 0.05422, 0.01123, 0.00177, 0.00534, 0.0102, 0.00244, 0.0162, 0.00711, 0.06572, 0.00234, 0.04497, 0.00931, 0.07135, 0.09397, 0.00295],[0.22917, 0.20356, 0.21476, 0.23017, 0.25549, 0.24222],[7, 10, 8, 8, 8, 7],53,6
2.5,169,[0.0086, 0.0053, 0.00078, 0.0175, 0.09914, 0.01635, 0.00193, 0.09093, 0.04922, 0.04733, 0.06701, 0.07103, 0.0589, 0.03676, 0.03693, 0.01773, 0.05869, 0.00195, 0.00292, 0.00764, 0.01762, 0.00309, 0.00115, 0.06766, 0.09766, 0.02027, 0.0629, 0.0089, 0.01146, 0.00235, 0.01472],[0.20456],[17],31,1
2.5,170,[0.01235, 0.01011, 0.00582, 0.04728, 0.05531, 0.00205, 0.03571, 0.05082, 0.01769, 0.04455, 0.02732, 0.05263, 0.03083, 0.02082, 0.02746, 0.00123, 0.07154, 0.02211, 0.04913, 0.09076, 0.00766, 0.00105, 0.0129, 0.00416, 0.00423, 0.07443, 0.00428, 0.05713, 0.00786, 0.03326, 0.00927, 0.05049, 0.00327, 0.0014, 0.00146, 0.0439, 0.01437, 0.02336, 0.02626, 0.02969, 0.00283, 0.0221, 0.04006, 0.02181, 0.00247, 0.01584, 0.00153, 0.00174, 0.0093, 0.02106],[0.29905, 0.21583, 0.25145, 0.24814, 0.23827],[12, 8, 13, 7, 6],50,5
2.5,171,[0.03502, 0.01597, 0.02819, 0.01449, 0.08941, 0.0073, 0.02251, 0.08527, 0.0241, 0.0086, 0.01671, 0.00117, 0.00975, 0.01246, 0.00195, 0.07422, 0.08985, 0.05915, 0.00268, 0.05548, 0.00841],[0.22259, 0.22743, 0.20356],[8, 3, 10],21,3
2.5,172,[0.0141, 0.00906, 0.05632, 0.00534, 0.0102, 0.00244, 0.0162, 0.00711, 0.06572, 0.00234, 0.04497, 0.06187, 0.00931, 0.07135, 0.09397, 0.001, 0.03385, 0.01492, 0.00141, 0.01334, 0.01738, 0.02821, 0.04559, 0.00258, 0.08518, 0.00932, 0.00384, 0.05209, 0.01736, 0.01119, 0.0847, 0.00838, 0.01458, 0.05315, 0.0847, 0.00342, 0.01767, 0.00576, 0.00958, 0.0493, 0.01101, 0.02958, 0.00505, 0.05917, 0.06488, 0.01247, 0.08125, 0.0538, 0.00041, 0.00333, 0.06766, 0.04166, 0.05422],[0.22784, 0.24222, 0.22341, 0.23508, 0.22336, 0.32272],[3, 7, 5, 8, 13, 12],53,6
2.5,173,[0.00193, 0.08519, 0.00226, 0.02974, 0.09046, 0.05581, 0.03013, 0.00578, 0.03573, 0.00921, 0.03703, 0.0075, 0.09067, 0.00568, 0.00953, 0.01769, 0.01764, 0.02252, 0.04476, 0.00247],[0.21212, 0.20505, 0.29388],[6, 5, 3],20,3
2.5,174,[0.03395, 0.04333, 0.04971, 0.04248, 0.06835, 0.06867, 0.00117, 0.00975, 0.01246, 0.00195, 0.07422, 0.08985, 0.05915, 0.00268, 0.05548, 0.00841, 0.0241, 0.0086, 0.01671, 0.04497, 0.06187, 0.00931, 0.07135, 0.09397, 0.001, 0.03385, 0.01492, 0.00141, 0.01334, 0.01738, 0.02821, 0.04559, 0.00258, 0.08518, 0.00932, 0.00384, 0.05209, 0.01736, 0.01119, 0.0847, 0.00838, 0.01458, 0.05315, 0.0847, 0.00342, 0.00534, 0.0102, 0.00244, 0.0162, 0.00711, 0.06572],[0.20138, 0.22743, 0.25056, 0.22341, 0.23508, 0.37],[6, 10, 3, 5, 8, 13],51,6
2.5,175,[0.00141, 0.04363, 0.00293, 0.07532, 0.03106, 0.00184, 0.02173, 0.07114, 0.02199, 0.04893, 0.03083, 0.02082, 0.02746, 0.00123, 0.07154, 0.02211, 0.04913, 0.09076, 0.00766, 0.00105, 0.0129, 0.00416, 0.00423, 0.07443],[0.23081, 0.21583],[10, 8],24,2
2.5,176,[0.01137, 0.00858, 0.00104, 0.00434, 0.04622, 0.00161, 0.03071, 0.07853, 0.05335, 0.00552, 0.01656, 0.0479, 0.01421],[0.21945],[13],13,1
2.5,177,[0.01241, 0.04893, 0.02331, 0.05754, 0.00156, 0.0081, 0.0129, 0.0014, 0.00146, 0.00766, 0.00105, 0.0129, 0.00416, 0.00423, 0.07443, 0.00428, 0.05713, 0.00786, 0.03326, 0.00927, 0.05049, 0.03083, 0.02082, 0.02746, 0.00123, 0.02211, 0.04913, 0.09076, 0.039],[0.21005, 0.25145, 0.21583, 0.2106],[7, 2, 12, 7],29,4
2.5,178,[0.0185, 0.00278, 0.01642, 0.03105, 0.03732, 0.00247, 0.02968, 0.03826, 0.04497, 0.06187, 0.00931, 0.07135, 0.09397, 0.001, 0.03385, 0.01492, 0.00141, 0.01334, 0.01738, 0.02821, 0.04559, 0.00258, 0.08518, 0.00932, 0.00384, 0.05209, 0.01736, 0.01119, 0.0847, 0.00838, 0.01458, 0.05315, 0.0847, 0.00342, 0.00534, 0.0102, 0.00244, 0.0162, 0.00711, 0.06572, 0.00234, 0.00041, 0.00333, 0.06766, 0.04166, 0.05422, 0.01123, 0.07508],[0.20274, 0.22341, 0.23508, 0.37, 0.25549],[8, 5, 8, 13, 7],48,5
2.5,179,[0.01092, 0.04223, 0.02439, 0.01146, 0.01967, 0.00503, 0.00716, 0.01309, 0.02678, 0.00264, 0.01049, 0.02567, 0.01278, 0.05554, 0.01715, 0.04097, 0.07538, 0.09429, 0.03333, 0.02963, 0.03513, 0.00687, 0.01125, 0.00117, 0.00975, 0.01246, 0.00195, 0.07422, 0.08985, 0.05915, 0.00268, 0.05548, 0.00841, 0.00578, 0.04004, 0.01389, 0.00328, 0.00351, 0.00947, 0.08528, 0.04793, 0.03279, 0.09173],[0.22936, 0.20451, 0.26009, 0.20356],[4, 17, 2, 10],43,4
2.5,180,[0.01233, 0.01782, 0.06256, 0.03291, 0.06096, 0.02271, 0.00757, 0.00644, 0.03083, 0.02082, 0.02746, 0.00123, 0.07154, 0.02211, 0.04913, 0.09076, 0.039],[0.21141, 0.2106],[8, 8],17,2
2.5,181,[0.00826, 0.00629, 0.02401, 0.09612, 0.01468, 0.00176, 0.01195, 0.01221, 0.05125, 0.06062, 0.0518, 0.0949, 0.0566, 0.00622, 0.00626, 0.03858, 0.06203, 0.02029, 0.01967, 0.00503, 0.00716, 0.01309, 0.02678, 0.00264, 0.01049, 0.02567, 0.01278, 0.05554, 0.01715, 0.04097, 0.07538, 0.09429, 0.03333, 0.02963, 0.03513, 0.00687, 0.01125],[0.23887, 0.20451],[18, 17],37,2
2.5,182,[0.00172, 0.05313, 0.05544, 0.00166, 0.056, 0.05376, 0.00902, 0.01371, 0.00161, 0.09397, 0.02632, 0.03001, 0.07036, 0.00223, 0.01362, 0.00195, 0.00292, 0.00764, 0.01762, 0.00309, 0.00115, 0.06766, 0.09766, 0.02027, 0.0629, 0.0089, 0.01146, 0.00235, 0.01472, 0.00497, 0.01177, 0.00529, 0.00158, 0.07643, 0.0276, 0.00395, 0.03534, 0.00578, 0.04004, 0.01389, 0.00328, 0.00351, 0.00947, 0.08528, 0.04793, 0.03279, 0.09173, 0.00117, 0.00975, 0.01246],[0.2939, 0.22576, 0.24399, 0.21476, 0.20356],[8, 7, 14, 8, 10],50,5
2.5,183,[0.01065, 0.03015, 0.0291, 0.04567, 0.06346, 0.02758, 0.00258, 0.00265, 0.08107, 0.02274, 0.06259, 0.0057, 0.02708, 0.06375, 0.00532, 0.02478, 0.03451, 0.01428, 0.07549, 0.00206, 0.06831, 0.04499, 0.04026, 0.04866, 0.00262, 0.03451, 0.00271, 0.0435, 0.00953, 0.01769, 0.01764, 0.02252, 0.04476, 0.00247, 0.0087, 0.02943, 0.00309],[0.2028, 0.22778, 0.20146],[14, 14, 9],37,3
2.5,184,[0.00081, 0.00808, 0.0126, 0.01359, 0.00199, 0.03083, 0.02082, 0.02746, 0.00123, 0.07154, 0.02211, 0.04913, 0.09076, 0.00766, 0.00105, 0.0129, 0.00416, 0.00423, 0.07443, 0.00428, 0.05713, 0.00786, 0.03326, 0.00927, 0.05049, 0.00327, 0.0014, 0.00146, 0.0439, 0.01437, 0.02336, 0.02626, 0.02969, 0.00283, 0.0221, 0.04006, 0.02181, 0.00247, 0.01584, 0.00153, 0.00174, 0.0093, 0.02106, 0.01065, 0.0392],[0.22571, 0.21583, 0.25145, 0.24814, 0.23827],[5, 8, 13, 7, 6],45,5
2.5,185,[0.00195, 0.01543, 0.09144, 0.00799, 0.05791, 0.09837, 0.00677, 0.01385, 0.09731, 0.02971, 0.00497, 0.01177, 0.00529, 0.00158, 0.07643, 0.0276, 0.00395, 0.03534, 0.00041, 0.00333, 0.06732, 0.06766, 0.04166, 0.05422, 0.01123, 0.07508, 0.00177, 0.00534, 0.0102, 0.00244, 0.0162, 0.00711, 0.06572, 0.00234, 0.04497, 0.00931, 0.07135, 0.09397],[0.24797, 0.23017, 0.25549, 0.24222],[10, 8, 9, 7],38,4
2.5,186,[0.01235, 0.00129, 0.00392, 0.0743, 0.04784, 0.00212, 0.00532, 0.02478, 0.03451, 0.01428, 0.07549, 0.00206, 0.06831, 0.04499, 0.04026, 0.04866, 0.00262, 0.03451, 0.00271, 0.0435, 0.00953, 0.01769, 0.01764, 0.02252, 0.04476, 0.00247, 0.0087, 0.02943, 0.00309, 0.0098, 0.01953, 0.06144, 0.07524, 0.01735, 0.09254, 0.04096, 0.04565, 0.07807, 0.08195, 0.00256, 0.01349, 0.06394, 0.02862, 0.04455, 0.08238],[0.20165, 0.22778, 0.20146, 0.24804, 0.24144],[6, 14, 9, 10, 6],45,5
2.5,187,[0.02637, 0.02049, 0.00349, 0.04497, 0.06187, 0.00931, 0.07135, 0.09397, 0.00578, 0.04004, 0.01389, 0.00328, 0.00351, 0.00947, 0.08528, 0.04793, 0.03279, 0.09173, 0.00117, 0.00975, 0.01246, 0.00195, 0.07422, 0.08985, 0.05915, 0.00268, 0.05548, 0.00841, 0.0241, 0.0086, 0.01671, 0.01967, 0.00503, 0.00716, 0.01309, 0.02678, 0.00264, 0.01049, 0.02567, 0.01278, 0.05554, 0.01715, 0.04097, 0.07538, 0.09429, 0.03333, 0.02963, 0.03513],[0.20587, 0.21605, 0.20356, 0.22743, 0.36416],[3, 5, 10, 10, 3],48,5
2.5,188,[0.02258, 0.00713, 0.05114, 0.00098, 0.01157, 0.04136, 0.00159, 0.06187, 0.06732, 0.01661, 0.04205, 0.06112, 0.07105, 0.02121, 0.02082, 0.02346, 0.09766, 0.03712, 0.00214, 0.00497, 0.01177, 0.00529, 0.00158, 0.07643, 0.0276, 0.00395, 0.03534, 0.00578, 0.04004, 0.01389, 0.00328, 0.00351, 0.00947, 0.08528, 0.04793, 0.03279, 0.09173, 0.00117, 0.00975, 0.01246, 0.00195, 0.07422],[0.21169, 0.29718, 0.21476, 0.20356],[7, 12, 8, 10],42,4
2.5,189,[0.00135, 0.06742, 0.07615, 0.00547, 0.03229, 0.02753, 0.00117, 0.00975, 0.01246, 0.00195, 0.07422, 0.08985, 0.05915, 0.00268, 0.05548, 0.00841, 0.00293, 0.08657, 0.00578, 0.04004, 0.01389, 0.00328, 0.00351, 0.00947, 0.08528, 0.04793, 0.03279, 0.09173, 0.04497, 0.06187, 0.00931, 0.07135, 0.09397, 0.001, 0.03385, 0.01492, 0.00141, 0.01334, 0.01738, 0.02821, 0.04559, 0.00258, 0.08518],[0.23342, 0.20356, 0.21605, 0.22341, 0.23508],[6, 12, 10, 5, 8],43,5
2.5,190,[0.00079, 0.04987, 0.04177, 0.01946, 0.04543, 0.001, 0.03385, 0.01492, 0.00141, 0.01334, 0.01738, 0.02821, 0.04559, 0.04497, 0.06187, 0.00931, 0.07135, 0.09397, 0.00578, 0.04004, 0.01389, 0.00328, 0.00351, 0.00947, 0.08528, 0.04793, 0.03279, 0.09173, 0.00117, 0.00975, 0.01246, 0.00195, 0.07422, 0.08985, 0.05915, 0.00268, 0.05548, 0.00841, 0.0241, 0.0086, 0.01671, 0.01967, 0.00503, 0.00716, 0.01309, 0.02678, 0.00264],[0.22572, 0.22341, 0.21605, 0.20356, 0.22743, 0.36416],[5, 8, 5, 10, 10, 3],47,6
2.5,191,[0.00138, 0.00174, 0.01411, 0.04535, 0.00515, 0.07712, 0.00256, 0.01349, 0.06394, 0.02862, 0.04455, 0.08238, 0.00953, 0.01769, 0.01764, 0.02252, 0.04476, 0.00247, 0.0087, 0.02943, 0.00309, 0.00532, 0.02478, 0.03451, 0.01428, 0.07549, 0.00206, 0.04499, 0.04026, 0.04866, 0.00262, 0.03451, 0.00271, 0.0435, 0.00113, 0.0461, 0.03158, 0.03477, 0.02282, 0.08442, 0.0431, 0.01251, 0.03213, 0.05037, 0.02181, 0.03083, 0.041],[0.22907, 0.24954, 0.22778, 0.21737, 0.2075],[6, 6, 9, 13, 11],47,5
2.5,192,[0.03575, 0.04424, 0.02014, 0.02509, 0.0018, 0.03083, 0.02082, 0.02746, 0.00123, 0.07154, 0.02211, 0.04913, 0.09076, 0.00766, 0.00105, 0.0129, 0.00416, 0.00423, 0.07443, 0.00428, 0.05713, 0.00786, 0.03326, 0.00927, 0.05049, 0.00327, 0.0014, 0.00146, 0.0439, 0.01437, 0.02336, 0.02626, 0.02969, 0.00283, 0.0221, 0.04006, 0.02181, 0.00247, 0.01584, 0.00153, 0.00174, 0.0093, 0.02106, 0.01065, 0.0392],[0.28064, 0.21583, 0.25145, 0.24814, 0.23827],[5, 8, 13, 7, 6],45,5
2.5,193,[0.02932, 0.01136, 0.0011, 0.01039, 0.0187, 0.02086, 0.0667, 0.04362, 0.00772, 0.02472, 0.00833, 0.00888, 0.01872, 0.07667, 0.01033, 0.01066, 0.01069, 0.00718, 0.08621, 0.00372, 0.04886, 0.00753, 0.04497, 0.06187, 0.00931, 0.07135, 0.09397, 0.001, 0.03385, 0.01492],[0.22854, 0.22341],[22, 5],30,2
2.5,194,[0.00889, 0.02327, 0.00979, 0.00262, 0.01068, 0.02989, 0.03854, 0.09296, 0.03083, 0.02082, 0.02746, 0.00123, 0.07154, 0.02211, 0.04913, 0.09076, 0.00766, 0.00105, 0.0129, 0.00416, 0.00423, 0.07443, 0.00428, 0.05713, 0.00786, 0.03326, 0.00927, 0.05049, 0.00327, 0.0014, 0.00146, 0.0439, 0.01437, 0.02336, 0.02626, 0.02969, 0.00283, 0.0221, 0.04006, 0.02181],[0.20685, 0.21583, 0.25145, 0.24814],[8, 8, 13, 7],40,4
2.5,195,[0.00068, 0.01498, 0.01222, 0.0306, 0.00161, 0.06459, 0.05582, 0.001, 0.03385, 0.01492, 0.00141, 0.01334, 0.01738, 0.02821, 0.04559, 0.04497, 0.06187, 0.00931, 0.07135, 0.09397, 0.00578, 0.04004, 0.01389, 0.00328, 0.00351, 0.00947, 0.08528, 0.04793, 0.03279, 0.09173, 0.00117, 0.00975, 0.01246, 0.00195, 0.07422, 0.08985, 0.05915, 0.00268, 0.05548, 0.00841, 0.0241, 0.0086, 0.01671, 0.01967, 0.00503, 0.00716, 0.01309, 0.02678, 0.00264],[0.21771, 0.22341, 0.21605, 0.20356, 0.22743, 0.36416],[7, 8, 5, 10, 10, 3],49,6
2.5,196,[0.00317, 0.01577, 0.01372, 0.0014, 0.01967, 0.00503, 0.00716, 0.01309, 0.02678, 0.00264, 0.01049, 0.02567, 0.01278, 0.05554, 0.01715, 0.04097, 0.07538, 0.09429, 0.03333, 0.02963, 0.03513, 0.00687, 0.01125, 0.00117, 0.00975, 0.01246, 0.00195, 0.07422, 0.08985, 0.05915, 0.00268, 0.05548, 0.00841, 0.00578, 0.04004, 0.01389, 0.00328, 0.00351, 0.00947, 0.08528, 0.04793, 0.03279, 0.09173],[0.22239, 0.20451, 0.26009, 0.20356],[4, 17, 2, 10],43,4
2.5,197,[0.0188, 0.00251, 0.01484, 0.00267, 0.02849, 0.00224, 0.07925, 0.02787, 0.04497, 0.06187, 0.00931, 0.07135, 0.09397, 0.001, 0.03385, 0.01492, 0.00141, 0.01334, 0.01738, 0.02821, 0.04559, 0.00258, 0.08518, 0.00932, 0.00384, 0.05209, 0.01736, 0.01119, 0.0847, 0.00838, 0.01458, 0.05315, 0.0847, 0.00342, 0.01767, 0.00576, 0.00958, 0.0493, 0.01101, 0.02958, 0.00505, 0.05917, 0.06488, 0.01247, 0.08125, 0.0538, 0.00041, 0.00333, 0.06766, 0.04166, 0.05422],[0.26092, 0.22341, 0.23508, 0.22336, 0.32272],[8, 5, 8, 13, 12],51,5
2.5,198,[0.02049, 0.00367, 0.00552, 0.09796, 0.0247, 0.00637, 0.01566, 0.00448, 0.08964, 0.07343, 0.00549, 0.00294, 0.01177, 0.03301, 0.03083, 0.02082, 0.02746, 0.00123, 0.07154, 0.02211, 0.04913, 0.09076, 0.00766, 0.00105, 0.0129, 0.00416, 0.00423, 0.07443, 0.00428, 0.05713, 0.00786, 0.03326, 0.00927, 0.05049],[0.29922, 0.21583],[14, 8],34,2
2.5,199,[0.00514, 0.05147, 0.03736, 0.06116, 0.00127, 0.0855, 0.05879, 0.08812, 0.0947, 0.04175, 0.0526, 0.03338, 0.00557, 0.01126, 0.067, 0.06623, 0.06604, 0.00323, 0.00766, 0.00105, 0.0129, 0.00416, 0.00423, 0.07443, 0.00428, 0.05713, 0.00786, 0.03326, 0.00927, 0.05049, 0.00327, 0.0168, 0.07991, 0.00367, 0.01236, 0.03933],[0.21247, 0.25145],[18, 18],36,2

