2.5,0,[0.00508, 0.05205, 0.0273, 0.0063, 0.03383, 0.00637, 0.04961, 0.03864, 0.00276, 0.00281, 0.0092, 0.00516, 0.00086, 0.01592, 0.03885, 0.08532, 0.0009, 0.01951, 0.00122, 0.00261, 0.02042, 0.04604, 0.00912, 0.05838, 0.00537, 0.0468, 0.03386, 0.00287, 0.00665, 0.08015, 0.00368, 0.01065, 0.02859, 0.03109, 0.05348, 0.06277, 0.09848, 0.00301, 0.07245, 0.08224, 0.00347, 0.00398, 0.00503, 0.00147],[0.21501, 0.26755, 0.26529, 0.2264],[11, 5, 8, 17],44,4
2.5,1,[0.03051, 0.07175, 0.05681, 0.06963, 0.00442, 0.00237, 0.03508, 0.00273, 0.01503, 0.02944, 0.06229, 0.00485, 0.00076, 0.00153, 0.03007, 0.00893, 0.09373, 0.00449, 0.00449, 0.0423, 0.0789, 0.05059, 0.00266, 0.03034, 0.00201, 0.00107, 0.06859, 0.04998, 0.00347, 0.06159, 0.03908, 0.02807, 0.0469, 0.05984, 0.0924, 0.03958, 0.09908, 0.00128, 0.01988, 0.0016, 0.03865, 0.01395, 0.00762, 0.00638, 0.0479, 0.01242],[0.26399, 0.23712, 0.20851, 0.2282, 0.20697, 0.27738],[7, 1, 4, 12, 13, 7],46,6
2.5,2,[0.00204, 0.00169, 0.0197, 0.00774, 0.03687, 0.0479, 0.01242, 0.01784, 0.01859, 0.00919, 0.02852, 0.01204, 0.04337, 0.00256, 0.0567, 0.05769, 0.07301, 0.06486, 0.06673, 0.05466, 0.00337, 0.00918, 0.06318, 0.0502, 0.03029, 0.00759, 0.0324, 0.00246, 0.001, 0.00402, 0.01915, 0.04346, 0.02981, 0.0278, 0.0228, 0.01282, 0.06449, 0.01767, 0.07712, 0.09779, 0.07872],[0.28264, 0.20223, 0.21691, 0.24421],[5, 10, 12, 14],41,4
2.5,3,[0.00987, 0.01889, 0.02775, 0.04019, 0.08273, 0.06901, 0.03719, 0.00633, 0.01575, 0.00519, 0.0009, 0.01951, 0.00122, 0.00261, 0.02042, 0.04604, 0.00912, 0.05838, 0.00516, 0.00086, 0.01592, 0.03885, 0.08532, 0.05586, 0.03221, 0.0051, 0.03019, 0.03375, 0.00712, 0.05469, 0.00314, 0.01069, 0.0513, 0.04565, 0.00389, 0.02764, 0.00398, 0.00503, 0.00147, 0.05864, 0.05523],[0.23254, 0.26755, 0.21797, 0.26268],[10, 8, 5, 13],41,4
2.5,4,[0.00699, 0.05425, 0.08613, 0.00407, 0.01915, 0.01089, 0.01788, 0.0046, 0.02973, 0.01395, 0.00186, 0.01912, 0.01996, 0.00731, 0.06523, 0.00073, 0.01114, 0.03929, 0.08497, 0.02208, 0.00684, 0.01914, 0.02069, 0.01926, 0.07791, 0.09764, 0.08889, 0.00791, 0.06685, 0.05609, 0.04952, 0.00246, 0.001, 0.00402, 0.01915, 0.04346, 0.02981, 0.0278, 0.0228, 0.01282, 0.06449, 0.01767, 0.07712, 0.09779, 0.07872, 0.05769, 0.07301, 0.06486, 0.06673, 0.05466, 0.00337, 0.00918, 0.06318, 0.0502, 0.03029, 0.00759, 0.0324],[0.30133, 0.26598, 0.22629, 0.24421, 0.21691],[5, 10, 7, 9, 14],57,5
2.5,5,[0.00284, 0.02385, 0.00368, 0.01943, 0.01089, 0.01788, 0.0046, 0.02973, 0.01395, 0.00186, 0.01912, 0.01996, 0.00731, 0.06523, 0.00073, 0.01114, 0.03929, 0.08497, 0.02208, 0.00684, 0.01914, 0.02069, 0.01926, 0.07791, 0.09764, 0.08889, 0.00791, 0.06685, 0.05609, 0.04952, 0.00246, 0.001, 0.00402, 0.01915, 0.04346, 0.02981, 0.0278, 0.0228, 0.01282, 0.06449, 0.01767, 0.07712, 0.09779, 0.07872, 0.05769, 0.07301, 0.06486, 0.06673, 0.05466, 0.00337, 0.00918, 0.06318, 0.0502, 0.03029, 0.00759, 0.0324],[0.24247, 0.26598, 0.22629, 0.24421, 0.21691],[4, 10, 7, 9, 14],56,5
2.5,6,[0.06368, 0.00512, 0.02145, 0.01701, 0.03449, 0.05164, 0.08392, 0.09166, 0.01386, 0.08889, 0.08027, 0.05021, 0.05286, 0.00396, 0.02294, 0.07254, 0.03225, 0.06231, 0.00878, 0.03042, 0.00073, 0.01114, 0.03929, 0.08497, 0.02208, 0.00684, 0.01914, 0.01003, 0.01017, 0.00796, 0.0583, 0.0576, 0.04553],[0.20228, 0.20806],[8, 12],33,2
2.5,7,[0.00784, 0.04511, 0.07688, 0.0021, 0.03273, 0.01756, 0.00524, 0.01348, 0.07011, 0.07649, 0.00319, 0.03185, 0.00516, 0.00086, 0.01592, 0.03885, 0.08532, 0.0009, 0.01951, 0.00122, 0.00261, 0.02042, 0.04604, 0.00912, 0.05838, 0.00537, 0.0468, 0.03386, 0.00287, 0.00665, 0.08015, 0.00368, 0.01065],[0.26687, 0.26755, 0.26529],[12, 5, 8],33,3
2.5,8,[0.00338, 0.03877, 0.02919, 0.01624, 0.06438, 0.01168, 0.03372, 0.00115, 0.09764, 0.08027, 0.08371, 0.01303, 0.09111, 0.0365, 0.03556, 0.04957, 0.00805, 0.00431, 0.01675, 0.07286, 0.0973, 0.08869, 0.00232, 0.01001, 0.00255, 0.02955, 0.01347, 0.0877, 0.01783, 0.02874, 0.03545, 0.02498, 0.04488, 0.0354, 0.06942, 0.04766, 0.0373, 0.00169, 0.03758, 0.09693, 0.05483, 0.04255, 0.09596, 0.00585, 0.00901, 0.08631],[0.24424, 0.22807, 0.20001, 0.20099, 0.20768],[2, 5, 8, 14, 6],46,5
2.5,9,[0.00045, 0.01332, 0.01152, 0.05961, 0.08524, 0.00355, 0.03828, 0.02117, 0.03201, 0.02827],[],[],10,0
2.5,10,[0.03002, 0.06936, 0.00568, 0.02923, 0.00641, 0.00486, 0.04045, 0.03671, 0.06098, 0.03353, 0.00516, 0.00086, 0.01592, 0.03885, 0.08532, 0.0009, 0.01951, 0.00122, 0.00261, 0.02042, 0.04604, 0.00912, 0.05838, 0.00537, 0.0468, 0.03386, 0.00287, 0.00665, 0.08015, 0.00368, 0.01065, 0.02859],[0.21971, 0.26755, 0.26529],[10, 5, 8],32,3
2.5,11,[0.00273, 0.06093, 0.01025, 0.02965, 0.03879, 0.04228, 0.00572, 0.09628, 0.01343, 0.08024, 0.0277, 0.0009, 0.01951, 0.00122, 0.00261, 0.02042, 0.04604, 0.00912, 0.05838, 0.00516, 0.00086, 0.01592, 0.03885, 0.08532, 0.00537, 0.0468, 0.03386, 0.00287, 0.00665, 0.08015, 0.00368, 0.01065, 0.02859, 0.03109, 0.05348, 0.06277, 0.09848, 0.00301, 0.07245, 0.08224, 0.00347, 0.00398, 0.00503, 0.00147, 0.05864, 0.05523],[0.20697, 0.26755, 0.32067, 0.2264],[11, 8, 5, 17],46,4
2.5,12,[0.03275, 0.0301, 0.05967, 0.04754, 0.00119, 0.02604, 0.03562, 0.00475, 0.05713, 0.00179, 0.06411, 0.03674, 0.00128, 0.01988, 0.0016, 0.03865, 0.01395, 0.00762, 0.00638, 0.06887, 0.01503, 0.02944, 0.06229, 0.00485, 0.00076, 0.00153, 0.03007, 0.00893, 0.00449, 0.00449, 0.0423, 0.0789, 0.05059, 0.00266, 0.03034, 0.03072, 0.0092, 0.03448, 0.0376, 0.07301, 0.00884, 0.00191, 0.07791],[0.20724, 0.21432, 0.20851, 0.23045],[12, 8, 4, 12],43,4
2.5,13,[0.00013, 0.00153, 0.04217, 0.01905, 0.00964, 0.04814, 0.00182, 0.04226, 0.00221, 0.00137, 0.01598, 0.0468, 0.00975, 0.04302, 0.00128, 0.03088, 0.04199, 0.02684, 0.02801, 0.0139, 0.04837, 0.06737, 0.02869, 0.02356, 0.0035, 0.022, 0.00398, 0.00503, 0.00147, 0.05864, 0.05523, 0.00191, 0.00813, 0.05586, 0.03984, 0.04481, 0.0023, 0.0009, 0.01951, 0.00122, 0.00261, 0.02042, 0.04604, 0.00912, 0.05838, 0.01013, 0.08912, 0.0788, 0.006, 0.01517, 0.04534, 0.07185, 0.00516, 0.00086],[0.22675, 0.26513, 0.21141, 0.26515, 0.26755],[9, 17, 5, 6, 15],54,5
2.5,14,[0.00397, 0.03327, 0.00125, 0.03429, 0.0596, 0.08322, 0.05769, 0.07301, 0.06486, 0.06673, 0.05466, 0.00337, 0.00918, 0.06318, 0.0502, 0.03029, 0.00759, 0.0324, 0.0479, 0.01242, 0.01784, 0.01859, 0.00919, 0.02852, 0.01204, 0.04337, 0.00256, 0.0567, 0.00114, 0.06887, 0.05826, 0.02931, 0.09373, 0.02529, 0.00187, 0.00385, 0.02389, 0.07644, 0.00264, 0.00823, 0.01503],[0.23557, 0.20223, 0.20877, 0.23206],[6, 12, 10, 12],41,4
2.5,15,[0.00694, 0.00497, 0.06279, 0.04266, 0.00656, 0.05044, 0.00398, 0.00503, 0.00147, 0.05864, 0.05523, 0.00537, 0.0468, 0.03386, 0.00287, 0.00665, 0.08015, 0.00368, 0.01065, 0.02859, 0.03109, 0.05348, 0.06277, 0.09848, 0.00301, 0.07245, 0.08224, 0.00347, 0.02443, 0.04286, 0.00716, 0.00516, 0.00086, 0.01592, 0.03885, 0.08532, 0.06027, 0.0966, 0.01646, 0.03464, 0.01732, 0.09755, 0.01711],[0.20505, 0.2264, 0.32067],[6, 5, 20],43,3
2.5,16,[0.01466, 0.01019, 0.0478, 0.05033, 0.00516, 0.00086, 0.01592, 0.03885, 0.08532, 0.05586, 0.03221, 0.0051, 0.03019, 0.03375, 0.00712, 0.05469, 0.00314, 0.01069, 0.0513, 0.04565, 0.00389, 0.02764, 0.00398, 0.00503, 0.00147, 0.05864, 0.05523, 0.04225, 0.05324, 0.01784, 0.03704, 0.00315, 0.00537, 0.0468, 0.03386, 0.00287, 0.00665, 0.08015, 0.00368, 0.01065, 0.02859, 0.03109, 0.05348, 0.06277, 0.09848, 0.00301, 0.07245, 0.08224, 0.00347, 0.02443],[0.27364, 0.21797, 0.26268, 0.2264],[4, 5, 13, 10],50,4
2.5,17,[0.0181, 0.06331, 0.00724, 0.06102, 0.09059, 0.02204, 0.03625, 0.03116, 0.0299, 0.09757, 0.07319, 0.00481, 0.0479, 0.01242, 0.01784, 0.01859, 0.00919, 0.02852, 0.01204, 0.04337, 0.00256, 0.0567, 0.05769, 0.06673, 0.05466, 0.00337, 0.00918, 0.06318, 0.0502, 0.03029, 0.00759, 0.0324],[0.20176, 0.20223],[12, 10],32,2
2.5,18,[0.00509, 0.00137, 0.01598, 0.0468, 0.00975, 0.04302, 0.00128, 0.03088, 0.04199, 0.02684, 0.02801, 0.0139, 0.04837, 0.06737, 0.02869, 0.02356, 0.0035, 0.022, 0.00398, 0.00503, 0.00147, 0.05864, 0.05523, 0.00191, 0.00813, 0.05586, 0.03984, 0.04481, 0.0023, 0.0009, 0.01951, 0.00122, 0.00261, 0.02042, 0.04604, 0.00912, 0.05838, 0.01013, 0.08912, 0.0788, 0.006, 0.01517, 0.04534, 0.07185, 0.00516, 0.00086],[0.21668, 0.26513, 0.21141, 0.26515, 0.26755],[1, 17, 5, 6, 15],46,5
2.5,19,[6e-05, 0.00253, 0.00171, 0.01911, 0.01029, 0.04008, 0.03437, 0.02418, 0.00857, 0.05769, 0.07301, 0.06486, 0.06673, 0.05466, 0.00337, 0.00918, 0.06318, 0.0502, 0.03029, 0.00759, 0.0324, 0.0479, 0.01242, 0.01784, 0.01859, 0.00919, 0.02852, 0.01204, 0.04337, 0.00256, 0.0567, 0.00114, 0.06887, 0.05826, 0.02931, 0.09373, 0.02529, 0.00187, 0.00385, 0.02389, 0.07644],[0.23625, 0.20223, 0.20877],[9, 12, 10],41,3
2.5,20,[0.03833, 0.02246, 0.00163, 0.07146, 0.00214, 0.08029, 0.04192, 0.00567, 0.00128, 0.01988, 0.0016, 0.03865, 0.01395, 0.00762, 0.00638, 0.06887, 0.00201, 0.00107, 0.06859, 0.04998, 0.00347, 0.06159, 0.03908, 0.02807, 0.0469, 0.05984, 0.0924, 0.03958, 0.09908, 0.00076, 0.00153, 0.03007, 0.00893],[0.25546, 0.20697, 0.2282],[8, 8, 13],33,3
2.5,21,[0.07097, 0.00215, 0.06593, 0.0496, 0.02654, 0.04372, 0.02874, 0.03545, 0.02498, 0.04488, 0.0354, 0.06942, 0.02919, 0.01624, 0.06438, 0.01168, 0.03372, 0.04243, 0.00955, 0.01242, 0.00258, 0.01567, 0.02877, 0.07277, 0.02742, 0.04668, 0.00115, 0.08027, 0.08371, 0.01303, 0.09111, 0.0365, 0.03556, 0.01089, 0.01788, 0.0046, 0.02973, 0.01395, 0.00186, 0.01912, 0.01996, 0.00731, 0.06523, 0.00073, 0.01114, 0.03929, 0.02208, 0.00684, 0.01914],[0.23531, 0.25282, 0.22807, 0.39839, 0.26598],[6, 6, 14, 7, 10],49,5
2.5,22,[0.00207, 0.00543, 0.02967, 0.04939, 0.0015, 0.03302, 0.03136, 0.07194, 0.06481, 0.01595],[],[],10,0
2.5,23,[0.00507, 0.02512, 0.02241, 0.00648, 0.03843, 0.0243, 0.09591, 0.04381, 0.08395, 0.05769, 0.07301, 0.06486, 0.06673, 0.05466, 0.00337, 0.00918, 0.06318, 0.0502, 0.03029, 0.00759, 0.0324, 0.0479, 0.01242, 0.01784, 0.01859, 0.00919, 0.02852, 0.01204, 0.04337, 0.00256, 0.0567, 0.00114, 0.06887, 0.05826, 0.02931, 0.09373, 0.02529, 0.00187, 0.00385, 0.02389, 0.07644, 0.00264, 0.00823, 0.00303, 0.0377],[0.27714, 0.20223, 0.20877],[9, 12, 10],45,3
2.5,24,[0.00444, 0.00398, 0.00503, 0.00147, 0.05864, 0.05523, 0.00537, 0.0468, 0.03386, 0.00287, 0.00665, 0.08015, 0.00368, 0.01065, 0.02859, 0.03109, 0.05348, 0.06277, 0.09848, 0.00301, 0.07245, 0.08224, 0.00347, 0.02443, 0.04286, 0.00716, 0.00516, 0.00086, 0.01592, 0.03885, 0.08532, 0.06027, 0.0966, 0.0009, 0.01951, 0.00122, 0.00261, 0.02042, 0.04604, 0.00912, 0.05838, 0.01013, 0.08912, 0.0788, 0.006, 0.01517, 0.04534, 0.07185, 0.0092, 0.03448, 0.0376, 0.07301, 0.00884],[0.22743, 0.2264, 0.32067, 0.26755, 0.24151],[1, 5, 20, 7, 15],53,5
2.5,25,[0.00595, 0.01421, 0.01794, 0.0094, 0.00745, 0.02921, 0.01468, 0.01026, 0.00196, 0.0479, 0.01242, 0.01784, 0.01859, 0.00919, 0.02852, 0.01204, 0.04337, 0.00256, 0.0567, 0.05769, 0.07301, 0.06486, 0.06673, 0.05466, 0.00337],[0.28237, 0.20223],[9, 10],25,2
2.5,26,[0.03812, 0.03524, 0.06385, 0.00668, 0.08195, 0.06552, 0.07309, 0.05769, 0.07301, 0.06486, 0.06673, 0.05466, 0.00337, 0.00918, 0.06318, 0.0502, 0.03029, 0.00759, 0.0324, 0.0479, 0.01242, 0.01784, 0.01859, 0.00919, 0.02852, 0.01204, 0.04337, 0.00256, 0.0567, 0.00114, 0.06887, 0.05826, 0.02931, 0.09373, 0.02529, 0.00187, 0.00385, 0.02389, 0.07644, 0.00264, 0.00823, 0.01503],[0.22347, 0.20223, 0.20877, 0.23206],[7, 12, 10, 12],42,4
2.5,27,[0.01361, 0.00455, 0.00591, 0.06167, 0.04191, 0.03606, 0.02246, 0.01375, 0.00115, 0.09764, 0.08027, 0.08371, 0.01303, 0.09111, 0.0365, 0.03556, 0.04957, 0.00805, 0.00431, 0.01675, 0.07286, 0.0973, 0.08869, 0.00232, 0.01001, 0.00255, 0.02955, 0.01347, 0.0877, 0.01783, 0.02874, 0.03545, 0.02498, 0.04488, 0.0354, 0.06942, 0.04766, 0.0373, 0.00169, 0.03758, 0.09693, 0.05483, 0.04255, 0.09596, 0.00585, 0.00901, 0.08631],[0.22972, 0.20001, 0.20099, 0.20768],[8, 8, 14, 6],47,4
2.5,28,[0.00331, 0.02207, 0.06424, 0.07305, 0.01609, 0.04345, 0.01821, 0.02031, 0.00372, 0.02069, 0.01926, 0.07791, 0.09764, 0.08889, 0.00791, 0.06685, 0.05609, 0.04952, 0.00246, 0.001, 0.00402, 0.01915, 0.04346, 0.02981, 0.0278, 0.0228, 0.01282, 0.06449, 0.01767, 0.07712, 0.09779, 0.07872, 0.05769, 0.07301, 0.06486, 0.06673, 0.05466, 0.00337, 0.00918, 0.06318],[0.29172, 0.24421, 0.21691],[9, 9, 14],40,3
2.5,29,[0.00915, 0.00666, 0.03278, 0.0201, 0.02881, 0.07346, 0.01998, 0.02199, 0.00115, 0.09764, 0.08027, 0.08371, 0.01303, 0.09111, 0.0365, 0.03556, 0.04957, 0.00805, 0.00431, 0.01675, 0.07286, 0.0973, 0.08869, 0.00232, 0.01001, 0.00255, 0.02955, 0.01347, 0.0877, 0.01783, 0.02874, 0.03545, 0.02498, 0.04488, 0.0354, 0.06942, 0.04766, 0.0373, 0.00169, 0.03758, 0.09693, 0.05483, 0.04255, 0.09596, 0.00585, 0.00901, 0.08631],[0.21896, 0.20001, 0.20099, 0.20768],[8, 8, 14, 6],47,4
2.5,30,[0.00368, 0.00516, 0.00086, 0.01592, 0.03885, 0.08532, 0.0009, 0.01951, 0.00122, 0.00261, 0.02042, 0.04604, 0.00912, 0.05838, 0.00537, 0.0468, 0.03386, 0.00287, 0.00665, 0.08015, 0.00368, 0.01065, 0.02859, 0.03109, 0.05348, 0.06277, 0.09848, 0.00301, 0.07245, 0.08224, 0.00347, 0.00398, 0.00503, 0.00147, 0.05864, 0.05523, 0.04225, 0.05324, 0.01784, 0.03704, 0.00315, 0.00191, 0.00813, 0.05586, 0.03984, 0.04481, 0.0023, 0.05511, 0.0061, 0.09465],[0.20877, 0.26755, 0.26529, 0.2264, 0.21141],[1, 5, 8, 17, 10],50,5
2.5,31,[0.00965, 0.02858, 0.01358, 0.01946, 0.01125, 0.02227, 0.01048, 0.07549, 0.0172, 0.03694, 0.0089, 0.02874, 0.03545, 0.02498, 0.04488, 0.0354, 0.06942, 0.07791, 0.04957, 0.04702, 0.04606, 0.03946, 0.01183, 0.00177, 0.03366, 0.01628, 0.01087, 0.05725, 0.05713, 0.04781, 0.08996, 0.01161, 0.01178, 0.05769, 0.07301, 0.06486, 0.06673, 0.05466, 0.00337, 0.00918, 0.06318],[0.22653, 0.24436, 0.29929],[11, 6, 16],41,3
2.5,32,[0.02485, 0.00813, 0.01301, 0.06409, 0.0163, 0.00422, 0.00458, 0.02919, 0.01624, 0.06438, 0.01168, 0.03372, 0.00115, 0.09764, 0.08027, 0.08371, 0.01303, 0.09111, 0.0365, 0.03556, 0.04957, 0.00805, 0.00431, 0.01675, 0.07286, 0.0973, 0.08869, 0.00232, 0.01001, 0.00255, 0.02955, 0.01347, 0.0877, 0.01783, 0.02874, 0.03545, 0.02498, 0.04488, 0.0354, 0.06942, 0.0373, 0.00169, 0.03758, 0.09693, 0.05483, 0.04255, 0.09596, 0.00585, 0.00901, 0.08631],[0.26082, 0.22807, 0.20001, 0.20099, 0.20768],[7, 5, 8, 14, 6],50,5
2.5,33,[0.01072, 0.00421, 0.0572, 0.01546, 0.07153, 0.00431, 0.00478, 0.00137, 0.01598, 0.0468, 0.00975, 0.04302, 0.00128, 0.03088, 0.04199, 0.02684, 0.02801, 0.0139, 0.04837, 0.06737, 0.02869, 0.02356, 0.0035, 0.022, 0.00398, 0.00503, 0.00147, 0.05864, 0.05523, 0.00191, 0.00813, 0.05586, 0.03984, 0.04481, 0.0023, 0.0009, 0.01951, 0.00122, 0.00261, 0.02042, 0.04604, 0.00912, 0.05838, 0.01013, 0.08912, 0.0788, 0.006, 0.01517],[0.23814, 0.26513, 0.21141, 0.26515],[7, 17, 5, 6],48,4
2.5,34,[0.00556, 0.03096, 0.00559, 0.02313, 0.01513, 0.02726, 0.00775, 0.07162, 0.01553, 0.01131, 0.01699, 0.00201, 0.00107, 0.06859, 0.04998, 0.00347, 0.06159, 0.03908, 0.02807, 0.0469, 0.05984, 0.0924, 0.03958, 0.09908, 0.00128, 0.01988, 0.0016, 0.03865],[0.28389, 0.20697],[11, 13],28,2
2.5,35,[0.00515, 0.00368, 0.02817, 0.00453, 0.01089, 0.01788, 0.0046, 0.02973, 0.01395, 0.00186, 0.01912, 0.01996, 0.00731, 0.06523, 0.00073, 0.01114, 0.03929, 0.08497, 0.02208, 0.00684, 0.01914, 0.02069, 0.01926, 0.07791, 0.09764, 0.08889, 0.00791, 0.06685, 0.05609, 0.04952, 0.00246, 0.001, 0.00402, 0.01915, 0.04346, 0.02981, 0.0278, 0.0228, 0.01282, 0.06449, 0.01767, 0.07712, 0.09779, 0.07872, 0.05769, 0.07301, 0.06486, 0.06673, 0.05466, 0.00337, 0.00918, 0.06318, 0.0502, 0.03029, 0.00759, 0.0324],[0.24273, 0.26598, 0.22629, 0.24421, 0.21691],[4, 10, 7, 9, 14],56,5
2.5,36,[0.00306, 0.07041, 0.04931, 0.07455, 0.04623, 0.07804, 0.07866, 0.00516, 0.00086, 0.01592, 0.03885, 0.08532, 0.05586, 0.03221, 0.0051, 0.03019, 0.03375, 0.00712, 0.05469, 0.00314, 0.01069, 0.0513, 0.04565, 0.00389, 0.02764, 0.00398, 0.00503, 0.00147, 0.05864, 0.05523, 0.04225, 0.05324, 0.01784, 0.03704, 0.00315, 0.00537, 0.0468, 0.03386, 0.00287, 0.00665, 0.08015, 0.00368, 0.01065, 0.02859, 0.03109, 0.05348, 0.06277, 0.09848, 0.00301, 0.07245, 0.08224, 0.00347, 0.02443],[0.30864, 0.21797, 0.26268, 0.2264],[7, 5, 13, 10],53,4
2.5,37,[0.00294, 0.02604, 0.0518, 0.05325, 0.00587, 0.07589, 0.04404, 0.00776, 0.00528, 0.01186, 0.00632, 0.01272, 0.04443, 0.002, 0.02032, 0.04491, 0.01371, 0.00483, 0.03501, 0.04257, 0.09701, 0.00201, 0.00107, 0.06859, 0.04998, 0.00347, 0.06159, 0.03908, 0.02807, 0.0469, 0.05984, 0.0924, 0.03958, 0.09908, 0.00128, 0.01988, 0.0016, 0.03865, 0.01395, 0.00762, 0.00638, 0.06887, 0.01503, 0.02944, 0.06229, 0.00485, 0.00076, 0.00153, 0.03007, 0.00893],[0.22814, 0.25636, 0.20697, 0.21432, 0.20851],[10, 11, 13, 8, 4],50,5
2.5,38,[0.01499, 0.01854, 0.02874, 0.03545, 0.02498, 0.04488, 0.0354, 0.06942, 0.02919, 0.01624, 0.06438, 0.01168, 0.03372, 0.00115, 0.09764, 0.08027, 0.08371, 0.01303, 0.09111, 0.0365, 0.03556, 0.04957, 0.00805, 0.00431, 0.01675, 0.07286, 0.0973, 0.08869, 0.00232, 0.01001, 0.00255, 0.02955, 0.01347, 0.0877, 0.01783, 0.05769, 0.07301, 0.06486, 0.06673, 0.05466, 0.00337, 0.00918, 0.06318, 0.0502, 0.03029, 0.00759, 0.0324, 0.0479, 0.01242, 0.01784, 0.01859, 0.00919, 0.02852],[0.23128, 0.25282, 0.22807, 0.20001, 0.31537, 0.20223],[2, 6, 5, 8, 14, 12],53,6
2.5,39,[0.0109, 0.00614, 0.06925, 0.07922, 0.09932, 0.05293, 0.00533, 0.00269, 0.0144, 0.01089, 0.01788, 0.0046, 0.02973, 0.01395, 0.00186, 0.01912, 0.01996, 0.00731, 0.06523, 0.00327, 0.01891, 0.00073, 0.01114, 0.03929, 0.08497, 0.02208, 0.00684, 0.01914, 0.02069, 0.01926, 0.07791, 0.09764, 0.08889, 0.00791, 0.06685, 0.05609, 0.04952, 0.00246, 0.001, 0.00402, 0.01915, 0.04346, 0.02981, 0.0278, 0.0228, 0.01282, 0.06449, 0.01767, 0.07712, 0.09779, 0.07872, 0.05769, 0.07301, 0.06486, 0.06673, 0.05466, 0.00337, 0.00918, 0.06318, 0.0502],[0.2182, 0.26598, 0.22629, 0.24421, 0.21691],[9, 12, 7, 9, 14],60,5
2.5,40,[0.01967, 0.00701, 0.05802, 0.07033, 0.03812, 0.00682, 0.02452, 0.05252, 0.01717, 0.00516, 0.00086, 0.01592, 0.03885, 0.08532, 0.0009, 0.01951, 0.00122, 0.00261, 0.02042, 0.04604, 0.00912, 0.05838, 0.00537, 0.0468, 0.03386, 0.00287, 0.00665, 0.08015, 0.00368, 0.01065, 0.02859, 0.03109, 0.05348, 0.06277, 0.09848, 0.00301, 0.07245, 0.08224, 0.00347, 0.00398, 0.00503, 0.00147],[0.20176, 0.26755, 0.26529, 0.2264],[9, 5, 8, 17],42,4
2.5,41,[0.00058, 0.05107, 0.05535, 0.03904, 0.0262, 0.03806, 0.01178, 0.01207, 0.01035, 0.00213, 0.06741, 0.02827, 0.00114, 0.06887, 0.05826, 0.02931, 0.09373, 0.02529, 0.00187, 0.00385, 0.02389, 0.07644, 0.00264, 0.00823, 0.00303, 0.0377, 0.07654],[0.20883],[12],27,1
2.5,42,[0.07697, 0.00417, 0.01456, 0.09263, 0.00537, 0.0468, 0.03386, 0.00287, 0.00665, 0.08015, 0.00368, 0.01065, 0.02859, 0.03109, 0.05348, 0.06277, 0.09848, 0.00301, 0.07245, 0.08224, 0.00347, 0.00398, 0.00503, 0.00147, 0.05864, 0.05523, 0.00191, 0.00813, 0.05586, 0.03984, 0.04481, 0.0023, 0.0009, 0.01951, 0.00122, 0.00261, 0.02042, 0.04604, 0.00912, 0.05838, 0.01013],[0.23707, 0.2264, 0.21141, 0.26515],[4, 17, 5, 6],41,4
2.5,43,[0.02841, 0.01441, 0.06176, 0.00347, 0.01315, 0.0221, 0.05047, 0.01151, 0.02069, 0.01926, 0.07791, 0.09764, 0.08889, 0.00791, 0.06685, 0.05609, 0.04952, 0.00246, 0.001, 0.00402, 0.01915, 0.04346, 0.02981, 0.0278, 0.0228, 0.01282, 0.06449, 0.01767, 0.07712, 0.09779, 0.07872, 0.05769, 0.07301, 0.06486, 0.06673, 0.05466, 0.00337, 0.00918, 0.06318, 0.0502, 0.03029, 0.00759, 0.0324, 0.0479, 0.01242, 0.01784, 0.01859, 0.00919, 0.02852, 0.01204],[0.21087, 0.24421, 0.21691, 0.20223],[8, 9, 14, 12],50,4
2.5,44,[0.02361, 0.00135, 0.02463, 0.0558, 0.00197, 0.02578, 0.00214, 0.09765, 0.03257, 0.02919, 0.01624, 0.06438, 0.01168, 0.03372, 0.00115, 0.09764, 0.08027, 0.08371, 0.01303, 0.09111, 0.0365, 0.03556, 0.04957, 0.00805, 0.00431, 0.01675, 0.07286, 0.0973, 0.08869, 0.00232, 0.01001, 0.00255, 0.02955, 0.01347, 0.0877, 0.01783, 0.02874, 0.03545, 0.02498, 0.04488, 0.0354, 0.06942, 0.00543, 0.02521, 0.06458, 0.03467, 0.09779, 0.0092, 0.03448, 0.0376],[0.23217, 0.22807, 0.20001, 0.20099, 0.23617, 0.20029],[9, 5, 8, 14, 6, 5],50,6
2.5,45,[0.0014, 0.08084, 0.06856, 0.08311, 0.02339, 0.0521, 0.02495, 0.01213, 0.04709],[],[],9,0
2.5,46,[0.02904, 0.0068, 0.02119, 0.00734, 0.02769, 0.0119, 0.01402, 0.02974, 0.06825, 0.02581, 0.09661, 0.0124, 0.01494, 0.06389, 0.0026, 0.00788, 0.05259, 0.03866, 0.00283, 0.0479, 0.01242, 0.01784, 0.01859, 0.00919, 0.02852, 0.01204, 0.04337, 0.00256, 0.0567, 0.05769, 0.07301, 0.06486, 0.06673, 0.05466, 0.00337, 0.00918],[0.21418, 0.20223],[19, 10],36,2
2.5,47,[0.00466, 0.00083, 0.03228, 0.01057, 0.08625, 0.04542, 0.04074, 0.08467, 0.00941, 0.00676, 0.00636, 0.02179, 0.05785, 0.00537, 0.0468, 0.03386, 0.00287, 0.00665, 0.08015, 0.00368, 0.01065, 0.02859, 0.03109, 0.05348, 0.06277, 0.09848, 0.00301, 0.07245, 0.08224, 0.00347, 0.02443, 0.04286, 0.00716, 0.00516, 0.00086, 0.01592, 0.03885, 0.08532, 0.06027, 0.0966, 0.05586, 0.03221, 0.0051, 0.03019, 0.03375, 0.00712, 0.05469, 0.00314, 0.01069, 0.0513, 0.04565, 0.00389, 0.02764, 0.05357, 0.02066],[0.29461, 0.32067, 0.21797],[13, 20, 7],55,3
2.5,48,[0.04149, 0.02467, 0.03942, 0.0814, 0.09107, 0.04773, 0.01489, 0.00398, 0.00503, 0.00147, 0.05864, 0.05523, 0.00537, 0.0468, 0.03386, 0.00287, 0.00665, 0.08015, 0.00368, 0.01065, 0.02859, 0.03109, 0.05348, 0.06277, 0.09848, 0.00301, 0.07245, 0.08224, 0.00347, 0.02443, 0.04286, 0.00716, 0.00516, 0.00086, 0.01592, 0.03885, 0.08532, 0.06027, 0.0966, 0.0009, 0.01951, 0.00122, 0.00261, 0.02042, 0.04604, 0.00912, 0.05838, 0.01013, 0.08912, 0.0788, 0.006, 0.01517],[0.23819, 0.2264, 0.32067, 0.26755],[7, 5, 20, 7],52,4
2.5,49,[0.00216, 0.00489, 0.0117, 0.04201, 0.08128, 0.03415, 0.02905, 0.0707, 0.00276, 0.0604, 0.01089, 0.01788, 0.0046, 0.02973, 0.01395, 0.00186, 0.01912, 0.01996, 0.00731, 0.06523, 0.00137, 0.01598, 0.0468, 0.00975, 0.04302, 0.00128, 0.03088, 0.04199, 0.02684, 0.02801, 0.0139, 0.04837, 0.06737, 0.02869],[0.20499, 0.38433],[10, 10],34,2
2.5,50,[0.02899, 0.01417, 0.01111, 0.02196, 0.09363, 0.09254, 0.01089, 0.01788, 0.0046, 0.02973, 0.01395, 0.00186, 0.01912, 0.01996, 0.00731, 0.06523, 0.00073, 0.01114, 0.03929, 0.08497, 0.02208, 0.00684, 0.01914, 0.02069, 0.01926, 0.07791, 0.09764, 0.08889, 0.00791, 0.06685, 0.05609, 0.04952, 0.00246, 0.001, 0.00402, 0.01915, 0.04346, 0.02981, 0.0278, 0.0228, 0.01282, 0.06449, 0.01767, 0.07712, 0.09779, 0.07872, 0.05769, 0.07301, 0.06486, 0.06673, 0.05466, 0.00337, 0.00918, 0.06318, 0.0502, 0.03029, 0.00759, 0.0324],[0.27635, 0.26598, 0.22629, 0.24421, 0.21691],[6, 10, 7, 9, 14],58,5
2.5,51,[0.03903, 0.00139, 0.02069, 0.01926, 0.07791, 0.09764, 0.08889, 0.00791, 0.06685, 0.05609, 0.04952, 0.00246, 0.001, 0.00402, 0.01915, 0.04346, 0.02981, 0.0278, 0.0228, 0.01282, 0.06449, 0.01767, 0.07712, 0.09779, 0.07872, 0.05769, 0.07301, 0.06486, 0.06673, 0.05466, 0.00337, 0.00918, 0.06318, 0.0502, 0.03029, 0.00759, 0.0324, 0.0479, 0.01242, 0.01784, 0.01859, 0.00919, 0.02852, 0.01204, 0.04337],[0.25591, 0.24421, 0.21691, 0.20223],[2, 9, 14, 12],45,4
2.5,52,[0.00106, 0.03991, 0.07907, 0.01401, 0.03939, 0.06523, 0.0454, 0.07669, 0.05075, 0.05568, 0.03389, 0.07793, 0.02109, 0.04223, 0.00114, 0.06887, 0.05826, 0.02931, 0.09373, 0.02529, 0.00187],[0.21951],[14],21,1
2.5,53,[0.00446, 0.05061, 0.06651, 0.02884, 0.00322, 0.07123, 0.0852, 0.03705, 0.07015, 0.00076, 0.00153, 0.03007, 0.00893, 0.09373, 0.00449],[0.20011],[9],15,1
2.5,54,[0.06188, 0.03465, 0.00125, 0.00299, 0.01099, 0.00592, 0.00672, 0.00516, 0.00086, 0.01592, 0.03885, 0.08532, 0.05586, 0.03221, 0.0051, 0.03019, 0.03375, 0.00712, 0.05469, 0.00314, 0.01069, 0.0513, 0.04565, 0.00389, 0.02764, 0.00398, 0.00503, 0.00147, 0.05864, 0.05523, 0.04225, 0.05324, 0.01784, 0.03704, 0.00315, 0.00537, 0.0468, 0.03386, 0.00287, 0.00665, 0.08015, 0.00368, 0.01065, 0.02859, 0.03109, 0.05348, 0.06277, 0.09848, 0.00301, 0.07245, 0.08224, 0.00347, 0.02443],[0.26551, 0.21797, 0.26268, 0.2264],[7, 5, 13, 10],53,4
2.5,55,[0.02722, 0.02628, 0.00573, 0.02874, 0.03545, 0.02498, 0.04488, 0.0354, 0.06942, 0.02919, 0.01624, 0.06438, 0.01168, 0.03372, 0.00115, 0.09764, 0.08027, 0.08371, 0.01303, 0.09111, 0.0365, 0.03556, 0.04957, 0.00805, 0.00431, 0.01675, 0.07286, 0.0973, 0.08869, 0.00232, 0.01001, 0.00255, 0.02955, 0.01347, 0.0877, 0.01783, 0.05769, 0.07301, 0.06486, 0.06673, 0.05466, 0.00337, 0.00918, 0.06318, 0.0502, 0.03029, 0.00759, 0.0324, 0.0479, 0.01242, 0.01784, 0.01859, 0.00919, 0.02852],[0.21412, 0.25282, 0.22807, 0.20001, 0.31537, 0.20223],[3, 6, 5, 8, 14, 12],54,6
2.5,56,[0.02159, 0.01038, 0.00516, 0.00086, 0.01592, 0.03885, 0.08532, 0.05586, 0.03221, 0.0051, 0.03019, 0.03375, 0.00712, 0.05469, 0.00314, 0.01069, 0.0513, 0.04565, 0.00389, 0.02764, 0.00398, 0.00503, 0.00147, 0.05864, 0.05523, 0.04225, 0.05324, 0.01784, 0.03704, 0.00315, 0.00537, 0.0468, 0.03386, 0.00287, 0.00665, 0.08015, 0.00368, 0.01065, 0.02859, 0.03109, 0.05348, 0.06277, 0.09848, 0.00301, 0.07245, 0.08224, 0.00347, 0.02443],[0.24599, 0.21797, 0.26268, 0.2264],[2, 5, 13, 10],48,4
2.5,57,[0.01141, 0.05865, 0.04608, 0.05049, 0.01639, 0.06922, 0.04023, 0.07452, 0.02137, 0.0724, 0.05627, 0.00632, 0.01272, 0.04443, 0.002, 0.02032, 0.04491, 0.01371, 0.00483, 0.03501, 0.04257, 0.09701, 0.0479, 0.01242, 0.01784, 0.01859, 0.00919, 0.02852, 0.01204, 0.04337, 0.00256, 0.0567, 0.05769, 0.07301, 0.06486, 0.06673, 0.05466, 0.00337, 0.00918, 0.06318, 0.0502],[0.20638, 0.26747, 0.20223],[11, 11, 10],41,3
2.5,58,[0.04115, 0.00487, 0.00684, 0.00232, 0.00055, 0.00058, 0.03122, 0.01148, 0.02351, 0.05425, 0.00229, 0.02061, 0.06892, 0.00493, 0.02475, 0.00264, 0.00544, 0.01412, 0.02782],[0.20335],[2],19,1
2.5,59,[0.03812, 0.05712, 0.02424, 0.00409, 0.04778, 0.05747, 0.0984, 0.01503, 0.02944, 0.06229, 0.00485, 0.00076, 0.00153, 0.03007, 0.00893, 0.09373, 0.00449, 0.00449, 0.0423, 0.0789, 0.05059, 0.00266, 0.03034, 0.00201, 0.00107, 0.06859, 0.04998, 0.00347, 0.06159, 0.03908, 0.02807, 0.0469, 0.05984, 0.0924, 0.03958, 0.09908, 0.00128, 0.01988, 0.0016, 0.03865, 0.01395, 0.00762, 0.00638, 0.0479, 0.01242, 0.01784, 0.01859, 0.00919, 0.02852, 0.01204, 0.04337, 0.00256, 0.0567, 0.05769, 0.07301, 0.06486, 0.06673],[0.25003, 0.20851, 0.2282, 0.20697, 0.27738, 0.20223],[7, 4, 12, 13, 7, 10],57,6
2.5,60,[0.05531, 0.03847, 0.02874, 0.03545, 0.02498, 0.04488, 0.0354, 0.06942, 0.02919, 0.01624, 0.06438, 0.01168, 0.03372, 0.00115, 0.09764, 0.08027, 0.08371, 0.01303, 0.09111, 0.0365, 0.03556, 0.04957, 0.00805, 0.00431, 0.01675, 0.07286, 0.0973, 0.08869, 0.00232, 0.01001, 0.00255, 0.02955, 0.01347, 0.0877, 0.01783, 0.05769, 0.07301, 0.06486, 0.06673, 0.05466, 0.00337, 0.00918, 0.06318, 0.0502, 0.03029, 0.00759, 0.0324, 0.0479, 0.01242, 0.01784, 0.01859, 0.00919, 0.02852],[0.21508, 0.25282, 0.22807, 0.20001, 0.31537, 0.20223],[2, 6, 5, 8, 14, 12],53,6
2.5,61,[0.01677, 0.04018, 0.02366, 0.0907, 0.01181, 0.08236, 0.01735, 0.00255, 0.00191, 0.00813, 0.05586, 0.03984, 0.04481, 0.0023, 0.00604, 0.08532, 0.01114, 0.0102, 0.06376, 0.03485, 0.04928, 0.04636, 0.01818],[0.20458, 0.24791],[8, 6],23,2
2.5,62,[0.00095, 0.03712, 0.02302, 0.06964, 0.05332, 0.06429, 0.0772, 0.06412, 0.02577, 0.00076, 0.00153, 0.03007, 0.00893, 0.09373, 0.00449, 0.00449, 0.0423, 0.0789, 0.05059, 0.00266, 0.03034, 0.00201, 0.00107, 0.06859, 0.04998, 0.00347, 0.06159, 0.03908, 0.02807, 0.0469, 0.05984, 0.0924, 0.03958, 0.09908, 0.00128, 0.01988, 0.0016, 0.03865, 0.01395, 0.00762, 0.00638],[0.2086, 0.2282, 0.20697, 0.21432],[9, 12, 13, 7],41,4
2.5,63,[0.00077, 0.00102, 0.05904, 0.08215, 0.00674, 0.03245, 0.04693, 0.05801, 0.02745, 0.06479, 0.03708, 0.00233, 0.09373, 0.00251, 0.00827, 0.00259, 0.0028, 0.07306, 0.00435, 0.00076, 0.00153, 0.03007, 0.00893, 0.09373, 0.00449, 0.00449, 0.0423, 0.0789, 0.05059, 0.00266, 0.03034, 0.00201, 0.00107, 0.06859, 0.04998, 0.00347, 0.06159, 0.03908, 0.02807, 0.0469, 0.05984, 0.0924, 0.03958, 0.09908, 0.00128, 0.01988, 0.0016, 0.03865, 0.01395, 0.00762, 0.00638, 0.00436, 0.04725, 0.01074],[0.2469, 0.24403, 0.2282, 0.20697],[14, 5, 12, 13],54,4
2.5,64,[0.00285, 0.03207, 0.02553, 0.01134, 0.05711, 0.00242, 0.03634, 0.04036, 0.08079, 0.02022, 0.00398, 0.00503, 0.00147, 0.05864, 0.05523, 0.00537, 0.0468, 0.03386, 0.00287, 0.00665, 0.08015, 0.00368, 0.01065, 0.02859, 0.03109, 0.05348, 0.06277, 0.09848, 0.00301, 0.07245, 0.08224, 0.00347, 0.02443, 0.04286, 0.00716, 0.00516, 0.00086, 0.01592, 0.03885, 0.08532, 0.06027, 0.0966, 0.0009, 0.01951, 0.00122, 0.00261, 0.02042, 0.04604, 0.00912, 0.05838, 0.01013, 0.08912, 0.0788, 0.006, 0.01517, 0.04534, 0.07185, 0.0092, 0.03448, 0.0376, 0.07301, 0.00884],[0.24112, 0.2264, 0.32067, 0.26755, 0.24151],[10, 5, 20, 7, 15],62,5
2.5,65,[0.0016, 0.0221, 0.01444, 0.0512, 0.03156, 0.00415, 0.00201, 0.00107, 0.06859, 0.04998, 0.00347, 0.06159, 0.03908, 0.02807, 0.0469, 0.05984, 0.0924, 0.03958, 0.09908, 0.00128, 0.01988, 0.0016, 0.03865, 0.01395, 0.00762, 0.00638, 0.06887, 0.01503, 0.02944, 0.06229, 0.00485, 0.00076, 0.00153, 0.03007, 0.00893, 0.00449, 0.00449, 0.0423, 0.0789, 0.05059, 0.00266, 0.03034, 0.03072, 0.0092],[0.25759, 0.20697, 0.21432, 0.20851, 0.23045],[6, 13, 8, 4, 12],44,5
2.5,66,[0.01594, 0.06184, 0.00839, 0.0147, 0.09662, 0.02869, 0.02515],[],[],7,0
2.5,67,[0.01568, 0.04293, 0.03096, 0.0026, 0.02487, 0.07418, 0.00207, 0.00681, 0.01604, 0.0092, 0.03448, 0.0376, 0.07301, 0.00884, 0.00191, 0.07791, 0.04701, 0.0974, 0.00076, 0.00153, 0.03007, 0.00893, 0.09373, 0.00449, 0.00449, 0.0423, 0.0789, 0.05059, 0.00266, 0.03034, 0.00201, 0.00107, 0.06859, 0.04998, 0.00347, 0.06159, 0.03908, 0.02807, 0.0469, 0.05984, 0.0924, 0.03958, 0.09908, 0.00128, 0.01988, 0.0016, 0.03865, 0.01395, 0.00762, 0.00638, 0.01503, 0.02944],[0.22365, 0.23045, 0.2282, 0.20697, 0.21432],[9, 9, 12, 13, 7],52,5
2.5,68,[0.02839, 0.05734, 0.04075, 0.09931, 0.01862, 0.00228, 0.00398, 0.00503, 0.00147, 0.05864, 0.05523, 0.00537, 0.03386, 0.00287, 0.00665, 0.00368, 0.01065, 0.02859, 0.03109, 0.05348, 0.06277, 0.09848, 0.00301, 0.07245, 0.08224, 0.00347, 0.02443, 0.04286, 0.00716, 0.00516, 0.00086, 0.01592, 0.03885, 0.08532, 0.06027, 0.0966, 0.0009, 0.01951, 0.00122, 0.00261, 0.02042, 0.04604, 0.00912, 0.05838, 0.01013, 0.08912, 0.0788, 0.006, 0.01517, 0.04534, 0.07185, 0.0092, 0.03448, 0.0376, 0.07301, 0.00884],[0.30573, 0.2264, 0.32067, 0.26755, 0.24151],[6, 5, 18, 7, 15],56,5
2.5,69,[0.0193, 0.0138, 0.04926, 0.09625, 0.01744, 0.0315, 0.00613, 0.00745, 0.01533, 0.00137, 0.01598, 0.0468, 0.00975, 0.04302, 0.00128, 0.03088, 0.04199, 0.02684, 0.02801, 0.0139, 0.04837, 0.06737, 0.02869, 0.02356, 0.0035, 0.022, 0.00398, 0.00503, 0.00147, 0.05864, 0.05523, 0.00191, 0.00813, 0.05586, 0.03984, 0.04481, 0.0023, 0.0009, 0.01951, 0.00122, 0.00261, 0.02042, 0.04604, 0.00912, 0.05838, 0.01013, 0.08912, 0.0788, 0.006, 0.01517, 0.04534, 0.07185, 0.00516, 0.00086],[0.21217, 0.26513, 0.21141, 0.26515, 0.26755],[9, 17, 5, 6, 15],54,5
2.5,70,[0.00832, 0.02952, 0.0124, 0.0871, 0.01105, 0.00632, 0.01272, 0.04443, 0.002, 0.02032, 0.04491, 0.01371, 0.00483, 0.03501, 0.04257, 0.09701, 0.00201, 0.00107, 0.06859, 0.04998, 0.00347, 0.06159, 0.03908, 0.02807, 0.0469, 0.05984, 0.0924, 0.03958, 0.09908, 0.00128, 0.01988, 0.0016, 0.03865, 0.01395, 0.00762, 0.00638, 0.06887, 0.01503, 0.02944, 0.06229, 0.00485, 0.00076, 0.00153, 0.03007, 0.00893],[0.20504, 0.25636, 0.20697, 0.21432, 0.20851],[5, 11, 13, 8, 4],45,5
2.5,71,[0.01649, 0.00595, 0.00331, 0.04541, 0.01993, 0.04207, 0.03212, 0.08237],[0.22572],[8],8,1
2.5,72,[0.03095, 0.00119, 0.01249, 0.0015, 0.00462, 0.00347, 0.02874, 0.03545, 0.02498, 0.04488, 0.0354, 0.06942, 0.02919, 0.01624, 0.06438, 0.01168, 0.03372, 0.00115, 0.09764, 0.08027, 0.08371, 0.01303, 0.09111, 0.0365, 0.03556, 0.04957, 0.00805, 0.00431, 0.01675, 0.07286, 0.0973, 0.08869, 0.00232, 0.01001, 0.00255, 0.02955, 0.01347, 0.0877, 0.01783, 0.05769, 0.07301, 0.06486, 0.06673, 0.05466, 0.00337, 0.00918, 0.06318, 0.0502, 0.03029, 0.00759, 0.0324, 0.0479, 0.01242, 0.01784, 0.01859, 0.00919, 0.02852],[0.23942, 0.25282, 0.22807, 0.20001, 0.31537, 0.20223],[6, 6, 5, 8, 14, 12],57,6
2.5,73,[0.03122, 0.00056, 0.01171, 0.00532, 0.00229, 0.01285, 0.05419, 0.00537, 0.0468, 0.03386, 0.00287, 0.00665, 0.08015, 0.00368, 0.01065, 0.02859, 0.03109, 0.05348, 0.06277, 0.09848, 0.00301, 0.07245, 0.08224, 0.00347, 0.02443, 0.04286, 0.00716, 0.00516, 0.00086, 0.01592, 0.03885, 0.08532, 0.06027, 0.0966, 0.0009, 0.01951, 0.00122, 0.00261],[0.2462, 0.32067, 0.26755],[7, 20, 7],38,3
2.5,74,[0.01595, 0.01891, 0.01979, 0.06857, 0.04303, 0.00331, 0.01069, 0.0065, 0.07621, 0.00464, 0.08465, 0.02166, 0.00076, 0.00153, 0.03007, 0.00893, 0.09373, 0.00449, 0.00449, 0.0423, 0.0789, 0.05059, 0.00266, 0.03034, 0.00201, 0.00107, 0.06859, 0.04998, 0.00347, 0.06159, 0.03908, 0.02807, 0.0469, 0.05984, 0.0924, 0.03958],[0.21498, 0.2282],[12, 12],36,2
2.5,75,[0.03725, 0.04209, 0.00328, 0.02406, 0.00194, 0.06584, 0.01503, 0.02944, 0.06229, 0.00485, 0.00076, 0.00153, 0.03007, 0.00893, 0.09373, 0.00449, 0.00449, 0.0423, 0.0789, 0.05059, 0.00266, 0.03034, 0.00201, 0.00107, 0.06859, 0.04998, 0.00347, 0.06159, 0.03908, 0.02807, 0.0469, 0.05984, 0.0924, 0.03958, 0.09908, 0.00128, 0.01988, 0.0016, 0.03865, 0.01395, 0.00762, 0.00638, 0.0479, 0.01242, 0.01784, 0.01859, 0.00919, 0.02852, 0.01204, 0.04337, 0.00256, 0.0567, 0.05769, 0.07301, 0.06486, 0.06673],[0.2333, 0.20851, 0.2282, 0.20697, 0.27738, 0.20223],[6, 4, 12, 13, 7, 10],56,6
2.5,76,[0.00259, 0.00333, 0.0668, 0.00511, 0.00173, 0.06124, 0.04634, 0.01647, 0.01384, 0.04302, 0.08015, 0.00433, 0.05798, 0.00179, 0.01628, 0.01949, 0.06417, 0.05024, 0.00296, 0.00601, 0.06931, 0.01921],[0.20782],[8],22,1
2.5,77,[0.00057, 0.00139, 0.00071, 0.04149, 0.02069, 0.01926, 0.07791, 0.09764, 0.08889, 0.00791, 0.06685, 0.05609, 0.04952, 0.00246, 0.001, 0.00402, 0.01915, 0.04346, 0.02981, 0.0278, 0.0228, 0.01282, 0.06449, 0.01767, 0.07712, 0.09779, 0.07872, 0.05769, 0.07301, 0.06486, 0.06673, 0.05466, 0.00337, 0.00918, 0.06318, 0.0502, 0.03029, 0.00759, 0.0324, 0.0479, 0.01242, 0.01784, 0.01859, 0.00919, 0.02852, 0.01204, 0.04337],[0.25623, 0.24421, 0.21691, 0.20223],[4, 9, 14, 12],47,4
2.5,78,[0.00524, 0.06176, 0.01806, 0.07332, 0.00225, 0.04924, 0.00251, 0.01089, 0.01788, 0.0046, 0.02973, 0.01395, 0.00186, 0.01912, 0.01996, 0.00731, 0.06523, 0.00327, 0.01891, 0.00073, 0.01114, 0.03929, 0.08497, 0.02208, 0.00684, 0.01914, 0.02069, 0.01926, 0.07791, 0.09764, 0.08889, 0.00791, 0.06685, 0.05609, 0.04952, 0.00246, 0.001, 0.00402, 0.01915, 0.04346, 0.02981, 0.0278, 0.0228, 0.01282, 0.06449, 0.01767, 0.07712, 0.09779, 0.07872, 0.05769, 0.07301, 0.06486, 0.06673, 0.05466, 0.00337, 0.00918, 0.06318, 0.0502],[0.21081, 0.26598, 0.22629, 0.24421, 0.21691],[7, 12, 7, 9, 14],58,5
2.5,79,[0.01067, 0.02293, 0.00182, 0.05582, 0.04882, 0.06113, 0.00191, 0.00813, 0.05586, 0.03984, 0.04481, 0.0023, 0.00398, 0.00503, 0.00147, 0.05864, 0.05523, 0.00537, 0.0468, 0.03386, 0.00287, 0.00665, 0.08015, 0.00368, 0.01065, 0.02859, 0.03109, 0.05348, 0.06277, 0.09848, 0.00301, 0.07245, 0.08224, 0.00347, 0.02443, 0.04286],[0.20741, 0.21141, 0.2264],[6, 6, 5],36,3
2.5,80,[0.00386, 0.0548, 0.02332, 0.01483, 0.09391, 0.00716, 0.06791, 0.00632, 0.01272, 0.04443, 0.002, 0.02032, 0.04491, 0.01371, 0.00483, 0.03501, 0.04257, 0.09701, 0.00201, 0.00107, 0.06859, 0.04998, 0.00347, 0.06159, 0.03908, 0.02807, 0.0469, 0.05984, 0.0924, 0.03958, 0.09908, 0.00128, 0.01988, 0.0016, 0.03865, 0.01395, 0.00762, 0.00638, 0.06887, 0.01503, 0.02944, 0.06229],[0.20494, 0.25636, 0.20697, 0.21432],[7, 11, 13, 8],42,4
2.5,81,[0.0545, 0.01493, 0.0011, 0.02485, 0.09304, 0.03261, 0.05979, 0.0576, 0.02922, 0.07351, 0.09746, 0.00827, 0.00259, 0.0028, 0.07306, 0.00435, 0.00076, 0.00153, 0.03007, 0.00893, 0.09373, 0.00449, 0.00449, 0.0423, 0.0789, 0.05059, 0.00266, 0.03034, 0.00201, 0.00107, 0.06859, 0.04998, 0.00347, 0.06159, 0.03908, 0.02807, 0.0469, 0.05984, 0.0924],[0.2364, 0.24403, 0.2282],[11, 5, 12],39,3
2.5,82,[0.0017, 0.02493, 0.01853, 0.00933, 0.00383, 0.02069, 0.01926, 0.07791, 0.09764, 0.08889, 0.00791, 0.06685, 0.05609, 0.04952, 0.00246, 0.001, 0.00402, 0.01915, 0.04346, 0.02981, 0.0278, 0.0228, 0.01282, 0.06449, 0.01767, 0.07712, 0.09779, 0.07872, 0.05769, 0.07301, 0.06486, 0.06673, 0.05466, 0.00337, 0.00918, 0.06318, 0.0502, 0.03029, 0.00759, 0.0324, 0.0479, 0.01242, 0.01784, 0.01859, 0.00919, 0.02852, 0.01204, 0.04337],[0.28934, 0.24421, 0.21691, 0.20223],[5, 9, 14, 12],48,4
2.5,83,[0.0009, 0.00634, 0.00562, 0.06898, 0.0292, 0.07512, 0.02874, 0.03545, 0.02498, 0.04488, 0.0354, 0.06942, 0.02919, 0.01624, 0.06438, 0.01168, 0.03372, 0.00115, 0.09764, 0.08027, 0.08371, 0.01303, 0.09111, 0.0365, 0.03556, 0.04957, 0.00805, 0.00431, 0.01675, 0.07286, 0.0973, 0.08869, 0.00232, 0.01001, 0.00255, 0.02955, 0.01347, 0.0877, 0.01783, 0.05769, 0.07301, 0.06486, 0.06673, 0.05466, 0.00337, 0.00918, 0.06318, 0.0502, 0.03029, 0.00759, 0.0324, 0.0479, 0.01242, 0.01784, 0.01859, 0.00919, 0.02852],[0.20279, 0.25282, 0.22807, 0.20001, 0.31537, 0.20223],[6, 6, 5, 8, 14, 12],57,6
2.5,84,[0.0443, 0.04758, 0.00123, 0.02542, 0.00076, 0.00153, 0.03007, 0.00893, 0.09373, 0.00449, 0.00449, 0.0423, 0.0789, 0.05059, 0.00266, 0.03034, 0.00201, 0.00107, 0.06859, 0.04998, 0.00347, 0.06159, 0.03908, 0.02807, 0.0469, 0.05984, 0.0924, 0.03958, 0.09908, 0.00128, 0.01988, 0.0016, 0.03865, 0.01395, 0.00762, 0.00638, 0.0479, 0.01242, 0.01784, 0.01859, 0.00919, 0.02852, 0.01204, 0.04337, 0.00256, 0.0567, 0.05769, 0.07301, 0.06486, 0.06673],[0.21639, 0.2282, 0.20697, 0.27738, 0.20223],[4, 12, 13, 7, 10],50,5
2.5,85,[0.00664, 0.02364, 0.00236, 0.01878, 0.08053, 0.09187, 0.00717, 0.08789, 0.06534, 0.05558, 0.00898, 0.00073, 0.01114, 0.03929, 0.08497, 0.02208, 0.00684, 0.01914, 0.01003, 0.01017, 0.00796, 0.0583, 0.0576, 0.04553, 0.07606, 0.00307, 0.00335, 0.0537, 0.06149, 0.09198, 0.01895, 0.01143, 0.06565, 0.01187, 0.01089, 0.01788, 0.0046, 0.02973, 0.01395, 0.00186],[0.21982, 0.26598],[11, 23],40,2
2.5,86,[0.00194, 0.00054, 0.0459, 0.06378, 0.00205, 0.00114, 0.06887, 0.05826, 0.02931, 0.09373, 0.02529, 0.00187, 0.00385, 0.02389, 0.07644, 0.00264, 0.00823, 0.0479, 0.01242, 0.01784, 0.01859, 0.00919, 0.02852, 0.01204, 0.04337, 0.00256, 0.0567, 0.05769, 0.07301, 0.06486, 0.06673, 0.05466, 0.00337, 0.00918, 0.06318, 0.0502, 0.03029],[0.20889, 0.20877, 0.20223],[5, 12, 10],37,3
2.5,87,[0.01034, 0.06734, 0.06387, 0.00398, 0.00503, 0.00147, 0.05864, 0.05523, 0.00537, 0.0468, 0.03386, 0.00287, 0.00665, 0.08015, 0.00368, 0.01065, 0.02859, 0.03109, 0.05348, 0.06277, 0.09848, 0.00301, 0.07245, 0.08224, 0.00347, 0.02443, 0.04286, 0.00716, 0.00516, 0.00086, 0.01592, 0.03885, 0.08532, 0.06027, 0.0966, 0.0009, 0.01951, 0.00122, 0.00261, 0.02042, 0.04604, 0.00912, 0.01013, 0.08912, 0.0788, 0.006, 0.01517, 0.04534, 0.07185, 0.04041],[0.24338, 0.2264, 0.32067, 0.26755],[3, 5, 20, 7],50,4
2.5,88,[0.03812, 0.02069, 0.01926, 0.07791, 0.09764, 0.08889, 0.00791, 0.06685, 0.05609, 0.04952, 0.00246, 0.001, 0.00402, 0.01915, 0.04346, 0.02981, 0.0278, 0.0228, 0.01282, 0.06449, 0.01767, 0.07712, 0.09779, 0.07872, 0.05769, 0.07301, 0.06486, 0.06673, 0.05466, 0.00337, 0.00918, 0.06318, 0.0502, 0.03029, 0.00759, 0.0324, 0.0479, 0.01242, 0.01784, 0.01859, 0.00919, 0.02852, 0.01204, 0.04337],[0.25564, 0.24421, 0.21691, 0.20223],[1, 9, 14, 12],44,4
2.5,89,[0.00405, 0.00459, 0.05002, 0.00278, 0.01386, 0.08889, 0.08027, 0.05021, 0.05286, 0.00396, 0.02294, 0.07254, 0.00073, 0.01114, 0.03929, 0.08497, 0.02208, 0.00684, 0.01914, 0.01003, 0.01017, 0.00796, 0.0583, 0.0576, 0.04553, 0.07606, 0.00307, 0.00335, 0.0537, 0.06149, 0.09198, 0.01895, 0.01143, 0.06565, 0.01187, 0.01089, 0.01788, 0.0046, 0.02973, 0.01395, 0.00186],[0.2079, 0.20806, 0.26598],[4, 8, 23],41,3
2.5,90,[0.00469, 0.01994, 0.04183, 0.02756, 0.01614, 0.06347, 0.09702, 0.01104, 0.05933, 0.07942, 0.05046, 0.05073, 0.02069, 0.01926, 0.07791, 0.09764, 0.08889, 0.00791, 0.06685],[0.25349],[12],19,1
2.5,91,[0.01806, 0.02062, 0.0364, 0.02647, 0.07003, 0.00827, 0.00259, 0.0028, 0.07306, 0.00435],[0.25749, 0.24403],[5, 5],10,2
2.5,92,[0.00207, 0.0359, 0.0523, 0.09025, 0.04226, 0.04746, 0.06424, 0.07375, 0.01777, 0.01167, 0.05049, 0.00246, 0.001, 0.00402, 0.01915, 0.04346, 0.02981, 0.0278, 0.0228, 0.01282, 0.06449, 0.01767, 0.07712, 0.09779, 0.07872, 0.0254],[0.22603],[11],26,1
2.5,93,[0.00117, 0.00363, 0.01207, 0.00496, 0.00717, 0.00599, 0.0294, 0.0268, 0.07794, 0.02174, 0.01909, 0.03245, 0.05254, 0.06673, 0.03428, 0.07121, 0.01217, 0.00252, 0.06026, 0.00115, 0.09764, 0.08027, 0.08371, 0.01303, 0.09111, 0.0365, 0.03556, 0.02919],[0.2107, 0.22807],[19, 8],28,2
2.5,94,[0.03781, 0.06042, 0.08731, 0.00524, 0.00914, 0.0767, 0.00115, 0.09764, 0.08027, 0.08371, 0.01303, 0.09111, 0.0365, 0.03556, 0.02919, 0.01624, 0.06438, 0.01168, 0.03372, 0.04243, 0.00955, 0.01242, 0.00258, 0.01567, 0.02877, 0.07277, 0.02742, 0.07581, 0.04668, 0.02874, 0.03545, 0.02498, 0.04488, 0.0354, 0.06942, 0.04766, 0.0373, 0.00169, 0.03758, 0.09693, 0.05483, 0.04255, 0.09596, 0.00585, 0.00901, 0.0067],[0.23204, 0.22807, 0.25282, 0.20768],[6, 8, 15, 6],46,4
2.5,95,[0.00062, 0.03324, 0.00159, 0.02313, 0.09504, 0.04026, 0.00516, 0.00086, 0.01592, 0.03885, 0.08532, 0.0009, 0.01951, 0.00122, 0.00261, 0.02042, 0.04604, 0.00912, 0.05838, 0.00537, 0.0468, 0.03386, 0.00287, 0.00665, 0.08015, 0.00368, 0.01065, 0.02859, 0.03109, 0.05348, 0.06277, 0.09848, 0.00301, 0.07245, 0.08224, 0.00347, 0.00398, 0.00503, 0.00147, 0.05864, 0.05523, 0.04225, 0.05324, 0.01784, 0.03704, 0.00315, 0.00191, 0.00813, 0.03984, 0.04481, 0.0023, 0.05511, 0.0061, 0.09465],[0.29419, 0.26755, 0.26529, 0.2264, 0.21141],[6, 5, 8, 17, 10],54,5
2.5,96,[0.00673, 0.03542, 0.04892, 0.00133, 0.0854, 0.00481, 0.06471, 0.00168, 0.00865, 0.09696, 0.08076, 0.03808, 0.09326, 0.00853, 0.00076, 0.00153, 0.03007, 0.00893, 0.09373, 0.00449, 0.00449, 0.0423, 0.0789, 0.05059],[0.21247],[14],24,1
2.5,97,[0.09325, 0.06699, 0.04002, 0.00852, 0.01803, 0.06546, 0.02289, 0.062, 0.01386, 0.08889, 0.08027, 0.05021, 0.05286, 0.00396, 0.02294, 0.07254, 0.03225, 0.06231, 0.00878, 0.03042, 0.00073, 0.01114, 0.03929, 0.08497, 0.02208, 0.00684, 0.01914, 0.01003, 0.01017, 0.00796, 0.0583, 0.0576, 0.04553],[0.22741, 0.20806],[8, 12],33,2
2.5,98,[0.00542, 0.06127, 0.02874, 0.03545, 0.02498, 0.04488, 0.0354, 0.06942, 0.02919, 0.01624, 0.06438, 0.01168, 0.03372, 0.00115, 0.09764, 0.08027, 0.08371, 0.01303, 0.09111, 0.0365, 0.03556, 0.04957, 0.00805, 0.00431, 0.01675, 0.07286, 0.0973, 0.08869, 0.00232, 0.01001, 0.00255, 0.02955, 0.01347, 0.0877, 0.01783, 0.05769, 0.07301, 0.06486, 0.06673, 0.05466, 0.00337, 0.00918, 0.06318, 0.0502, 0.03029, 0.00759, 0.0324, 0.0479, 0.01242, 0.01784, 0.01859, 0.00919, 0.02852],[0.20426, 0.25282, 0.22807, 0.20001, 0.31537, 0.20223],[2, 6, 5, 8, 14, 12],53,6
2.5,99,[0.003, 0.00793, 0.029, 0.03519, 0.01313, 0.01725, 0.01011, 0.00869, 0.0098, 0.00321, 0.00201, 0.00107, 0.06859, 0.04998, 0.00347, 0.06159, 0.03908, 0.02807, 0.0469, 0.05984, 0.0924, 0.03958, 0.09908, 0.00128, 0.01988, 0.0016, 0.03865, 0.01395, 0.00762, 0.00638, 0.06887, 0.01503, 0.02944, 0.06229, 0.00485, 0.00076, 0.00153, 0.03007, 0.00893, 0.00449, 0.00449, 0.0423, 0.0789, 0.05059, 0.00266, 0.03034, 0.03072, 0.0092, 0.03448, 0.0376, 0.07301, 0.00884, 0.00191, 0.07791],[0.20264, 0.20697, 0.21432, 0.20851, 0.23045],[10, 13, 8, 4, 12],54,5
2.5,100,[0.01241, 0.02863, 0.0046, 0.04954, 0.00968, 0.00153, 0.08686, 0.05802, 0.0249, 0.09216, 0.01503, 0.02944, 0.06229, 0.00485, 0.00076, 0.00153, 0.03007, 0.00893, 0.09373, 0.00449, 0.00449, 0.0423, 0.0789, 0.05059, 0.00266, 0.03034, 0.00201, 0.00107, 0.06859, 0.04998, 0.00347, 0.06159, 0.03908, 0.02807, 0.0469, 0.05984, 0.0924, 0.03958, 0.09908, 0.00128, 0.01988, 0.0016, 0.03865, 0.01395, 0.00762, 0.00638],[0.22262, 0.20851, 0.2282, 0.20697],[10, 4, 12, 13],46,4
2.5,101,[0.02047, 0.02327, 0.07529, 0.09824, 0.00709, 0.07152, 0.00775, 0.00128, 0.01988, 0.0016, 0.03865, 0.01395, 0.00762, 0.00638, 0.06887, 0.00201, 0.00107, 0.06859, 0.04998, 0.00347, 0.06159, 0.03908, 0.02807, 0.0469, 0.05984, 0.0924, 0.03958, 0.09908, 0.00632, 0.01272, 0.04443, 0.002, 0.02032, 0.04491, 0.01371, 0.00483, 0.03501, 0.04257, 0.09701, 0.00306],[0.21044, 0.20697, 0.25636, 0.24111],[7, 8, 13, 11],40,4
2.5,102,[0.04136, 0.02209, 0.00308, 0.04502, 0.061, 0.09618, 0.02595, 0.03094, 0.02069, 0.01926, 0.07791, 0.09764, 0.08889, 0.00791, 0.06685, 0.05609, 0.04952, 0.00246, 0.001, 0.00402, 0.01915, 0.04346, 0.02981, 0.0278, 0.0228, 0.01282, 0.06449, 0.01767, 0.07712, 0.09779, 0.07872, 0.05769, 0.07301, 0.06486, 0.06673, 0.05466, 0.00337, 0.00918, 0.06318, 0.0502, 0.03029, 0.00759, 0.0324, 0.0479, 0.01242, 0.01784, 0.01859, 0.00919, 0.02852, 0.01204, 0.04337],[0.24806, 0.24421, 0.21691, 0.20223],[8, 9, 14, 12],51,4
2.5,103,[0.0034, 0.04975, 0.01821, 0.00733, 0.00339, 0.00173, 0.00364, 0.04243, 0.03433, 0.09535, 0.02972, 0.01821, 0.04014, 0.00811, 0.06129, 0.00398, 0.00503, 0.00147, 0.05864, 0.05523, 0.00537, 0.0468, 0.03386, 0.00287, 0.00665, 0.08015, 0.00368, 0.01065],[0.26475, 0.2264],[15, 5],28,2
2.5,104,[0.00798, 0.03083, 0.01503, 0.02944, 0.06229, 0.00485, 0.00128, 0.01988, 0.0016, 0.03865, 0.01395, 0.00762, 0.00638, 0.06887, 0.00201, 0.00107, 0.06859, 0.04998, 0.00347, 0.06159, 0.03908, 0.02807, 0.0469, 0.05984, 0.0924, 0.03958, 0.09908, 0.00632, 0.01272, 0.04443, 0.002, 0.02032, 0.04491, 0.01371, 0.00483, 0.03501, 0.04257, 0.09701, 0.0479],[0.20606, 0.21432, 0.20697, 0.25636, 0.26747],[2, 4, 8, 13, 11],39,5
2.5,105,[0.01427, 0.02826, 0.04023, 0.03971, 0.03287, 0.01641, 0.00114, 0.06887, 0.05826, 0.02931, 0.09373, 0.02529, 0.00187, 0.00385, 0.02389, 0.07644, 0.00264, 0.00823, 0.0479, 0.01242, 0.01784, 0.01859, 0.00919, 0.02852, 0.01204, 0.04337, 0.00256, 0.0567],[0.23121, 0.20877],[6, 12],28,2
2.5,106,[0.0051, 0.04003, 0.00735, 0.00827, 0.00259, 0.0028, 0.07306, 0.00435, 0.00076, 0.00153, 0.03007, 0.00893, 0.09373, 0.00449, 0.00449, 0.0423, 0.0789, 0.05059, 0.00266, 0.03034, 0.00201, 0.00107, 0.06859, 0.04998, 0.00347, 0.06159, 0.03908, 0.02807, 0.0469, 0.05984, 0.0924, 0.03958, 0.09908, 0.00128, 0.01988, 0.0016, 0.03865, 0.01395, 0.00762, 0.00638, 0.00436, 0.04725, 0.01074],[0.20787, 0.24403, 0.2282, 0.20697],[3, 5, 12, 13],43,4
2.5,107,[0.03099, 0.03033, 0.08775, 0.0173, 0.02919, 0.01624, 0.06438, 0.01168, 0.03372, 0.02874, 0.03545, 0.02498, 0.04488, 0.0354, 0.06942, 0.07791, 0.04957, 0.04702, 0.04606, 0.03946, 0.01183, 0.00177, 0.03366, 0.01628, 0.01087, 0.05725, 0.05713, 0.04781, 0.08996, 0.01161, 0.01178, 0.05769, 0.07301, 0.06486, 0.06673, 0.05466, 0.00337, 0.00918, 0.06318],[0.28967, 0.25282, 0.24436, 0.29929],[4, 5, 6, 16],39,4
2.5,108,[0.00126, 0.02704, 0.00113, 0.00715, 0.00922, 0.0689, 0.00164, 0.01503, 0.02944, 0.06229, 0.00485, 0.00076, 0.00153, 0.03007, 0.00893, 0.09373, 0.00449, 0.00449, 0.0423, 0.0789, 0.05059, 0.00266, 0.03034, 0.00201, 0.00107, 0.06859, 0.04998, 0.00347, 0.06159, 0.03908, 0.02807, 0.0469, 0.05984, 0.0924, 0.03958, 0.09908, 0.00128, 0.01988, 0.0016, 0.03865, 0.01395, 0.00762, 0.00638, 0.0479, 0.01242, 0.01784, 0.01859, 0.00919, 0.02852, 0.01204, 0.04337, 0.00256, 0.0567, 0.05769, 0.07301, 0.06486, 0.05466],[0.21006, 0.20851, 0.2282, 0.20697, 0.27738, 0.20223],[7, 4, 12, 13, 7, 10],57,6
2.5,109,[0.00088, 0.05629, 0.00344, 0.03157, 0.08015, 0.00216, 0.02874, 0.03545, 0.02498, 0.04488, 0.0354, 0.06942, 0.02919, 0.01624, 0.06438, 0.01168, 0.03372, 0.00115, 0.09764, 0.08027, 0.08371, 0.01303, 0.09111, 0.0365, 0.03556, 0.04957, 0.00805, 0.00431, 0.01675, 0.07286, 0.0973, 0.08869, 0.00232, 0.01001, 0.00255, 0.02955, 0.01347, 0.0877, 0.01783, 0.05769, 0.07301, 0.06486, 0.06673, 0.05466, 0.00337, 0.00918, 0.06318, 0.0502, 0.03029, 0.00759, 0.0324, 0.0479, 0.01242, 0.01784, 0.01859, 0.00919, 0.02852],[0.22008, 0.25282, 0.22807, 0.20001, 0.31537, 0.20223],[6, 6, 5, 8, 14, 12],57,6
2.5,110,[0.02685, 0.01339, 0.00733, 0.06552, 0.00148, 0.00305, 0.00804, 0.00992, 0.00174, 0.01907, 0.00212, 0.00437, 0.00137, 0.01598, 0.0468, 0.00975, 0.04302, 0.00128, 0.03088, 0.04199, 0.02684, 0.02801, 0.0139, 0.04837, 0.06737, 0.02869, 0.02356, 0.0035, 0.022, 0.00398, 0.00503, 0.00147, 0.05864, 0.05523, 0.00191, 0.00813, 0.05586, 0.03984, 0.04481, 0.0023, 0.0009, 0.01951, 0.00122, 0.00261, 0.02042, 0.04604, 0.00912, 0.05838, 0.01013, 0.08912, 0.0788, 0.006, 0.01517, 0.04534, 0.07185, 0.00516, 0.00086],[0.23101, 0.26513, 0.21141, 0.26515, 0.26755],[12, 17, 5, 6, 15],57,5
2.5,111,[0.00459, 0.02827, 0.05211, 0.00539, 0.04977, 0.01641, 0.06282, 0.08526, 0.0096, 0.03053, 0.08317, 0.00819, 0.05459, 0.06176, 0.00632, 0.01272, 0.04443, 0.002, 0.02032, 0.04491, 0.01371, 0.00483, 0.03501, 0.04257, 0.09701, 0.0479, 0.01242, 0.01784, 0.01859, 0.00919, 0.02852, 0.01204, 0.04337, 0.00256, 0.0567, 0.05769, 0.07301, 0.06486, 0.06673, 0.05466, 0.00337, 0.00918, 0.06318, 0.0502, 0.03029, 0.00759, 0.0324, 0.00246, 0.001, 0.00402, 0.01915, 0.04346, 0.02981],[0.20541, 0.26747, 0.20223, 0.21691],[14, 11, 10, 12],53,4
2.5,112,[0.00734, 0.01877, 0.02404, 0.00142, 0.07079, 0.00197, 0.00206, 0.02069, 0.01926, 0.07791, 0.09764, 0.08889, 0.00791, 0.06685, 0.05609, 0.04952, 0.00246, 0.001, 0.00402, 0.01915, 0.04346, 0.02981, 0.0278, 0.0228, 0.01282, 0.06449, 0.01767, 0.07712, 0.09779, 0.07872, 0.05769, 0.07301, 0.06486, 0.06673, 0.05466, 0.00337, 0.00918, 0.06318, 0.0502, 0.03029, 0.00759, 0.0324, 0.0479, 0.01242, 0.01784, 0.01859, 0.00919, 0.02852, 0.01204, 0.04337],[0.22043, 0.24421, 0.21691, 0.20223],[7, 9, 14, 12],50,4
2.5,113,[0.01235, 0.01806, 0.08596, 0.00772, 0.06633, 0.02021, 0.00306, 0.06428, 0.00179, 0.05229, 0.01696, 0.03441, 0.00398, 0.00503, 0.00147, 0.05864, 0.05523, 0.00537, 0.0468, 0.03386, 0.00287, 0.00665, 0.08015, 0.00368, 0.01065, 0.02859, 0.03109, 0.05348, 0.06277, 0.09848, 0.00301],[0.21291, 0.25323, 0.2264],[6, 6, 5],31,3
2.5,114,[0.0045, 0.03826, 0.01357, 0.08391, 0.00856, 0.00858, 0.00732, 0.05769, 0.07301, 0.06486, 0.06673, 0.05466, 0.00337, 0.00918, 0.06318, 0.0502, 0.03029, 0.00759, 0.0324, 0.0479, 0.01242, 0.01784, 0.01859, 0.00919, 0.02852, 0.01204, 0.04337, 0.00256, 0.0567, 0.00114, 0.06887, 0.05826, 0.02931, 0.09373, 0.02529],[0.2156, 0.20223, 0.20877],[7, 12, 10],35,3
2.5,115,[0.01481, 0.05117, 0.06378, 0.01503, 0.02944, 0.06229, 0.00485, 0.00076, 0.00153, 0.03007, 0.00893, 0.09373, 0.00449, 0.00449, 0.0423, 0.0789, 0.05059, 0.00266, 0.03034, 0.00201, 0.00107, 0.06859, 0.04998, 0.00347, 0.06159, 0.03908, 0.02807, 0.0469, 0.05984, 0.0924, 0.03958, 0.09908, 0.00128, 0.01988, 0.0016, 0.03865, 0.01395, 0.00762, 0.00638, 0.0479, 0.01242, 0.01784, 0.01859, 0.00919, 0.02852, 0.01204, 0.04337, 0.00256, 0.0567, 0.05769, 0.07301, 0.06486, 0.05466],[0.21725, 0.20851, 0.2282, 0.20697, 0.27738, 0.20223],[3, 4, 12, 13, 7, 10],53,6
2.5,116,[0.00663, 0.03048, 0.00304, 0.0205, 0.01243, 0.0026, 0.0193, 0.053, 0.00817, 0.00657, 0.01299, 0.00164, 0.01906, 0.05738, 0.00197, 0.07425, 0.00137, 0.01598, 0.0468, 0.00975, 0.04302, 0.00128, 0.03088, 0.04199, 0.02684, 0.02801],[0.22061, 0.27699],[9, 7],26,2
2.5,117,[0.00368, 0.02199, 0.01645, 0.06977, 0.06034, 0.02932, 0.01089, 0.01788, 0.0046, 0.02973, 0.01395, 0.00186, 0.01912, 0.01996, 0.00731, 0.06523, 0.00073, 0.01114, 0.03929, 0.08497, 0.02208, 0.00684, 0.01914, 0.02069, 0.01926, 0.07791, 0.09764, 0.08889, 0.00791, 0.06685, 0.05609, 0.04952, 0.00246, 0.001, 0.00402, 0.01915, 0.04346, 0.02981, 0.0278, 0.0228, 0.01282, 0.06449, 0.01767, 0.07712, 0.09779, 0.07872, 0.05769, 0.07301, 0.06486, 0.06673, 0.05466, 0.00337, 0.00918, 0.06318, 0.0502, 0.03029, 0.00759, 0.0324],[0.2438, 0.26598, 0.22629, 0.24421, 0.21691],[6, 10, 7, 9, 14],58,5
2.5,118,[0.06196, 0.01736, 0.04493, 0.06287, 0.00273, 0.01503, 0.02944, 0.06229, 0.00485, 0.00076, 0.00153, 0.03007, 0.00893, 0.09373, 0.00449, 0.00449, 0.0423, 0.0789, 0.05059, 0.00266, 0.03034, 0.00201, 0.00107, 0.06859, 0.04998, 0.00347, 0.06159, 0.03908, 0.02807, 0.0469, 0.05984, 0.0924, 0.03958, 0.09908, 0.00128, 0.01988, 0.0016, 0.03865, 0.01395, 0.00762, 0.00638, 0.0479, 0.01242],[0.20228, 0.23712, 0.20851, 0.2282, 0.20697, 0.27738],[4, 1, 4, 12, 13, 7],43,6
2.5,119,[0.00395, 0.04998, 0.01404, 0.03512, 0.00443, 0.00153, 0.00157, 0.02232, 0.02468, 0.07999, 0.00229, 0.0479, 0.01242, 0.01784, 0.01859, 0.00919, 0.02852, 0.01204, 0.04337, 0.00256, 0.0567, 0.05769, 0.07301, 0.06486, 0.06673, 0.05466, 0.00337, 0.00918, 0.06318, 0.0502, 0.03029, 0.00759, 0.0324, 0.00246, 0.001, 0.00402, 0.01915, 0.04346, 0.02981, 0.0278, 0.0228, 0.01282, 0.06449, 0.01767, 0.07712, 0.09779, 0.07872],[0.24423, 0.20223, 0.21691, 0.24421],[11, 10, 12, 14],47,4
2.5,120,[0.00629, 0.01183, 0.03137, 0.01993, 0.04494, 0.00957, 0.0211, 0.04553, 0.00657, 0.01299, 0.00164, 0.01906, 0.05738, 0.00197, 0.07425, 0.00137, 0.01598, 0.0468, 0.00975, 0.04302, 0.00128, 0.03088, 0.04199, 0.02684, 0.02801],[0.21262, 0.27699],[8, 7],25,2
2.5,121,[0.00258, 0.02795, 0.0067, 0.00904, 0.00637, 0.00876, 0.00905, 0.04027, 0.01029, 0.02711, 0.00136, 0.04639, 0.00158, 0.08912, 0.02268, 0.07122, 0.02639, 0.03498, 0.05769, 0.07301, 0.06486, 0.06673, 0.05466, 0.00337, 0.00918, 0.06318, 0.0502, 0.03029, 0.00759, 0.0324, 0.0479, 0.01242, 0.01784, 0.01859, 0.00919, 0.02852],[0.22845, 0.22497, 0.20223],[8, 10, 12],36,3
2.5,122,[0.00103, 0.026, 0.03675, 0.00391, 0.00814, 0.08899, 0.01, 0.07829, 0.00114, 0.06887, 0.05826, 0.02931, 0.09373, 0.02529, 0.00187, 0.00385, 0.02389, 0.07644, 0.00264, 0.00823, 0.0479, 0.01242, 0.01784, 0.01859, 0.00919, 0.02852, 0.01204, 0.04337, 0.00256],[0.20391, 0.20877],[8, 12],29,2
2.5,123,[0.00053, 0.0049, 0.00103, 0.03909, 0.03302, 0.02131, 0.00201, 0.00107, 0.06859, 0.04998, 0.00347, 0.06159, 0.03908, 0.02807, 0.0469, 0.05984, 0.0924, 0.03958, 0.09908, 0.00128, 0.01988, 0.0016, 0.03865, 0.01395, 0.00762, 0.00638, 0.06887, 0.01503, 0.02944, 0.06229, 0.00485, 0.00076, 0.00153, 0.03007, 0.00893, 0.00449, 0.00449, 0.0423, 0.0789, 0.05059, 0.00266, 0.03034, 0.03072, 0.0092, 0.03448, 0.0376, 0.07301, 0.00884, 0.00191, 0.07791],[0.20433, 0.20697, 0.21432, 0.20851, 0.23045],[6, 13, 8, 4, 12],50,5
2.5,124,[0.0007, 0.00073, 0.00032, 0.00177, 0.01491, 0.00102, 0.00624, 0.05738, 0.01115, 0.00547, 0.00389, 0.01114, 0.00524, 0.00803, 0.00137, 0.01598, 0.0468, 0.00975, 0.04302, 0.00128, 0.03088, 0.04199, 0.02684, 0.02801, 0.0139, 0.04837, 0.06737, 0.02869, 0.02356, 0.0035, 0.022, 0.00398, 0.00503, 0.00147, 0.05864, 0.05523, 0.00191, 0.00813, 0.05586, 0.03984, 0.04481, 0.0023, 0.0009, 0.01951, 0.00122, 0.00261, 0.02042, 0.04604, 0.00912, 0.05838, 0.01013, 0.08912, 0.0788, 0.006, 0.01517, 0.04534, 0.07185, 0.00516, 0.00086],[0.2238, 0.2225, 0.26513, 0.21141, 0.26515, 0.26755],[2, 12, 17, 5, 6, 15],59,6
2.5,125,[0.00299, 0.00488, 0.02169, 0.03849, 0.01982, 0.00466, 0.03447, 0.07479, 0.00516, 0.00086, 0.01592, 0.03885, 0.08532, 0.0009, 0.01951, 0.00122, 0.00261, 0.02042, 0.04604, 0.00912, 0.05838, 0.00537, 0.0468, 0.03386, 0.00287, 0.00665, 0.08015, 0.00368],[0.20729, 0.26755, 0.26529],[8, 5, 8],28,3
2.5,126,[0.0066, 0.01623, 0.00449, 0.00398, 0.00503, 0.00147, 0.05864, 0.05523, 0.00537, 0.0468, 0.03386, 0.00287, 0.00665, 0.08015, 0.00368, 0.01065, 0.02859, 0.03109, 0.05348, 0.06277, 0.09848, 0.00301, 0.07245, 0.08224, 0.00347, 0.02443, 0.04286, 0.00716, 0.00516, 0.00086, 0.01592, 0.03885, 0.08532, 0.06027, 0.0966, 0.0009, 0.01951, 0.00122, 0.00261, 0.02042, 0.04604, 0.00912, 0.05838, 0.01013, 0.08912, 0.0788, 0.006, 0.01517, 0.04534, 0.07185, 0.0092, 0.03448, 0.0376, 0.07301, 0.00884],[0.22238, 0.2264, 0.32067, 0.26755, 0.24151],[3, 5, 20, 7, 15],55,5
2.5,127,[0.02118, 0.01526, 0.02037, 0.04414, 0.0722, 0.05769, 0.07301, 0.06486, 0.06673, 0.05466, 0.00337, 0.00918, 0.06318, 0.0502, 0.03029, 0.00759, 0.0324, 0.0479, 0.01242, 0.01784, 0.01859, 0.00919, 0.02852, 0.01204, 0.04337, 0.00256, 0.0567, 0.00114, 0.06887, 0.05826, 0.02931, 0.09373, 0.02529, 0.00187, 0.00385, 0.02389, 0.07644, 0.00264, 0.00823, 0.01503],[0.22546, 0.20223, 0.20877, 0.23206],[5, 12, 10, 12],40,4
2.5,128,[0.00944, 0.02203, 0.03682, 0.00472, 0.00203, 0.00671, 0.07441, 0.01002, 0.0301, 0.00114, 0.06887, 0.05826, 0.02931, 0.09373, 0.02529, 0.00187, 0.00385, 0.02389, 0.07644, 0.00264, 0.00823, 0.0479, 0.01242, 0.01784, 0.01859, 0.00919, 0.02852, 0.01204, 0.04337, 0.00256, 0.0567, 0.05769, 0.07301, 0.06486, 0.06673, 0.05466, 0.00337, 0.00918, 0.06318, 0.0502, 0.03029],[0.20365, 0.20877, 0.20223],[9, 12, 10],41,3
2.5,129,[0.00165, 0.03532, 0.00742, 0.00438, 0.06976, 0.00134, 0.04899, 0.06428, 0.00381, 0.05769, 0.07301, 0.06486, 0.06673, 0.05466, 0.00337, 0.00918, 0.06318, 0.0502, 0.03029, 0.00759, 0.0324, 0.00246, 0.001, 0.00402, 0.01915, 0.04346, 0.02981, 0.0278, 0.0228, 0.01282, 0.06449, 0.01767, 0.07712, 0.09779, 0.07872, 0.02069, 0.01926, 0.07791, 0.09764, 0.08889, 0.00791, 0.06685, 0.05609, 0.04952],[0.25456, 0.21691, 0.24421, 0.22629],[9, 12, 14, 9],44,4
2.5,130,[0.00294, 0.02604, 0.0518, 0.05325, 0.00587, 0.07589, 0.04404, 0.00776, 0.00528, 0.01186, 0.00632, 0.01272, 0.04443, 0.002, 0.02032, 0.04491, 0.01371, 0.00483, 0.03501, 0.04257, 0.09701, 0.00201, 0.00107, 0.06859, 0.04998, 0.00347, 0.06159, 0.03908, 0.02807, 0.0469, 0.05984, 0.0924, 0.03958, 0.09908, 0.00128, 0.01988, 0.0016, 0.03865, 0.01395, 0.00762, 0.00638, 0.06887, 0.01503, 0.02944, 0.06229, 0.00485, 0.00076, 0.00153, 0.03007, 0.00893],[0.22814, 0.25636, 0.20697, 0.21432, 0.20851],[10, 11, 13, 8, 4],50,5
2.5,131,[0.00349, 0.00883, 0.00985, 0.01111, 0.01968, 0.00427, 0.02352, 0.09774, 0.01133, 0.01905, 0.05008, 0.02874, 0.03545, 0.02498, 0.04488, 0.0354, 0.06942, 0.02919],[0.22984, 0.25282],[11, 6],18,2
2.5,132,[0.01185, 0.01649, 0.02339, 0.07528, 0.00517, 0.04514, 0.09495, 0.00983, 0.00647, 0.02069, 0.01926, 0.07791, 0.09764, 0.08889, 0.00791, 0.06685, 0.05609, 0.04952, 0.00073, 0.01114, 0.03929, 0.08497, 0.02208, 0.00684, 0.01914, 0.01003, 0.01017, 0.00796, 0.0583, 0.0576, 0.04553, 0.07606, 0.00307, 0.00335, 0.0537, 0.06149, 0.09198, 0.01895, 0.01143, 0.06565, 0.01187, 0.01089, 0.01788, 0.0046, 0.02973, 0.01395],[0.24475, 0.22629, 0.26598],[9, 9, 23],46,3
2.5,133,[0.02273, 0.02365, 0.03182, 0.05179, 0.00746, 0.04393, 0.0092, 0.03448, 0.0376, 0.07301, 0.00884, 0.00191, 0.07791, 0.04701, 0.0974, 0.0009, 0.01951, 0.00122, 0.00261, 0.02042, 0.04604, 0.00912, 0.05838, 0.00516, 0.00086, 0.01592, 0.03885, 0.08532, 0.05586, 0.03221, 0.0051, 0.03019, 0.03375, 0.00712, 0.05469, 0.00314, 0.01069, 0.0513, 0.04565, 0.00389, 0.02764, 0.00398, 0.00503, 0.00147, 0.05864, 0.05523, 0.04225, 0.05324, 0.01784, 0.03704, 0.00315],[0.23434, 0.24151, 0.26755, 0.21797, 0.26268],[6, 9, 8, 5, 13],51,5
2.5,134,[0.0049, 0.00515, 0.0009, 0.01951, 0.00122, 0.00261, 0.02042, 0.04604, 0.00912, 0.05838, 0.00516, 0.00086, 0.01592, 0.03885, 0.08532, 0.05586, 0.03221, 0.0051, 0.03019, 0.03375, 0.00712, 0.05469, 0.00314, 0.01069, 0.0513, 0.04565, 0.00389, 0.02764, 0.00398, 0.00503, 0.00147, 0.05864, 0.05523, 0.04225, 0.05324, 0.01784, 0.03704, 0.00315, 0.00537, 0.0468, 0.03386, 0.00287, 0.00665, 0.08015, 0.00368, 0.01065, 0.02859, 0.03109, 0.05348, 0.06277, 0.09848, 0.00301, 0.07245, 0.08224, 0.00347, 0.02443],[0.31688, 0.26755, 0.21797, 0.26268, 0.2264],[2, 8, 5, 13, 10],56,5
2.5,135,[0.00103, 0.01499, 0.00682, 0.01048, 0.00926, 0.03119, 0.06525, 0.0479, 0.01242, 0.01784, 0.01859, 0.00919, 0.02852, 0.01204, 0.04337, 0.00256, 0.0567, 0.05769, 0.07301, 0.06486, 0.06673, 0.05466, 0.00337, 0.00918, 0.06318, 0.0502, 0.03029, 0.00759, 0.0324, 0.00246, 0.001, 0.00402, 0.01915, 0.04346, 0.02981, 0.0278, 0.0228, 0.01282, 0.06449, 0.01767, 0.07712, 0.09779, 0.07872],[0.23694, 0.20223, 0.21691, 0.24421],[7, 10, 12, 14],43,4
2.5,136,[0.01531, 0.02711, 0.05305, 0.06894, 0.041, 0.05769, 0.07301, 0.06486, 0.06673, 0.05466, 0.00337, 0.00918, 0.06318, 0.0502, 0.03029, 0.00759, 0.0324, 0.0479, 0.01242, 0.01784, 0.01859, 0.00919, 0.02852, 0.01204, 0.04337, 0.00256, 0.0567, 0.00114, 0.06887, 0.05826, 0.02931, 0.09373, 0.02529, 0.00187, 0.00385, 0.02389, 0.07644, 0.00264, 0.00823, 0.01503],[0.22478, 0.20223, 0.20877, 0.23206],[5, 12, 10, 12],40,4
2.5,137,[0.00253, 0.00032, 0.00177, 0.01491, 0.00102, 0.00624, 0.05738, 0.01115, 0.00547, 0.00389, 0.01114, 0.00524, 0.00803, 0.00137, 0.01598, 0.0468, 0.00975, 0.04302, 0.00128, 0.03088, 0.04199, 0.02684, 0.02801, 0.0139, 0.04837, 0.06737, 0.02869, 0.02356, 0.0035, 0.022, 0.00398, 0.00503, 0.00147, 0.05864, 0.05523, 0.00191, 0.00813, 0.05586, 0.03984, 0.04481, 0.0023, 0.0009, 0.01951, 0.00122, 0.00261, 0.02042, 0.04604, 0.00912, 0.05838, 0.01013, 0.08912, 0.0788, 0.006, 0.01517, 0.04534, 0.07185, 0.00516, 0.00086],[0.23222, 0.2225, 0.26513, 0.21141, 0.26515, 0.26755],[1, 12, 17, 5, 6, 15],58,6
2.5,138,[0.0042, 0.02873, 0.01798, 0.01105, 0.00867, 0.03808, 0.03092, 0.09286, 0.02725, 0.03984, 0.0103, 0.04406, 0.07403, 0.09276, 0.07297, 0.02919],[0.20548],[15],16,1
2.5,139,[0.01887, 0.01992, 0.00113, 0.00134, 0.03395, 0.08577, 0.02919, 0.01624, 0.06438, 0.01168, 0.03372, 0.00115, 0.09764, 0.08027, 0.08371, 0.01303, 0.09111, 0.0365, 0.03556, 0.04957, 0.00805, 0.00431, 0.01675, 0.07286, 0.0973, 0.08869, 0.00232, 0.01001, 0.00255, 0.02955, 0.01347, 0.0877, 0.01783, 0.02874, 0.03545, 0.02498, 0.04488, 0.0354, 0.06942, 0.04766, 0.0373, 0.00169, 0.03758, 0.09693, 0.05483, 0.04255, 0.09596, 0.00585, 0.00901, 0.08631],[0.29127, 0.22807, 0.20001, 0.20099, 0.20768],[6, 5, 8, 14, 6],50,5
2.5,140,[0.00279, 0.00572, 0.01572, 0.02909, 0.07081, 0.00222, 0.02919, 0.01624, 0.06438, 0.01168, 0.03372, 0.00115, 0.09764, 0.08027, 0.08371, 0.01303, 0.09111, 0.0365, 0.03556, 0.04957, 0.00805, 0.00431, 0.01675, 0.07286, 0.0973, 0.08869, 0.00232, 0.01001, 0.00255, 0.02955, 0.01347, 0.0877, 0.01783, 0.02874, 0.03545, 0.02498, 0.04488, 0.0354, 0.06942, 0.0373, 0.00169, 0.03758, 0.09693, 0.05483, 0.04255, 0.09596, 0.00585, 0.00901, 0.08631],[0.21344, 0.22807, 0.20001, 0.20099, 0.20768],[6, 5, 8, 14, 6],49,5
2.5,141,[0.04741, 0.05126, 0.07648, 0.00201, 0.00273, 0.01503, 0.02944, 0.06229, 0.00485, 0.00076, 0.00153, 0.03007, 0.00893, 0.09373, 0.00449, 0.00449, 0.0423, 0.0789, 0.05059, 0.00266, 0.03034, 0.00201, 0.00107, 0.06859, 0.04998, 0.00347, 0.06159, 0.03908, 0.02807, 0.0469, 0.05984, 0.0924, 0.03958, 0.09908, 0.00128, 0.01988, 0.0016, 0.03865, 0.01395, 0.00762, 0.00638, 0.0479, 0.01242, 0.01784, 0.01859, 0.00919, 0.02852, 0.01204, 0.04337, 0.00256, 0.0567, 0.05769, 0.07301, 0.06486, 0.06673],[0.24072, 0.23712, 0.20851, 0.2282, 0.20697, 0.27738, 0.20223],[4, 1, 4, 12, 13, 7, 10],55,7
2.5,142,[0.00117, 0.00182, 0.00584, 0.01462, 0.00713, 0.00393, 0.02201, 0.01557, 0.07658, 0.05659, 0.0819, 0.08543, 0.03702, 0.03076, 0.00228, 0.00537, 0.0468, 0.03386, 0.00287, 0.00665, 0.08015, 0.00368, 0.01065, 0.02859, 0.03109, 0.05348, 0.06277, 0.09848, 0.00301, 0.07245, 0.08224, 0.00347, 0.00398, 0.00503, 0.00147, 0.05864, 0.05523, 0.00191, 0.00813],[0.22383, 0.2264, 0.21141],[15, 17, 5],39,3
2.5,143,[0.00133, 0.03777, 0.00182, 0.0953, 0.01705, 0.0479, 0.01242, 0.01784, 0.01859, 0.00919, 0.02852, 0.01204, 0.04337, 0.00256, 0.0567, 0.05769, 0.07301, 0.06486, 0.06673, 0.05466, 0.00337, 0.00918, 0.06318, 0.0502, 0.03029, 0.00759, 0.0324, 0.00246, 0.001, 0.00402, 0.01915, 0.04346, 0.02981, 0.0278, 0.0228, 0.01282, 0.06449, 0.01767, 0.07712, 0.09779, 0.07872],[0.21946, 0.20223, 0.21691, 0.24421],[5, 10, 12, 14],41,4
2.5,144,[0.0245, 0.07048, 0.00595, 0.06119, 0.01428, 0.00592, 0.00158, 0.01545, 0.00684, 0.01415, 0.0149, 0.00076, 0.00153, 0.03007, 0.00893, 0.09373, 0.00449, 0.00449, 0.0423, 0.0789],[0.21831],[11],20,1
2.5,145,[0.0065, 0.06378, 0.03473, 0.03809, 0.00404, 0.05419, 0.03549, 0.07202, 0.00073, 0.01114, 0.03929, 0.08497, 0.02208, 0.00684, 0.01914],[0.20804, 0.22629],[8, 7],15,2
2.5,146,[0.00258, 0.07565, 0.00359, 0.04479, 0.00453, 0.00157, 0.02241, 0.00199, 0.06675, 0.01601, 0.07791, 0.04957, 0.04702, 0.04606, 0.03946, 0.01183, 0.00177, 0.03366, 0.01628, 0.01087, 0.05725, 0.05713, 0.04781, 0.08996, 0.01161, 0.01178, 0.02874, 0.03545, 0.02498, 0.04488, 0.0354, 0.06942, 0.04766],[0.20542, 0.24436, 0.20768],[10, 16, 6],33,3
2.5,147,[0.00236, 0.00465, 0.00359, 0.01417, 0.00165, 0.00667, 0.06529, 0.0092, 0.03448, 0.0376, 0.07301, 0.00884, 0.00191, 0.07791, 0.04701, 0.0974, 0.0009, 0.01951, 0.00122, 0.00261, 0.02042, 0.04604, 0.00912, 0.00516, 0.00086, 0.01592, 0.03885, 0.08532, 0.05586, 0.03221, 0.0051, 0.03019, 0.03375, 0.00712, 0.05469, 0.00314, 0.01069, 0.0513, 0.04565, 0.00389, 0.02764, 0.00398, 0.00503, 0.00147, 0.05864, 0.05523, 0.04225, 0.05324, 0.01784, 0.03704, 0.00315],[0.20365, 0.24151, 0.26755, 0.21797, 0.26268, 0.2264],[7, 9, 7, 5, 13, 10],51,6
2.5,148,[0.01883, 0.03592, 0.0274, 0.08844, 0.0209, 0.02978, 0.01551, 0.00128, 0.01988, 0.0016, 0.03865, 0.01395, 0.00762, 0.00638, 0.06887, 0.00201, 0.00107, 0.06859, 0.04998, 0.00347, 0.06159, 0.03908, 0.02807, 0.0469, 0.05984, 0.03958, 0.09908, 0.00076, 0.00153, 0.03007, 0.00893, 0.00449, 0.00449, 0.0423, 0.0789, 0.05059, 0.00266],[0.20018, 0.20697, 0.2282],[7, 8, 12],37,3
2.5,149,[0.0224, 0.02197, 0.00138, 0.0159, 0.0107, 0.0192, 0.02069, 0.01926, 0.07791, 0.09764, 0.08889, 0.00791, 0.06685, 0.05609, 0.04952, 0.00246, 0.001, 0.00402, 0.01915, 0.04346, 0.02981, 0.0278, 0.0228, 0.01282, 0.06449, 0.01767, 0.07712, 0.09779, 0.07872, 0.05769, 0.07301, 0.06486, 0.06673],[0.24556, 0.24421, 0.21691],[6, 9, 14],33,3
2.5,150,[0.00019, 0.00915, 0.04542, 0.00907, 0.04448, 0.00181, 0.00219, 0.03429, 0.06119, 0.00137, 0.01598, 0.0468, 0.00975, 0.04302, 0.00128, 0.03088, 0.04199, 0.02684, 0.02801, 0.0139, 0.04837, 0.06737, 0.02869, 0.02356, 0.0035, 0.022, 0.00398, 0.00503, 0.00147, 0.05864, 0.05523, 0.00191, 0.00813, 0.05586, 0.03984, 0.04481, 0.0023, 0.0009, 0.01951, 0.00122, 0.00261, 0.02042, 0.04604, 0.00912, 0.05838, 0.01013, 0.08912, 0.0788, 0.006, 0.01517, 0.04534, 0.07185, 0.00516, 0.00086],[0.24034, 0.26513, 0.21141, 0.26515, 0.26755],[9, 17, 5, 6, 15],54,5
2.5,151,[0.00433, 0.04697, 0.002, 0.00625, 0.03231, 0.00451, 0.00708, 0.00954, 0.02237, 0.00276, 0.00842, 0.00201, 0.00107, 0.06859, 0.04998, 0.00347, 0.06159, 0.03908, 0.02807, 0.0469, 0.05984, 0.0924, 0.03958, 0.09908, 0.00128, 0.01988, 0.0016, 0.03865, 0.01395, 0.00762, 0.00638, 0.06887, 0.01503, 0.02944, 0.06229, 0.00485, 0.00076, 0.00153, 0.03007, 0.00893, 0.00449, 0.00449, 0.0423, 0.0789, 0.05059, 0.00266, 0.03034, 0.03072, 0.0092],[0.24074, 0.20697, 0.21432, 0.20851, 0.23045],[11, 13, 8, 4, 12],49,5
2.5,152,[0.0025, 0.00233, 0.02716, 0.03695, 0.01148, 0.00601, 0.01461, 0.01266, 0.02063, 0.01212, 0.06884, 0.00632, 0.00128, 0.01988, 0.0016, 0.03865, 0.01395, 0.00762, 0.00638, 0.06887, 0.00201, 0.00107, 0.06859, 0.04998, 0.00347, 0.06159, 0.03908, 0.02807, 0.0469, 0.05984, 0.0924, 0.03958, 0.09908, 0.00076, 0.00153, 0.03007, 0.00893, 0.00449, 0.00449, 0.0423, 0.0789, 0.05059, 0.00266, 0.03034, 0.03072],[0.21983, 0.20697, 0.2282, 0.20851],[12, 8, 13, 12],45,4
2.5,153,[0.00182, 0.07059, 0.04782, 0.02598, 0.02614, 0.03235, 0.02585, 0.00128, 0.01988, 0.0016, 0.03865, 0.01395, 0.00762, 0.00638, 0.06887, 0.00201, 0.00107, 0.06859, 0.04998, 0.00347, 0.06159, 0.03908, 0.02807, 0.0469, 0.05984, 0.0924, 0.03958, 0.09908, 0.00632, 0.01272, 0.04443, 0.002, 0.02032, 0.04491, 0.01371, 0.00483, 0.03501],[0.20733, 0.20697, 0.25636],[7, 8, 13],37,3
2.5,154,[0.00611, 0.00094, 0.00125, 0.00412, 0.00137, 0.07728, 0.00223, 0.00921, 0.00398, 0.00503, 0.00147, 0.05864, 0.05523, 0.00537, 0.0468, 0.03386, 0.00287, 0.00665, 0.08015, 0.00368, 0.01065, 0.02859, 0.03109, 0.05348, 0.06277, 0.09848, 0.00301, 0.07245, 0.08224, 0.00347, 0.02443, 0.04286, 0.00716, 0.00516, 0.00086, 0.01592, 0.03885, 0.08532, 0.06027, 0.0966, 0.0009, 0.01951, 0.00122, 0.00261, 0.02042, 0.04604, 0.00912, 0.05838, 0.01013, 0.08912, 0.0788, 0.006, 0.01517, 0.04534, 0.07185, 0.04041],[0.25553, 0.2264, 0.32067, 0.26755],[8, 5, 20, 7],56,4
2.5,155,[0.02135, 0.06633, 0.01373, 0.0423, 0.02881, 0.00632, 0.01272, 0.04443, 0.002, 0.02032, 0.04491, 0.01371, 0.00483, 0.03501, 0.04257, 0.09701, 0.03475, 0.00208, 0.01109, 0.04868, 0.02932, 0.00343, 0.06352, 0.0039, 0.0207, 0.01854, 0.06104, 0.07627, 0.02512, 0.01794],[0.24581, 0.2023, 0.20123],[5, 11, 14],30,3
2.5,156,[0.02209, 0.00702, 0.07973, 0.00537, 0.0468, 0.03386, 0.00287, 0.00665, 0.08015, 0.00368, 0.01065, 0.02859, 0.03109, 0.05348, 0.06277, 0.09848, 0.00301, 0.07245, 0.08224, 0.00347, 0.02443, 0.04286, 0.00716, 0.00516, 0.00086, 0.01592, 0.03885, 0.08532, 0.06027, 0.0966, 0.0009, 0.01951, 0.00122, 0.00261, 0.02042, 0.04604, 0.00912, 0.05838, 0.01013, 0.08912, 0.0788, 0.08594, 0.006, 0.01517, 0.04534, 0.07185, 0.0092, 0.03448, 0.0376, 0.07301, 0.00884],[0.20669, 0.32067, 0.26755, 0.24151],[3, 20, 7, 16],51,4
2.5,157,[0.00228, 0.03038, 0.00861, 0.00906, 0.07833, 0.00175, 0.04493, 0.00398, 0.00503, 0.00147, 0.05864, 0.05523, 0.00537, 0.0468, 0.03386, 0.00287, 0.00665, 0.08015, 0.00368, 0.01065, 0.02859, 0.03109, 0.05348, 0.06277, 0.09848, 0.00301, 0.07245, 0.08224, 0.00347, 0.02443, 0.04286, 0.00716, 0.00516, 0.00086, 0.01592, 0.03885, 0.08532, 0.06027, 0.0966, 0.01646, 0.03464, 0.01732, 0.01711],[0.20734, 0.2264, 0.32067],[7, 5, 20],43,3
2.5,158,[0.01526, 0.00499, 0.00735, 0.01062, 0.07405, 0.05651, 0.01181, 0.00516, 0.00086, 0.01592, 0.03885, 0.08532, 0.05586, 0.03221, 0.0051, 0.03019, 0.03375, 0.00712, 0.05469, 0.00314, 0.01069, 0.0513, 0.04565, 0.00389, 0.02764, 0.00398, 0.00503, 0.00147, 0.05864, 0.05523, 0.04225, 0.05324, 0.01784, 0.03704, 0.00315, 0.0139, 0.0435],[0.2221, 0.21797, 0.26268],[7, 5, 13],37,3
2.5,159,[0.00271, 0.00507, 0.05041, 0.03641, 0.05203, 0.02432, 0.07085, 0.0173, 0.02226, 0.00249, 0.0927, 0.08769, 0.00632, 0.01272, 0.04443, 0.002, 0.02032, 0.04491, 0.01371, 0.00483, 0.03501, 0.04257, 0.09701, 0.0479, 0.01242, 0.01784, 0.01859, 0.00919, 0.02852, 0.01204, 0.04337, 0.00256, 0.0567, 0.05769, 0.07301, 0.06486, 0.06673, 0.05466, 0.00337, 0.00918, 0.06318, 0.0502, 0.03029, 0.00759],[0.20598, 0.26747, 0.20223],[12, 11, 10],44,3
2.5,160,[0.01045, 0.02294, 0.03826, 0.01172, 0.00153, 0.00201, 0.00107, 0.06859, 0.04998, 0.00347, 0.06159, 0.03908, 0.02807, 0.0469, 0.05984, 0.0924, 0.03958, 0.09908, 0.00128, 0.01988, 0.0016, 0.03865, 0.01395, 0.00762, 0.00638, 0.06887, 0.01503, 0.02944, 0.06229, 0.00485, 0.00076, 0.00153, 0.03007, 0.00893, 0.00449, 0.00449, 0.0423, 0.0789, 0.05059, 0.00266, 0.03034, 0.03072, 0.0092, 0.03448, 0.0376, 0.07301, 0.00884, 0.00191, 0.07791],[0.21419, 0.20697, 0.21432, 0.20851, 0.23045],[5, 13, 8, 4, 12],49,5
2.5,161,[0.00174, 0.00097, 0.05245, 0.04106, 0.07521, 0.07681, 0.03859, 0.00893, 0.00155, 0.02085],[],[],10,0
2.5,162,[0.0076, 0.01797, 0.02326, 0.00166, 0.01824, 0.02646, 0.02375, 0.00269, 0.00275, 0.04622, 0.00398, 0.00503, 0.00147, 0.05864, 0.05523, 0.00537, 0.0468, 0.03386, 0.00287, 0.00665, 0.08015, 0.00368, 0.01065, 0.02859, 0.03109, 0.05348, 0.06277, 0.09848, 0.00301, 0.07245, 0.08224, 0.00347, 0.02443, 0.04286, 0.00716, 0.00516, 0.00086, 0.01592, 0.03885, 0.08532, 0.06027, 0.0966, 0.0009, 0.01951, 0.00122, 0.00261, 0.02042, 0.04604, 0.00912, 0.05838, 0.01013, 0.08912, 0.0788],[0.22255, 0.2264, 0.32067, 0.26755],[10, 5, 20, 7],53,4
2.5,163,[0.00115, 0.07184, 0.0479, 0.01242, 0.01784, 0.01859, 0.00919, 0.02852, 0.01204, 0.04337, 0.00256, 0.0567, 0.05769, 0.07301, 0.06486, 0.06673, 0.05466, 0.00337, 0.00918, 0.06318, 0.0502, 0.03029, 0.00759, 0.0324, 0.00246, 0.001, 0.00402, 0.01915, 0.04346, 0.02981, 0.0278, 0.0228, 0.01282, 0.06449, 0.01767, 0.07712, 0.09779, 0.07872],[0.20177, 0.20223, 0.21691, 0.24421],[2, 10, 12, 14],38,4
2.5,164,[0.04055, 0.09337, 0.09105, 0.03228, 0.07133, 0.0021, 0.01407, 0.02404, 0.01965, 0.0369, 0.0184, 0.00307, 0.01254, 0.01426],[],[],14,0
2.5,165,[0.00201, 0.00821, 0.02734, 0.06631, 0.01547, 0.0111, 0.0009, 0.01951, 0.00122, 0.00261, 0.02042, 0.04604, 0.00912, 0.05838, 0.00516, 0.00086, 0.01592, 0.03885, 0.08532, 0.05586, 0.03221, 0.0051, 0.03019, 0.03375, 0.00712, 0.05469, 0.00314, 0.01069, 0.0513, 0.04565, 0.00389, 0.02764, 0.00398, 0.00503, 0.00147, 0.05864, 0.05523, 0.04225, 0.05324, 0.01784, 0.03704, 0.00315, 0.00537, 0.0468, 0.03386, 0.00287, 0.00665, 0.08015, 0.00368, 0.01065, 0.02859, 0.03109, 0.05348],[0.213, 0.26755, 0.21797, 0.26268, 0.2264],[6, 8, 5, 13, 10],53,5
2.5,166,[0.03261, 0.00186, 0.06211, 0.019, 0.03227, 0.00613, 0.06204, 0.09144, 0.08533, 0.07435, 0.00263, 0.0009, 0.01951, 0.00122, 0.00261, 0.02042, 0.04604, 0.00912, 0.05838],[0.23564],[11],19,1
2.5,167,[0.06147, 0.02006, 0.09426, 0.0398, 0.01381, 0.0097, 0.05577, 0.09363, 0.00712, 0.00114, 0.06887, 0.05826, 0.02931, 0.09373, 0.02529, 0.00187, 0.00385, 0.02389, 0.07644, 0.00264, 0.00823, 0.0479, 0.01242, 0.01784, 0.01859],[0.21997, 0.20877],[9, 12],25,2
2.5,168,[0.01377, 0.00838, 0.01847, 0.0252, 0.00169, 0.01868, 0.04843, 0.02912, 0.00398, 0.00503, 0.00147, 0.05864, 0.05523, 0.00537, 0.0468, 0.03386, 0.00287, 0.00665, 0.08015, 0.00368, 0.01065, 0.02859, 0.03109, 0.05348, 0.06277, 0.09848, 0.00301, 0.07245, 0.08224, 0.00347, 0.02443, 0.04286, 0.00716, 0.00516, 0.00086, 0.01592, 0.03885, 0.08532, 0.06027, 0.0966, 0.0009, 0.01951, 0.00122, 0.00261, 0.02042, 0.04604, 0.00912, 0.05838, 0.01013, 0.08912, 0.0788, 0.006, 0.01517, 0.04534, 0.07185, 0.0092, 0.03448, 0.0376, 0.07301, 0.00884],[0.21356, 0.2264, 0.32067, 0.26755, 0.24151],[8, 5, 20, 7, 15],60,5
2.5,169,[0.0963, 0.02136, 0.01029, 0.02711, 0.00136, 0.04639, 0.00158, 0.08912, 0.02268, 0.07122, 0.02639, 0.03498, 0.05769, 0.07301, 0.06486, 0.06673, 0.05466, 0.00337, 0.00918, 0.06318, 0.0502, 0.03029, 0.00759, 0.0324, 0.0479, 0.01242, 0.01784, 0.01859, 0.00919, 0.02852],[0.20285, 0.22497, 0.20223],[2, 10, 12],30,3
2.5,170,[0.01856, 0.04743, 0.00678, 0.0792, 0.00537, 0.0468, 0.03386, 0.00287, 0.00665, 0.08015, 0.00368, 0.01065, 0.02859, 0.03109, 0.05348, 0.06277, 0.09848, 0.00301, 0.07245, 0.08224, 0.00347, 0.00398, 0.00503, 0.00147, 0.05864, 0.05523, 0.00191, 0.00813, 0.05586, 0.03984, 0.04481, 0.0023, 0.0009, 0.01951, 0.00122, 0.00261, 0.02042, 0.04604, 0.00912, 0.05838, 0.01013, 0.08912, 0.0788, 0.006, 0.01517, 0.04534, 0.07185, 0.00516, 0.00086, 0.01592, 0.03885, 0.08532],[0.21147, 0.2264, 0.21141, 0.26515, 0.26755],[4, 17, 5, 6, 15],52,5
2.5,171,[0.0165, 0.01201, 0.00541, 0.01914, 0.03822, 0.04272, 0.01115, 0.02166, 0.01544, 0.03545, 0.01106, 0.00576, 0.08385, 0.003, 0.00314, 0.00137, 0.01598, 0.0468, 0.00975, 0.04302, 0.00128, 0.03088, 0.04199, 0.02684],[0.21416],[15],24,1
2.5,172,[0.0222, 0.01073, 0.00279, 0.02191, 0.00636, 0.05078, 0.03352, 0.0018, 0.083, 0.08431, 0.08321, 0.00279, 0.06658, 0.06121, 0.0479, 0.01242, 0.01784, 0.01859, 0.00919, 0.02852, 0.01204, 0.04337, 0.00256, 0.0567, 0.05769, 0.07301, 0.06486, 0.06673, 0.05466, 0.00337, 0.00918, 0.06318, 0.0502, 0.03029, 0.00759, 0.0324, 0.00246, 0.001, 0.00402, 0.01915, 0.04346, 0.02981, 0.0278, 0.0228, 0.01282, 0.06449, 0.01767, 0.07712, 0.09779, 0.07872],[0.21784, 0.20223, 0.21691, 0.24421],[14, 10, 12, 14],50,4
2.5,173,[0.00137, 0.01598, 0.0468, 0.00975, 0.04302, 0.00128, 0.03088, 0.04199, 0.02684, 0.02801, 0.0139, 0.04837, 0.06737, 0.02869, 0.02356, 0.0035, 0.022, 0.00398, 0.00503, 0.00147, 0.05864, 0.05523, 0.00191, 0.00813, 0.05586, 0.03984, 0.04481, 0.0023, 0.0009, 0.01951, 0.00122, 0.00261, 0.02042, 0.04604, 0.00912, 0.05838, 0.01013, 0.08912, 0.0788, 0.006, 0.01517, 0.04534, 0.07185, 0.00516, 0.00086],[0.21051, 0.26513, 0.21141, 0.26515, 0.26755],[0, 17, 5, 6, 15],45,5
2.5,174,[0.01531, 0.01743, 0.02987, 0.00525, 0.0133, 0.05348, 0.00706, 0.01606, 0.01657, 0.04395, 0.00201, 0.00107, 0.06859, 0.04998, 0.00347, 0.06159, 0.03908, 0.02807, 0.0469, 0.05984, 0.0924, 0.03958, 0.09908, 0.00128, 0.01988, 0.0016, 0.03865, 0.01395, 0.00762, 0.00638, 0.06887],[0.24923, 0.20697],[10, 13],31,2
2.5,175,[0.06812, 0.0178, 0.03057, 0.04323, 0.09746, 0.06073, 0.03959, 0.00644, 0.00441, 0.0009, 0.01951, 0.00122, 0.00261, 0.02042, 0.04604, 0.00912, 0.05838, 0.00537, 0.0468, 0.03386, 0.00287, 0.00665, 0.08015, 0.00368],[0.2443, 0.26529],[9, 8],24,2
2.5,176,[0.01091, 0.0008, 0.0265, 0.05808, 0.03332, 0.00124, 0.01064, 0.09327, 0.00457, 0.03908, 0.04387, 0.04423],[],[],12,0
2.5,177,[0.01357, 0.00315, 0.05003, 0.00158, 0.01871, 0.04726, 0.08362, 0.07895, 0.01276, 0.01973, 0.02069, 0.01926, 0.07791, 0.09764, 0.08889, 0.00791, 0.06685, 0.05609, 0.04952, 0.00246],[0.30032, 0.24421],[10, 9],20,2
2.5,178,[0.00563, 0.05759, 0.02218, 0.06431, 0.01682, 0.01401, 0.01811, 0.03612, 0.06449, 0.08178, 0.07811, 0.01709, 0.00199, 0.05028, 0.04606, 0.02919, 0.01624, 0.06438, 0.01168, 0.03372, 0.04243, 0.00955, 0.01242, 0.00258, 0.01567, 0.02877, 0.07277, 0.02742, 0.07581, 0.04668, 0.00115, 0.08371, 0.01303, 0.09111, 0.0365, 0.03556],[0.21204, 0.20946, 0.22807, 0.20001],[4, 11, 15, 6],36,4
2.5,179,[0.03028, 0.02277, 0.00518, 0.0274, 0.00416, 0.04567, 0.08609, 0.02069, 0.01926, 0.07791, 0.09764, 0.08889, 0.00791, 0.06685, 0.05609, 0.04952, 0.00246, 0.001, 0.00402, 0.01915, 0.04346, 0.02981, 0.0278, 0.0228, 0.01282, 0.06449, 0.01767, 0.07712, 0.07872, 0.05769, 0.07301, 0.06486, 0.05466, 0.00337, 0.00918, 0.06318, 0.0502, 0.03029, 0.00759, 0.0324, 0.0479, 0.01242, 0.01784, 0.01859, 0.00919, 0.02852, 0.01204, 0.04337, 0.00256, 0.0567],[0.23001, 0.24421, 0.21691, 0.20223],[7, 9, 13, 11],50,4
2.5,180,[0.01303, 0.02608, 0.02121, 0.03376, 0.02424, 0.05037, 0.00516, 0.00086, 0.01592, 0.03885, 0.08532, 0.0009, 0.01951, 0.00122, 0.00261, 0.02042, 0.04604, 0.00912, 0.05838, 0.00537],[0.26626, 0.26755, 0.26529],[6, 5, 8],20,3
2.5,181,[0.0025, 0.01457, 0.00163, 0.03201, 0.02927, 0.01512, 0.0236, 0.01845, 0.00398, 0.00503, 0.00147, 0.05864, 0.05523, 0.00537, 0.0468, 0.03386, 0.00287, 0.00665, 0.08015, 0.00368, 0.01065, 0.02859, 0.03109, 0.05348, 0.06277, 0.09848, 0.00301, 0.07245, 0.08224, 0.00347, 0.02443, 0.04286, 0.00716, 0.00516, 0.00086, 0.01592, 0.03885, 0.08532, 0.06027, 0.0966, 0.0009, 0.01951, 0.00122, 0.00261, 0.02042, 0.04604, 0.00912, 0.05838, 0.01013, 0.08912, 0.0788, 0.006, 0.01517, 0.04534, 0.07185, 0.0092, 0.03448, 0.0376, 0.07301, 0.00884],[0.21562, 0.2264, 0.32067, 0.26755, 0.24151],[8, 5, 20, 7, 15],60,5
2.5,182,[0.07431, 0.05861, 0.05491, 0.05062, 0.02438, 0.03465, 0.03266, 0.01649, 0.0472, 0.0009, 0.01951, 0.00122, 0.00261, 0.02042, 0.04604, 0.00912, 0.05838, 0.00516, 0.00086, 0.01592, 0.03885, 0.08532],[0.22371, 0.26755],[9, 8],22,2
2.5,183,[0.00857, 0.03363, 0.03942, 0.00642, 0.06103, 0.09048, 0.04413, 0.02069, 0.01926, 0.07791, 0.09764, 0.08889, 0.00791, 0.06685, 0.05609, 0.04952, 0.00246, 0.001, 0.00402, 0.01915, 0.04346, 0.02981, 0.0278, 0.0228, 0.01282, 0.06449, 0.01767, 0.07712, 0.09779, 0.07872, 0.05769, 0.07301, 0.06486, 0.06673, 0.05466, 0.00337, 0.00918, 0.06318, 0.0502, 0.03029, 0.00759, 0.0324],[0.22726, 0.24421, 0.21691],[7, 9, 14],42,3
2.5,184,[0.00805, 0.05756, 0.01626, 0.03041, 0.09847, 0.08604, 0.00381, 0.0307, 0.00246, 0.001, 0.00402, 0.01915, 0.04346, 0.02981, 0.0278, 0.0228, 0.01282, 0.06449, 0.01767, 0.07712, 0.09779, 0.07872, 0.05769, 0.07301, 0.06486, 0.06673, 0.05466, 0.00337, 0.00918, 0.06318, 0.0502, 0.03029, 0.00759, 0.0324, 0.0479, 0.01242, 0.01784, 0.01859, 0.00919, 0.02852, 0.01204, 0.04337],[0.25292, 0.21691, 0.20223],[8, 14, 12],42,3
2.5,185,[0.01397, 0.00781, 0.07182, 0.03953, 0.00318, 0.01327, 0.00673, 0.01469, 0.04797, 0.04815, 0.01089, 0.01788, 0.0046, 0.02973, 0.01395, 0.00186, 0.01912, 0.01996, 0.00731, 0.06523, 0.00137, 0.01598, 0.0468, 0.00975, 0.04302, 0.00128, 0.03088, 0.04199, 0.02684, 0.02801, 0.0139, 0.04837, 0.06737, 0.02869, 0.02356, 0.0035, 0.022, 0.00398, 0.00503, 0.00147, 0.05864, 0.05523, 0.00191, 0.00813, 0.05586, 0.03984, 0.04481, 0.0023, 0.0009, 0.01951, 0.00122],[0.23353, 0.38433, 0.26513, 0.21141, 0.26515],[10, 10, 17, 5, 6],51,5
2.5,186,[0.02062, 0.09493, 0.06077, 0.04496, 0.03319, 0.00952, 0.04822, 0.08961, 0.08975, 0.00827, 0.00259, 0.0028, 0.07306, 0.00435, 0.00076, 0.00153, 0.03007, 0.00893, 0.09373, 0.00449, 0.00449, 0.0423, 0.0789, 0.05059, 0.00266, 0.03034, 0.01503, 0.02944, 0.06229, 0.00485, 0.00128, 0.01988, 0.0016, 0.03865, 0.01395, 0.00762, 0.00638, 0.00436, 0.04725, 0.01074, 0.02538],[0.27029, 0.24403, 0.20851, 0.21432],[9, 5, 12, 4],41,4
2.5,187,[0.0192, 0.082, 0.01089, 0.01788, 0.0046, 0.02973, 0.01395, 0.00186, 0.01912, 0.01996, 0.00731, 0.06523, 0.00073, 0.01114, 0.03929, 0.08497, 0.02208, 0.00684, 0.01914, 0.02069, 0.01926, 0.07791, 0.09764, 0.08889, 0.00791, 0.06685, 0.05609, 0.04952, 0.00246, 0.001, 0.00402, 0.01915, 0.04346, 0.02981, 0.0278, 0.0228, 0.01282, 0.06449, 0.01767, 0.07712, 0.09779, 0.07872, 0.05769, 0.07301, 0.06486, 0.06673, 0.05466, 0.00337, 0.00918, 0.06318, 0.0502, 0.03029, 0.00759, 0.0324],[0.27388, 0.26598, 0.22629, 0.24421, 0.21691],[2, 10, 7, 9, 14],54,5
2.5,188,[0.02359, 0.00125, 0.00139, 0.00421, 0.00149, 0.08332, 0.00637, 0.07702, 0.00534, 0.00218, 0.05835, 0.09352, 0.00482, 0.04437, 0.00524, 0.02129, 0.02919, 0.01624, 0.06438, 0.01168, 0.03372, 0.02874, 0.03545, 0.02498, 0.04488, 0.0354, 0.06942, 0.07791, 0.04957, 0.04702, 0.04606, 0.03946, 0.01183, 0.00177, 0.03366, 0.01628, 0.01087, 0.05725, 0.05713, 0.04781, 0.08996, 0.01161, 0.01178, 0.05769, 0.07301, 0.06486, 0.06673, 0.05466, 0.00337, 0.00918, 0.06318],[0.29955, 0.25282, 0.24436, 0.29929],[16, 5, 6, 16],51,4
2.5,189,[0.01022, 0.02364, 0.00195, 0.01409, 0.05663, 0.03325, 0.08771, 0.00778, 0.02069, 0.01926, 0.07791, 0.09764, 0.08889, 0.00791, 0.06685, 0.05609, 0.04952, 0.00246, 0.001, 0.00402, 0.01915, 0.04346, 0.02981, 0.0278, 0.0228, 0.01282, 0.06449, 0.01767, 0.07712, 0.09779, 0.07872, 0.05769, 0.07301, 0.06486, 0.06673, 0.05466, 0.00337, 0.00918, 0.06318, 0.0502, 0.03029, 0.00759, 0.0324, 0.0479, 0.01242, 0.01784, 0.01859, 0.00919, 0.02852, 0.01204],[0.22375, 0.24421, 0.21691, 0.20223],[8, 9, 14, 12],50,4
2.5,190,[0.0415, 0.02572, 0.00515, 0.03453, 0.04542, 0.00186, 0.09613, 0.00401, 0.02069, 0.01926, 0.07791, 0.09764, 0.08889, 0.00791, 0.06685, 0.05609, 0.04952, 0.00246, 0.001, 0.00402, 0.01915, 0.04346, 0.02981, 0.0278, 0.0228, 0.01282, 0.06449, 0.01767, 0.07712, 0.07872, 0.05769, 0.07301, 0.06486, 0.05466, 0.00337, 0.00918, 0.06318, 0.0502, 0.03029, 0.00759, 0.0324, 0.0479, 0.01242, 0.01784, 0.01859, 0.00919, 0.02852, 0.01204, 0.04337, 0.00256, 0.0567],[0.21959, 0.24421, 0.21691, 0.20223],[8, 9, 13, 11],51,4
2.5,191,[0.05833, 0.09336, 0.0479, 0.01242, 0.01784, 0.01859, 0.00919, 0.02852, 0.01204, 0.04337, 0.00256, 0.0567, 0.05769, 0.07301, 0.06486, 0.06673, 0.05466, 0.00337, 0.00918, 0.06318, 0.0502, 0.03029, 0.00759, 0.0324, 0.00246, 0.001, 0.00402, 0.01915, 0.04346, 0.02981, 0.0278, 0.0228, 0.01282, 0.06449, 0.01767, 0.07712, 0.09779, 0.07872],[0.20707, 0.20223, 0.21691, 0.24421],[2, 10, 12, 14],38,4
2.5,192,[0.01216, 0.05855, 0.00568, 0.02952, 0.02545, 0.00162, 0.0099, 0.04696, 0.07762, 0.09796, 0.01386, 0.08889, 0.08027, 0.05021, 0.05286, 0.00396, 0.02294, 0.07254, 0.03225, 0.06231, 0.00878, 0.03042, 0.00073, 0.01114, 0.03929, 0.08497, 0.02208, 0.00684, 0.01914, 0.01003, 0.01017, 0.00796, 0.0583, 0.0576, 0.04553],[0.20098, 0.20806],[10, 12],35,2
2.5,193,[0.02852, 0.06949, 0.0073, 0.07786, 0.04458, 0.09921, 0.00207, 0.09151, 0.07486, 0.03621, 0.00263, 0.00273, 0.01503, 0.02944, 0.06229, 0.00485, 0.00076, 0.00153, 0.03007, 0.00893, 0.09373, 0.00449, 0.00449, 0.0423, 0.0789, 0.05059, 0.00266, 0.03034, 0.00201, 0.00107, 0.06859, 0.04998, 0.00347, 0.06159, 0.03908, 0.02807, 0.0469, 0.05984, 0.0924, 0.03958, 0.09908, 0.00128, 0.01988, 0.0016, 0.03865, 0.01395, 0.00762, 0.00638, 0.0479, 0.01242, 0.01784, 0.01859, 0.00919, 0.02852, 0.01204, 0.04337],[0.22196, 0.23712, 0.20851, 0.2282, 0.20697, 0.27738],[11, 1, 4, 12, 13, 7],56,6
2.5,194,[0.04472, 0.06219, 0.0082, 0.00855, 0.09575, 0.01643, 0.08993, 0.03302, 0.07154, 0.02504, 0.00228, 0.02339],[],[],12,0
2.5,195,[0.00139, 0.00639, 0.0067, 0.04876, 0.00902, 0.03306, 0.02958, 0.0747, 0.02409, 0.01962, 0.00283, 0.02107, 0.05506, 0.03702],[],[],14,0
2.5,196,[0.01627, 0.00153, 0.00323, 0.06857, 0.08294, 0.07967, 0.04744, 0.08321, 0.00214, 0.00516, 0.00086, 0.01592, 0.03885, 0.08532, 0.0009, 0.01951, 0.00122, 0.00261, 0.02042, 0.04604, 0.00912, 0.05838, 0.0092, 0.03448, 0.0376, 0.07301, 0.00884, 0.00191, 0.07791, 0.04701, 0.0974, 0.00076, 0.00153, 0.03007, 0.00893, 0.09373, 0.00449, 0.00449, 0.0423, 0.0789, 0.05059, 0.00266, 0.03034, 0.00201, 0.00107, 0.06859, 0.04998, 0.00347],[0.26179, 0.26755, 0.24151, 0.23045, 0.2282],[9, 5, 8, 9, 12],48,5
2.5,197,[0.00096, 0.0145, 0.01521, 0.01601, 0.00565, 0.0132, 0.00398, 0.00503, 0.00147, 0.05864, 0.05523, 0.00537, 0.0468, 0.03386, 0.00287, 0.00665, 0.08015, 0.00368, 0.01065, 0.02859, 0.03109, 0.05348, 0.06277, 0.09848, 0.00301, 0.07245, 0.08224, 0.00347, 0.02443, 0.04286, 0.00716, 0.00516, 0.00086, 0.01592, 0.03885, 0.08532, 0.06027, 0.0966, 0.0009, 0.01951, 0.00122, 0.00261],[0.20687, 0.2264, 0.32067, 0.26755],[6, 5, 20, 7],42,4
2.5,198,[0.0308, 0.07856, 0.0086, 0.03024, 0.0254, 0.02919, 0.01624, 0.06438, 0.01168, 0.03372, 0.02874, 0.03545, 0.02498, 0.04488, 0.0354, 0.06942, 0.07791, 0.04957, 0.04702, 0.04606, 0.03946, 0.01183, 0.00177, 0.03366, 0.01628, 0.01087, 0.05725, 0.05713, 0.04781, 0.08996, 0.01161, 0.01178, 0.05769, 0.07301, 0.06486, 0.06673, 0.05466, 0.00337, 0.00918, 0.06318],[0.23648, 0.25282, 0.24436, 0.29929],[5, 5, 6, 16],40,4
2.5,199,[0.00164, 0.01722, 0.06545, 0.07661, 0.05769, 0.04594, 0.00167, 0.03209, 0.02141, 0.00396, 0.01852, 0.05769, 0.07301, 0.06486, 0.06673, 0.05466, 0.00337, 0.00918, 0.06318, 0.0502, 0.03029, 0.00759, 0.0324, 0.0479],[0.27429, 0.20223],[11, 12],24,2

