2.5,0,[0.00398, 0.03778, 0.06826, 0.00208, 0.00082, 0.00195, 0.05206, 0.08146, 0.00407, 0.00468, 0.07351, 0.02015, 0.00094, 0.00175, 0.03326, 0.00959, 0.0251, 0.00155, 0.02007, 0.0103, 0.05057, 0.05724, 0.06349, 0.02642, 0.00992, 0.01661, 0.04772, 0.05539, 0.03251, 0.00555, 0.05836, 0.00299, 0.0214, 0.03906, 0.0499, 0.00891, 0.02153, 0.00239, 0.07495, 0.00127, 0.04416, 0.05711, 0.00199, 0.02388, 0.00224, 0.05, 0.00688, 0.03295, 0.01682, 0.0113, 0.04375, 0.0548],[0.2219, 0.34598, 0.21422, 0.26658, 0.20262],[4, 8, 11, 12, 13],52,5
2.5,1,[0.09873, 0.04967, 0.08737, 0.00956, 0.00732, 0.02019, 0.08986, 0.01869, 0.02642, 0.00992, 0.01661, 0.04772, 0.05539, 0.03251, 0.00555, 0.05836, 0.00299, 0.0214, 0.03906, 0.0499, 0.00891, 0.02153, 0.00239, 0.07495, 0.00127, 0.04416, 0.05711, 0.00199, 0.02388, 0.00224, 0.05, 0.00688, 0.03295, 0.01682, 0.0113, 0.04375, 0.0548],[0.2043, 0.26658, 0.20262],[8, 12, 13],37,3
2.5,2,[0.01152, 0.05241, 0.01482, 0.02013, 0.0412, 0.05213, 0.02674, 0.00151, 0.00971, 0.09221, 0.0976, 0.02613, 0.00094, 0.00134, 0.08298, 0.08638, 0.03993],[0.29162, 0.21688],[11, 6],17,2
2.5,3,[0.02888, 0.03806, 0.00931, 0.05798, 0.05009, 0.03755, 0.09524, 0.01053, 0.00897, 0.07621, 0.00189, 0.07617, 0.01472, 0.00211, 0.08204, 0.0073, 0.02613, 0.00094, 0.00134, 0.08298, 0.08638, 0.03993, 0.01943, 0.01246, 0.05089, 0.07445, 0.02974, 0.02019, 0.01278, 0.06333, 0.03516, 0.08564, 0.02918],[0.20525, 0.21688],[16, 6],33,2
2.5,4,[0.01791, 0.04344, 0.07496, 0.00166, 0.01713, 0.00787, 0.00631, 0.03395, 0.08298, 0.00064, 0.04456, 0.01707, 0.00644, 0.06149, 0.01368, 0.06508, 0.0697, 0.00548, 0.01431, 0.00939, 0.04017, 0.08298, 0.00138, 0.00415, 0.00563, 0.01131, 0.05998, 0.0378, 0.02398, 0.03342, 0.01327, 0.00535, 0.0196, 0.02253, 0.01435, 0.06447, 0.00226, 0.02757, 0.02593],[0.21568, 0.20972, 0.25455],[9, 8, 19],39,3
2.5,5,[0.04373, 0.06011, 0.04037, 0.00743, 0.04297, 0.01224, 0.00228, 0.00474, 0.00891, 0.02153, 0.00239, 0.07495, 0.00127, 0.04416, 0.05711, 0.00199, 0.02388, 0.00224, 0.05, 0.00688, 0.03295, 0.00564, 0.02642],[0.22251, 0.26658],[8, 14],23,2
2.5,6,[0.01155, 0.0395, 0.07688, 0.00459, 0.0205, 0.01038, 0.04456, 0.02927, 0.03818, 0.0024, 0.05332, 0.07415, 0.02013, 0.02764, 0.02304, 0.00548, 0.01431, 0.00939, 0.04017, 0.08298, 0.06372, 0.00138, 0.00415, 0.00563, 0.01131, 0.05998, 0.0378, 0.02398, 0.08989, 0.03342, 0.01327, 0.00535, 0.0196, 0.02253, 0.01435, 0.06447, 0.00226],[0.2174, 0.2051, 0.25455],[6, 9, 21],37,3
2.5,7,[0.00911, 0.02065, 0.03461, 0.05302, 0.00204, 0.05146, 0.01495, 0.06854, 0.00366, 0.00228, 0.03596, 0.09809, 0.00548, 0.01431, 0.00939, 0.04017, 0.08298, 0.06372, 0.00138, 0.00415, 0.00563, 0.01131, 0.05998, 0.0378, 0.02398, 0.08989, 0.03342, 0.01327, 0.00535, 0.0196, 0.02253, 0.01435, 0.06447, 0.00226, 0.02757, 0.02593],[0.20897, 0.25455],[12, 21],36,2
2.5,8,[0.00825, 0.00237, 0.00812, 0.03462, 0.00225, 0.00382, 0.05643, 0.00413, 0.01394, 0.00715, 0.03448, 0.02356, 0.00241, 0.01225, 0.0286, 0.07495, 0.04174],[0.23566, 0.31992],[11, 6],17,2
2.5,9,[0.03339, 0.00558, 0.01896, 0.05108, 0.05556, 0.08323, 0.04524, 0.01865, 0.00424, 0.03336, 0.07031, 0.02012, 0.02356, 0.00241, 0.01225, 0.0286, 0.07495, 0.04174, 0.02642, 0.00992, 0.01661, 0.04772, 0.05539, 0.03251, 0.00555, 0.05836, 0.00299, 0.0214, 0.03906, 0.0499, 0.00094, 0.00175, 0.03326, 0.00959, 0.0251, 0.00155, 0.02007, 0.0103, 0.05057, 0.09682, 0.05724, 0.06349, 0.00129, 0.01194, 0.02821, 0.01454, 0.00182],[0.26059, 0.31992, 0.21422, 0.20799],[12, 6, 12, 12],47,4
2.5,10,[0.02625, 0.00226, 0.01567, 0.03538, 0.05378, 0.00611, 0.04168, 0.00327, 0.00329, 0.01026, 0.00174, 0.01769, 0.00652, 0.07943, 0.03175, 0.00094, 0.00175, 0.03326, 0.00959, 0.0251, 0.00155, 0.02007, 0.0103, 0.05057, 0.09682, 0.05724, 0.06349, 0.02642, 0.00992, 0.01661, 0.04772, 0.05539, 0.03251, 0.00555, 0.05836, 0.00299, 0.0214, 0.03906, 0.0499],[0.22886, 0.21422],[15, 12],39,2
2.5,11,[0.01479, 0.02182, 0.01974, 0.08518, 0.05086, 0.09498, 0.03453, 0.05474, 0.0025, 0.00255, 0.02613, 0.00094, 0.00134, 0.08298, 0.08638, 0.03993, 0.01943, 0.01246, 0.05089, 0.07445, 0.02974, 0.02019, 0.01278, 0.06333, 0.03516, 0.08564, 0.02918, 0.02045, 0.03615, 0.01711, 0.0423, 0.04811, 0.00361, 0.09363, 0.09015, 0.02008, 0.0718, 0.03047, 0.01153, 0.07962, 0.03619, 0.03233, 0.03145, 0.00168, 0.02052, 0.02335, 0.01847, 0.00204, 0.06642, 0.07738, 0.07654],[0.24817, 0.21688, 0.29374, 0.27677],[10, 6, 13, 11],51,4
2.5,12,[0.03312, 0.02273, 0.02099, 0.03444, 0.07819, 0.00256, 0.06405, 0.04135, 0.01212, 0.01189, 0.00604, 0.00584, 0.06104, 0.02192, 0.06066, 0.02356, 0.00241, 0.01225, 0.0286, 0.07495, 0.04174, 0.06423, 0.01102, 0.08047, 0.0048, 0.00268, 0.01383, 0.09555, 0.02642, 0.00992, 0.01661, 0.04772, 0.05539, 0.03251, 0.00555, 0.05836, 0.00299, 0.0214, 0.03906, 0.0499, 0.00094, 0.00175, 0.03326, 0.00959, 0.0251, 0.00155, 0.02007, 0.0103, 0.05057, 0.09682, 0.05724, 0.06349, 0.00129, 0.01194, 0.02821],[0.23772, 0.21027, 0.2854, 0.31992, 0.21422, 0.20799],[7, 4, 4, 13, 12, 12],55,6
2.5,13,[0.04676, 0.0076, 0.06724, 0.07339, 0.08573, 0.09142, 0.01772, 0.00827, 0.01664, 0.00082, 0.00195, 0.05206, 0.08146, 0.00407, 0.00468, 0.07351, 0.02015, 0.00094, 0.00175, 0.03326, 0.00959, 0.0251, 0.00155, 0.02007, 0.0103, 0.05057, 0.05724, 0.06349, 0.02642, 0.00992, 0.01661, 0.04772, 0.05539, 0.03251, 0.00555, 0.05836, 0.00299, 0.0214, 0.03906, 0.0499, 0.00891, 0.02153, 0.00239, 0.07495, 0.00127, 0.04416, 0.05711, 0.00199, 0.02388, 0.00224, 0.05, 0.00688, 0.03295, 0.01682, 0.0113, 0.04375, 0.0548],[0.21987, 0.34598, 0.21422, 0.26658, 0.20262],[9, 8, 11, 12, 13],57,5
2.5,14,[0.01576, 0.00384, 0.00508, 0.02491, 0.00157, 0.0879, 0.01408, 0.01581, 0.03168, 0.00453, 0.01711, 0.0423, 0.04811, 0.00361, 0.09363, 0.09015, 0.02008, 0.0718, 0.03047, 0.01153, 0.07962, 0.03619, 0.03233, 0.03145, 0.00168, 0.02052, 0.02335, 0.01847, 0.00204, 0.06642, 0.07738, 0.07654, 0.06949, 0.00891, 0.02153, 0.00239, 0.07495, 0.00127, 0.04416, 0.05711, 0.00199, 0.02388, 0.00224, 0.05, 0.00688, 0.03295, 0.02642, 0.00992, 0.01661, 0.04772, 0.05539, 0.03251, 0.00555, 0.05836, 0.00299, 0.0214],[0.2215, 0.27677, 0.30054, 0.26658],[10, 11, 12, 13],56,4
2.5,15,[0.00978, 0.0426, 0.00139, 0.03087, 0.03751, 0.00853, 0.00238, 0.03009],[],[],8,0
2.5,16,[0.03809, 0.03631, 0.07746, 0.00747, 0.0093, 0.00752, 0.03294, 0.01802, 0.05437, 0.07867, 0.08423, 0.01117, 0.0024, 0.04716, 0.08114, 0.0639, 0.00613, 0.07791, 0.00129, 0.01194, 0.02821, 0.01454, 0.00182, 0.08505, 0.06265, 0.07982, 0.02729, 0.07562, 0.05741, 0.00461, 0.05983, 0.00569, 0.00303, 0.00664, 0.01744, 0.00094, 0.00175, 0.03326, 0.00959, 0.0251, 0.00155, 0.02007, 0.0103, 0.05057, 0.09682, 0.05724, 0.06349, 0.05692],[0.29623, 0.23602, 0.20799],[4, 14, 17],48,3
2.5,17,[0.02358, 0.0374, 0.06307, 0.06464, 0.03437, 0.04135, 0.01212, 0.01189, 0.00604, 0.00584, 0.06104, 0.02192, 0.06066, 0.02356, 0.00241, 0.01225, 0.0286, 0.07495, 0.04174, 0.06423, 0.01102, 0.08047, 0.0048, 0.00268, 0.01383, 0.09555, 0.02642, 0.00992, 0.01661, 0.04772, 0.05539, 0.03251, 0.00555, 0.05836, 0.00299, 0.0214, 0.03906, 0.0499, 0.00094, 0.00175, 0.03326, 0.00959, 0.0251, 0.00155, 0.02007, 0.0103],[0.27813, 0.21027, 0.2854, 0.31992, 0.21422],[5, 4, 4, 13, 12],46,5
2.5,18,[0.01711, 0.0758, 0.05023, 0.02103, 0.02356, 0.00241, 0.01225, 0.0286, 0.07495, 0.04174, 0.02642, 0.00992, 0.01661, 0.04772, 0.05539, 0.03251, 0.00555, 0.05836, 0.00299, 0.0214, 0.03906, 0.0499, 0.00094, 0.00175, 0.03326, 0.00959, 0.0251, 0.00155, 0.02007, 0.0103, 0.05057, 0.09682, 0.05724, 0.06349, 0.00129, 0.01194, 0.02821, 0.01454, 0.00182, 0.08505, 0.06265, 0.07982, 0.02729, 0.07562, 0.05741, 0.00461, 0.05983, 0.00569, 0.00303, 0.00664, 0.01744, 0.0093, 0.00752, 0.03294, 0.01802, 0.05437, 0.07867, 0.08423, 0.01117, 0.0024],[0.24084, 0.31992, 0.21422, 0.20799, 0.23602],[4, 6, 12, 12, 17],60,5
2.5,19,[0.02945, 0.03757, 0.00439, 0.03426, 0.01684, 0.07277, 0.0016, 0.09179, 0.00257, 0.01032, 0.01069, 0.02356, 0.00241, 0.01225, 0.0286, 0.07495, 0.04174, 0.02642, 0.00992, 0.01661, 0.04772, 0.05539, 0.03251, 0.00555, 0.05836, 0.00299, 0.0214, 0.03906, 0.0499, 0.00094, 0.00175, 0.03326, 0.00959, 0.0251, 0.00155, 0.02007, 0.0103, 0.05057, 0.09682, 0.05724, 0.06349, 0.00129, 0.01194, 0.02821, 0.01454, 0.00182, 0.08505, 0.06265, 0.07982, 0.02729, 0.07562, 0.05741, 0.00461, 0.05983],[0.24785, 0.31992, 0.21422, 0.20799],[11, 6, 12, 12],54,4
2.5,20,[0.01429, 0.00881, 0.01998, 0.00517, 0.04096, 0.01241, 0.07239, 0.00809, 0.0698, 0.02059, 0.04979, 0.01761, 0.00747, 0.00593, 0.02579, 0.005, 0.01273, 0.09852, 0.0085, 0.05193, 0.00064, 0.04456, 0.01707, 0.00644, 0.06149, 0.01368, 0.06508, 0.0697, 0.05169, 0.02032, 0.00771, 0.00092, 0.0162, 0.07867, 0.04829, 0.04156, 0.07083, 0.03159, 0.01329, 0.05135],[0.20445, 0.26262],[20, 11],40,2
2.5,21,[0.05701, 0.00488, 0.02736, 0.05323, 0.0138, 0.00525, 0.08374, 0.0038, 0.00964, 0.0387, 0.0172, 0.00218, 0.08317, 0.07565, 0.02723, 0.05454, 0.05189, 0.02642, 0.00992, 0.01661],[0.22335],[17],20,1
2.5,22,[0.02088, 0.04349, 0.04729, 0.0368, 0.01712, 0.01153, 0.01294, 0.06928, 0.03157, 0.03047, 0.02642, 0.00992, 0.01661, 0.04772, 0.05539, 0.03251, 0.00555],[0.24904],[10],17,1
2.5,23,[0.00802, 0.00348, 0.00247, 0.04121, 0.0013, 0.01178, 0.0117, 0.02531, 0.00405, 0.00691, 0.05002, 0.06596, 0.07131, 0.07085, 0.08146, 0.00328, 0.01037, 0.01931, 0.02214, 0.01049, 0.01108, 0.06384, 0.01287, 0.00358, 0.01435, 0.00473, 0.02626, 0.00966, 0.00656, 0.05614, 0.00785, 0.01059, 0.0915, 0.02466, 0.01872, 0.08861, 0.05068, 0.04135, 0.01212, 0.01189, 0.00604, 0.00584, 0.06104, 0.02192, 0.06066, 0.02356, 0.00241, 0.01225, 0.0286, 0.07495, 0.04174],[0.26673, 0.25409, 0.27248, 0.26772, 0.21027, 0.2854],[3, 6, 16, 12, 4, 4],51,6
2.5,24,[0.03567, 0.02044, 0.02258, 0.01579, 0.02253, 0.03928, 0.0291, 0.00432, 0.00437, 0.06207, 0.04836, 0.0163, 0.02948, 0.01316, 0.01471, 0.00883],[],[],16,0
2.5,25,[0.01704, 0.05343, 0.00822, 0.01332, 0.05869, 0.02876, 0.08688, 0.05438, 0.00449, 0.06762, 0.00092, 0.0162, 0.07867, 0.04829, 0.04156, 0.07083, 0.03159, 0.01329, 0.05135, 0.0155, 0.07579],[0.27378],[10],21,1
2.5,26,[0.0024, 0.04328, 0.05622, 0.01522, 0.00579, 0.0043, 0.00218, 0.01609, 0.02167, 0.09395, 0.00628, 0.02642, 0.00992, 0.01661, 0.04772, 0.05539, 0.03251, 0.00555, 0.05836, 0.00299, 0.0214, 0.03906, 0.0499, 0.00094, 0.00175, 0.03326, 0.00959, 0.0251, 0.00155, 0.02007, 0.0103],[0.20902, 0.21422],[11, 12],31,2
2.5,27,[0.01562, 0.05579, 0.04491, 0.09434, 0.02887, 0.02101, 0.05892, 0.04121, 0.0013, 0.01178, 0.0117, 0.02531, 0.00405, 0.07351, 0.07421, 0.04933, 0.06106, 0.07614, 0.05068, 0.06422, 0.03096],[0.25612, 0.2173],[7, 6],21,2
2.5,28,[0.02399, 0.00277, 0.01387, 0.06361, 0.01172, 0.05167, 0.00226, 0.02757, 0.02593, 0.03742, 0.00197, 0.08264, 0.05813, 0.00764, 0.00875, 0.02107, 0.06333, 0.09363, 0.00353, 0.05997, 0.02037],[0.21658, 0.24357],[6, 7],21,2
2.5,29,[0.01681, 0.0423, 0.05796, 0.00343, 0.01621, 0.00691, 0.05002, 0.06596, 0.07131, 0.07085, 0.08146, 0.00328, 0.01037, 0.01931, 0.02214, 0.01049, 0.01108, 0.06384, 0.01287, 0.00358, 0.01435, 0.00473, 0.02626, 0.00966, 0.00656, 0.05614, 0.00785, 0.01059, 0.0915, 0.02466, 0.01872, 0.08861, 0.05068, 0.04135, 0.01212, 0.01189, 0.00604, 0.00584, 0.06104, 0.02192, 0.06066, 0.02356, 0.00241, 0.01225, 0.0286, 0.07495],[0.20754, 0.27248, 0.26772, 0.21027, 0.2854],[5, 16, 12, 4, 4],46,5
2.5,30,[0.06181, 0.06914, 0.00429, 0.04803, 0.00275, 0.00581, 0.02642, 0.00992, 0.01661, 0.04772, 0.05539, 0.03251, 0.00555, 0.05836, 0.00299, 0.0214, 0.03906, 0.0499, 0.00094, 0.00175, 0.03326, 0.00959, 0.0251, 0.00155, 0.02007, 0.0103, 0.05057, 0.09682, 0.05724, 0.06349, 0.00129, 0.01194, 0.02821, 0.01454, 0.00182, 0.08505, 0.06265, 0.02729, 0.07562, 0.05741, 0.00461, 0.05983, 0.00569, 0.00303, 0.00664, 0.01744, 0.0093, 0.00752, 0.03294, 0.01802, 0.05437, 0.07867, 0.08423, 0.01117, 0.0024, 0.04716],[0.26687, 0.21422, 0.20799, 0.23602],[6, 12, 12, 16],56,4
2.5,31,[0.0017, 0.00443, 0.0236, 0.03011, 0.00712, 0.01532, 0.08105, 0.07406, 0.00784, 0.00797, 0.03697, 0.02642, 0.00992, 0.01661, 0.04772, 0.05539, 0.03251, 0.00555, 0.05836, 0.00299, 0.0214, 0.03906, 0.0499, 0.00094, 0.00175, 0.03326, 0.00959, 0.0251, 0.00155, 0.02007, 0.0103, 0.05057, 0.09682, 0.05724, 0.06349, 0.00129, 0.01194, 0.02821, 0.01454, 0.00182, 0.08505, 0.06265, 0.07982, 0.02729, 0.07562, 0.05741, 0.00461, 0.05983, 0.00569, 0.00303],[0.21245, 0.21422, 0.20799],[11, 12, 12],50,3
2.5,32,[0.0033, 0.00265, 0.03012, 0.01525, 0.06145, 0.00166, 0.00432, 0.0093, 0.00752, 0.03294, 0.01802, 0.05437, 0.07867, 0.08423, 0.01117, 0.0024, 0.04716, 0.08114, 0.0639, 0.00613, 0.07791, 0.02613, 0.00094, 0.00134, 0.08298, 0.08638, 0.03993, 0.01943, 0.01246, 0.05089, 0.07445, 0.02974, 0.02019, 0.01278, 0.06333, 0.03516, 0.08564, 0.02918, 0.02045, 0.03615, 0.01711, 0.0423, 0.04811, 0.00361, 0.09363, 0.09015, 0.02008, 0.0718, 0.03047, 0.01153, 0.07962, 0.03619],[0.20159, 0.33165, 0.21688, 0.29374, 0.27677],[7, 14, 6, 13, 11],52,5
2.5,33,[0.00177, 0.05076, 0.03088, 0.01097, 0.06424, 0.03548, 0.02036, 0.0023, 0.0354, 0.00498, 0.00764, 0.03323, 0.00598, 0.0241, 0.00109, 0.02923, 0.08505, 0.00413, 0.06632, 0.02642, 0.00992, 0.01661, 0.04772, 0.05539, 0.03251, 0.00555, 0.05836, 0.00299, 0.0214, 0.03906, 0.0499, 0.00094, 0.00175, 0.03326, 0.00959, 0.0251, 0.00155, 0.02007, 0.0103, 0.05057, 0.09682, 0.05724, 0.06349, 0.05692, 0.00279],[0.21481, 0.26644, 0.21422, 0.21638],[12, 7, 12, 13],45,4
2.5,34,[0.00988, 0.00819, 0.01112, 0.07431, 0.02647, 0.011, 0.02094, 0.04121, 0.0013, 0.01178, 0.0117, 0.02531, 0.00405, 0.00691, 0.05002, 0.06596, 0.07131, 0.08146, 0.00328, 0.01037, 0.01931, 0.02214, 0.01049, 0.01108, 0.06384, 0.01287, 0.00358, 0.01435, 0.00473, 0.02626, 0.00966, 0.00656, 0.05614, 0.00785, 0.01059, 0.0915, 0.02466, 0.01872, 0.08861, 0.05068, 0.04135, 0.01212, 0.01189, 0.00604, 0.00584],[0.2552, 0.25409, 0.27248, 0.26772, 0.21027],[7, 6, 15, 12, 4],45,5
2.5,35,[0.00019, 0.01275, 0.07772, 0.0554, 0.0054, 0.02247, 0.0021, 0.02356, 0.00241, 0.01225, 0.0286, 0.07495, 0.04174, 0.02642, 0.00992, 0.01661, 0.04772, 0.05539, 0.03251, 0.00555, 0.05836, 0.00299, 0.0214, 0.03906, 0.0499, 0.00094, 0.00175, 0.03326, 0.00959, 0.0251, 0.00155, 0.02007, 0.0103, 0.05057, 0.09682, 0.05724, 0.06349, 0.00129, 0.01194, 0.02821, 0.01454, 0.00182, 0.08505, 0.06265, 0.07982, 0.02729, 0.07562, 0.05741, 0.00461, 0.05983, 0.00569, 0.00303, 0.00664, 0.01744, 0.0093, 0.00752, 0.03294, 0.01802, 0.05437, 0.07867, 0.08423, 0.01117, 0.0024],[0.23969, 0.31992, 0.21422, 0.20799, 0.23602],[7, 6, 12, 12, 17],63,5
2.5,36,[0.00888, 0.04121, 0.0013, 0.01178, 0.0117, 0.02531, 0.00405, 0.00691, 0.05002, 0.06596, 0.07131, 0.07085, 0.08146, 0.00328, 0.01037, 0.01931, 0.02214, 0.01049, 0.01108, 0.06384, 0.01287, 0.00358, 0.01435, 0.00473, 0.02626, 0.00966, 0.00656, 0.05614, 0.00785, 0.01059, 0.0915, 0.02466, 0.01872, 0.08861, 0.05068, 0.04135, 0.01212, 0.01189, 0.00604, 0.00584, 0.06104, 0.02192, 0.06066, 0.02356, 0.00241, 0.01225, 0.0286, 0.07495, 0.04174],[0.26051, 0.25409, 0.27248, 0.26772, 0.21027, 0.2854],[1, 6, 16, 12, 4, 4],49,6
2.5,37,[0.00679, 0.00302, 0.07519, 0.05628, 0.05228, 0.00226, 0.02757, 0.02593, 0.03742, 0.00197, 0.08264, 0.05813, 0.04017, 0.01081, 0.00676, 0.04143, 0.00064, 0.04456, 0.01707, 0.00644, 0.06149, 0.01368, 0.06508, 0.0697, 0.00092, 0.0162, 0.07867, 0.04829],[0.20505, 0.2327, 0.24519, 0.26262],[5, 7, 4, 8],28,4
2.5,38,[0.00236, 0.0088, 0.00174, 0.08626, 0.00531, 0.0141, 0.05475, 0.00291, 0.00593, 0.0178, 0.09988, 0.02356, 0.00241, 0.01225, 0.0286, 0.07495, 0.04174, 0.02642, 0.00992, 0.01661, 0.04772, 0.05539, 0.03251, 0.00555, 0.05836, 0.00299, 0.0214, 0.03906, 0.0499, 0.00094, 0.00175, 0.03326, 0.00959, 0.0251, 0.00155, 0.02007, 0.0103, 0.05057, 0.09682, 0.05724, 0.06349, 0.00129, 0.01194, 0.02821, 0.01454, 0.00182],[0.27343, 0.31992, 0.21422, 0.20799],[11, 6, 12, 12],46,4
2.5,39,[0.00304, 0.04551, 0.0547, 0.02805, 0.06581, 0.08138, 0.0526, 0.01457, 0.02339, 0.07808, 0.01355, 0.07456, 0.00911, 0.07344, 0.03619, 0.03233, 0.03145, 0.00168, 0.02052, 0.02335, 0.01847, 0.00204, 0.06642, 0.07738, 0.07654, 0.06949, 0.00891, 0.02153, 0.00239, 0.07495, 0.00127, 0.04416],[0.26907, 0.30054],[14, 12],32,2
2.5,40,[0.00767, 0.00079, 0.02086, 0.07466, 0.04815, 0.0072, 0.08423, 0.06349, 0.02613, 0.00094, 0.00134, 0.08298, 0.08638, 0.03993, 0.01943, 0.01246, 0.05089, 0.07445, 0.02974, 0.02019, 0.01278, 0.06333, 0.03516, 0.08564, 0.02918, 0.02045, 0.03615, 0.01711, 0.0423, 0.04811, 0.00361, 0.09363, 0.09015, 0.02008, 0.0718, 0.03047, 0.01153, 0.07962, 0.03619, 0.03233, 0.03145, 0.00168, 0.02052, 0.02335],[0.25325, 0.24743, 0.21688, 0.29374, 0.27677],[4, 4, 6, 13, 11],44,5
2.5,41,[0.00159, 0.05008, 0.03933, 0.04259, 0.02837, 0.00094, 0.00175, 0.03326, 0.00959, 0.0251, 0.00155, 0.02007, 0.0103, 0.05057, 0.09682, 0.05724, 0.06349, 0.02642, 0.00992, 0.01661, 0.04772, 0.05539, 0.03251, 0.00555, 0.05836, 0.00299, 0.0214, 0.03906, 0.0499, 0.00891, 0.02153, 0.00239, 0.07495, 0.00127, 0.04416, 0.05711, 0.00199, 0.02388, 0.00224, 0.05, 0.00688, 0.03295],[0.23543, 0.21422, 0.26658],[5, 12, 12],42,3
2.5,42,[0.00131, 0.03275, 0.06111, 0.01752, 0.01395, 0.00218, 0.00219, 0.00462, 0.07015, 0.04135, 0.01212, 0.01189, 0.00604, 0.00584, 0.06104, 0.02192, 0.06066, 0.02356, 0.00241, 0.01225, 0.0286, 0.07495, 0.04174, 0.06423, 0.01102, 0.08047, 0.0048, 0.00268, 0.01383, 0.09555, 0.02642, 0.00992, 0.01661, 0.04772, 0.05539, 0.03251, 0.00555, 0.05836, 0.00299, 0.0214, 0.03906, 0.0499, 0.00094, 0.00175, 0.03326, 0.00959, 0.0251, 0.00155, 0.02007, 0.0103, 0.05057, 0.09682, 0.05724],[0.20601, 0.21027, 0.2854, 0.31992, 0.21422],[9, 4, 4, 13, 12],53,5
2.5,43,[0.02335, 0.00707, 0.03163, 0.04135, 0.01212, 0.01189, 0.00604, 0.00584, 0.06104, 0.02192, 0.06066, 0.02356, 0.00241, 0.01225, 0.0286, 0.07495, 0.04174, 0.06423, 0.01102, 0.08047, 0.0048, 0.00268, 0.01383, 0.09555, 0.02642, 0.00992, 0.01661, 0.04772, 0.05539, 0.03251, 0.00555, 0.05836, 0.00299, 0.0214, 0.03906, 0.0499, 0.00094, 0.00175, 0.03326, 0.00959, 0.0251, 0.00155, 0.02007, 0.0103, 0.05057, 0.09682, 0.05724, 0.06349, 0.00129, 0.01194, 0.02821],[0.23562, 0.21027, 0.2854, 0.31992, 0.21422, 0.20799],[3, 4, 4, 13, 12, 12],51,6
2.5,44,[0.02062, 0.00079, 0.00863, 0.02038, 0.03595, 0.04573, 0.08693, 0.02642, 0.00992, 0.01661, 0.04772, 0.05539, 0.03251, 0.00555, 0.05836, 0.00299, 0.0214, 0.03906, 0.0499, 0.00094, 0.00175, 0.03326, 0.00959, 0.0251, 0.00155, 0.02007, 0.0103, 0.05057, 0.09682, 0.05724, 0.06349, 0.05692, 0.00279, 0.01509],[0.24608, 0.21422, 0.21638],[7, 12, 13],34,3
2.5,45,[0.00135, 0.02556, 0.02448, 0.00651, 0.0497, 0.01695, 0.03703, 0.03121, 0.01809, 0.00248, 0.02613, 0.00094, 0.00134, 0.08298, 0.08638, 0.03993, 0.01943, 0.01246, 0.05089, 0.02974, 0.02019, 0.01278, 0.06333, 0.03516, 0.02918, 0.02045],[0.24232, 0.21688],[10, 6],26,2
2.5,46,[0.01123, 0.02571, 0.00162, 0.03126, 0.04121, 0.0013, 0.01178, 0.0117, 0.02531, 0.00405, 0.00691, 0.05002, 0.06596, 0.07131, 0.07085, 0.08146, 0.00328, 0.01037, 0.01931, 0.02214, 0.01049, 0.01108, 0.06384, 0.01287, 0.00358, 0.01435, 0.00473, 0.02626, 0.00966, 0.00656, 0.05614, 0.00785, 0.01059, 0.0915, 0.02466, 0.01872, 0.08861, 0.05068, 0.04135, 0.01212, 0.01189, 0.00604, 0.00584, 0.06104, 0.02192, 0.06066, 0.02356, 0.00241, 0.01225, 0.0286, 0.07495, 0.04174],[0.2106, 0.25409, 0.27248, 0.26772, 0.21027, 0.2854],[4, 6, 16, 12, 4, 4],52,6
2.5,47,[0.03237, 0.04248, 0.02745, 0.03459, 0.09829, 0.00988, 0.07774, 0.00774, 0.00798, 0.03622, 0.07078, 0.0466, 0.00504, 0.00226, 0.02757, 0.02593, 0.03742, 0.00197, 0.08264, 0.05813, 0.00764, 0.00875, 0.02107, 0.06333, 0.09363, 0.00353, 0.05997, 0.02037],[0.25598, 0.24357],[13, 7],28,2
2.5,48,[0.03145, 0.03985, 0.03405, 0.02131, 0.03666, 0.05211, 0.002, 0.00731, 0.0786, 0.02359, 0.02874, 0.01437, 0.09221, 0.02793, 0.02574],[0.20752],[9],15,1
2.5,49,[0.00272, 0.00535, 0.00129, 0.01143, 0.03449, 0.04646, 0.00146, 0.00458, 0.05519, 0.0145, 0.09053, 0.01587, 0.02642, 0.00992, 0.01661, 0.04772, 0.05539, 0.03251, 0.00555, 0.05836, 0.00299, 0.0214, 0.03906, 0.0499, 0.00094, 0.00175, 0.03326, 0.00959, 0.0251, 0.00155, 0.02007, 0.0103, 0.05057, 0.09682, 0.05724, 0.06349, 0.00129, 0.01194, 0.02821, 0.01454, 0.00182, 0.08505, 0.06265, 0.07982, 0.02729, 0.07562, 0.05741, 0.00461, 0.05983, 0.00569, 0.00303, 0.00664, 0.01744],[0.27602, 0.21422, 0.20799, 0.23602],[12, 12, 12, 17],53,4
2.5,50,[0.04467, 0.01205, 0.00181, 0.07132, 0.00712, 0.04121, 0.0013, 0.01178, 0.0117, 0.02531, 0.00405, 0.00691, 0.05002, 0.06596, 0.07131, 0.07085, 0.08146, 0.00328, 0.01037, 0.01931, 0.02214, 0.01049, 0.01108, 0.06384, 0.01287, 0.00358, 0.01435, 0.00473, 0.02626, 0.00966, 0.00656, 0.05614, 0.00785, 0.01059, 0.0915, 0.02466, 0.01872, 0.08861, 0.05068, 0.04135, 0.01212, 0.01189, 0.00604, 0.00584, 0.06104, 0.02192, 0.06066, 0.02356, 0.00241, 0.01225, 0.0286, 0.07495, 0.04174],[0.25829, 0.25409, 0.27248, 0.26772, 0.21027, 0.2854],[5, 6, 16, 12, 4, 4],53,6
2.5,51,[0.01848, 0.01507, 0.03255, 0.03472, 0.066, 0.02419, 0.00272, 0.07201, 0.00094, 0.00175, 0.03326, 0.00959, 0.0251, 0.00155, 0.02007, 0.0103, 0.05057, 0.09682, 0.05724, 0.06349, 0.00129, 0.01194, 0.02821, 0.01454, 0.00182, 0.08505, 0.06265, 0.07982, 0.02729, 0.07562, 0.05741, 0.00461, 0.05983, 0.00569, 0.00303, 0.00664, 0.01744, 0.0093, 0.00752, 0.03294, 0.01802, 0.05437, 0.07867, 0.08423, 0.01117, 0.0024, 0.04716, 0.08114, 0.0639, 0.00613],[0.22757, 0.20799, 0.23602],[8, 12, 17],50,3
2.5,52,[0.05825, 0.07275, 0.07121, 0.09959, 0.04144, 0.00195, 0.04177, 0.02613, 0.00094, 0.00134, 0.08298, 0.08638, 0.03993, 0.01943, 0.01246, 0.05089, 0.07445, 0.02974, 0.02019, 0.01278, 0.06333, 0.03516, 0.08564, 0.02918, 0.02045, 0.03615, 0.01711, 0.0423, 0.04811, 0.00361, 0.09363, 0.09015, 0.02008, 0.0718, 0.03047, 0.01153, 0.07962, 0.03619, 0.03233, 0.03145, 0.00168, 0.02052, 0.02335, 0.01847, 0.00204],[0.25617, 0.21688, 0.29374, 0.27677],[7, 6, 13, 11],45,4
2.5,53,[0.04255, 0.05513, 0.04407, 0.07182, 0.08416, 0.01073, 0.00865, 0.04135, 0.01212, 0.01189, 0.00604, 0.00584, 0.06104, 0.02192, 0.06066, 0.02356, 0.00241, 0.01225, 0.0286, 0.07495, 0.04174, 0.06423, 0.01102, 0.08047, 0.0048, 0.00268, 0.01383, 0.09555, 0.02642, 0.00992, 0.01661, 0.04772, 0.05539, 0.03251, 0.00555],[0.27426, 0.21027, 0.2854, 0.31992],[7, 4, 4, 13],35,4
2.5,54,[0.01399, 0.01821, 0.09818, 0.01032, 0.08679, 0.00233, 0.00709, 0.04087, 0.01697, 0.06435, 0.04877, 0.06784, 0.0136, 0.02613, 0.00094, 0.00134, 0.08298, 0.08638, 0.03993, 0.01943],[0.25078, 0.21688],[13, 6],20,2
2.5,55,[0.01999, 0.0218, 0.02801, 0.04384, 0.08591, 0.05772, 0.04121, 0.0013, 0.01178, 0.0117, 0.02531, 0.00405, 0.00691, 0.05002, 0.06596, 0.07085, 0.08146, 0.00328, 0.01037, 0.01931, 0.02214, 0.01049, 0.01108, 0.06384, 0.01287, 0.00358, 0.01435, 0.00473, 0.02626, 0.00966, 0.00656, 0.05614, 0.00785, 0.01059, 0.0915, 0.02466, 0.01872, 0.08861, 0.05068, 0.04135, 0.01212, 0.01189, 0.00604, 0.00584, 0.06104, 0.02192, 0.06066, 0.02356, 0.00241, 0.01225, 0.0286, 0.07495, 0.04174],[0.24956, 0.25409, 0.27248, 0.26772, 0.21027, 0.2854],[6, 6, 15, 12, 4, 4],53,6
2.5,56,[0.03568, 0.01901, 0.01711, 0.05046, 0.0404, 0.0351, 0.08319, 0.05299, 0.02372, 0.01911],[],[],10,0
2.5,57,[0.00041, 0.0006, 0.02485, 0.02818, 0.01432, 0.01347, 0.06006, 0.00207, 0.05655, 0.00214, 0.06959, 0.00656, 0.01551],[],[],13,0
2.5,58,[0.02489, 0.03003, 0.02395, 0.06641, 0.00328, 0.05643, 0.08593, 0.04135, 0.01212, 0.01189, 0.00604, 0.02642, 0.00992, 0.01661, 0.04772, 0.05539, 0.03251, 0.00555, 0.05836, 0.00299, 0.0214, 0.03906, 0.0499, 0.00094, 0.00175, 0.03326, 0.00959, 0.0251, 0.00155, 0.02007, 0.0103, 0.05057, 0.09682, 0.05724, 0.06349, 0.00129, 0.01194, 0.02821, 0.01454, 0.00182, 0.08505, 0.06265, 0.07982, 0.02729, 0.07562, 0.05741, 0.00461, 0.05983, 0.00569, 0.00303, 0.00664, 0.01744, 0.0093],[0.2351, 0.36587, 0.21422, 0.20799, 0.23602],[7, 4, 12, 12, 17],53,5
2.5,59,[0.02359, 0.01784, 0.04793, 0.01545, 0.09751, 0.00861, 0.00185, 0.00556, 0.05988, 0.04492, 0.00064, 0.04456, 0.01707, 0.00644, 0.06149, 0.01368, 0.06508, 0.0697, 0.05169, 0.02032, 0.00771, 0.00092, 0.0162, 0.07867, 0.04829, 0.04156, 0.07083, 0.03159, 0.01329, 0.05135, 0.0155, 0.07579, 0.00831, 0.07811, 0.04524, 0.00598],[0.23742, 0.26262, 0.23757],[10, 11, 14],36,3
2.5,60,[0.05478, 0.00153, 0.01461, 0.00891, 0.02153, 0.00239, 0.07495, 0.00127, 0.04416, 0.05711, 0.00199, 0.02388, 0.00224, 0.05, 0.00688, 0.03295, 0.02642, 0.00992, 0.01661, 0.04772, 0.05539, 0.03251, 0.00555, 0.05836, 0.00299, 0.0214, 0.03906, 0.0499, 0.00094, 0.00175, 0.03326, 0.00959, 0.0251, 0.00155, 0.02007, 0.0103, 0.05057, 0.09682, 0.05724, 0.06349, 0.00129, 0.01194, 0.02821, 0.01454, 0.00182, 0.08505, 0.06265, 0.07982, 0.02729, 0.07562, 0.05741, 0.00461, 0.05983, 0.00569, 0.00303, 0.00664, 0.01744, 0.0093, 0.00752, 0.03294, 0.01802],[0.20853, 0.26658, 0.21422, 0.20799, 0.23602],[3, 13, 12, 12, 17],61,5
2.5,61,[0.00822, 0.00033, 0.04543, 0.02077, 0.00651, 0.06554, 0.07263, 0.00198, 0.06094, 0.02356, 0.00241, 0.01225, 0.0286, 0.07495, 0.04174, 0.02642, 0.00992, 0.01661, 0.04772, 0.05539, 0.03251, 0.00555, 0.05836, 0.00299, 0.0214, 0.03906, 0.0499, 0.00094, 0.00175, 0.03326, 0.00959, 0.0251, 0.00155, 0.02007, 0.0103, 0.05057, 0.09682, 0.05724, 0.06349, 0.00129, 0.01194, 0.02821, 0.01454, 0.00182, 0.08505, 0.06265, 0.07982, 0.02729, 0.07562, 0.05741, 0.00461, 0.05983, 0.00569, 0.00303, 0.00664, 0.01744, 0.0093, 0.00752, 0.03294, 0.01802, 0.05437, 0.07867, 0.08423],[0.22354, 0.31992, 0.21422, 0.20799, 0.23602],[9, 6, 12, 12, 17],63,5
2.5,62,[0.00089, 0.02586, 0.00388, 0.01743, 0.00478, 0.00641, 0.0524, 0.06127, 0.0655, 0.00489, 0.00691, 0.05002, 0.06596, 0.07131, 0.07085, 0.08146, 0.00328, 0.01037, 0.01931, 0.02214, 0.01049, 0.01108, 0.06384, 0.01287, 0.00358, 0.01435, 0.04121, 0.0013, 0.01178, 0.0117, 0.02531, 0.00405, 0.02642, 0.00992, 0.01661, 0.04772, 0.05539, 0.03251, 0.00555, 0.05836, 0.00299, 0.0214, 0.03906, 0.0499, 0.00094, 0.00175, 0.03326, 0.00959, 0.0251, 0.00155, 0.02007, 0.0103, 0.05057],[0.23267, 0.25409, 0.36175, 0.21422],[10, 16, 6, 12],53,4
2.5,63,[0.00776, 0.00683, 0.00643, 0.03894, 0.00413, 0.02149, 0.01347, 0.04832, 0.03721, 0.06866, 0.01021, 0.0211],[],[],12,0
2.5,64,[0.0033, 0.00086, 0.00102, 0.00455, 0.00528, 0.01952, 0.01495, 0.00111, 0.01016, 0.01488, 0.05226, 0.00804, 0.00891, 0.02153, 0.00239, 0.07495, 0.00127, 0.04416, 0.05711, 0.00199, 0.02388, 0.00224, 0.05, 0.00688, 0.03295, 0.02642, 0.00992, 0.01661, 0.04772, 0.05539, 0.03251, 0.00555, 0.05836, 0.00299, 0.0214, 0.03906, 0.0499, 0.00094, 0.00175, 0.03326, 0.00959, 0.0251, 0.00155, 0.02007, 0.0103, 0.05057, 0.09682, 0.05724, 0.06349, 0.00129, 0.01194, 0.02821, 0.01454, 0.00182, 0.08505, 0.06265, 0.07982, 0.02729, 0.07562, 0.05741, 0.00461, 0.05983, 0.00569, 0.00303],[0.2415, 0.25321, 0.26658, 0.21422, 0.20799],[7, 5, 13, 12, 12],64,5
2.5,65,[0.00059, 0.04563, 0.02581, 0.07135, 0.09307, 0.01693, 0.09998, 0.00194, 0.05231, 0.01745, 0.01759, 0.00471, 0.00226, 0.02757, 0.02593, 0.03742, 0.00197, 0.08264, 0.05813, 0.04017, 0.01081, 0.00676, 0.04143, 0.00064, 0.04456, 0.01707, 0.00644, 0.06149, 0.01368, 0.06508, 0.0697, 0.00092, 0.0162, 0.07867, 0.04829],[0.20615, 0.2327, 0.24519, 0.26262],[12, 7, 4, 8],35,4
2.5,66,[0.03146, 0.0351, 0.00127, 0.04394, 0.07091, 0.03437, 0.00217, 0.00467, 0.0905, 0.04135, 0.01212, 0.01189, 0.00604, 0.02642, 0.00992, 0.01661, 0.04772, 0.05539, 0.03251, 0.00555, 0.05836, 0.00299, 0.0214, 0.03906, 0.0499, 0.00094, 0.00175, 0.03326, 0.00959, 0.0251, 0.00155, 0.02007, 0.0103, 0.05057, 0.09682, 0.05724, 0.06349, 0.00129, 0.01194, 0.02821, 0.01454, 0.00182, 0.08505, 0.06265, 0.07982, 0.02729, 0.07562, 0.05741, 0.00461, 0.05983, 0.00569, 0.00303, 0.00664, 0.01744, 0.0093, 0.00752],[0.24005, 0.36587, 0.21422, 0.20799, 0.23602],[9, 4, 12, 12, 17],56,5
2.5,67,[0.00107, 0.01841, 0.03496, 0.05123, 0.00139, 0.00169, 0.05477, 0.02204, 0.02397, 0.0788, 0.06931, 0.01172, 0.00242, 0.07787, 0.02642, 0.00992, 0.01661, 0.04772, 0.05539, 0.03251, 0.00555, 0.05836, 0.00299, 0.0214, 0.03906, 0.0499, 0.00094, 0.00175, 0.03326],[0.25562, 0.21422],[14, 12],29,2
2.5,68,[0.01975, 0.01207, 0.01812, 0.0669, 0.011, 0.05294, 0.07967, 0.0093, 0.00752, 0.03294, 0.01802, 0.05437, 0.07867, 0.08423, 0.01117, 0.0024, 0.04716, 0.08114, 0.0639, 0.00613, 0.07791, 0.02613, 0.00094, 0.00134, 0.08298, 0.08638, 0.03993, 0.01943, 0.01246, 0.05089, 0.07445, 0.02974, 0.02019, 0.01278, 0.06333, 0.03516, 0.08564, 0.02918, 0.02045, 0.03615, 0.01711, 0.0423, 0.04811, 0.00361, 0.09363, 0.09015, 0.02008, 0.0718, 0.03047, 0.01153, 0.07962, 0.03619],[0.20166, 0.33165, 0.21688, 0.29374, 0.27677],[7, 14, 6, 13, 11],52,5
2.5,69,[0.0033, 0.05889, 0.08479, 0.00421, 0.04013, 0.01831, 0.0264, 0.09509, 0.08015, 0.01996, 0.0093, 0.00752, 0.03294, 0.01802, 0.05437, 0.07867, 0.08423, 0.01117, 0.0024, 0.04716, 0.08114, 0.0639, 0.00613, 0.07791, 0.00129, 0.01194, 0.02821, 0.01454, 0.00182, 0.08505, 0.06265, 0.07982, 0.02729, 0.07562, 0.05741, 0.00461, 0.05983, 0.00569, 0.00303, 0.00664, 0.01744, 0.00094, 0.00175, 0.03326, 0.00959, 0.0251],[0.27679, 0.23602, 0.20799],[10, 14, 17],46,3
2.5,70,[0.00016, 0.00446, 0.01928, 0.00183, 0.04536, 0.01919, 0.0757, 0.03434, 0.00279, 0.04135, 0.01212, 0.01189, 0.00604, 0.00584, 0.06104, 0.02192, 0.06066, 0.02356, 0.00241, 0.01225, 0.0286, 0.07495, 0.04174, 0.06423, 0.01102, 0.08047, 0.0048, 0.00268, 0.01383, 0.09555, 0.02642, 0.00992, 0.01661, 0.04772],[0.20182, 0.21027, 0.2854, 0.31992],[9, 4, 4, 13],34,4
2.5,71,[0.02535, 0.02333, 0.05257, 0.06716, 0.0033, 0.00162, 0.02372, 0.00182, 0.01758, 0.04929, 0.00751, 0.00853, 0.00557, 0.01817, 0.01988, 0.00136, 0.04887, 0.00704, 0.07445, 0.07296, 0.02243, 0.07492, 0.00219, 0.01558, 0.00234],[0.2005, 0.21706, 0.23185],[10, 2, 13],25,3
2.5,72,[0.00075, 0.03668, 0.00631, 0.00145, 0.02319, 0.04827, 0.00168, 0.02351, 0.00187, 0.06708, 0.01054, 0.05108, 0.00971, 0.02613, 0.00094, 0.00134, 0.08298, 0.08638, 0.03993, 0.0093, 0.00752, 0.03294, 0.01802, 0.05437, 0.07867, 0.08423, 0.01117, 0.0024, 0.04716, 0.08114, 0.0639],[0.22859, 0.33165],[13, 6],31,2
2.5,73,[0.08545, 0.07891, 0.05507, 0.05259, 0.08148, 0.07461, 0.02642, 0.00992, 0.01661, 0.04772, 0.05539, 0.03251, 0.00555, 0.05836, 0.00299, 0.0214, 0.03906, 0.0499, 0.00094, 0.00175, 0.03326, 0.00959, 0.0251, 0.00155, 0.02007, 0.0103, 0.05057, 0.09682, 0.05724, 0.06349, 0.00129, 0.01194, 0.02821, 0.01454, 0.00182, 0.08505, 0.06265, 0.07982, 0.02729, 0.07562, 0.05741, 0.00461, 0.05983, 0.00569, 0.00303, 0.00664, 0.01744, 0.0093, 0.00752, 0.03294, 0.01802, 0.05437, 0.07867, 0.08423, 0.01117, 0.0024],[0.24061, 0.21422, 0.20799, 0.23602],[6, 12, 12, 17],56,4
2.5,74,[0.01817, 0.05829, 0.02034, 0.02493, 0.01162, 0.06394, 0.04183],[],[],7,0
2.5,75,[0.01243, 0.06352, 0.00841, 0.06237, 0.00384, 0.00444, 0.00111, 0.01016, 0.01488, 0.05226, 0.00804, 0.00891, 0.02153, 0.00239, 0.07495, 0.00127, 0.04416, 0.05711, 0.00199, 0.02388, 0.00224, 0.05, 0.00688, 0.03295, 0.02642, 0.00992, 0.01661, 0.04772, 0.05539, 0.03251, 0.00555, 0.05836, 0.00299, 0.0214, 0.03906, 0.0499, 0.00094, 0.00175, 0.03326, 0.00959, 0.0251, 0.00155, 0.02007, 0.0103, 0.05057, 0.09682, 0.05724, 0.06349, 0.00129, 0.01194, 0.02821, 0.01454, 0.00182],[0.21485, 0.25321, 0.26658, 0.21422, 0.20799],[6, 5, 13, 12, 12],53,5
2.5,76,[0.00061, 0.00985, 0.06131, 0.0709, 0.06781, 0.04315, 0.02933, 0.01275, 0.08693, 0.01084, 0.06899, 0.04135, 0.01212, 0.01189, 0.00604, 0.00584, 0.06104, 0.02192, 0.06066, 0.02356, 0.00241, 0.01225, 0.0286, 0.07495, 0.04174, 0.06423, 0.01102, 0.08047, 0.0048, 0.00268, 0.01383, 0.09555, 0.02642, 0.00992, 0.01661, 0.04772, 0.05539, 0.03251, 0.00555, 0.05836, 0.00299, 0.0214, 0.03906, 0.0499, 0.00094, 0.00175, 0.03326, 0.00959, 0.0251, 0.00155, 0.02007, 0.0103, 0.05057, 0.09682, 0.05724, 0.06349, 0.00129, 0.01194, 0.02821],[0.27197, 0.21027, 0.2854, 0.31992, 0.21422, 0.20799],[11, 4, 4, 13, 12, 12],59,6
2.5,77,[0.01057, 0.08706, 0.09286, 0.09173, 0.00229, 0.00778, 0.08234, 0.06058, 0.04017, 0.01081, 0.00676, 0.04143, 0.00064, 0.04456, 0.01707, 0.00644, 0.06149, 0.01368, 0.06508, 0.0697, 0.00092, 0.0162, 0.07867, 0.04829, 0.04156, 0.07083, 0.03159, 0.01329, 0.05135, 0.0155, 0.07579, 0.00831, 0.07811, 0.04524, 0.00598, 0.0241, 0.00109, 0.02923],[0.26372, 0.24519, 0.26262, 0.23757],[8, 4, 8, 14],38,4
2.5,78,[0.0032, 0.00229, 0.0282, 0.00358, 0.06116, 0.0435, 0.0129, 0.00161, 0.02987, 0.00096, 0.00211, 0.09221, 0.07851, 0.07695, 0.06776, 0.01368, 0.00356, 0.00381, 0.06858, 0.0955, 0.02356, 0.00241, 0.01225, 0.0286, 0.07495, 0.04174, 0.02642, 0.00992, 0.01661, 0.04772, 0.05539],[0.21072, 0.30706, 0.31992],[9, 11, 6],31,3
2.5,79,[0.0056, 0.0185, 0.06206, 0.00403, 0.09665, 0.00882, 0.04715, 0.00891, 0.02153, 0.00239, 0.07495, 0.00127, 0.04416, 0.05711, 0.00199, 0.02388, 0.00224, 0.05, 0.00688, 0.03295, 0.02642, 0.00992, 0.01661, 0.04772, 0.05539, 0.03251, 0.00555, 0.05836, 0.00299, 0.0214, 0.03906, 0.0499, 0.00094, 0.00175, 0.03326, 0.00959, 0.0251, 0.00155, 0.02007, 0.0103],[0.20806, 0.26658, 0.21422],[7, 13, 12],40,3
2.5,80,[0.02007, 0.0256, 0.03173, 0.02683, 0.07682, 0.02642, 0.00992, 0.01661, 0.04772, 0.05539, 0.03251, 0.00555, 0.05836, 0.00299, 0.0214, 0.03906, 0.0499, 0.00094, 0.00175, 0.03326, 0.00959, 0.0251, 0.00155, 0.02007, 0.0103, 0.05057, 0.09682, 0.05724, 0.06349, 0.00129, 0.01194, 0.02821, 0.01454, 0.00182, 0.08505, 0.06265, 0.07982, 0.02729, 0.07562, 0.05741, 0.00461, 0.05983, 0.00569, 0.00303, 0.00664, 0.01744, 0.0093, 0.00752, 0.03294, 0.01802, 0.05437, 0.07867, 0.08423, 0.01117, 0.0024],[0.25373, 0.21422, 0.20799, 0.23602],[5, 12, 12, 17],55,4
2.5,81,[0.06501, 0.0034, 0.05458, 0.02357, 0.08175, 0.06281, 0.06093, 0.03979, 0.06386, 0.02044, 0.0119, 0.00691, 0.05002, 0.06596, 0.07131, 0.07085, 0.08146, 0.00328, 0.01037, 0.01931, 0.02214, 0.01049, 0.01108, 0.06384, 0.01287, 0.00358, 0.01435, 0.04121, 0.0013, 0.01178, 0.0117, 0.02531, 0.00405, 0.02642, 0.00992, 0.01661, 0.04772, 0.05539, 0.03251, 0.00555, 0.05836, 0.00299, 0.0214, 0.03906, 0.0499, 0.00094, 0.00175, 0.03326, 0.00959, 0.0251, 0.00155, 0.02007, 0.0103, 0.05057],[0.21747, 0.25409, 0.36175, 0.21422],[11, 16, 6, 12],54,4
2.5,82,[0.01344, 0.00688, 0.00116, 0.04775, 0.00618, 0.04736, 0.00889, 0.09544, 0.06656, 0.02356, 0.00241, 0.01225, 0.0286, 0.07495, 0.04174, 0.02642, 0.00992, 0.01661, 0.04772, 0.05539, 0.03251, 0.00555, 0.05836, 0.00299, 0.0214, 0.03906, 0.0499, 0.00094, 0.00175, 0.03326, 0.00959, 0.0251, 0.00155, 0.02007, 0.0103, 0.05057, 0.09682, 0.05724, 0.06349, 0.00129, 0.01194, 0.02821, 0.01454, 0.00182, 0.08505, 0.06265, 0.07982, 0.02729, 0.07562, 0.05741, 0.00461, 0.05983, 0.00569, 0.00303, 0.00664, 0.01744, 0.0093, 0.00752, 0.03294, 0.01802, 0.05437, 0.07867],[0.20181, 0.31992, 0.21422, 0.20799, 0.23602],[9, 6, 12, 12, 17],62,5
2.5,83,[0.04005, 0.00175, 0.00201, 0.0093, 0.00752, 0.03294, 0.01802, 0.05437, 0.07867, 0.08423, 0.01117, 0.0024, 0.04716, 0.08114, 0.0639, 0.00613, 0.07791, 0.02613, 0.00094, 0.00134, 0.08298, 0.08638, 0.03993, 0.01943, 0.01246, 0.05089, 0.07445, 0.02974, 0.02019, 0.01278, 0.06333, 0.03516, 0.08564, 0.02918, 0.02045, 0.03615, 0.01711, 0.0423, 0.04811, 0.00361, 0.09363, 0.09015, 0.02008, 0.0718, 0.03047, 0.01153, 0.07962, 0.03619],[0.21539, 0.33165, 0.21688, 0.29374, 0.27677],[3, 14, 6, 13, 11],48,5
2.5,84,[0.01215, 0.01648, 0.00176, 0.00182, 0.01095, 0.08651, 0.00751, 0.00853, 0.01711, 0.0423, 0.04811, 0.00361, 0.09363, 0.09015, 0.02008, 0.0718, 0.03047, 0.01153, 0.07962, 0.00788, 0.04555, 0.06329, 0.02237, 0.01731, 0.01365],[0.20779, 0.24777, 0.22314],[6, 2, 11],25,3
2.5,85,[0.05565, 0.08252, 0.05754, 0.06397, 0.05918, 0.02328, 0.01299, 0.01805, 0.00111, 0.01016, 0.01488, 0.05226, 0.00804, 0.00093, 0.04081, 0.0136, 0.00323, 0.04606, 0.07259, 0.07777, 0.04135, 0.01212, 0.01189, 0.00604, 0.0129, 0.00217, 0.08969, 0.00234, 0.03992, 0.08018, 0.06452],[0.24804, 0.21656, 0.30869],[8, 5, 7],31,3
2.5,86,[0.02212, 0.00364, 0.00126, 0.09013, 0.03385, 0.06908, 0.08734, 0.08645, 0.01245, 0.02642, 0.00992, 0.01661, 0.04772, 0.05539, 0.03251, 0.00555, 0.05836, 0.00299, 0.0214, 0.03906, 0.0499, 0.00094, 0.00175, 0.03326, 0.00959, 0.0251, 0.00155, 0.02007, 0.0103, 0.05057, 0.09682, 0.05724, 0.06349, 0.00129, 0.01194, 0.02821, 0.01454, 0.00182, 0.08505, 0.06265, 0.07982, 0.02729, 0.07562, 0.05741, 0.00461, 0.05983, 0.00569, 0.00303],[0.23278, 0.21422, 0.20799],[9, 12, 12],48,3
2.5,87,[0.01519, 0.03201, 0.03671, 0.0611, 0.08708, 0.04163, 0.08518, 0.00294, 0.06617, 0.01529, 0.03114, 0.0906, 0.02913, 0.02046, 0.00691, 0.05002, 0.06596, 0.07131, 0.07085, 0.08146, 0.00328, 0.01037, 0.01931, 0.02214, 0.01049, 0.01108, 0.06384, 0.01287, 0.00358, 0.01435, 0.04121, 0.0013, 0.01178, 0.0117, 0.02531, 0.00405, 0.02642, 0.00992, 0.01661, 0.04772, 0.05539, 0.03251, 0.00555, 0.05836, 0.00299, 0.0214, 0.03906, 0.0499, 0.00094, 0.00175, 0.03326, 0.00959, 0.0251],[0.2653, 0.25409, 0.36175, 0.21422],[14, 16, 6, 12],53,4
2.5,88,[0.08075, 0.00276, 0.02006, 0.08604, 0.01134, 0.00096, 0.00211, 0.09221, 0.07851, 0.07695, 0.06776, 0.01368, 0.00356, 0.00381, 0.06858, 0.0955, 0.00501, 0.00508, 0.01677, 0.04081, 0.00275, 0.00446, 0.00463],[0.22655, 0.21158],[5, 12],23,2
2.5,89,[0.00372, 0.00091, 0.02007, 0.02129, 0.03844, 0.00474, 0.04974, 0.04815, 0.0072, 0.08423, 0.06349, 0.02613, 0.00094, 0.00134, 0.08298, 0.08638, 0.03993, 0.01943, 0.01246, 0.05089, 0.07445, 0.02974, 0.02019, 0.01278, 0.06333, 0.03516, 0.08564, 0.02918, 0.02045, 0.03615, 0.01711, 0.0423, 0.04811, 0.00361, 0.09363, 0.09015, 0.02008, 0.0718, 0.03047, 0.01153, 0.07962, 0.03619, 0.03233, 0.03145, 0.00168, 0.02052, 0.02335],[0.2136, 0.24743, 0.21688, 0.29374, 0.27677],[7, 4, 6, 13, 11],47,5
2.5,90,[0.02262, 0.00046, 0.01548, 0.01592, 0.00226, 0.02757, 0.02593, 0.03742, 0.00197, 0.08264, 0.05813, 0.04017, 0.01081, 0.00676, 0.04143, 0.00064, 0.04456, 0.01707, 0.00644, 0.06149, 0.01368],[0.2619, 0.2327, 0.24519],[4, 7, 4],21,3
2.5,91,[0.00709, 0.01533, 0.00497, 0.0281, 0.06835, 0.00891, 0.02153, 0.00239, 0.07495, 0.00127, 0.04416, 0.05711, 0.00199, 0.02388, 0.00224, 0.05, 0.00688, 0.03295, 0.02642, 0.00992, 0.01661, 0.04772, 0.05539, 0.03251, 0.00555, 0.05836, 0.00299, 0.0214, 0.03906, 0.0499, 0.02051, 0.0499, 0.00094, 0.00175, 0.03326, 0.00959, 0.0251, 0.00155, 0.02007, 0.0103, 0.05057, 0.09682, 0.05724, 0.06349, 0.00129, 0.01194, 0.02821],[0.25142, 0.26658, 0.21422, 0.20799],[5, 13, 14, 12],47,4
2.5,92,[0.03478, 0.04507, 0.01388, 0.00891, 0.02153, 0.00239, 0.07495, 0.00127, 0.04416, 0.05711, 0.00199, 0.02388, 0.00224, 0.05, 0.00688, 0.03295, 0.02642, 0.00992, 0.01661, 0.04772, 0.05539, 0.03251, 0.00555, 0.05836, 0.00299, 0.0214, 0.03906, 0.0499, 0.00094, 0.00175, 0.03326, 0.00959, 0.0251, 0.00155, 0.02007, 0.0103, 0.05057, 0.09682, 0.05724, 0.06349, 0.00129, 0.01194, 0.02821, 0.01454, 0.00182, 0.08505, 0.06265, 0.07982, 0.02729, 0.07562, 0.05741, 0.00461, 0.05983, 0.00569, 0.00303, 0.00664, 0.01744, 0.0093, 0.00752, 0.03294, 0.01802],[0.27316, 0.26658, 0.21422, 0.20799, 0.23602],[3, 13, 12, 12, 17],61,5
2.5,93,[0.01148, 0.03544, 0.05897, 0.03, 0.04121, 0.0013, 0.01178, 0.0117, 0.02531, 0.00405, 0.00691, 0.05002, 0.06596, 0.07131, 0.07085, 0.08146, 0.00328, 0.01037, 0.01931, 0.02214, 0.01049, 0.01108, 0.06384, 0.01287, 0.00358, 0.01435, 0.00473, 0.02626, 0.00966, 0.00656, 0.05614, 0.00785, 0.01059, 0.0915, 0.02466, 0.01872, 0.08861, 0.05068, 0.04135, 0.01212, 0.01189, 0.00604, 0.00584, 0.06104, 0.02192, 0.06066, 0.02356, 0.00241, 0.01225, 0.0286, 0.07495, 0.04174],[0.23448, 0.25409, 0.27248, 0.26772, 0.21027, 0.2854],[4, 6, 16, 12, 4, 4],52,6
2.5,94,[0.00657, 0.00154, 0.00294, 0.01993, 0.01587, 0.02397, 0.00161, 0.00208, 0.01133, 0.01852, 0.04316, 0.01214, 0.00494, 0.09901, 0.03146, 0.04815, 0.0072, 0.08423, 0.06349, 0.02613, 0.00094, 0.00134, 0.08298, 0.08638, 0.03993, 0.01943, 0.01246, 0.05089, 0.07445, 0.02974, 0.02019, 0.01278, 0.06333, 0.03516, 0.08564, 0.02918, 0.02045, 0.03615, 0.01711, 0.0423, 0.04811],[0.21484, 0.24743, 0.21688, 0.29374],[15, 4, 6, 13],41,4
2.5,95,[0.00448, 0.01645, 0.00094, 0.00175, 0.03326, 0.00959, 0.0251, 0.00155, 0.02007, 0.0103, 0.05057, 0.09682, 0.05724, 0.06349, 0.02642, 0.00992, 0.01661, 0.04772, 0.05539, 0.03251, 0.00555, 0.05836, 0.00299, 0.0214, 0.03906, 0.0499, 0.00891, 0.02153, 0.00239, 0.07495, 0.00127, 0.04416, 0.05711, 0.00199, 0.02388, 0.00224, 0.05, 0.00688, 0.03295, 0.01682, 0.0113, 0.04375, 0.0548],[0.24314, 0.21422, 0.26658, 0.20262],[2, 12, 12, 13],43,4
2.5,96,[0.05861, 0.04635, 0.01129, 0.00225, 0.02788, 0.08775, 0.06793, 0.00197, 0.05373, 0.02163, 0.01136, 0.0093, 0.00752, 0.03294, 0.01802, 0.05437, 0.07867, 0.08423, 0.01117, 0.0024, 0.04716, 0.08114, 0.0639, 0.00613, 0.07791, 0.00129, 0.01194, 0.02821, 0.01454, 0.00182, 0.08505, 0.06265, 0.07982, 0.02729, 0.07562, 0.05741, 0.00461, 0.05983, 0.00569, 0.00303, 0.00664, 0.01744, 0.00094, 0.00175, 0.03326, 0.00959, 0.0251, 0.00155, 0.02007, 0.0103, 0.05057, 0.09682, 0.05724, 0.06349, 0.05692],[0.30081, 0.23602, 0.20799],[11, 14, 17],55,3
2.5,97,[0.00163, 0.00509, 0.0156, 0.05192, 0.0438, 0.0668, 0.03957, 0.08686, 0.03619, 0.03233, 0.03145, 0.00168, 0.02052, 0.02335, 0.01847, 0.00204, 0.06642, 0.07738, 0.07654, 0.06949, 0.04811, 0.00361, 0.09363, 0.02008, 0.0718, 0.03047, 0.01153, 0.07962, 0.01629, 0.07281, 0.01999, 0.00751, 0.00853, 0.01494, 0.00223, 0.01399],[0.20496, 0.27677, 0.24777],[8, 12, 11],36,3
2.5,98,[0.02777, 0.02422, 0.05764, 0.06143, 0.02946, 0.0852, 0.03619, 0.03233, 0.03145, 0.00168, 0.02052, 0.02335, 0.01847, 0.00204, 0.06642, 0.07738, 0.07654, 0.06949, 0.04811, 0.00361, 0.09363, 0.02008, 0.0718, 0.03047, 0.01153, 0.07962, 0.01629, 0.07281, 0.01999, 0.00751, 0.00853, 0.01494, 0.00223, 0.01399],[0.22131, 0.27677, 0.24777],[6, 12, 11],34,3
2.5,99,[0.01127, 0.0839, 0.04561, 0.00156, 0.02642, 0.00992, 0.01661, 0.04772, 0.05539, 0.03251, 0.00555, 0.05836, 0.00299, 0.0214, 0.03906, 0.0499, 0.00094, 0.00175, 0.03326, 0.00959, 0.0251, 0.00155, 0.02007, 0.0103, 0.05057, 0.09682, 0.05724, 0.06349, 0.00129, 0.01194, 0.02821, 0.01454, 0.00182, 0.08505, 0.06265, 0.07982, 0.02729, 0.07562, 0.05741, 0.00461, 0.05983, 0.00569, 0.00303, 0.00664, 0.01744, 0.0093, 0.00752, 0.03294, 0.01802, 0.05437, 0.07867, 0.08423, 0.01117, 0.0024],[0.28428, 0.21422, 0.20799, 0.23602],[4, 12, 12, 17],54,4
2.5,100,[0.06568, 0.05745, 0.02752, 0.08727, 0.04711, 0.06895, 0.03707, 0.01004, 0.00548, 0.01431, 0.00939, 0.04017, 0.08298, 0.06372, 0.00138, 0.00415, 0.00563, 0.01131, 0.05998, 0.0378, 0.02398, 0.08989, 0.03342, 0.01327, 0.00535, 0.0196, 0.02253, 0.01435, 0.06447, 0.00064, 0.04456, 0.01707, 0.00644, 0.06149],[0.20103, 0.20972],[8, 21],34,2
2.5,101,[0.03061, 0.00097, 0.00252, 0.08161, 0.02112, 0.02642, 0.00992, 0.01661, 0.04772, 0.05539, 0.03251, 0.00555, 0.05836, 0.00299, 0.0214, 0.03906, 0.0499, 0.00094, 0.00175, 0.03326, 0.00959, 0.0251, 0.00155, 0.02007, 0.0103, 0.05057, 0.05724, 0.06349, 0.00129, 0.01194, 0.02821, 0.01454, 0.00182, 0.08505, 0.06265, 0.07982, 0.02729, 0.07562, 0.05741, 0.00461, 0.05983, 0.00569, 0.00303, 0.00664, 0.01744, 0.0093, 0.00752, 0.03294, 0.01802, 0.05437, 0.07867, 0.08423, 0.01117, 0.0024, 0.04716],[0.28563, 0.21422, 0.20799, 0.23602],[5, 12, 11, 17],55,4
2.5,102,[0.00555, 0.05602, 0.03431, 0.06101, 0.08067, 0.02544, 0.00213, 0.08197, 0.07015, 0.04135, 0.01212, 0.01189, 0.00604, 0.00584, 0.06104, 0.02192, 0.06066, 0.02356, 0.00241, 0.01225, 0.0286, 0.07495, 0.04174, 0.06423, 0.01102, 0.08047, 0.0048, 0.00268, 0.01383, 0.09555, 0.02642, 0.00992, 0.01661, 0.04772, 0.05539, 0.03251, 0.00555, 0.05836, 0.00299, 0.0214, 0.03906, 0.0499, 0.00094, 0.00175, 0.03326, 0.00959, 0.0251, 0.00155, 0.02007, 0.0103, 0.05057, 0.09682, 0.05724, 0.06349, 0.00129, 0.01194, 0.02821],[0.27899, 0.21027, 0.2854, 0.31992, 0.21422, 0.20799],[9, 4, 4, 13, 12, 12],57,6
2.5,103,[0.00676, 0.0039, 0.0071, 0.0094, 0.00162, 0.00341, 0.05374, 0.00194, 0.0859, 0.08471, 0.07839, 0.00248, 0.01281, 0.02642, 0.00992, 0.01661, 0.04772, 0.05539, 0.03251, 0.00555, 0.05836, 0.00299, 0.0214, 0.03906, 0.0499, 0.00094, 0.00175, 0.03326, 0.00959, 0.0251, 0.00155, 0.02007, 0.0103, 0.05057, 0.09682, 0.05724, 0.06349, 0.00129, 0.01194, 0.02821, 0.01454, 0.00182, 0.08505, 0.06265, 0.07982, 0.02729, 0.07562, 0.05741, 0.00461, 0.05983, 0.00569, 0.00303, 0.00664],[0.27407, 0.21422, 0.20799],[13, 12, 12],53,3
2.5,104,[0.06977, 0.04707, 0.04151, 0.02356, 0.00241, 0.01225, 0.0286, 0.07495, 0.04174, 0.02642, 0.00992, 0.01661, 0.04772, 0.05539, 0.03251, 0.00555, 0.05836, 0.00299, 0.0214, 0.03906, 0.0499, 0.00094, 0.00175, 0.03326, 0.00959, 0.0251, 0.00155, 0.02007, 0.0103, 0.05057, 0.09682, 0.05724, 0.06349, 0.00129, 0.01194, 0.02821, 0.01454, 0.00182, 0.08505, 0.06265, 0.07982, 0.02729, 0.07562, 0.05741, 0.00461, 0.05983, 0.00569],[0.20517, 0.31992, 0.21422, 0.20799],[3, 6, 12, 12],47,4
2.5,105,[0.01284, 0.01021, 0.00387, 0.03139, 0.05584, 0.03464, 0.05856, 0.05366, 0.00111, 0.01016, 0.01488, 0.05226, 0.00804, 0.00093, 0.04081, 0.0136, 0.00323, 0.04606, 0.07259, 0.07777, 0.04135, 0.01212, 0.01189, 0.00604, 0.0129, 0.00217, 0.08969, 0.00234, 0.03992, 0.06452, 0.01498],[0.20191, 0.21656, 0.30869],[8, 5, 7],31,3
2.5,106,[0.02277, 0.03451, 0.01792, 0.03121, 0.07531, 0.0048, 0.03852, 0.08109, 0.02326, 0.02354, 0.00379, 0.01077, 0.01647, 0.01232, 0.00749, 0.01029, 0.02709, 0.01644, 0.03046, 0.00064, 0.04456, 0.01707, 0.00644, 0.06149, 0.01368, 0.06508, 0.0697, 0.05169, 0.02032, 0.00771, 0.00092, 0.0162, 0.07867, 0.04829, 0.04156, 0.07083, 0.03159, 0.01329, 0.05135, 0.0155, 0.07579, 0.00831, 0.07811, 0.04524, 0.00598],[0.21115, 0.26262, 0.23757],[19, 11, 14],45,3
2.5,107,[0.0472, 0.04453, 0.00639, 0.0571, 0.00147, 0.00165, 0.07845, 0.08847, 0.04135, 0.01212, 0.01189, 0.00604, 0.02642, 0.00992, 0.01661, 0.04772, 0.05539, 0.03251, 0.00555, 0.05836, 0.00299, 0.0214, 0.03906, 0.0499, 0.00094, 0.00175, 0.03326, 0.00959, 0.0251, 0.00155, 0.02007, 0.0103, 0.05057, 0.09682, 0.05724, 0.06349, 0.00129, 0.01194, 0.02821, 0.01454, 0.00182, 0.08505, 0.06265, 0.07982, 0.02729, 0.07562, 0.05741, 0.00461, 0.05983, 0.00569, 0.00303],[0.26132, 0.36587, 0.21422, 0.20799],[8, 4, 12, 12],51,4
2.5,108,[0.05436, 0.00258, 0.06776, 0.01517, 0.00691, 0.05002, 0.06596, 0.07131, 0.07085, 0.08146, 0.00328, 0.01037, 0.01931, 0.02214, 0.01049, 0.01108, 0.06384, 0.01287, 0.00358, 0.01435, 0.00473, 0.02626, 0.00966, 0.00656, 0.05614, 0.00785, 0.01059, 0.0915, 0.02466, 0.01872, 0.08861, 0.05068, 0.04135, 0.01212, 0.01189, 0.00604, 0.00584, 0.06104, 0.02192, 0.06066, 0.02356, 0.00241, 0.01225, 0.0286, 0.07495, 0.04174],[0.23021, 0.27248, 0.26772, 0.21027, 0.2854],[4, 16, 12, 4, 4],46,5
2.5,109,[0.02767, 0.07859, 0.01821, 0.05332, 0.06508, 0.04815, 0.0451, 0.01966, 0.01019, 0.06372, 0.08638, 0.00293, 0.00323, 0.04532, 0.05061, 0.00226, 0.02757, 0.02593, 0.03742, 0.00197, 0.08264, 0.05813, 0.01081, 0.00676, 0.04143, 0.0399, 0.0062, 0.01897, 0.09845],[0.20496, 0.20698, 0.28672, 0.2327],[2, 6, 7, 7],29,4
2.5,110,[0.00434, 0.00604, 0.03115, 0.06626, 0.00766, 0.00812, 0.02613, 0.00094, 0.00134, 0.08298, 0.08638, 0.03993, 0.01943, 0.01246, 0.05089, 0.07445, 0.02974, 0.02019, 0.01278, 0.06333, 0.03516, 0.08564, 0.02918, 0.02045, 0.03615, 0.01711, 0.0423, 0.04811, 0.00361, 0.09363, 0.02008, 0.0718, 0.03047, 0.01153, 0.07962, 0.03619, 0.03233, 0.03145, 0.00168, 0.02052, 0.02335, 0.01847, 0.00204, 0.06642, 0.07738, 0.07654, 0.06949],[0.27171, 0.21688, 0.29374, 0.27677],[6, 6, 13, 10],47,4
2.5,111,[0.02294, 0.03722, 0.03462, 0.00883, 0.06088, 0.002, 0.09306, 0.07538, 0.06676, 0.00092, 0.0162, 0.07867, 0.04829, 0.04156, 0.07083, 0.03159, 0.01329, 0.05135, 0.0155, 0.07579, 0.00831, 0.07811, 0.04524, 0.00064, 0.04456, 0.01707, 0.00644],[0.28466, 0.26262],[9, 14],27,2
2.5,112,[0.00175, 0.00355, 0.0022, 0.00579, 0.04468, 0.04727, 0.073, 0.07732, 0.04363, 0.09734, 0.00227, 0.02501, 0.02594, 0.00064, 0.04456, 0.01707, 0.00644, 0.06149, 0.01368, 0.06508, 0.0697, 0.00092, 0.0162, 0.07867, 0.04829, 0.04156, 0.07083, 0.03159, 0.01329, 0.05135, 0.0155, 0.07579],[0.23361, 0.26262],[13, 8],32,2
2.5,113,[0.00515, 0.05027, 0.0043, 0.01283, 0.0093, 0.00752, 0.03294, 0.01802, 0.05437, 0.07867, 0.08423, 0.01117, 0.0024, 0.04716, 0.08114, 0.0639, 0.00613, 0.07791, 0.02613, 0.00094, 0.00134, 0.08298, 0.03993, 0.01943, 0.01246, 0.05089, 0.07445, 0.02974, 0.02019, 0.01278, 0.06333, 0.03516, 0.08564, 0.02918, 0.02045, 0.03615, 0.01711, 0.0423, 0.04811, 0.00361, 0.09363, 0.09015, 0.02008, 0.0718, 0.03047, 0.01153, 0.07962, 0.03619, 0.03233],[0.2908, 0.33165, 0.21688, 0.29374, 0.27677],[4, 14, 5, 13, 11],49,5
2.5,114,[0.0033, 0.01022, 0.00773, 0.02686, 0.03601, 0.02639, 0.00324, 0.0715, 0.01107, 0.00891, 0.02153, 0.00239, 0.07495, 0.00127, 0.04416, 0.05711, 0.00199, 0.02388, 0.00224, 0.05, 0.00688, 0.03295, 0.02642, 0.00992, 0.01661],[0.25259, 0.26658],[9, 13],25,2
2.5,115,[0.00927, 0.00118, 0.08766, 0.02089, 0.00769, 0.09527, 0.00096, 0.00211, 0.09221, 0.07851, 0.07695, 0.06776, 0.01368, 0.00356, 0.00381, 0.06858, 0.0955, 0.00501, 0.00508, 0.01677, 0.04081, 0.00275, 0.00446, 0.00463],[0.21976, 0.21158],[6, 12],24,2
2.5,116,[0.00059, 0.03724, 0.00397, 0.00775, 0.05402, 0.08907, 0.0473, 0.00094, 0.00175, 0.03326, 0.00959, 0.0251, 0.00155, 0.02007, 0.0103, 0.05057, 0.09682, 0.05724, 0.06349, 0.02642, 0.00992, 0.01661, 0.04772, 0.05539, 0.03251, 0.00555, 0.05836, 0.00299, 0.0214, 0.03906, 0.0499, 0.00891, 0.02153, 0.00239, 0.07495, 0.00127, 0.04416, 0.05711, 0.00199, 0.02388, 0.00224, 0.05, 0.00688, 0.03295, 0.01682, 0.0113, 0.04375, 0.0548],[0.21693, 0.21422, 0.26658, 0.20262],[7, 12, 12, 13],48,4
2.5,117,[0.02097, 0.03427, 0.03992, 0.07957, 0.03543, 0.04885, 0.0097, 0.09825, 0.02714, 0.03289, 0.00064, 0.04456, 0.01707, 0.00644, 0.06149, 0.01368, 0.06508, 0.0697, 0.05169, 0.02032, 0.00771, 0.00092, 0.0162, 0.07867, 0.04829, 0.04156, 0.07083, 0.03159, 0.01329, 0.05135, 0.0155, 0.07579, 0.00831, 0.07811, 0.04524, 0.00598],[0.21945, 0.26262, 0.23757],[10, 11, 14],36,3
2.5,118,[0.00229, 0.00117, 0.00751, 0.00451, 0.03619, 0.03233, 0.03145, 0.00168, 0.02052, 0.02335, 0.01847, 0.00204, 0.06642, 0.07738, 0.07654, 0.06949, 0.01711, 0.0423, 0.04811, 0.00361, 0.09363, 0.09015, 0.02008, 0.0718, 0.03047, 0.01153, 0.07962, 0.00751, 0.00853, 0.00557, 0.01817, 0.01988, 0.00136, 0.04887, 0.00704, 0.07445, 0.07296, 0.02243],[0.20083, 0.27677, 0.24777, 0.21706],[4, 12, 11, 2],38,4
2.5,119,[0.00055, 0.04363, 0.0555, 0.05492, 0.00891, 0.02153, 0.00239, 0.07495, 0.00127, 0.04416, 0.05711, 0.00199, 0.02388, 0.00224, 0.05, 0.00688, 0.03295, 0.02642, 0.00992, 0.01661, 0.04772, 0.05539, 0.03251, 0.00555, 0.05836, 0.00299, 0.0214, 0.03906, 0.0499, 0.00094, 0.00175, 0.03326, 0.00959, 0.0251, 0.00155, 0.02007, 0.0103, 0.05057, 0.09682, 0.05724, 0.06349, 0.00129, 0.01194, 0.02821, 0.01454, 0.00182, 0.08505, 0.06265, 0.07982, 0.02729, 0.07562, 0.05741, 0.00461, 0.05983, 0.00569, 0.00303, 0.00664, 0.01744, 0.0093, 0.00752, 0.03294, 0.01802],[0.20123, 0.26658, 0.21422, 0.20799, 0.23602],[4, 13, 12, 12, 17],62,5
2.5,120,[0.00562, 0.0007, 0.02874, 0.01377, 0.07656, 0.08805, 0.01009, 0.08184, 0.02819, 0.07382, 0.04135, 0.01212, 0.01189, 0.00604, 0.02642, 0.00992, 0.01661, 0.04772, 0.05539, 0.03251, 0.00555, 0.05836, 0.00299, 0.0214, 0.03906, 0.0499, 0.00094, 0.00175, 0.03326, 0.00959, 0.0251, 0.00155, 0.02007, 0.0103, 0.05057, 0.09682, 0.05724, 0.06349, 0.00129, 0.01194],[0.2306, 0.36587, 0.21422, 0.20799],[10, 4, 12, 12],40,4
2.5,121,[0.009, 0.01398, 0.00082, 0.00195, 0.05206, 0.08146, 0.00407, 0.00468, 0.07351, 0.02015, 0.00094, 0.00175, 0.03326, 0.00959, 0.0251, 0.00155, 0.02007, 0.0103, 0.05057, 0.09682, 0.05724, 0.06349, 0.02642, 0.00992, 0.01661, 0.04772, 0.05539, 0.03251, 0.00555, 0.05836, 0.00299, 0.0214, 0.03906, 0.0499, 0.00891, 0.02153, 0.00239, 0.07495, 0.00127, 0.04416, 0.05711, 0.00199, 0.02388, 0.00224, 0.05, 0.00688, 0.03295, 0.01682, 0.0113, 0.04375],[0.20148, 0.34598, 0.21422, 0.26658, 0.20262],[2, 8, 12, 12, 13],50,5
2.5,122,[0.02114, 0.00404, 0.01234, 0.00229, 0.0468, 0.06142, 0.07547, 0.05896, 0.06973, 0.02657, 0.0734, 0.01662, 0.01317, 0.02613, 0.00094, 0.00134, 0.08298, 0.08638, 0.03993, 0.01943, 0.01246, 0.05089, 0.07445, 0.02974, 0.02019, 0.01278, 0.06333, 0.03516, 0.08564, 0.02918, 0.02045, 0.03615, 0.01711, 0.0423],[0.21532, 0.21688, 0.29374],[13, 6, 13],34,3
2.5,123,[0.01284, 0.01021, 0.00387, 0.03139, 0.05584, 0.03464, 0.05856, 0.05366, 0.00111, 0.01016, 0.01488, 0.05226, 0.00804, 0.00093, 0.04081, 0.0136, 0.00323, 0.04606, 0.07259, 0.07777, 0.04135, 0.01212, 0.01189, 0.00604, 0.0129, 0.00217, 0.08969, 0.00234, 0.03992, 0.06452, 0.01498],[0.20191, 0.21656, 0.30869],[8, 5, 7],31,3
2.5,124,[0.02932, 0.00693, 0.06729, 0.05173, 0.0856, 0.09255, 0.00615, 0.02468, 0.06315, 0.06357, 0.00762, 0.00519, 0.03388, 0.03218, 0.06215, 0.01821, 0.03818, 0.02703, 0.06149, 0.01742, 0.06349, 0.01976, 0.09412, 0.00092, 0.0162, 0.07867, 0.04829, 0.04156, 0.07083, 0.03159, 0.01329, 0.05135, 0.0155, 0.07579, 0.00831, 0.07811, 0.04524, 0.00598, 0.0241, 0.00109, 0.02923],[0.21743, 0.20841, 0.23757],[15, 8, 14],41,3
2.5,125,[0.02062, 0.0138, 0.04581, 0.0083, 0.00604, 0.01731, 0.01252, 0.07338, 0.02824],[],[],9,0
2.5,126,[0.00298, 0.05498, 0.04819, 0.0925, 0.00782, 0.01711, 0.0423, 0.04811, 0.00361, 0.09363, 0.09015, 0.02008, 0.0718, 0.03047, 0.01153, 0.07962, 0.03619, 0.03233, 0.03145, 0.00168, 0.02052, 0.02335, 0.01847, 0.00204, 0.06642, 0.07738, 0.07654, 0.06949, 0.00891, 0.02153, 0.00239, 0.07495, 0.00127, 0.04416, 0.05711, 0.00199, 0.02388, 0.00224, 0.05, 0.00688, 0.03295, 0.02642, 0.00992, 0.01661, 0.04772, 0.05539, 0.03251, 0.00555, 0.05836, 0.00299, 0.0214],[0.27804, 0.27677, 0.30054, 0.26658],[5, 11, 12, 13],51,4
2.5,127,[0.02246, 0.03822, 0.05878, 0.05469, 0.05065, 0.08328, 0.00968, 0.00201, 0.03619, 0.03233, 0.03145, 0.00168, 0.02052, 0.02335, 0.01847, 0.00204, 0.06642, 0.07738, 0.07654, 0.06949, 0.00891, 0.02153, 0.00239, 0.07495, 0.00127, 0.04416, 0.05711, 0.00199, 0.02388, 0.00224, 0.05, 0.00688, 0.03295, 0.02642, 0.00992, 0.01661, 0.04772, 0.05539, 0.03251, 0.00555, 0.05836, 0.00299, 0.0214],[0.29903, 0.30054, 0.26658],[8, 12, 13],43,3
2.5,128,[0.045, 0.03471, 0.04226, 0.00336, 0.07946, 0.00416, 0.03882, 0.0023, 0.07411, 0.06898, 0.01711, 0.0423, 0.04811, 0.00361, 0.09363, 0.09015, 0.02008, 0.0718, 0.03047, 0.01153, 0.07962, 0.00788, 0.04555, 0.02237, 0.01731, 0.01365],[0.26298, 0.22314],[10, 11],26,2
2.5,129,[0.01664, 0.00122, 0.0547, 0.009, 0.01755, 0.07004, 0.02621, 0.02334, 0.03054, 0.01408, 0.09496],[],[],11,0
2.5,130,[0.00406, 0.00713, 0.0125, 0.03412, 0.06455, 0.02599, 0.04121, 0.0013, 0.01178, 0.0117, 0.02531, 0.00405, 0.00691, 0.05002, 0.06596, 0.07131, 0.08146, 0.00328, 0.01037, 0.01931, 0.02214, 0.01049, 0.01108, 0.06384, 0.01287, 0.00358, 0.01435, 0.00473, 0.02626, 0.00966, 0.00656, 0.05614, 0.00785, 0.01059, 0.0915, 0.02466, 0.01872, 0.08861, 0.05068, 0.04135],[0.22307, 0.25409, 0.27248, 0.26772],[6, 6, 15, 12],40,4
2.5,131,[0.01347, 0.00336, 0.08392, 0.03787, 0.00481, 0.08342, 0.07851, 0.00366, 0.04826, 0.00419, 0.07283, 0.00245, 0.00251, 0.05128, 0.04121, 0.0013, 0.01178, 0.0117, 0.02531, 0.00405, 0.007, 0.03721, 0.03865, 0.01828, 0.03459, 0.00094, 0.00175, 0.03326, 0.00959, 0.0251, 0.00155, 0.02007, 0.0103, 0.05057, 0.09682],[0.2175, 0.20953, 0.39276],[14, 6, 5],35,3
2.5,132,[0.03062, 0.01339, 0.09867, 0.00752, 0.02736, 0.04121, 0.0013, 0.01178, 0.0117, 0.02531, 0.00405, 0.00691, 0.05002, 0.06596, 0.07131, 0.07085, 0.08146, 0.00328, 0.01037, 0.01931, 0.02214, 0.01049, 0.01108, 0.06384, 0.01287, 0.00358, 0.01435, 0.00473, 0.02626, 0.00966, 0.00656, 0.05614, 0.00785, 0.01059, 0.0915, 0.02466, 0.01872, 0.08861, 0.05068, 0.04135, 0.01212, 0.01189, 0.00604, 0.00584, 0.06104, 0.02192],[0.20406, 0.25409, 0.27248, 0.26772, 0.21027],[5, 6, 16, 12, 4],46,5
2.5,133,[0.00489, 0.00694, 0.0014, 0.02918, 0.05218, 0.09839, 0.04386, 0.00276, 0.02613, 0.00094, 0.00134, 0.08298, 0.08638, 0.03993, 0.01943, 0.01246, 0.05089, 0.07445, 0.02974, 0.02019, 0.01278, 0.06333, 0.03516, 0.08564, 0.02918, 0.02045, 0.03615, 0.00309, 0.01711, 0.0423, 0.04811, 0.00361, 0.09363, 0.09015, 0.02008, 0.0718, 0.03047, 0.01153, 0.07962, 0.03619, 0.03233, 0.03145, 0.00168, 0.02052, 0.02335, 0.01847, 0.00204, 0.06642, 0.07738],[0.20591, 0.21688, 0.29374, 0.27677],[8, 6, 14, 11],49,4
2.5,134,[0.00018, 0.03515, 0.01901, 0.02265, 0.05938, 0.01346, 0.00194, 0.07858, 0.0746, 0.03526, 0.03358, 0.02642, 0.00992, 0.01661, 0.04772, 0.05539, 0.03251, 0.00555, 0.05836, 0.00299, 0.0214, 0.03906, 0.0499, 0.00094, 0.00175, 0.03326, 0.00959, 0.0251, 0.00155, 0.02007, 0.0103, 0.05057, 0.09682, 0.05724, 0.06349, 0.00129],[0.2499, 0.21422, 0.20799],[11, 12, 12],36,3
2.5,135,[0.01197, 0.00438, 0.00738, 0.00752, 0.06821, 0.05503, 0.08496, 0.02763, 0.00473, 0.06355, 0.05699, 0.03884, 0.00094, 0.00175, 0.03326, 0.00959, 0.0251, 0.00155, 0.02007, 0.0103, 0.05057, 0.09682, 0.05724, 0.06349, 0.05692, 0.02642, 0.00992, 0.01661, 0.04772, 0.05539, 0.03251, 0.00555, 0.05836, 0.00299],[0.20626, 0.21422],[12, 13],34,2
2.5,136,[0.00553, 0.02513, 0.00293, 0.03816, 0.00246, 0.05637, 0.01621, 0.05467, 0.08771, 0.00263, 0.02138, 0.0172, 0.02642, 0.00992, 0.01661, 0.04772, 0.05539, 0.03251, 0.00555, 0.05836, 0.00299, 0.0214, 0.03906, 0.0499, 0.00094, 0.00175, 0.03326, 0.00959, 0.0251, 0.00155, 0.02007, 0.0103, 0.05057, 0.09682, 0.05724, 0.06349, 0.00129, 0.01194, 0.02821, 0.01454, 0.00182, 0.08505, 0.06265, 0.07982, 0.02729, 0.07562, 0.05741, 0.00461, 0.05983, 0.00569, 0.00303, 0.00664, 0.01744, 0.0093],[0.20696, 0.21422, 0.20799, 0.23602],[12, 12, 12, 17],54,4
2.5,137,[0.00931, 0.00237, 0.02971, 0.02693, 0.00478, 0.03055, 0.01227, 0.04017, 0.01081, 0.00676, 0.04143, 0.00064, 0.04456, 0.01707, 0.00644, 0.06149, 0.01368, 0.06508, 0.0697, 0.00092, 0.0162, 0.07867, 0.04829, 0.04156, 0.07083, 0.03159, 0.01329, 0.05135],[0.21105, 0.24519, 0.26262],[7, 4, 8],28,3
2.5,138,[0.00093, 0.01165, 0.05973, 0.07184, 0.05111, 0.04026, 0.02317, 0.01017, 0.08452, 0.02026, 0.00599, 0.00094, 0.00175, 0.03326, 0.00959, 0.0251, 0.00155, 0.02007, 0.0103, 0.05057, 0.09682, 0.05724, 0.06349, 0.05692, 0.02642, 0.00992, 0.01661, 0.04772, 0.05539, 0.03251, 0.00555, 0.05836, 0.00299],[0.21235, 0.21422],[11, 13],33,2
2.5,139,[0.06415, 0.01702, 0.06111, 0.00963, 0.01436, 0.06904, 0.02917, 0.06343, 0.08607, 0.01869, 0.05114, 0.08034, 0.04135, 0.01212, 0.01189, 0.00604, 0.00584, 0.06104, 0.02192, 0.06066, 0.02356, 0.00241, 0.01225, 0.0286, 0.07495, 0.04174, 0.06423, 0.01102, 0.08047, 0.0048, 0.00268, 0.01383, 0.09555, 0.02642, 0.00992, 0.01661, 0.04772, 0.05539, 0.03251, 0.00555, 0.05836, 0.00299, 0.0214, 0.03906, 0.0499, 0.00094, 0.00175, 0.03326, 0.00959, 0.0251, 0.00155, 0.02007, 0.0103, 0.05057, 0.09682, 0.05724, 0.06349],[0.26364, 0.21027, 0.2854, 0.31992, 0.21422, 0.20799],[12, 4, 4, 13, 12, 12],57,6
2.5,140,[0.00413, 0.00913, 0.02919, 0.02169, 0.01213, 0.014, 0.03451, 0.09731, 0.00094, 0.00175, 0.03326, 0.00959, 0.0251, 0.00155, 0.02007, 0.0103, 0.05057, 0.09682, 0.05724, 0.06349, 0.02642, 0.00992, 0.01661, 0.04772, 0.05539, 0.03251, 0.00555, 0.05836, 0.00299, 0.0214, 0.03906, 0.0499, 0.00891, 0.02153, 0.00239, 0.07495, 0.00127, 0.04416, 0.05711],[0.26155, 0.21422, 0.26658],[8, 12, 12],39,3
2.5,141,[0.00105, 0.00424, 0.00163, 0.01776, 0.01771, 0.05664, 0.01031, 0.08668, 0.015, 0.01837, 0.09362, 0.03912, 0.02385],[],[],13,0
2.5,142,[0.01739, 0.04411, 0.00282, 0.04422, 0.04404, 0.02621, 0.00514, 0.00891, 0.02153, 0.00239, 0.07495, 0.00127, 0.04416, 0.05711, 0.00199, 0.02388, 0.00224, 0.05, 0.00688, 0.03295, 0.02642, 0.00992, 0.01661, 0.04772, 0.05539, 0.03251, 0.00555, 0.05836, 0.00299, 0.0214, 0.03906, 0.0499, 0.00094, 0.00175, 0.03326, 0.00959, 0.0251, 0.00155, 0.02007, 0.0103, 0.05057, 0.09682, 0.05724, 0.06349, 0.00129, 0.01194, 0.02821, 0.01454, 0.00182, 0.08505, 0.06265, 0.07982, 0.02729],[0.21828, 0.26658, 0.21422, 0.20799],[7, 13, 12, 12],53,4
2.5,143,[0.07083, 0.03179, 0.07092, 0.08988, 0.02917, 0.01987, 0.0673, 0.002, 0.06339, 0.07081, 0.00062, 0.08969, 0.05681, 0.00208, 0.03935, 0.0097, 0.01983, 0.02642, 0.00992, 0.01661, 0.04772, 0.05539, 0.03251, 0.00555, 0.05836, 0.00299, 0.0214, 0.03906, 0.0499, 0.00094, 0.00175, 0.03326, 0.00959, 0.0251, 0.00155, 0.02007, 0.0103, 0.05057, 0.09682, 0.05724],[0.21363, 0.2179, 0.28209, 0.21422],[3, 7, 7, 12],40,4
2.5,144,[0.01744, 0.02343, 0.00457, 0.01879, 0.03173, 0.09594, 0.07988, 0.05223, 0.02622, 0.03721, 0.0119, 0.00973, 0.08782, 0.01136, 0.03246, 0.01591, 0.04383, 0.00064, 0.04456, 0.01707, 0.00644, 0.06149, 0.01368, 0.06508, 0.0697, 0.05169, 0.02032, 0.00771, 0.00092, 0.0162, 0.07867, 0.04829, 0.04156, 0.07083, 0.03159, 0.01329, 0.05135, 0.0155, 0.07579, 0.00831],[0.22636, 0.26262],[17, 11],40,2
2.5,145,[0.03584, 0.01492, 0.00427, 0.09096, 0.02879, 0.03938, 0.00891, 0.02153, 0.00239, 0.07495, 0.00127, 0.04416, 0.05711, 0.00199, 0.02388, 0.00224, 0.05, 0.00688, 0.03295, 0.02642, 0.00992, 0.01661, 0.04772, 0.05539, 0.03251, 0.00555, 0.05836, 0.00299, 0.0214, 0.03906, 0.0499],[0.2421, 0.26658],[6, 13],31,2
2.5,146,[0.00028, 0.01633, 0.01306, 0.00169, 0.0318, 0.00118, 0.02173, 0.01022, 0.00982, 0.00474, 0.00711],[0.20157],[7],11,1
2.5,147,[0.00502, 0.0542, 0.05497, 0.00613, 0.02878, 0.0608, 0.09271, 0.0093, 0.00752, 0.03294, 0.01802, 0.05437, 0.07867, 0.08423, 0.01117, 0.0024, 0.04716, 0.08114, 0.0639, 0.00613, 0.07791, 0.00129, 0.01194, 0.02821, 0.01454, 0.00182, 0.08505, 0.06265, 0.07982, 0.02729, 0.07562, 0.05741, 0.00461, 0.05983, 0.00569, 0.00303, 0.00664, 0.01744, 0.00094, 0.00175, 0.03326, 0.00959, 0.0251, 0.00155, 0.02007, 0.0103, 0.05057, 0.09682, 0.05724, 0.06349, 0.05692],[0.29662, 0.23602, 0.20799],[7, 14, 17],51,3
2.5,148,[0.0091, 0.04832, 0.03353, 0.04659, 0.0023, 0.00138, 0.01395, 0.06225, 0.06808, 0.00175, 0.02912, 0.03228, 0.00092, 0.0162, 0.07867, 0.04829, 0.04156, 0.07083, 0.03159, 0.01329, 0.05135, 0.0155, 0.07579, 0.00831],[0.25293],[12],24,1
2.5,149,[0.01652, 0.01244, 0.04976, 0.04067, 0.02268, 0.01385, 0.08705, 0.02642, 0.00992, 0.01661, 0.04772, 0.05539, 0.03251, 0.00555, 0.05836, 0.00299, 0.0214, 0.03906, 0.0499, 0.00891, 0.02153, 0.00239, 0.07495, 0.00127, 0.04416, 0.05711, 0.00199, 0.02388, 0.00224, 0.05, 0.00688, 0.03295, 0.01682, 0.0113, 0.04375, 0.0548],[0.20198, 0.26658, 0.20262],[7, 12, 13],36,3
2.5,150,[0.06896, 0.08789, 0.05036, 0.06367, 0.06697, 0.08326, 0.0065, 0.00654, 0.02642, 0.00992, 0.01661, 0.04772, 0.05539, 0.03251, 0.00555, 0.05836, 0.00299, 0.0214, 0.03906, 0.0499, 0.00094, 0.00175, 0.03326, 0.00959, 0.0251, 0.00155, 0.02007, 0.0103, 0.05057, 0.09682, 0.05724, 0.06349, 0.00129, 0.01194, 0.02821, 0.01454, 0.00182, 0.08505, 0.06265, 0.07982, 0.02729, 0.07562, 0.05741, 0.00461, 0.05983, 0.00569, 0.00303, 0.00664, 0.01744, 0.0093, 0.00752, 0.03294, 0.01802, 0.05437, 0.07867, 0.08423, 0.01117, 0.0024],[0.23374, 0.21422, 0.20799, 0.23602],[8, 12, 12, 17],58,4
2.5,151,[0.01197, 0.01563, 0.01145, 0.0341, 0.0169, 0.00213, 0.01304, 0.0058, 0.04269, 0.03816, 0.00064, 0.04456, 0.01707, 0.00644, 0.06149, 0.01368, 0.06508, 0.0697, 0.00548, 0.01431, 0.00939, 0.04017, 0.08298, 0.06372, 0.00138, 0.00415, 0.00563, 0.01131, 0.05998, 0.0378, 0.02398, 0.08989, 0.03342, 0.01327, 0.00535, 0.0196, 0.02253, 0.01435, 0.06447, 0.00226, 0.02757, 0.02593, 0.03742, 0.00197, 0.08264, 0.05813, 0.00764, 0.00875],[0.33756, 0.20972, 0.25455, 0.24357],[10, 8, 21, 7],48,4
2.5,152,[0.00923, 0.00461, 0.05369, 0.02192, 0.01258, 0.0624, 0.00732, 0.04575, 0.02294, 0.01385, 0.04758, 0.0718, 0.01822, 0.00064, 0.04456, 0.01707, 0.00644, 0.06149, 0.01368, 0.06508, 0.0697, 0.00548, 0.01431, 0.00939, 0.04017, 0.08298, 0.06372, 0.00138, 0.00415, 0.00563, 0.01131, 0.05998, 0.0378, 0.02398, 0.08989, 0.03342, 0.01327, 0.00535, 0.0196, 0.02253, 0.01435, 0.06447, 0.00226, 0.02757, 0.02593, 0.03742, 0.00197],[0.21405, 0.20972, 0.25455],[13, 8, 21],47,3
2.5,153,[0.0013, 0.00676, 0.08002, 0.00434, 0.02701, 0.01711, 0.0423, 0.04811, 0.00361, 0.09363, 0.09015, 0.02008, 0.0718, 0.03047, 0.01153, 0.07962, 0.03619, 0.03233, 0.03145, 0.00168, 0.02052, 0.02335, 0.01847, 0.00204, 0.06642, 0.07738, 0.07654, 0.06949, 0.00891, 0.02153, 0.00239, 0.07495, 0.00127, 0.04416, 0.05711, 0.00199, 0.02388, 0.00224, 0.05, 0.00688, 0.03295, 0.02642, 0.00992, 0.01661, 0.04772, 0.05539, 0.03251, 0.00555, 0.05836, 0.00299, 0.0214],[0.26392, 0.27677, 0.30054, 0.26658],[5, 11, 12, 13],51,4
2.5,154,[0.02711, 0.02394, 0.00284, 0.00325, 0.00757, 0.04531, 0.00544, 0.02613, 0.00094, 0.00134, 0.08298, 0.08638, 0.03993, 0.01943, 0.01246, 0.05089, 0.07445, 0.02974, 0.02019, 0.01278, 0.06333, 0.03516, 0.08564, 0.02918, 0.02045, 0.03615, 0.01711, 0.0423, 0.04811, 0.00361, 0.09363, 0.09015, 0.02008, 0.0718, 0.03047, 0.01153, 0.07962, 0.03619, 0.03233, 0.03145, 0.00168, 0.02052, 0.02335, 0.01847, 0.00204, 0.06642, 0.07738, 0.07654],[0.25072, 0.21688, 0.29374, 0.27677],[7, 6, 13, 11],48,4
2.5,155,[0.00691, 0.08671, 0.05043, 0.00392, 0.07826, 0.07256, 0.06397, 0.04763, 0.01536, 0.02356, 0.00241, 0.01225, 0.0286, 0.07495, 0.04174, 0.00604],[0.23698, 0.22018],[9, 6],16,2
2.5,156,[0.00088, 0.06233, 0.0512, 0.00739, 0.0019, 0.02079, 0.0848, 0.06192, 0.03929, 0.00572, 0.06519, 0.06668, 0.00691, 0.05002, 0.06596, 0.07131, 0.07085, 0.08146, 0.00328, 0.01037, 0.01931, 0.02214, 0.01049, 0.01108, 0.06384, 0.01287, 0.00358, 0.01435, 0.04121, 0.0013, 0.01178, 0.0117, 0.02531, 0.00405, 0.02642, 0.00992, 0.01661, 0.04772, 0.05539, 0.03251, 0.00555, 0.05836, 0.00299, 0.0214, 0.03906, 0.0499, 0.00094, 0.00175, 0.03326, 0.00959, 0.0251, 0.00155, 0.02007, 0.0103, 0.05057],[0.21753, 0.25409, 0.36175, 0.21422],[12, 16, 6, 12],55,4
2.5,157,[0.00964, 0.01331, 0.00046, 0.03661, 0.048, 0.00701, 0.02462, 0.084, 0.03619, 0.03233, 0.03145, 0.00168, 0.02052, 0.02335, 0.01847, 0.00204, 0.06642, 0.07738, 0.07654, 0.06949, 0.00891, 0.02153, 0.00239, 0.07495, 0.00127, 0.04416, 0.05711, 0.00199, 0.02388, 0.00224, 0.05, 0.00688, 0.03295, 0.02642, 0.00992, 0.01661, 0.04772, 0.05539, 0.03251, 0.00555, 0.05836, 0.00299, 0.0214],[0.26349, 0.30054, 0.26658],[8, 12, 13],43,3
2.5,158,[0.02529, 0.0307, 0.02591, 0.01133, 0.07989, 0.05451, 0.04287, 0.03319, 0.02216, 0.00094, 0.00175, 0.03326, 0.00959, 0.0251, 0.00155, 0.02007, 0.0103, 0.05057, 0.09682, 0.05724, 0.06349, 0.02642, 0.00992, 0.01661, 0.04772, 0.05539, 0.03251, 0.00555, 0.05836, 0.00299, 0.0214, 0.03906, 0.0499, 0.00891, 0.02153, 0.00239, 0.07495],[0.29215, 0.21422, 0.26658],[9, 12, 12],37,3
2.5,159,[0.00835, 0.07157, 0.05887, 0.03001, 0.03621, 0.04815, 0.0072, 0.08423, 0.06349, 0.02613, 0.00094, 0.00134],[0.20433, 0.24743],[5, 4],12,2
2.5,160,[0.00342, 0.00563, 0.04688, 0.08902, 0.01215, 0.09554, 0.00225, 0.07872, 0.0093, 0.00752, 0.03294, 0.01802, 0.05437, 0.07867, 0.08423, 0.01117, 0.0024, 0.04716, 0.08114, 0.0639, 0.00613, 0.07791, 0.02613, 0.00094, 0.00134, 0.08298, 0.08638, 0.03993, 0.01943, 0.01246, 0.05089, 0.07445, 0.02974, 0.02019, 0.01278, 0.06333, 0.03516, 0.08564, 0.02918, 0.02045, 0.03615, 0.01711, 0.0423, 0.04811, 0.00361, 0.09363, 0.09015, 0.02008, 0.0718, 0.03047, 0.01153, 0.07962, 0.03619],[0.21181, 0.33165, 0.21688, 0.29374, 0.27677],[8, 14, 6, 13, 11],53,5
2.5,161,[0.00208, 0.03021, 0.03347, 0.00614, 0.05478, 0.02356, 0.00241, 0.01225, 0.0286, 0.07495, 0.04174, 0.02642, 0.00992, 0.01661, 0.04772, 0.05539, 0.03251, 0.00555, 0.05836, 0.00299, 0.0214, 0.03906, 0.0499, 0.00094, 0.00175, 0.03326, 0.00959, 0.0251, 0.00155, 0.02007, 0.0103, 0.05057, 0.09682, 0.05724, 0.06349, 0.00129, 0.01194, 0.02821, 0.01454, 0.00182, 0.08505, 0.06265, 0.07982, 0.02729, 0.07562, 0.05741, 0.00461, 0.05983, 0.00569, 0.00303],[0.24059, 0.31992, 0.21422, 0.20799],[5, 6, 12, 12],50,4
2.5,162,[0.03547, 0.03266, 0.00336, 0.00205, 0.01231, 0.0022, 0.0522, 0.06116, 0.07292, 0.02279, 0.0116, 0.01199, 0.00315, 0.0789, 0.00738, 0.00744, 0.00373, 0.00691, 0.05002, 0.06596, 0.07131, 0.07085, 0.08146, 0.00328, 0.01037, 0.01931, 0.02214, 0.01049, 0.01108, 0.06384, 0.01287, 0.00358, 0.01435, 0.04121, 0.0013, 0.01178, 0.0117, 0.02531, 0.00405, 0.02642, 0.00992, 0.01661, 0.04772, 0.05539, 0.03251, 0.00555, 0.05836, 0.00299, 0.0214, 0.03906, 0.0499],[0.25795, 0.25409, 0.36175, 0.21422],[17, 16, 6, 12],51,4
2.5,163,[0.00404, 0.00418, 0.00593, 0.03806, 0.04617, 0.0787, 0.01111, 0.01136, 0.01259, 0.00082, 0.00195, 0.05206, 0.08146, 0.00407, 0.00468, 0.07351, 0.02015, 0.00094, 0.00175, 0.03326, 0.00959, 0.0251, 0.00155, 0.02007, 0.0103, 0.05057, 0.09682, 0.05724, 0.06349, 0.02642, 0.00992, 0.01661, 0.04772, 0.05539, 0.03251, 0.00555, 0.05836, 0.00299, 0.0214, 0.03906, 0.0499, 0.00891, 0.02153, 0.00239, 0.07495, 0.00127, 0.04416, 0.05711, 0.00199, 0.02388, 0.00224, 0.05, 0.00688, 0.03295, 0.01682, 0.0113, 0.04375],[0.24505, 0.34598, 0.21422, 0.26658, 0.20262],[9, 8, 12, 12, 13],57,5
2.5,164,[0.00917, 0.001, 0.02549, 0.02255, 0.05403, 0.00383, 0.05694, 0.0836, 0.02085, 0.02559, 0.01564, 0.04192, 0.02613, 0.00094, 0.00134, 0.08298, 0.08638, 0.03993, 0.0093, 0.00752, 0.03294, 0.01802, 0.05437, 0.07867, 0.08423, 0.01117, 0.0024, 0.04716, 0.08114, 0.0639, 0.00613, 0.07791, 0.00129, 0.01194, 0.02821, 0.01454, 0.00182, 0.08505],[0.22029, 0.33165, 0.23602],[12, 6, 14],38,3
2.5,165,[0.02872, 0.04189, 0.00146, 0.01285, 0.00771, 0.00212, 0.00214, 0.08973, 0.00261, 0.02613, 0.00094, 0.00134, 0.08298, 0.08638, 0.03993, 0.01943, 0.01246, 0.05089, 0.07445, 0.02974, 0.02019, 0.01278, 0.06333, 0.03516, 0.08564, 0.02918, 0.02045, 0.03615, 0.01711, 0.0423, 0.04811, 0.00361, 0.09363, 0.09015, 0.02008, 0.0718, 0.03047, 0.01153, 0.07962, 0.03619, 0.03233, 0.03145, 0.00168, 0.02052],[0.25641, 0.21688, 0.29374, 0.27677],[9, 6, 13, 11],44,4
2.5,166,[0.00397, 0.02591, 0.05888, 0.01718, 0.04418, 0.07096, 0.00548, 0.01431, 0.00939, 0.04017, 0.08298, 0.06372, 0.00138, 0.00415, 0.00563, 0.01131, 0.05998, 0.0378, 0.02398, 0.08989, 0.03342, 0.01327, 0.00535, 0.0196, 0.02253, 0.01435, 0.06447, 0.00064, 0.01707, 0.00644, 0.01368, 0.06508, 0.05169, 0.02032, 0.00771, 0.00092, 0.0162, 0.07867, 0.04829, 0.04156, 0.07083],[0.20648, 0.20972, 0.26262],[6, 21, 8],41,3
2.5,167,[0.00185, 0.00393, 0.01914, 0.03265, 0.00757, 0.09892, 0.07857, 0.02356, 0.00241, 0.01225, 0.0286, 0.07495, 0.04174, 0.02642, 0.00992, 0.01661, 0.04772, 0.05539, 0.03251, 0.00555, 0.05836, 0.00299, 0.0214, 0.03906, 0.0499, 0.00094, 0.00175, 0.03326, 0.00959, 0.0251, 0.00155, 0.02007, 0.0103, 0.05057, 0.09682, 0.05724, 0.06349, 0.00129, 0.01194, 0.02821, 0.01454, 0.00182, 0.08505, 0.06265, 0.07982, 0.02729, 0.07562, 0.05741, 0.00461],[0.23427, 0.31992, 0.21422, 0.20799],[7, 6, 12, 12],49,4
2.5,168,[0.00545, 0.03856, 0.03084, 0.01619, 0.05254, 0.0237, 0.04121, 0.0013, 0.01178, 0.0117, 0.02531, 0.00405, 0.00691, 0.05002, 0.06596, 0.07131, 0.07085, 0.08146, 0.00328, 0.01037, 0.01931, 0.02214, 0.01049, 0.01108, 0.06384, 0.01287, 0.00358, 0.01435, 0.00473, 0.02626, 0.00966, 0.00656, 0.05614, 0.00785, 0.01059, 0.0915, 0.02466, 0.01872, 0.08861, 0.05068, 0.04135, 0.01212, 0.01189, 0.00604, 0.00584, 0.06104, 0.02192, 0.06066, 0.02356, 0.00241, 0.01225, 0.0286],[0.22928, 0.25409, 0.27248, 0.26772, 0.21027, 0.2854],[6, 6, 16, 12, 4, 4],52,6
2.5,169,[0.00416, 0.01006, 0.05278, 0.00122, 0.0363, 0.00738, 0.07703, 0.01443, 0.01465, 0.00759, 0.08024, 0.03218, 0.01611, 0.00094, 0.00175, 0.03326, 0.00959, 0.0251, 0.00155, 0.02007, 0.0103, 0.05057, 0.09682, 0.05724, 0.06349, 0.00129, 0.01194, 0.02821, 0.01454, 0.00182, 0.08505, 0.06265, 0.07982, 0.02729, 0.07562, 0.05741, 0.00461, 0.05983, 0.00569, 0.00303, 0.00664, 0.01744, 0.0093, 0.00752, 0.03294, 0.01802, 0.05437, 0.07867, 0.08423, 0.01117, 0.0024, 0.04716, 0.08114, 0.0639, 0.00613],[0.25093, 0.20799, 0.23602],[13, 12, 17],55,3
2.5,170,[0.02559, 0.05082, 0.08474, 0.01541, 0.00225, 0.09458, 0.00565, 0.0057, 0.02308, 0.00082, 0.00195, 0.05206, 0.08146, 0.00407, 0.00468, 0.07351, 0.02015, 0.00094, 0.00175, 0.03326, 0.00959, 0.0251, 0.00155, 0.02007, 0.0103, 0.05057, 0.05724, 0.06349, 0.02642, 0.00992, 0.01661, 0.04772, 0.05539, 0.03251, 0.00555, 0.05836, 0.00299, 0.0214, 0.03906, 0.0499, 0.00891, 0.02153, 0.00239, 0.07495, 0.00127, 0.04416, 0.05711, 0.00199, 0.02388, 0.00224, 0.05, 0.00688, 0.03295, 0.01682, 0.0113, 0.04375, 0.0548],[0.25524, 0.34598, 0.21422, 0.26658, 0.20262],[9, 8, 11, 12, 13],57,5
2.5,171,[0.02309, 0.012, 0.01347, 0.02033, 0.09639, 0.00226, 0.00956, 0.05611, 0.00082, 0.00195, 0.05206, 0.08146, 0.00407, 0.00468, 0.07351, 0.02015, 0.00094, 0.00175, 0.03326, 0.00959, 0.0251, 0.00155, 0.02007, 0.0103, 0.05057, 0.09682, 0.05724, 0.06349, 0.02642, 0.00992, 0.01661, 0.04772, 0.05539, 0.03251, 0.00555, 0.05836, 0.00299, 0.0214, 0.03906, 0.0499, 0.00891, 0.02153, 0.00239, 0.07495, 0.00127, 0.04416, 0.05711, 0.00199, 0.02388],[0.2026, 0.34598, 0.21422, 0.26658],[8, 8, 12, 12],49,4
2.5,172,[0.0101, 0.00318, 0.01205, 0.01638, 0.0078, 0.03543, 0.02282, 0.01234, 0.01329, 0.05469, 0.04135, 0.01212, 0.01189, 0.00604, 0.00584, 0.06104, 0.02192, 0.06066, 0.02356, 0.00241, 0.01225, 0.0286, 0.07495, 0.04174, 0.06423, 0.01102, 0.08047, 0.0048, 0.00268, 0.01383, 0.09555],[0.22044, 0.21027, 0.2854, 0.31992],[10, 4, 4, 13],31,4
2.5,173,[0.01558, 0.00471, 0.02888, 0.02581, 0.01102, 0.01861, 0.01367, 0.09189, 0.05124, 0.00651, 0.07174, 0.01535, 0.04135, 0.01212, 0.01189, 0.00604, 0.00584, 0.06104, 0.02192, 0.06066, 0.02356, 0.00241, 0.01225, 0.0286, 0.07495],[0.24115, 0.21027, 0.2854],[12, 4, 4],25,3
2.5,174,[0.03278, 0.0663, 0.00179, 0.02917, 0.00262, 0.04266, 0.00822, 0.00111, 0.01016, 0.01488, 0.05226, 0.00804, 0.00891, 0.02153, 0.00239, 0.07495, 0.00127, 0.04416, 0.05711, 0.00199, 0.02388, 0.00224, 0.05, 0.00688, 0.03295, 0.02642, 0.00992],[0.21913, 0.25321, 0.26658],[7, 5, 13],27,3
2.5,175,[0.00111, 0.01016, 0.01488, 0.05226, 0.00804, 0.00891, 0.02153, 0.00239, 0.07495, 0.00127, 0.04416, 0.05711, 0.00199, 0.02388, 0.00224, 0.05, 0.00688, 0.03295, 0.02642, 0.00992, 0.01661, 0.04772, 0.05539, 0.03251, 0.00555, 0.05836, 0.00299, 0.0214, 0.03906, 0.0499, 0.00094, 0.00175, 0.03326, 0.00959, 0.0251, 0.00155, 0.02007, 0.0103, 0.05057, 0.09682, 0.05724, 0.06349, 0.00129, 0.01194, 0.02821, 0.01454, 0.00182, 0.08505, 0.06265, 0.07982, 0.02729, 0.07562, 0.05741, 0.00461, 0.05983, 0.00569, 0.00303],[0.20808, 0.25321, 0.26658, 0.21422, 0.20799],[0, 5, 13, 12, 12],57,5
2.5,176,[0.02595, 0.0269, 0.02392, 0.03708, 0.07219, 0.0021, 0.04135, 0.01212, 0.01189, 0.00604, 0.00584, 0.06104, 0.02192, 0.06066, 0.02356, 0.00241, 0.01225, 0.0286, 0.07495, 0.04174, 0.06423, 0.01102, 0.08047, 0.0048, 0.00268, 0.01383, 0.09555, 0.02642, 0.00992, 0.01661, 0.04772, 0.05539, 0.03251, 0.00555, 0.05836, 0.00299, 0.0214, 0.03906, 0.0499, 0.00094, 0.00175, 0.03326, 0.00959, 0.0251, 0.00155, 0.02007, 0.0103, 0.05057, 0.09682, 0.05724, 0.06349, 0.00129, 0.01194, 0.02821],[0.24522, 0.21027, 0.2854, 0.31992, 0.21422, 0.20799],[6, 4, 4, 13, 12, 12],54,6
2.5,177,[0.03993, 0.0411, 0.01057, 0.00094, 0.00175, 0.03326, 0.00959, 0.0251, 0.00155, 0.02007, 0.0103, 0.05057, 0.09682, 0.05724, 0.06349, 0.02642, 0.00992, 0.01661, 0.04772, 0.05539, 0.03251, 0.00555, 0.05836, 0.00299, 0.0214, 0.03906, 0.0499, 0.00891, 0.02153, 0.00239, 0.07495, 0.00127, 0.04416, 0.05711, 0.00199, 0.02388, 0.00224, 0.05, 0.00688, 0.03295, 0.01682, 0.0113, 0.04375, 0.0548],[0.23505, 0.21422, 0.26658, 0.20262],[3, 12, 12, 13],44,4
2.5,178,[0.04022, 0.0008, 0.03012, 0.03247, 0.00142, 0.01762, 0.04135, 0.01212, 0.01189, 0.00604, 0.00584, 0.06104, 0.02192, 0.06066, 0.02356, 0.00241, 0.01225, 0.0286, 0.04174, 0.06423, 0.01102, 0.0048, 0.00268, 0.01383, 0.02642, 0.00992, 0.01661, 0.04772, 0.05539, 0.03251, 0.00555, 0.05836, 0.00299, 0.0214, 0.03906, 0.0499, 0.00094, 0.00175, 0.03326, 0.00959, 0.0251, 0.00155, 0.02007, 0.0103, 0.05057, 0.09682, 0.05724, 0.06349, 0.00129],[0.20412, 0.21027, 0.2854, 0.31992, 0.21422, 0.20799],[6, 4, 4, 10, 12, 12],49,6
2.5,179,[0.00058, 0.03196, 0.07808, 0.00182, 0.01102, 0.06102, 0.007, 0.05206, 0.03721, 0.07085, 0.03865, 0.01828, 0.03459, 0.04121, 0.0013, 0.01178, 0.0117, 0.02531, 0.00405, 0.04933, 0.06106, 0.07614],[0.2112, 0.20953, 0.2173],[6, 7, 6],22,3
2.5,180,[0.00077, 0.00458, 0.01375, 0.00144, 0.05776, 0.03625, 0.06348, 0.00677, 0.01109, 0.03701, 0.00188, 0.00216, 0.03247, 0.00234, 0.03114, 0.06713, 0.01002, 0.00064, 0.04456, 0.01707, 0.00644, 0.06149, 0.01368, 0.06508, 0.0697, 0.00548, 0.01431, 0.00939, 0.04017, 0.08298, 0.06372, 0.00138, 0.00415, 0.00563, 0.01131, 0.05998, 0.0378, 0.02398, 0.08989, 0.03342, 0.01327, 0.00535, 0.0196, 0.02253, 0.01435, 0.06447, 0.00226, 0.02757, 0.02593, 0.03742, 0.00197, 0.08264, 0.05813, 0.00764, 0.00875],[0.20387, 0.20972, 0.25455, 0.24357],[17, 8, 21, 7],55,4
2.5,181,[0.01196, 0.02681, 0.06622, 0.00122, 0.03721, 0.05005, 0.0738, 0.02642, 0.00992, 0.01661, 0.04772, 0.05539, 0.03251, 0.00555, 0.05836, 0.00299, 0.0214, 0.03906, 0.0499, 0.00094, 0.00175, 0.03326, 0.00959, 0.0251, 0.00155, 0.02007, 0.0103, 0.05057, 0.09682, 0.05724, 0.06349, 0.00129, 0.01194, 0.02821, 0.01454, 0.00182, 0.08505, 0.06265, 0.07982, 0.02729, 0.07562, 0.05741, 0.00461, 0.05983, 0.00569, 0.00303, 0.00664, 0.01744, 0.0093, 0.00752, 0.03294, 0.01802, 0.05437, 0.07867, 0.08423, 0.01117, 0.0024],[0.32593, 0.21422, 0.20799, 0.23602],[7, 12, 12, 17],57,4
2.5,182,[0.00347, 0.05969, 0.0177, 0.00325, 0.04997, 0.0708, 0.06974, 0.04085, 0.02642, 0.00992, 0.01661, 0.04772, 0.05539, 0.03251, 0.00555, 0.05836, 0.00299, 0.0214, 0.03906, 0.0499, 0.00094, 0.00175, 0.03326, 0.00959, 0.0251, 0.00155, 0.02007, 0.0103, 0.05057, 0.09682, 0.05724, 0.06349, 0.00129, 0.01194, 0.02821, 0.01454, 0.00182, 0.08505, 0.06265, 0.07982, 0.02729, 0.07562, 0.05741, 0.00461, 0.05983, 0.00569, 0.00303, 0.00664, 0.01744, 0.0093, 0.00752, 0.03294, 0.01802, 0.05437, 0.07867],[0.22895, 0.21422, 0.20799, 0.23602],[8, 12, 12, 17],55,4
2.5,183,[0.00224, 0.04912, 0.06025, 0.00228, 0.00276, 0.07084, 0.04889, 0.08458, 0.09998, 0.02613, 0.00094, 0.00134, 0.08298, 0.08638, 0.03993, 0.01943, 0.01246, 0.05089, 0.07445, 0.02974, 0.02019, 0.01278, 0.06333, 0.03516, 0.08564, 0.02918, 0.02045, 0.03615, 0.00041, 0.02982, 0.00273, 0.03598, 0.08264, 0.05031, 0.02405, 0.0416, 0.06149],[0.399, 0.21688, 0.2038],[9, 6, 13],37,3
2.5,184,[0.00892, 0.06296, 0.00921, 0.0342, 0.01865, 0.02135, 0.00468, 0.0838, 0.01546, 0.04135, 0.01212, 0.01189, 0.00604, 0.00584, 0.06104, 0.02192, 0.06066, 0.02356, 0.00241, 0.01225, 0.0286, 0.07495, 0.04174, 0.06423, 0.01102, 0.08047],[0.20309, 0.21027, 0.2854],[9, 4, 4],26,3
2.5,185,[0.00203, 0.0007, 0.01077, 0.04135, 0.01212, 0.01189, 0.00604, 0.00584, 0.06104, 0.02192, 0.06066, 0.02356, 0.00241, 0.01225, 0.0286, 0.07495, 0.04174, 0.06423, 0.01102, 0.08047, 0.0048, 0.00268, 0.01383, 0.09555, 0.02642, 0.00992, 0.01661, 0.04772, 0.05539, 0.03251, 0.00555, 0.05836, 0.00299, 0.0214, 0.03906, 0.0499, 0.00094, 0.00175, 0.03326, 0.00959, 0.0251, 0.00155, 0.02007, 0.0103, 0.05057, 0.09682, 0.05724, 0.06349, 0.00129, 0.01194, 0.02821],[0.20935, 0.21027, 0.2854, 0.31992, 0.21422, 0.20799],[3, 4, 4, 13, 12, 12],51,6
2.5,186,[0.00084, 0.00916, 0.00117, 0.08292, 0.0185, 0.0299, 0.04454, 0.00287, 0.0891, 0.03751, 0.01937, 0.00294, 0.00586],[0.22147],[10],13,1
2.5,187,[0.00203, 0.03807, 0.00122, 0.02289, 0.0212, 0.07274, 0.04364, 0.03103, 0.02613, 0.00094, 0.00134, 0.08298, 0.08638, 0.03993, 0.01943, 0.01246, 0.05089, 0.07445, 0.02974, 0.02019, 0.01278, 0.06333, 0.03516, 0.08564, 0.02918, 0.02045, 0.03615, 0.01711, 0.0423, 0.04811, 0.00361, 0.09363, 0.09015, 0.02008, 0.0718, 0.03047, 0.01153, 0.07962, 0.03619, 0.03233, 0.03145, 0.00168, 0.02052],[0.23539, 0.21688, 0.29374, 0.27677],[8, 6, 13, 11],43,4
2.5,188,[0.03928, 0.00175, 0.00176, 0.0093, 0.00752, 0.03294, 0.01802, 0.05437, 0.07867, 0.08423, 0.01117, 0.0024, 0.04716, 0.08114, 0.0639, 0.00613, 0.07791, 0.02613, 0.00094, 0.00134, 0.08298, 0.08638, 0.03993, 0.01943, 0.01246, 0.05089, 0.07445, 0.02974, 0.02019, 0.01278, 0.06333, 0.03516, 0.08564, 0.02918, 0.02045, 0.03615, 0.01711, 0.0423, 0.04811, 0.00361, 0.09363, 0.09015, 0.02008, 0.0718, 0.03047, 0.01153, 0.07962, 0.03619],[0.2164, 0.33165, 0.21688, 0.29374, 0.27677],[3, 14, 6, 13, 11],48,5
2.5,189,[0.07231, 0.09326, 0.06355, 0.06942, 0.01167, 0.02369, 0.02356, 0.00241, 0.01225, 0.0286, 0.07495, 0.04174, 0.02642, 0.00992, 0.01661, 0.04772, 0.05539, 0.03251, 0.00555, 0.05836, 0.00299, 0.0214, 0.03906, 0.0499, 0.00094, 0.00175, 0.03326, 0.00959, 0.0251, 0.00155, 0.02007, 0.0103, 0.05057, 0.09682, 0.05724, 0.06349, 0.00129, 0.01194, 0.02821, 0.01454, 0.00182, 0.08505, 0.06265, 0.07982, 0.02729, 0.07562, 0.05741, 0.00461, 0.05983, 0.00569, 0.00303, 0.00664, 0.01744, 0.0093, 0.00752, 0.03294, 0.01802, 0.05437, 0.07867, 0.08423, 0.01117],[0.27444, 0.31992, 0.21422, 0.20799, 0.23602],[6, 6, 12, 12, 17],61,5
2.5,190,[0.00636, 0.06291, 0.00232, 0.01665, 0.0456, 0.06692, 0.01202, 0.02427, 0.07026, 0.01352, 0.00276, 0.09729, 0.01765, 0.00296, 0.03909, 0.00094, 0.00175, 0.03326, 0.00959, 0.0251, 0.00155, 0.02007, 0.0103, 0.05057, 0.09682, 0.05724, 0.06349, 0.00129, 0.01194, 0.02821, 0.01454, 0.00182, 0.08505, 0.06265, 0.07982, 0.02729],[0.25851, 0.20799],[15, 12],36,2
2.5,191,[0.00045, 0.03271, 0.02394, 0.02803, 0.01228, 0.00217, 0.05498, 0.00779, 0.0054, 0.06715, 0.00887, 0.00946, 0.01701, 0.06074, 0.04135, 0.01212, 0.01189, 0.00604, 0.00584, 0.06104, 0.02192, 0.06066, 0.02356, 0.00241, 0.01225, 0.0286, 0.07495, 0.04174, 0.06423, 0.01102, 0.08047, 0.0048, 0.00268, 0.01383, 0.09555, 0.02642, 0.00992, 0.01661, 0.04772, 0.05539, 0.03251],[0.25877, 0.21027, 0.2854, 0.31992],[14, 4, 4, 13],41,4
2.5,192,[0.00512, 0.00611, 0.05595, 0.00339, 0.00955, 0.00918, 0.00196, 0.06509, 0.02106, 0.05683, 0.02356, 0.00241, 0.01225, 0.0286, 0.07495, 0.04174, 0.02642, 0.00992, 0.01661, 0.04772, 0.05539, 0.03251, 0.00555, 0.05836, 0.00299, 0.0214, 0.03906, 0.0499, 0.00094, 0.00175, 0.03326, 0.00959, 0.0251, 0.00155, 0.02007],[0.3278, 0.31992, 0.21422],[10, 6, 12],35,3
2.5,193,[0.01751, 0.03544, 0.02824, 0.06002, 0.06702, 0.00891, 0.02153, 0.00239, 0.07495, 0.00127, 0.04416, 0.05711, 0.00199, 0.02388, 0.00224, 0.05, 0.00688, 0.03295, 0.02642, 0.00992, 0.01661, 0.04772, 0.05539, 0.03251, 0.00555, 0.05836, 0.00299, 0.0214, 0.03906, 0.0499, 0.02051, 0.0499, 0.00094, 0.00175, 0.03326, 0.00959, 0.0251, 0.00155, 0.02007, 0.0103],[0.23017, 0.26658, 0.21422],[5, 13, 14],40,3
2.5,194,[0.01107, 0.01322, 0.05672, 0.01178, 0.00155, 0.00984, 0.09778, 0.09375, 0.03183, 0.06596, 0.07421, 0.05034, 0.02471],[0.22269],[9],13,1
2.5,195,[0.01322, 0.01386, 0.00886, 0.01716, 0.02613, 0.00094, 0.00134, 0.08298, 0.08638, 0.03993, 0.01943, 0.01246, 0.05089, 0.07445, 0.02974, 0.02019, 0.01278, 0.06333, 0.03516, 0.08564, 0.02918, 0.02045, 0.03615, 0.01711, 0.0423, 0.04811, 0.00361, 0.09363, 0.09015, 0.02008, 0.0718, 0.03047, 0.01153, 0.07962, 0.03619, 0.03233, 0.03145, 0.00168],[0.29523, 0.21688, 0.29374, 0.27677],[4, 6, 13, 11],38,4
2.5,196,[0.01249, 0.06447, 0.02702, 0.09129, 0.02695, 0.01211, 0.01759, 0.07963, 0.00233, 0.00939, 0.03719, 0.01711, 0.0423, 0.04811, 0.00361, 0.09363, 0.09015, 0.02008, 0.0718, 0.03047, 0.01153, 0.07962, 0.03619, 0.03233, 0.03145, 0.00168, 0.02052, 0.02335, 0.01847, 0.00204, 0.06642, 0.07738, 0.07654, 0.06949, 0.00891, 0.02153],[0.24906, 0.27677, 0.30054],[11, 11, 12],36,3
2.5,197,[0.00083, 0.03368, 0.04121, 0.0013, 0.01178, 0.0117, 0.02531, 0.00405, 0.00691, 0.05002, 0.06596, 0.07131, 0.07085, 0.08146, 0.00328, 0.01037, 0.01931, 0.02214, 0.01049, 0.01108, 0.06384, 0.01287, 0.00358, 0.01435, 0.00473, 0.02626, 0.00966, 0.00656, 0.05614, 0.00785, 0.01059, 0.0915, 0.02466, 0.01872, 0.08861, 0.05068, 0.04135, 0.01212, 0.01189, 0.00604, 0.00584, 0.06104, 0.02192, 0.06066, 0.02356, 0.00241, 0.01225, 0.0286, 0.07495, 0.04174],[0.32539, 0.25409, 0.27248, 0.26772, 0.21027, 0.2854],[2, 6, 16, 12, 4, 4],50,6
2.5,198,[0.01161, 0.0146, 0.01036, 0.04333, 0.0567, 0.01958, 0.00751, 0.00853, 0.01711, 0.0423, 0.04811, 0.00361, 0.09363, 0.09015, 0.02008, 0.0718, 0.03047, 0.01153, 0.03619, 0.03233, 0.03145, 0.00168, 0.02052, 0.02335, 0.01847, 0.00204, 0.06642, 0.07738, 0.07654, 0.06949, 0.05874, 0.04575, 0.0542, 0.01342, 0.06131],[0.2183, 0.24777, 0.27677],[6, 2, 10],35,3
2.5,199,[0.00322, 0.00083, 0.05195, 0.02688, 0.00665, 0.0093, 0.00752, 0.03294, 0.01802, 0.05437, 0.07867, 0.08423, 0.01117, 0.0024, 0.04716, 0.08114, 0.0639, 0.00613, 0.07791, 0.02613, 0.00094, 0.00134, 0.08298, 0.08638, 0.03993, 0.01943, 0.01246, 0.05089, 0.07445, 0.02974, 0.02019, 0.01278, 0.06333, 0.03516, 0.08564, 0.02918, 0.02045, 0.03615, 0.01711, 0.0423, 0.04811, 0.00361, 0.09363, 0.09015, 0.02008, 0.0718, 0.03047, 0.01153, 0.07962, 0.03619],[0.20317, 0.33165, 0.21688, 0.29374, 0.27677],[5, 14, 6, 13, 11],50,5

