2.5,0,[0.00606, 0.00182, 0.01071, 0.05469, 0.01992, 0.01393, 0.03035, 0.04024, 0.00243, 0.05604, 0.01225, 0.00981, 0.06027, 0.03557, 0.01319, 0.00282, 0.05176, 0.00985, 0.00142, 0.04076, 0.01051, 0.03873, 0.06397, 0.04322, 0.01559, 0.03926, 0.09489, 0.02983, 0.00366, 0.04702, 0.03824, 0.00421, 0.00212, 0.00044, 0.00483, 0.01083, 0.01398, 0.00626, 0.0266],[0.23624, 0.24916, 0.21924],[16, 13, 4],39,3
2.5,1,[0.03562, 0.02172, 0.0089, 0.03043, 0.03816, 0.08036, 0.04478, 0.00293, 0.00323, 0.07693, 0.0017, 0.00307, 0.00892, 0.00315, 0.01887, 0.0078, 0.01349, 0.0147, 0.05154, 0.04378, 0.01072, 0.01316, 0.00821, 0.03122, 0.04008, 0.02677, 0.00478, 0.0025, 0.00559],[0.37482, 0.26604, 0.2458],[11, 5, 7],29,3
2.5,2,[0.00502, 0.04349, 0.0257, 0.00348, 0.00225, 0.00281, 0.03973, 0.01349, 0.0147, 0.05154, 0.04378, 0.01072, 0.09029, 0.01316, 0.00821, 0.00307, 0.00892, 0.00315, 0.01887, 0.0078, 0.00043, 0.06256, 0.00154, 0.02401, 0.04924, 0.00944, 0.00292, 0.01185, 0.07794, 0.02538, 0.01271, 0.03183, 0.00619, 0.02573, 0.00131, 0.00366, 0.00834, 0.01664, 0.03263, 0.00863, 0.0583, 0.00897, 0.00839, 0.07496, 0.00139, 0.06364, 0.00476, 0.01747, 0.06443, 0.00597, 0.09021, 0.06136, 0.02652, 0.09434, 0.0281, 0.006],[0.20575, 0.26604, 0.31684, 0.24842, 0.22627, 0.32525],[6, 9, 5, 12, 9, 14],56,6
2.5,3,[0.02388, 0.00787, 0.0095, 0.08808, 0.03016, 0.00454, 0.05347, 0.02516, 0.0157, 0.0025, 0.03621, 0.00125, 0.00132, 0.05845, 0.04062, 0.03604, 0.00403, 0.05639, 0.00156, 0.00172, 0.01551, 0.08802, 0.02139, 0.01196, 0.00914, 0.00072, 0.05689, 0.01886, 0.00504, 0.00634, 0.04592, 0.01924, 0.03973, 0.01349, 0.0147, 0.05154, 0.04378, 0.01072, 0.09029, 0.01316, 0.00821, 0.00307, 0.00892, 0.00315, 0.01887, 0.0078, 0.00557, 0.00043, 0.06256],[0.2339, 0.23604, 0.2286, 0.29129, 0.25091, 0.37687, 0.26604, 0.31684],[1, 7, 9, 8, 3, 4, 9, 6],49,8
2.5,4,[0.0011, 0.04493, 0.04188, 0.07014, 0.08754, 0.01791, 0.06322, 0.03083, 0.08802, 0.09364, 0.00072, 0.05689, 0.01886, 0.00504, 0.00634, 0.04592, 0.01924, 0.03973, 0.01349, 0.0147, 0.05154, 0.04378, 0.01072, 0.09029, 0.01316, 0.00821, 0.00307, 0.00892, 0.00315, 0.01887, 0.0078, 0.00557, 0.00043, 0.06256, 0.00154, 0.02401, 0.04924, 0.00944, 0.00292, 0.01185, 0.07794, 0.02538, 0.01271, 0.03183, 0.00619, 0.02573, 0.00131, 0.00366],[0.20452, 0.23624, 0.25091, 0.37687, 0.26604, 0.31684, 0.24842],[5, 5, 3, 4, 9, 6, 12],48,7
2.5,5,[0.0097, 0.00247, 0.00311, 0.0203, 0.00072, 0.05689, 0.01886, 0.00504, 0.00634, 0.04592, 0.01924, 0.03973, 0.01349, 0.0147, 0.05154, 0.04378, 0.01072, 0.09029, 0.01316, 0.00821, 0.00307, 0.00892, 0.00315, 0.01887, 0.0078, 0.00557, 0.00043, 0.06256, 0.00154, 0.02401, 0.04924, 0.00944, 0.00292, 0.01185, 0.07794, 0.02538, 0.01271, 0.03183, 0.00619, 0.02573, 0.00131, 0.00366, 0.00834, 0.01664, 0.03263, 0.00863, 0.0583, 0.01261, 0.00316, 0.046, 0.03744, 0.02786, 0.011, 0.03684],[0.20731, 0.25091, 0.37687, 0.26604, 0.31684, 0.24842],[4, 3, 4, 9, 6, 12],54,6
2.5,6,[0.00154, 0.0018, 0.00709, 0.00157, 0.00168, 0.00198, 0.04905, 0.04775, 0.00392, 0.0023, 0.00931, 0.04127, 0.01534, 0.04702, 0.03824, 0.00421, 0.00212, 0.00044, 0.00483, 0.01083, 0.01398, 0.00626, 0.0266, 0.00294, 0.01424, 0.05169, 0.05925, 0.05254, 0.08748, 0.01406, 0.05741, 0.08406, 0.06494, 0.00269, 0.00787, 0.0095, 0.08808, 0.03016, 0.00454, 0.05347, 0.02516, 0.0157, 0.0025, 0.03621, 0.00125, 0.00132, 0.05845, 0.04062, 0.03604, 0.00403, 0.04793, 0.00544, 0.04816, 0.01461, 0.0263, 0.06662, 0.03609],[0.21084, 0.26224, 0.21924, 0.25966, 0.23604],[6, 7, 4, 17, 7],57,5
2.5,7,[0.01175, 0.00999, 0.00214, 0.00914, 0.01593, 0.00197, 0.05105, 0.02905, 0.00269, 0.06615, 0.00858, 0.02357, 0.09017, 0.00956, 0.01941, 0.00855, 0.03102],[],[],17,0
2.5,8,[0.01853, 0.00142, 0.01187, 0.03472, 0.00612, 0.04667, 0.04153, 0.04913, 0.07035, 0.01426, 0.0434, 0.04736, 0.06564, 0.02744, 0.01598, 0.00852, 0.00787, 0.0095, 0.08808, 0.03016, 0.00454, 0.05347, 0.02516, 0.0157, 0.0025, 0.03621, 0.00125, 0.00132, 0.05845, 0.04062, 0.03604, 0.00403, 0.05639, 0.00156],[0.2638, 0.23604, 0.2286],[16, 7, 9],34,3
2.5,9,[0.0343, 0.00565, 0.00235, 0.08858, 0.05955, 0.00925, 0.02777, 0.04379, 0.05389, 0.05639, 0.00156, 0.00172, 0.01551, 0.08802, 0.02139, 0.01196, 0.00914, 0.0157, 0.0025, 0.03621, 0.00125, 0.00132, 0.05845, 0.04062, 0.03604, 0.00403, 0.00787, 0.0095, 0.08808, 0.03016, 0.00454, 0.05347, 0.02516, 0.00768, 0.00356, 0.01993, 0.03461, 0.00436, 0.00914, 0.03192, 0.03291, 0.00718, 0.00072, 0.05689, 0.01886, 0.00504, 0.00634],[0.26331, 0.2286, 0.23604, 0.25803, 0.33716, 0.25091],[9, 8, 9, 7, 9, 3],47,6
2.5,10,[0.04581, 0.00197, 0.03461, 0.08407, 0.02606, 0.01474, 0.00914, 0.08254, 0.06075, 0.04846, 0.03973, 0.02172, 0.0444, 0.066, 0.07626, 0.02709, 0.0546, 0.03122, 0.04008, 0.02677, 0.00478, 0.0025, 0.00559, 0.00043, 0.06256, 0.00154, 0.02401, 0.04924, 0.00944, 0.00292, 0.01185, 0.07794, 0.02538, 0.01271, 0.03183, 0.00619, 0.02573, 0.00131, 0.00366, 0.00834, 0.01664, 0.00897, 0.00839, 0.07496, 0.00139, 0.06364, 0.00476, 0.006, 0.0067, 0.06433],[0.25217, 0.20649, 0.28936, 0.24842, 0.22627, 0.32525],[10, 7, 6, 12, 6, 6],50,6
2.5,11,[0.0014, 0.03835, 0.01179, 0.01065, 0.01249, 0.04708, 0.00359, 0.07813, 0.01014, 0.03112, 0.01682, 0.00044, 0.00483, 0.01083, 0.01398, 0.00626, 0.0266, 0.00294, 0.01424, 0.05169, 0.05925, 0.05254, 0.08748, 0.01406, 0.05741, 0.08406, 0.06494, 0.00269, 0.00787, 0.0095, 0.08808, 0.03016, 0.00454, 0.05347, 0.02516, 0.0157, 0.0025, 0.03621, 0.00125, 0.00132, 0.05845, 0.04062, 0.03604, 0.00403],[0.21295, 0.25966, 0.23604],[11, 17, 7],44,3
2.5,12,[0.00323, 0.00207, 0.06074, 0.00243, 0.00262, 0.00349, 0.00149, 0.04463, 0.00632, 0.00556, 0.09624, 0.04702, 0.03824, 0.00421, 0.00212, 0.00044, 0.00483, 0.01083, 0.01398, 0.00626, 0.0266, 0.00294, 0.01424, 0.05169, 0.05925, 0.05254, 0.08748, 0.01406, 0.05741, 0.08406, 0.06494, 0.00269, 0.04962, 0.01244, 0.09612, 0.02219, 0.02988, 0.00787, 0.0095, 0.08808, 0.03016, 0.00454, 0.05347, 0.02516, 0.0157, 0.0025, 0.03621, 0.00125, 0.00132, 0.05845, 0.04062, 0.03604, 0.00403, 0.04793, 0.00544, 0.04816],[0.24961, 0.29885, 0.3154, 0.21924, 0.25966, 0.23604],[2, 3, 6, 4, 22, 7],56,6
2.5,13,[0.00439, 0.01055, 0.01198, 0.02139, 0.02132, 0.00958, 0.01233, 0.06998, 0.06074, 0.00243, 0.00262, 0.00349, 0.00149, 0.04463, 0.00632, 0.00556, 0.09624, 0.04702, 0.03824, 0.00421, 0.00212, 0.00044, 0.00483, 0.01083, 0.01398, 0.00626, 0.0266, 0.00294, 0.01424, 0.05169, 0.05925, 0.05254, 0.08748, 0.01406, 0.05741, 0.08406, 0.06494, 0.00269, 0.04962, 0.01244, 0.09612, 0.02219, 0.02988, 0.00787, 0.0095, 0.08808, 0.03016, 0.00454, 0.05347, 0.02516, 0.0157, 0.0025, 0.03621, 0.00125],[0.23925, 0.29885, 0.3154, 0.21924, 0.25966, 0.23604],[8, 3, 6, 4, 22, 7],54,6
2.5,14,[0.0015, 0.01855, 0.01965, 0.0027, 0.03932, 0.01426, 0.01813, 0.00574, 0.00393, 0.00847, 0.00958, 0.05575, 0.00247, 0.00835, 0.02148, 0.01244, 0.02201, 0.02529],[],[],18,0
2.5,15,[0.00638, 0.02565, 0.06318, 0.01767, 0.01166, 0.01673, 0.00913, 0.04475, 0.00253, 0.00349, 0.00149, 0.04463, 0.00632, 0.00556, 0.09624, 0.06074, 0.00243, 0.00262, 0.04702, 0.03824, 0.00421, 0.00212, 0.00044, 0.00483, 0.01083, 0.01398],[0.20872, 0.29885, 0.32874, 0.21924],[9, 6, 3, 4],26,4
2.5,16,[0.00285, 0.00337, 0.03038, 0.06844, 0.04856, 0.01698, 0.02549, 0.03304, 0.01679, 0.07886, 0.0877, 0.0988, 0.0847, 0.00283, 0.09274, 0.00687, 0.06074, 0.00243, 0.00262, 0.04076, 0.0031, 0.03498, 0.0247, 0.00353, 0.00349, 0.00149, 0.04463, 0.00632, 0.00556, 0.09624, 0.04702],[0.20881, 0.29885, 0.3154],[16, 8, 6],31,3
2.5,17,[0.01517, 0.05838, 0.00633, 0.08239, 0.07704, 0.01061, 0.01398, 0.00853, 0.01741, 0.02488, 0.00072, 0.05689, 0.01886, 0.00753, 0.00277, 0.05639, 0.02378, 0.0052, 0.09364, 0.0157, 0.0025, 0.03621, 0.00125, 0.00132, 0.05845, 0.04062, 0.03604, 0.00403, 0.00787, 0.0095, 0.08808, 0.03016, 0.00454, 0.05347, 0.02516, 0.00768, 0.00356, 0.01993, 0.03461, 0.00436, 0.00914, 0.03192, 0.03291, 0.00718, 0.00063, 0.02886, 0.02964, 0.01302, 0.00083],[0.20903, 0.24611, 0.25523, 0.23604, 0.25803, 0.29232, 0.22526],[10, 3, 6, 9, 7, 9, 3],49,7
2.5,18,[0.00521, 0.00836, 0.00192, 0.05794, 0.01188, 0.00238, 0.04072, 0.00243, 0.00504, 0.00634, 0.04592, 0.01924, 0.00072, 0.05689, 0.01886, 0.00753, 0.00277, 0.05639, 0.02378, 0.0052, 0.09364, 0.0157, 0.0025, 0.03621, 0.00125, 0.00132, 0.05845, 0.04062, 0.03604, 0.00403, 0.00787, 0.0095, 0.08808, 0.03016, 0.00454, 0.05347, 0.02516, 0.00768, 0.00356, 0.01993, 0.03461, 0.00436, 0.00914, 0.03192, 0.03291, 0.00718, 0.00063, 0.02886, 0.02964, 0.01302, 0.00083, 0.04564, 0.01332, 0.01544, 0.09483, 0.00705, 0.00602],[0.25819, 0.25091, 0.24611, 0.25523, 0.23604, 0.25803, 0.29232, 0.22526],[8, 4, 3, 6, 9, 7, 9, 3],57,8
2.5,19,[0.04298, 0.08044, 0.09298, 0.00307, 0.00892, 0.00315, 0.01887, 0.0078, 0.02172, 0.0444, 0.066, 0.02709, 0.0546, 0.03122, 0.04008, 0.02677, 0.00478, 0.0025, 0.00559, 0.00163, 0.02471, 0.07622, 0.02351, 0.00275, 0.02128, 0.03226, 0.05501, 0.01504, 0.02628, 0.02211, 0.0853, 0.01581],[0.23953, 0.30561, 0.20649, 0.24439, 0.25224],[3, 5, 5, 6, 3],32,5
2.5,20,[0.0053, 0.00159, 0.01653, 0.01083, 0.03857, 0.0213, 0.01365, 0.00234, 0.03889, 0.03091, 0.00307, 0.00892, 0.00315, 0.01887, 0.0078, 0.03973, 0.01349, 0.0147, 0.05154, 0.04378, 0.01072, 0.09029, 0.01316, 0.00821, 0.03122, 0.04008, 0.02677, 0.00478, 0.0025, 0.00559, 0.00043, 0.06256, 0.00154, 0.02401, 0.04924, 0.00944, 0.00292, 0.01185, 0.07794, 0.02538, 0.01271, 0.03183, 0.00619, 0.02573, 0.00131, 0.00366, 0.00834, 0.01664, 0.03263, 0.00863, 0.0583, 0.00897, 0.00839],[0.23945, 0.26604, 0.2458, 0.28936, 0.24842, 0.22627],[10, 5, 9, 6, 12, 9],53,6
2.5,21,[0.00702, 0.00792, 0.00309, 0.02379, 0.03083, 0.06336, 0.02585, 0.0021, 0.00443, 0.03518, 0.00277, 0.07848, 0.04205, 0.07213, 0.03857, 0.03973, 0.02172, 0.0444, 0.066, 0.07626, 0.02709, 0.0546, 0.03122, 0.04008, 0.02677, 0.00478, 0.0025, 0.00559, 0.00043, 0.06256, 0.00154, 0.02401, 0.04924, 0.00944, 0.00292, 0.01185, 0.07794, 0.02538, 0.01271, 0.03183, 0.00619],[0.25592, 0.20649, 0.28936, 0.24842],[15, 7, 6, 12],41,4
2.5,22,[0.00057, 0.00267, 0.04204, 0.00746, 0.00349, 0.00149, 0.04463, 0.00632, 0.00556, 0.09624, 0.06074, 0.00243, 0.00262, 0.04702, 0.03824, 0.00421, 0.00212, 0.00044, 0.00483, 0.01083, 0.01398, 0.00626, 0.0266, 0.00294, 0.01424, 0.05169, 0.05925, 0.05254, 0.08748, 0.01406, 0.05741, 0.08406, 0.06494, 0.00269, 0.04962, 0.01244, 0.09612, 0.02219, 0.02988, 0.00787, 0.0095, 0.08808, 0.03016, 0.00454, 0.05347, 0.02516, 0.0157, 0.0025, 0.03621, 0.00125, 0.00132, 0.05845, 0.04062, 0.03604, 0.00403, 0.04793, 0.00544],[0.27798, 0.29885, 0.32874, 0.21924, 0.25966, 0.23604],[4, 6, 3, 4, 22, 7],57,6
2.5,23,[0.00136, 0.001, 0.07588, 0.00586, 0.01421, 0.01163, 0.00171, 0.00179, 0.09038, 0.00307, 0.00892, 0.00315, 0.01887, 0.0078, 0.03973, 0.01349, 0.0147, 0.04378, 0.01072, 0.09029, 0.01316, 0.00821, 0.08184, 0.03029, 0.00541, 0.01961, 0.03122, 0.04008, 0.02677, 0.00478, 0.0025, 0.00559, 0.00163, 0.02471, 0.07622, 0.02351, 0.00275, 0.02128, 0.03226, 0.05501, 0.01504, 0.02628, 0.02211, 0.0853, 0.01581],[0.2485, 0.26604, 0.2458, 0.24439, 0.25224],[9, 5, 12, 6, 3],45,5
2.5,24,[0.00058, 0.00091, 0.0017, 0.00615, 0.06931, 0.07526, 0.07076, 0.0309, 0.00308, 0.00666, 0.03559, 0.00713, 0.00714, 0.01472, 0.00373, 0.01867, 0.05634, 0.02893, 0.02636, 0.01323, 0.02222, 0.02667, 0.02255, 0.02736],[],[],24,0
2.5,25,[0.00099, 0.05558, 0.02656, 0.0519, 0.07712, 0.01348, 0.03417, 0.03038, 0.05799, 0.03462, 0.03841, 0.02954, 0.04715],[0.25057],[5],13,1
2.5,26,[0.00415, 0.03548, 0.01198, 0.03436, 0.08301, 0.01129, 0.00209, 0.00437, 0.02765, 0.0864, 0.00295, 0.0355, 0.00332, 0.01683, 0.01349, 0.06074, 0.00243, 0.00262, 0.04076, 0.00349, 0.00149, 0.04463, 0.00632, 0.00556, 0.09624, 0.04702, 0.03824, 0.00421, 0.00212, 0.00044, 0.00483, 0.01083, 0.01398, 0.00626, 0.0266, 0.00294, 0.01424, 0.05169, 0.05925, 0.05254, 0.08748, 0.01406, 0.05741, 0.08406, 0.06494, 0.00269, 0.04962, 0.01244, 0.09612, 0.02219, 0.02988, 0.00787, 0.0095, 0.08808, 0.03016],[0.23041, 0.29885, 0.3154, 0.21924, 0.25966],[15, 4, 6, 4, 22],55,5
2.5,27,[0.02358, 0.00708, 0.06183, 0.01965, 0.00241, 0.00051, 0.06433, 0.02042, 0.06322, 0.00262, 0.03266, 0.04564, 0.00585, 0.01452, 0.02586, 0.02343, 0.03392, 0.05496],[0.21202, 0.22729],[5, 13],18,2
2.5,28,[0.00736, 0.02713, 0.005, 0.04361, 0.00359, 0.08813, 0.01617, 0.00184, 0.08661, 0.02364, 0.07262, 0.0028, 0.00841, 0.00593, 0.05639, 0.00156, 0.00172, 0.01551, 0.08802, 0.02139, 0.01196, 0.00914, 0.0157, 0.0025, 0.03621, 0.00125, 0.00132, 0.05845, 0.04062, 0.03604, 0.00403, 0.00044, 0.00483, 0.01083, 0.01398, 0.00626, 0.0266, 0.00294, 0.01424, 0.05169, 0.05925, 0.05254, 0.08748, 0.01406, 0.05741, 0.08406, 0.06494],[0.21698, 0.2286, 0.27603],[14, 8, 9],47,3
2.5,29,[0.0414, 0.02678, 0.0084, 0.03228, 0.04426, 0.01642, 0.05437, 0.05514, 0.06567, 0.05176, 0.00985, 0.00142, 0.04076, 0.01051, 0.03873, 0.06397, 0.04322, 0.01559, 0.03926, 0.09489, 0.02983, 0.00366, 0.04702, 0.03824, 0.00421, 0.00212],[0.32051, 0.24916],[9, 13],26,2
2.5,30,[0.00069, 0.01179, 0.01507, 0.03256, 0.04136, 0.03241, 0.01315, 0.05639, 0.00156, 0.00172, 0.01551, 0.08802, 0.02139, 0.01196, 0.00914, 0.0157, 0.0025, 0.03621, 0.00125, 0.00132, 0.05845, 0.04062, 0.03604, 0.00403, 0.00787, 0.0095, 0.08808, 0.03016, 0.00454, 0.05347, 0.02516, 0.00768, 0.00356, 0.01993, 0.03461, 0.00436, 0.00914, 0.03192, 0.03291, 0.00718, 0.00072, 0.05689, 0.01886, 0.00504, 0.00634],[0.20728, 0.2286, 0.23604, 0.25803, 0.33716, 0.25091],[7, 8, 9, 7, 9, 3],45,6
2.5,31,[0.02254, 0.00576, 0.05915, 0.00768, 0.00356, 0.01993, 0.03461, 0.00436, 0.00914, 0.03192, 0.03291, 0.00787, 0.0095, 0.08808, 0.03016, 0.00454, 0.05347, 0.02516, 0.0157, 0.0025, 0.03621, 0.00125, 0.00132, 0.05845, 0.04062, 0.03604, 0.00403, 0.05639, 0.00156, 0.00172, 0.01551, 0.08802, 0.02139, 0.01196, 0.00914, 0.09604, 0.00072, 0.05689, 0.01886, 0.00504],[0.22814, 0.25803, 0.23604, 0.2286, 0.29129, 0.25091],[3, 8, 7, 9, 9, 3],40,6
2.5,32,[0.02628, 0.01147, 0.0051, 0.04665, 0.02445, 0.00223, 0.046, 0.07226, 0.05088, 0.03973, 0.02172, 0.0444, 0.066, 0.07626, 0.02709, 0.0546, 0.03122, 0.04008, 0.02677, 0.00478, 0.0025, 0.00559, 0.00043, 0.06256, 0.00154, 0.02401, 0.04924, 0.00944, 0.00292, 0.01185, 0.07794, 0.02538, 0.01271, 0.03183, 0.00619, 0.02573, 0.00131, 0.00366, 0.00834, 0.01664, 0.00897, 0.00839, 0.07496, 0.00139, 0.06364, 0.00476, 0.006, 0.0067, 0.06433, 0.01207, 0.02853, 0.02761, 0.0122, 0.07193],[0.21097, 0.20649, 0.28936, 0.24842, 0.22627, 0.32525, 0.26436],[9, 7, 6, 12, 6, 6, 4],54,7
2.5,33,[0.00026, 0.03074, 0.02182, 0.00735, 0.06706, 0.06021, 0.00597, 0.07131, 0.01658, 0.00609, 0.01267, 0.01086, 0.03435, 0.02966, 0.01414],[0.20513],[8],15,1
2.5,34,[0.00248, 0.01243, 0.02319, 0.0304, 0.04733, 0.04905, 0.04775, 0.00392, 0.0023, 0.00931, 0.04127, 0.01534, 0.04702, 0.03824, 0.00421, 0.00212, 0.00044, 0.00483, 0.01083, 0.01398, 0.00626, 0.0266, 0.00294, 0.01424, 0.05169, 0.05925, 0.05254, 0.08748, 0.01406, 0.05741, 0.08406, 0.06494, 0.00269, 0.00787, 0.0095, 0.08808, 0.03016, 0.00454, 0.05347, 0.02516, 0.0157, 0.0025],[0.20987, 0.26224, 0.21924, 0.25966, 0.23604],[5, 7, 4, 17, 7],42,5
2.5,35,[0.02573, 0.01764, 0.00323, 0.05695, 0.00745, 0.00214, 0.01542, 0.006, 0.0067, 0.06433, 0.01207, 0.02853, 0.02761, 0.0122, 0.07193, 0.06078, 0.00972, 0.0157, 0.0025, 0.03621, 0.00125, 0.00132, 0.05845, 0.04062, 0.03604, 0.00403, 0.00787, 0.0095, 0.03016, 0.00454, 0.05347, 0.02516, 0.04441, 0.00715, 0.01437, 0.0038, 0.00406, 0.01274, 0.00434, 0.00768, 0.00356, 0.01993, 0.03461, 0.00436, 0.00914, 0.03192, 0.03291, 0.00072, 0.05689, 0.01886, 0.00567, 0.03286, 0.006, 0.00607, 0.07427, 0.04141, 0.00504],[0.26832, 0.26436, 0.23424, 0.23604, 0.25803, 0.33716, 0.25091],[7, 4, 6, 9, 13, 8, 9],57,7
2.5,36,[0.00756, 0.02973, 0.00043, 0.06256, 0.00154, 0.02401, 0.04924, 0.00944, 0.09615, 0.09188, 0.00619, 0.02573, 0.00131, 0.00366, 0.00834, 0.01664, 0.03973, 0.01349, 0.0147, 0.04378, 0.01072, 0.01316, 0.00821, 0.08184, 0.03029, 0.00541, 0.01961, 0.00307, 0.00892, 0.00315, 0.01887, 0.0078, 0.00072, 0.05689, 0.01886, 0.00504, 0.00634, 0.04592, 0.01924, 0.07496, 0.00937, 0.00262, 0.00528],[0.22986, 0.24842, 0.25808, 0.26604, 0.32441, 0.25091],[2, 8, 6, 11, 5, 3],43,6
2.5,37,[0.00429, 0.03766, 0.00728, 0.01487, 0.00521, 0.01996, 0.06729, 0.01359, 0.00228, 0.00234, 0.01306, 0.02624, 0.02234, 0.00349, 0.00149, 0.04463, 0.00632, 0.00556, 0.09624, 0.04702, 0.03824, 0.00421, 0.00212, 0.00044, 0.00483, 0.01083, 0.01398, 0.00626, 0.0266, 0.00294, 0.01424, 0.05169, 0.05925, 0.05254, 0.08748, 0.01406, 0.05741, 0.08406, 0.06494, 0.00269, 0.04962, 0.01244, 0.09612, 0.02219, 0.02988, 0.00787, 0.0095, 0.08808, 0.03016, 0.00454],[0.2671, 0.3154, 0.21924, 0.25966],[13, 6, 4, 22],50,4
2.5,38,[0.00759, 0.04444, 0.05384, 0.02444, 0.03512, 0.04196, 0.01777, 0.09828, 0.00924, 0.01295, 0.03973, 0.02172, 0.0444, 0.066, 0.07626, 0.02709, 0.0546, 0.03122, 0.04008, 0.02677, 0.00478, 0.0025, 0.00559, 0.00043, 0.06256, 0.00154, 0.02401, 0.04924, 0.00944, 0.00292, 0.01185, 0.07794, 0.02538, 0.01271, 0.03183, 0.00619, 0.02573, 0.00131, 0.00366, 0.00834, 0.01664, 0.00897, 0.00839, 0.07496, 0.00139, 0.06364, 0.00476, 0.006, 0.0067, 0.06433, 0.01207, 0.02853],[0.31337, 0.20649, 0.28936, 0.24842, 0.22627, 0.32525, 0.26436],[10, 7, 6, 12, 6, 6, 4],52,7
2.5,39,[0.00117, 0.01468, 0.01, 0.04415, 0.05501, 0.00603, 0.05501, 0.09402, 0.01888, 0.00652, 0.00225, 0.01228, 0.0026, 0.01164, 0.08946, 0.03973, 0.02172, 0.0444, 0.066, 0.07626, 0.02709, 0.0546, 0.03122, 0.04008, 0.02677, 0.00478, 0.0025, 0.00559, 0.00043, 0.06256, 0.00154, 0.02401, 0.04924, 0.00944, 0.00292, 0.01185, 0.07794, 0.02538, 0.01271, 0.03183, 0.00619, 0.02573, 0.00131, 0.00366, 0.00834, 0.01664, 0.00897, 0.00839, 0.07496, 0.00139, 0.06364, 0.00476, 0.006, 0.0067],[0.33017, 0.20649, 0.28936, 0.24842, 0.22627, 0.32525],[15, 7, 6, 12, 6, 6],54,6
2.5,40,[0.06136, 0.00707, 0.06074, 0.00243, 0.00262, 0.00349, 0.00149, 0.04463, 0.00632, 0.00556, 0.09624, 0.04702, 0.03824, 0.00421, 0.00212, 0.00044, 0.00483, 0.01083, 0.01398, 0.00626, 0.0266, 0.00294, 0.01424, 0.05169, 0.05925, 0.05254, 0.08748, 0.01406, 0.05741, 0.08406, 0.06494, 0.00269, 0.04962, 0.01244, 0.09612, 0.02219, 0.02988, 0.00787, 0.0095, 0.08808, 0.03016, 0.00454, 0.05347, 0.02516, 0.0157, 0.0025, 0.03621, 0.00125, 0.00132, 0.05845, 0.04062, 0.03604, 0.00403, 0.04793, 0.00544, 0.04816],[0.20696, 0.29885, 0.3154, 0.21924, 0.25966, 0.23604],[2, 3, 6, 4, 22, 7],56,6
2.5,41,[0.06849, 0.00267, 0.00184, 0.09093, 0.01982, 0.00279, 0.03971, 0.0219, 0.05639, 0.00156, 0.00172, 0.01551, 0.08802, 0.02139, 0.01196, 0.00914, 0.0157, 0.0025, 0.03621, 0.00125, 0.00132, 0.05845, 0.04062, 0.03604, 0.00403, 0.00044, 0.00483, 0.01083, 0.01398, 0.00626, 0.0266, 0.00294, 0.01424, 0.05169, 0.05925, 0.05254, 0.08748, 0.01406, 0.05741, 0.08406, 0.06494, 0.00269, 0.04702, 0.03824, 0.00421, 0.00212, 0.01671, 0.00281, 0.01797, 0.003, 0.01036, 0.08122, 0.04327],[0.24518, 0.2286, 0.27603, 0.21924],[8, 8, 9, 17],53,4
2.5,42,[0.00449, 0.0037, 0.01084, 0.02644, 0.00166, 0.06762, 0.00186, 0.00753, 0.00277, 0.05639, 0.02378, 0.0052, 0.09364, 0.00072, 0.05689, 0.01886, 0.00504, 0.00634, 0.04592, 0.01924, 0.03973, 0.01349, 0.0147, 0.05154, 0.04378, 0.01072, 0.09029, 0.01316, 0.00821, 0.00307, 0.00892, 0.00315, 0.01887, 0.0078, 0.00557, 0.00043, 0.06256, 0.00154, 0.02401, 0.04924, 0.00944, 0.00292, 0.01185, 0.07794, 0.02538, 0.01271, 0.03183, 0.00619, 0.02573, 0.00131, 0.00366, 0.00834, 0.01664, 0.03263, 0.00863],[0.20191, 0.24611, 0.25091, 0.37687, 0.26604, 0.31684, 0.24842],[7, 6, 3, 4, 9, 6, 12],55,7
2.5,43,[0.01255, 0.07055, 0.00645, 0.03462, 0.04815, 0.0157, 0.0025, 0.03621, 0.00125, 0.00132, 0.05845, 0.04062, 0.03604, 0.00403, 0.00787, 0.0095, 0.08808, 0.03016, 0.00454, 0.05347, 0.02516, 0.00768, 0.00356, 0.01993, 0.03461, 0.00436, 0.00914, 0.03192, 0.03291, 0.00072, 0.05689, 0.01886, 0.00504, 0.00634, 0.04592, 0.01924, 0.03973, 0.01349, 0.0147, 0.05154, 0.04378, 0.01072, 0.09029, 0.01316, 0.00821, 0.00307],[0.21839, 0.23604, 0.25803, 0.33716, 0.25091, 0.37687, 0.26604],[5, 9, 7, 8, 3, 4, 9],46,7
2.5,44,[0.00836, 0.08003, 0.01256, 0.00366, 0.00199, 0.00598, 0.04863, 0.07804, 0.00221, 0.04535, 0.01714, 0.00591, 0.03869, 0.00306, 0.00315, 0.02555, 0.00753, 0.00277, 0.05639, 0.02378, 0.0052, 0.09364, 0.0157, 0.0025, 0.03621, 0.00125, 0.00132, 0.05845, 0.04062, 0.03604, 0.00403, 0.00787, 0.0095, 0.08808, 0.03016, 0.00454, 0.05347, 0.02516, 0.00768, 0.00356, 0.01993, 0.03461, 0.00436, 0.00914, 0.03192],[0.21958, 0.25523, 0.23604, 0.25803],[16, 6, 9, 7],45,4
2.5,45,[0.02772, 0.06264, 0.02315, 0.0063, 0.00234, 0.01791, 0.06322, 0.03083, 0.08802, 0.09364, 0.00072, 0.05689, 0.01886, 0.00504, 0.00634, 0.04592, 0.01924, 0.03973, 0.01349, 0.0147, 0.05154, 0.04378, 0.01072, 0.09029, 0.01316, 0.00821, 0.00307, 0.00892, 0.00315, 0.01887, 0.0078, 0.00557, 0.00043, 0.06256, 0.00154, 0.02401, 0.04924, 0.00944, 0.00292, 0.01185, 0.07794, 0.02538, 0.01271, 0.03183, 0.00619, 0.02573, 0.00131, 0.00366],[0.22908, 0.23624, 0.25091, 0.37687, 0.26604, 0.31684, 0.24842],[5, 5, 3, 4, 9, 6, 12],48,7
2.5,46,[0.00439, 0.00176, 0.00704, 0.01453, 0.00195, 0.02504, 0.01621, 0.01652, 0.07361, 0.00241, 0.07978, 0.00843, 0.03067, 0.07816, 0.0382, 0.00363, 0.01162, 0.01366, 0.0391, 0.04219, 0.00281, 0.04403, 0.02443, 0.01208, 0.05141, 0.02609, 0.02254, 0.02546, 0.02675, 0.00488, 0.02692, 0.01298, 0.08594, 0.02861, 0.03167, 0.00111, 0.02868, 0.04189, 0.04905, 0.00181, 0.05857, 0.00865, 0.0656, 0.02903, 0.0076, 0.02348, 0.02557, 0.00877, 0.08478],[0.29939, 0.23729, 0.27571],[17, 18, 14],49,3
2.5,47,[0.00189, 0.02711, 0.01982, 0.03973, 0.01349, 0.0147, 0.05154, 0.04378, 0.01072, 0.09029, 0.01316, 0.00821, 0.00307, 0.00892, 0.00315, 0.01887, 0.0078, 0.00043, 0.06256, 0.00154, 0.02401, 0.04924, 0.00944, 0.00292, 0.01185, 0.07794, 0.02538, 0.01271, 0.03183, 0.00619, 0.02573, 0.00131, 0.00366, 0.00834, 0.01664, 0.03263, 0.00863, 0.0583, 0.00897, 0.00839, 0.07496, 0.00139, 0.06364, 0.00476, 0.01747, 0.06443, 0.00597, 0.09021, 0.06136, 0.02652],[0.26757, 0.26604, 0.31684, 0.24842, 0.22627],[3, 9, 5, 12, 9],50,5
2.5,48,[0.0077, 0.01105, 0.03671, 0.05651, 0.01181, 0.03011, 0.02058, 0.06526, 0.00767, 0.09056, 0.03973, 0.02172, 0.0444, 0.066, 0.07626, 0.02709, 0.0546, 0.03122, 0.04008, 0.02677, 0.00478, 0.0025, 0.00559, 0.00043, 0.06256, 0.00154, 0.02401, 0.04924, 0.00944, 0.00292, 0.01185, 0.07794, 0.02538, 0.01271, 0.03183, 0.00619, 0.02573, 0.00131, 0.00366, 0.00834, 0.01664, 0.00897, 0.00839, 0.07496, 0.00139, 0.06364, 0.00476, 0.006, 0.0067, 0.06433, 0.01207, 0.02853, 0.02761, 0.0122, 0.07193],[0.30156, 0.20649, 0.28936, 0.24842, 0.22627, 0.32525, 0.26436],[10, 7, 6, 12, 6, 6, 4],55,7
2.5,49,[0.03777, 0.04514, 0.0753, 0.09415, 0.09758, 0.00193, 0.00072, 0.05689, 0.01886, 0.00567, 0.03286, 0.006, 0.00607, 0.07427, 0.04141, 0.00504, 0.00634, 0.04592, 0.01924, 0.03973, 0.01349, 0.0147, 0.05154, 0.04378, 0.01072, 0.09029, 0.01316, 0.00821, 0.00307, 0.00892, 0.00315, 0.01887, 0.0078, 0.00557, 0.00043, 0.06256, 0.00154, 0.02401, 0.04924, 0.00944, 0.00292, 0.01185, 0.07794, 0.02538, 0.01271, 0.03183],[0.24121, 0.25091, 0.37687, 0.26604, 0.31684, 0.24842],[6, 9, 4, 9, 6, 12],46,6
2.5,50,[0.00091, 0.00917, 0.00163, 0.01696, 0.02983, 0.02731, 0.03459, 0.01108, 0.00286, 0.00873, 0.02658, 0.02732, 0.0035, 0.00111, 0.02868, 0.04189, 0.04905, 0.00181, 0.05857, 0.00865, 0.0656, 0.02903, 0.0076, 0.02348, 0.02557, 0.00877, 0.08478, 0.01366, 0.0391, 0.04219],[0.24314, 0.23729],[13, 14],30,2
2.5,51,[0.01513, 0.09424, 0.00237, 0.0157, 0.0025, 0.03621, 0.00125, 0.00132, 0.05845, 0.04062, 0.03604, 0.00403, 0.08687, 0.04793, 0.00544, 0.04816, 0.01461, 0.0263, 0.06662, 0.03609],[0.20789],[3],20,1
2.5,52,[0.01479, 0.03757, 0.02385, 0.02907, 0.05352, 0.08956, 0.03973, 0.01349, 0.0147, 0.05154, 0.04378, 0.01072, 0.09029, 0.01316, 0.00821, 0.00307, 0.00892, 0.00315, 0.01887, 0.0078, 0.00043, 0.06256, 0.00154, 0.02401, 0.04924, 0.00944, 0.00292, 0.01185, 0.07794, 0.02538, 0.01271, 0.03183, 0.00619, 0.02573, 0.00131, 0.00366, 0.00834, 0.01664, 0.03263, 0.00863, 0.0583, 0.00897, 0.00839, 0.07496, 0.00139, 0.06364, 0.00476, 0.01747, 0.06443, 0.00597, 0.09021, 0.06136, 0.02652, 0.09434, 0.0281, 0.006],[0.2124, 0.26604, 0.31684, 0.24842, 0.22627, 0.32525],[6, 9, 5, 12, 9, 14],56,6
2.5,53,[0.04413, 0.01028, 0.00827, 0.00234, 0.02687, 0.02038, 0.00262, 0.06637, 0.08022, 0.00557, 0.02127, 0.00312, 0.00636, 0.00651, 0.01366, 0.0391, 0.04219, 0.00281, 0.04403, 0.02443, 0.01208, 0.05141, 0.02609, 0.02254, 0.02546, 0.02675, 0.00488, 0.02692, 0.01298, 0.08594, 0.02861, 0.03167, 0.00111, 0.02868, 0.04189, 0.04905, 0.00181, 0.05857, 0.00865, 0.0656, 0.02903, 0.0076, 0.02348, 0.02557, 0.00877, 0.08478],[0.28426, 0.23729, 0.27571],[14, 18, 14],46,3
2.5,54,[0.00113, 0.00115, 0.01555, 0.00813, 0.02938, 0.00803, 0.00218, 0.00674, 0.00504, 0.00634, 0.04592, 0.01924, 0.00072, 0.05689, 0.01886, 0.00753, 0.00277, 0.05639, 0.02378, 0.0052, 0.09364, 0.0157, 0.0025, 0.03621, 0.00125, 0.00132, 0.05845, 0.04062, 0.03604, 0.00403, 0.00787, 0.0095, 0.08808, 0.03016, 0.00454, 0.05347, 0.02516, 0.00768, 0.00356, 0.01993, 0.03461, 0.00436, 0.00914, 0.03192, 0.03291, 0.00718, 0.00063, 0.02886, 0.02964, 0.01302, 0.00083, 0.04564],[0.23382, 0.25091, 0.24611, 0.25523, 0.23604, 0.25803, 0.29232, 0.22526],[8, 4, 3, 6, 9, 7, 9, 3],52,8
2.5,55,[0.01901, 0.01407, 0.01768, 0.02126, 0.02513, 0.04444, 0.00801, 0.03011, 0.05482, 0.01198, 0.05197, 0.05143, 0.05182],[],[],13,0
2.5,56,[0.00037, 0.00381, 0.05534, 0.01132, 0.00753, 0.00277, 0.05639, 0.02378, 0.0052, 0.09364, 0.0157, 0.0025, 0.03621, 0.00125, 0.00132, 0.05845, 0.04062, 0.03604, 0.00403, 0.00787, 0.0095, 0.08808, 0.03016, 0.00454, 0.05347, 0.02516, 0.00768, 0.00356, 0.01993, 0.03461, 0.00436, 0.00914, 0.03192, 0.03291, 0.00718, 0.00063, 0.02886, 0.02964, 0.00504, 0.00634, 0.04592, 0.01924, 0.03973, 0.01349, 0.0147, 0.05154, 0.04378, 0.01072, 0.09029],[0.21547, 0.25523, 0.23604, 0.25803, 0.29232, 0.39352, 0.37687],[4, 6, 9, 7, 9, 3, 4],49,7
2.5,57,[0.04981, 0.06673, 0.00143, 0.05023, 0.00382, 0.00787, 0.0095, 0.08808, 0.03016, 0.00454, 0.05347, 0.02516, 0.0157, 0.0025, 0.03621, 0.00125, 0.00132, 0.05845, 0.04062, 0.03604, 0.00403, 0.05639, 0.00156, 0.00172, 0.01551, 0.08802, 0.02139, 0.01196, 0.00914, 0.00072, 0.05689, 0.01886, 0.00504, 0.00634, 0.04592, 0.01924, 0.03973, 0.01349, 0.0147, 0.05154, 0.04378, 0.01072, 0.09029, 0.01316, 0.00821, 0.00307, 0.00892, 0.00315, 0.01887, 0.0078, 0.00557, 0.00043, 0.06256],[0.20426, 0.23604, 0.2286, 0.29129, 0.25091, 0.37687, 0.26604, 0.31684],[5, 7, 9, 8, 3, 4, 9, 6],53,8
2.5,58,[0.05258, 0.07877, 0.03399, 0.05417, 0.05639, 0.00156, 0.00172, 0.01551, 0.08802, 0.02139, 0.01196, 0.00914, 0.0157, 0.0025, 0.03621, 0.00125, 0.00132, 0.05845, 0.04062, 0.03604, 0.00403, 0.00044, 0.00483, 0.01083, 0.01398, 0.00626, 0.0266, 0.00294, 0.01424, 0.05169, 0.05925, 0.05254, 0.08748, 0.01406, 0.05741, 0.08406, 0.06494, 0.00269, 0.04702, 0.03824, 0.00421, 0.00212],[0.20573, 0.2286, 0.27603, 0.21924],[4, 8, 9, 17],42,4
2.5,59,[0.00273, 0.02389, 0.04738, 0.04048, 0.09567, 0.07025, 0.0157, 0.0025, 0.03621, 0.00125, 0.00132, 0.05845, 0.04062, 0.03604, 0.00403, 0.00787, 0.0095, 0.08808, 0.03016, 0.00454, 0.05347, 0.02516, 0.00768, 0.00356, 0.01993, 0.03461, 0.00436, 0.00914, 0.03192, 0.03291, 0.00072, 0.05689, 0.01886, 0.00504, 0.00634, 0.04592, 0.01924, 0.03973, 0.01349, 0.0147, 0.05154, 0.04378, 0.01072, 0.09029, 0.01316, 0.00821, 0.00307],[0.20495, 0.23604, 0.25803, 0.33716, 0.25091, 0.37687, 0.26604],[6, 9, 7, 8, 3, 4, 9],47,7
2.5,60,[0.00335, 0.00071, 0.0234, 0.01137, 0.01404, 0.02236, 0.03074, 0.04275, 0.00401, 0.0265, 0.00307, 0.00892, 0.00315, 0.01887, 0.0078, 0.03973, 0.01349, 0.0147, 0.05154, 0.04378, 0.01072, 0.09029, 0.01316, 0.00821, 0.03122, 0.04008, 0.02677, 0.00478, 0.0025, 0.00559, 0.00043, 0.06256, 0.00154, 0.02401, 0.04924, 0.00944, 0.00292, 0.01185, 0.07794, 0.02538, 0.01271, 0.03183, 0.00619, 0.02573, 0.00131, 0.00366, 0.00834, 0.01664, 0.03263, 0.00863, 0.0583, 0.00897, 0.00839, 0.07496, 0.00139, 0.06364, 0.00476, 0.01747, 0.06443, 0.00597, 0.06136, 0.02652, 0.09434, 0.0281],[0.2203, 0.26604, 0.2458, 0.28936, 0.24842, 0.22627, 0.32525],[10, 5, 9, 6, 12, 9, 13],64,7
2.5,61,[0.02275, 0.006, 0.05423, 0.05639, 0.00156, 0.00172, 0.01551, 0.08802, 0.02139, 0.01196, 0.00914, 0.0157, 0.0025, 0.03621, 0.00125, 0.00132, 0.05845, 0.04062, 0.03604, 0.00403, 0.00787, 0.0095, 0.08808, 0.03016, 0.00454, 0.05347, 0.02516, 0.00768, 0.00356, 0.01993, 0.03461, 0.00436, 0.00914, 0.03192, 0.03291, 0.00718, 0.00072, 0.05689, 0.01886, 0.00504, 0.00634, 0.04592, 0.01924, 0.03973, 0.01349, 0.0147, 0.05154, 0.04378, 0.01072, 0.09029, 0.01316, 0.00821],[0.28565, 0.2286, 0.23604, 0.25803, 0.33716, 0.25091, 0.37687, 0.26604],[3, 8, 9, 7, 9, 3, 4, 9],52,8
2.5,62,[0.02009, 0.00152, 0.03597, 0.00957, 0.0037, 0.00615, 0.02899, 0.03973, 0.01349, 0.0147, 0.05154, 0.04378, 0.01072, 0.09029, 0.01316, 0.00821, 0.00307],[0.29312, 0.26604],[7, 9],17,2
2.5,63,[0.00392, 0.03905, 0.00132, 0.01846, 0.00485, 0.05605, 0.05628, 0.00205, 0.06563, 0.03079, 0.02382, 0.05176, 0.00985, 0.00142, 0.04076, 0.01051, 0.03873, 0.06397, 0.04322, 0.01559, 0.03926, 0.09489],[0.21042],[11],22,1
2.5,64,[0.00075, 0.00832, 0.01493, 0.08428, 0.00671, 0.02843, 0.02787, 0.06607, 0.00393, 0.03973, 0.02172, 0.0444, 0.066, 0.07626, 0.02709, 0.0546, 0.03122, 0.04008, 0.02677, 0.00478, 0.0025, 0.00559, 0.02351, 0.00275, 0.02128, 0.03226, 0.05501, 0.01504, 0.02628, 0.02211, 0.0853],[0.20484, 0.20649, 0.22699],[9, 7, 6],31,3
2.5,65,[0.00481, 0.00108, 0.00878, 0.01381, 0.03761, 0.00506, 0.01857, 0.09101, 0.02393, 0.0092, 0.00849, 0.01294, 0.00908, 0.00916, 0.01366, 0.0391, 0.04219, 0.00281, 0.04403, 0.02443, 0.01208, 0.05141, 0.02609, 0.02254, 0.02546, 0.02675, 0.00488, 0.02692, 0.01298, 0.08594, 0.02861, 0.03167, 0.00111, 0.02868, 0.04189, 0.04905, 0.00181, 0.05857, 0.00865, 0.0656, 0.02903, 0.0076, 0.02348, 0.02557, 0.00877, 0.08478],[0.34924, 0.23729],[14, 18],46,2
2.5,66,[0.0038, 0.03585, 0.03132, 0.00127, 0.04012, 0.0412, 0.00351, 0.0379, 0.00403, 0.04219, 0.00698, 0.01366, 0.0391, 0.04219, 0.00281, 0.04403, 0.02443, 0.01208, 0.05141, 0.02609, 0.02254, 0.02546, 0.02675, 0.00488, 0.02692, 0.01298, 0.08594, 0.02861, 0.03167, 0.02861, 0.02138, 0.02408, 0.00904, 0.00044, 0.00483, 0.01083, 0.01398, 0.00626, 0.0266, 0.00294, 0.01424, 0.05169, 0.05925],[0.20293, 0.31606, 0.20223],[11, 18, 4],43,3
2.5,67,[0.05692, 0.04052, 0.09768, 0.00913, 0.04853, 0.00226, 0.00252, 0.01071, 0.08044, 0.03572, 0.006, 0.0067, 0.06433, 0.01207, 0.02853, 0.02761, 0.0122, 0.07193, 0.06078, 0.00972, 0.0157, 0.0025, 0.03621, 0.00125, 0.00132, 0.05845, 0.04062, 0.03604, 0.00403, 0.00787, 0.0095, 0.03016, 0.00454, 0.05347, 0.02516, 0.04441, 0.00715, 0.01437, 0.0038, 0.00406, 0.01274, 0.00434, 0.00768, 0.00356, 0.01993, 0.03461, 0.00436, 0.00914, 0.03192, 0.03291, 0.00063, 0.02886, 0.02964, 0.04338, 0.02312],[0.22303, 0.26436, 0.23424, 0.23604, 0.25803, 0.29232],[10, 4, 6, 9, 13, 8],55,6
2.5,68,[0.0031, 0.00469, 0.0519, 0.02961, 0.03602, 0.04714, 0.04175, 0.00979, 0.00247, 0.00753, 0.00277, 0.05639, 0.02378, 0.0052, 0.09364, 0.00072, 0.05689, 0.01886, 0.00504, 0.00634, 0.04592, 0.01924, 0.03973, 0.01349, 0.0147, 0.05154, 0.04378, 0.01072, 0.09029, 0.01316, 0.00821, 0.00307, 0.00892],[0.21898, 0.24611, 0.25091, 0.37687, 0.26604],[9, 6, 3, 4, 9],33,5
2.5,69,[0.05915, 0.00562, 0.01172, 0.00753, 0.00277, 0.05639, 0.02378, 0.0052, 0.09364, 0.00072, 0.05689, 0.01886, 0.00567, 0.03286, 0.006, 0.00607, 0.07427, 0.04141, 0.00504, 0.00634, 0.04592, 0.01924, 0.03973, 0.01349, 0.0147, 0.05154, 0.04378, 0.01072, 0.09029, 0.01316, 0.00821, 0.00307, 0.00892, 0.00315, 0.01887, 0.0078, 0.00557, 0.00043, 0.06256, 0.00154, 0.02401, 0.04924, 0.00944, 0.00292, 0.01185, 0.07794, 0.02538, 0.01271, 0.03183],[0.20056, 0.24611, 0.25091, 0.37687, 0.26604, 0.31684, 0.24842],[3, 6, 9, 4, 9, 6, 12],49,7
2.5,70,[0.05257, 0.01057, 0.00143, 0.02469, 0.01943, 0.05102, 0.00608, 0.06472, 0.04088, 0.00681, 0.04263, 0.05828, 0.02817, 0.00268, 0.05639, 0.00156, 0.00172, 0.01551, 0.08802, 0.02139, 0.01196],[0.21072],[14],21,1
2.5,71,[0.0028, 0.001, 0.01541, 0.01838, 0.0249, 0.05639, 0.00156, 0.00172, 0.01551, 0.08802, 0.02139, 0.01196, 0.00914, 0.0157, 0.0025, 0.03621, 0.00125, 0.00132, 0.05845, 0.04062, 0.03604, 0.00403, 0.00787, 0.0095, 0.08808, 0.03016, 0.00454, 0.05347, 0.02516, 0.00768, 0.00356, 0.01993, 0.03461, 0.00436, 0.00914, 0.03192, 0.03291, 0.00718, 0.00072, 0.05689, 0.01886, 0.00504, 0.00634, 0.04592, 0.01924, 0.03973, 0.01349, 0.0147, 0.05154, 0.04378],[0.20239, 0.2286, 0.23604, 0.25803, 0.33716, 0.25091, 0.37687],[5, 8, 9, 7, 9, 3, 4],50,7
2.5,72,[0.00146, 0.00369, 0.00921, 0.02016, 0.01694, 0.02377, 0.02745, 0.00344, 0.02327, 0.00422, 0.01295, 0.01753, 0.04412, 0.00454, 0.06556, 0.01366, 0.0391, 0.04219, 0.00281, 0.04403, 0.02443, 0.01208, 0.05141, 0.02609, 0.02254, 0.02546, 0.02675, 0.00488, 0.02692, 0.01298, 0.08594, 0.02861, 0.03167, 0.00111, 0.02868, 0.04189, 0.04905, 0.00181, 0.05857, 0.00865, 0.0656, 0.02903],[0.30653, 0.23729],[15, 18],42,2
2.5,73,[0.00889, 0.01638, 0.00192, 0.05836, 0.02159, 0.08143, 0.00787, 0.0095, 0.08808, 0.03016, 0.00454, 0.05347, 0.02516, 0.0157, 0.0025, 0.03621, 0.00125, 0.00132, 0.05845, 0.04062, 0.03604, 0.00403, 0.05639, 0.00156, 0.00172, 0.01551, 0.08802, 0.02139, 0.01196, 0.00914, 0.00072, 0.05689, 0.01886, 0.00504, 0.00634, 0.04592, 0.01924, 0.03973, 0.01349, 0.0147, 0.05154, 0.04378, 0.01072, 0.09029, 0.01316, 0.00821, 0.00307, 0.00892, 0.00315, 0.01887],[0.36734, 0.23604, 0.2286, 0.29129, 0.25091, 0.37687, 0.26604],[6, 7, 9, 8, 3, 4, 9],50,7
2.5,74,[0.03228, 0.0021, 0.00578, 0.08447, 0.0059, 0.00889, 0.00768, 0.00356, 0.01993, 0.03461, 0.00436, 0.00914, 0.03192, 0.03291, 0.00787, 0.0095, 0.08808, 0.03016, 0.00454, 0.05347, 0.02516, 0.0157, 0.0025, 0.03621, 0.00125, 0.00132, 0.05845, 0.04062, 0.03604, 0.00403, 0.00044, 0.00483, 0.01083, 0.01398, 0.00626, 0.0266, 0.00294, 0.01424, 0.05169, 0.05925, 0.05254, 0.08748, 0.01406, 0.05741, 0.08406],[0.22724, 0.25803, 0.23604, 0.27603],[6, 8, 7, 9],45,4
2.5,75,[0.01506, 0.00838, 0.0486, 0.05048, 0.03975, 0.06448, 0.00985, 0.00413, 0.006, 0.0067, 0.06433, 0.01207, 0.02853, 0.02761, 0.0122, 0.07193, 0.06078, 0.00972, 0.0157, 0.0025, 0.03621, 0.00125, 0.00132, 0.05845, 0.04062, 0.03604, 0.00403, 0.00787, 0.0095, 0.03016, 0.00454, 0.05347, 0.02516, 0.04441, 0.00715, 0.01437, 0.0038, 0.00406, 0.01274, 0.00434, 0.00768, 0.00356, 0.01993, 0.03461, 0.00436, 0.00914, 0.03192, 0.03291, 0.00072, 0.05689, 0.01886, 0.00567, 0.03286, 0.006, 0.00607, 0.07427, 0.04141, 0.00504],[0.26678, 0.26436, 0.23424, 0.23604, 0.25803, 0.33716, 0.25091],[8, 4, 6, 9, 13, 8, 9],58,7
2.5,76,[0.06623, 0.07301, 0.00307, 0.00892, 0.00315, 0.01887, 0.0078, 0.03973, 0.01349, 0.0147, 0.04378, 0.01072, 0.09029, 0.01316, 0.00821, 0.08184, 0.03029, 0.00541, 0.01961, 0.03122, 0.04008, 0.02677, 0.00478, 0.0025, 0.00559, 0.00163, 0.02471, 0.07622, 0.02351, 0.00275, 0.02128, 0.03226, 0.05501, 0.01504, 0.02628, 0.02211, 0.0853, 0.01581],[0.25192, 0.26604, 0.2458, 0.24439, 0.25224],[2, 5, 12, 6, 3],38,5
2.5,77,[0.01046, 0.00116, 0.03303, 0.0801, 0.01886, 0.00201, 0.01266, 0.00619, 0.02573, 0.00131, 0.00366, 0.00834, 0.01664, 0.03263, 0.00863, 0.0583, 0.00043, 0.06256, 0.00154, 0.02401, 0.04924, 0.00944, 0.09615, 0.09188, 0.00577, 0.01534, 0.01222, 0.00131, 0.05799, 0.03021, 0.03306, 0.00783, 0.00815],[0.20777, 0.24842, 0.22231, 0.20579],[7, 9, 8, 2],33,4
2.5,78,[0.03458, 0.00526, 0.00605, 0.04248, 0.00982, 0.04905, 0.04775, 0.00392, 0.0023, 0.00931, 0.04127, 0.01534, 0.04702, 0.03824, 0.00421, 0.00212, 0.00044, 0.00483, 0.01083, 0.01398, 0.00626, 0.0266, 0.00294, 0.01424, 0.05169, 0.05925, 0.05254, 0.08748, 0.01406, 0.05741, 0.08406, 0.06494, 0.00269, 0.00787, 0.0095, 0.08808, 0.03016, 0.00454, 0.05347, 0.02516, 0.0157, 0.0025, 0.03621, 0.00125, 0.00132, 0.05845, 0.04062, 0.03604, 0.00403, 0.04793, 0.00544, 0.04816, 0.01461, 0.0263, 0.06662, 0.03609],[0.21707, 0.26224, 0.21924, 0.25966, 0.23604],[5, 7, 4, 17, 7],56,5
2.5,79,[0.00671, 0.00089, 0.065, 0.07125, 0.00172, 0.0116, 0.00197, 0.00717, 0.01957, 0.01958, 0.006, 0.0067, 0.06433, 0.01207, 0.02853, 0.02761, 0.0122, 0.07193, 0.06078, 0.00972, 0.0157, 0.0025, 0.03621, 0.00125, 0.00132, 0.05845, 0.04062, 0.03604, 0.00403, 0.00787, 0.0095, 0.03016, 0.00454, 0.05347, 0.02516, 0.04441, 0.00715, 0.01437, 0.0038, 0.00406, 0.01274, 0.00434, 0.00768, 0.00356, 0.01993, 0.03461, 0.00436],[0.24046, 0.26436, 0.23424, 0.23604, 0.25803],[10, 4, 6, 9, 13],47,5
2.5,80,[0.01513, 0.0027, 0.00106, 0.0118, 0.00361, 0.00401, 0.00444, 0.08687, 0.00335, 0.0638, 0.01635, 0.03122, 0.04008, 0.02677, 0.00478, 0.0025, 0.00559, 0.03973, 0.02172, 0.0444, 0.066, 0.07626, 0.02709, 0.0546, 0.00307, 0.00892, 0.00315, 0.01887, 0.0078, 0.00043, 0.06256, 0.00154, 0.02401, 0.04924, 0.00944, 0.00292, 0.01185, 0.07794],[0.20987, 0.20649, 0.30561, 0.31684],[11, 6, 7, 5],38,4
2.5,81,[0.0211, 0.02058, 0.00695, 0.02458, 0.04131, 0.00444, 0.02065, 0.00174, 0.0157, 0.0025, 0.03621, 0.00125, 0.00132, 0.05845, 0.04062, 0.03604, 0.00403, 0.00787, 0.0095, 0.08808, 0.03016, 0.00454, 0.05347, 0.02516],[0.20292, 0.23604],[8, 9],24,2
2.5,82,[0.0053, 0.00779, 0.06554, 0.02486, 0.02018, 0.0407, 0.08629, 0.00349, 0.00149, 0.04463, 0.00632, 0.00556, 0.09624, 0.06074, 0.00243, 0.00262, 0.00111, 0.02868, 0.04189, 0.04905, 0.00181, 0.05857, 0.00865, 0.0656, 0.02903, 0.0076, 0.02348, 0.02557, 0.00877, 0.08478, 0.01366, 0.0391, 0.04219],[0.25184, 0.29885, 0.27571, 0.23729],[7, 6, 3, 14],33,4
2.5,83,[0.037, 0.0117, 0.03235, 0.01137, 0.04658, 0.04646, 0.06047, 0.07893, 0.00959, 0.00751, 0.00753, 0.00277, 0.05639, 0.02378, 0.0052, 0.09364, 0.00072, 0.05689, 0.01886, 0.00504, 0.00634, 0.04592, 0.01924, 0.03973, 0.01349, 0.0147, 0.05154, 0.04378, 0.01072, 0.09029, 0.01316, 0.00821, 0.00307, 0.00892, 0.00315, 0.01887, 0.0078, 0.00557, 0.00043, 0.06256, 0.00154, 0.02401],[0.24028, 0.24611, 0.25091, 0.37687, 0.26604, 0.31684],[10, 6, 3, 4, 9, 6],42,6
2.5,84,[0.00278, 0.03858, 0.00189, 0.04581, 0.00136, 0.02555, 0.06357, 0.07444, 0.01312, 0.05381, 0.05176, 0.00985, 0.00142, 0.04076, 0.01051],[0.22508],[10],15,1
2.5,85,[0.01098, 0.01643, 0.01232, 0.02626, 0.01585, 0.06766, 0.0244, 0.00418, 0.00761, 0.01279, 0.04655, 0.00504, 0.00634, 0.04592, 0.01924, 0.00072],[0.20525, 0.25091],[11, 4],16,2
2.5,86,[0.02583, 0.00114, 0.02267, 0.00152, 0.02186, 0.00161, 0.09736, 0.00433, 0.07168, 0.00902, 0.00924, 0.09629, 0.00509, 0.01293, 0.02883, 0.00277, 0.006, 0.0067, 0.06433, 0.01207, 0.02853, 0.02761, 0.0122, 0.07193, 0.06078, 0.00972, 0.0157, 0.0025, 0.03621, 0.00125, 0.00132, 0.05845, 0.04062, 0.03604, 0.00403, 0.00787, 0.0095, 0.03016, 0.00454, 0.05347, 0.02516, 0.04441, 0.00715, 0.01437, 0.0038, 0.00406, 0.01274, 0.00434, 0.00768, 0.00356, 0.01993, 0.03461, 0.00436, 0.00914, 0.03192, 0.03291, 0.00072, 0.05689, 0.01886, 0.00567, 0.03286, 0.006, 0.00607, 0.07427, 0.04141, 0.00753],[0.30616, 0.26436, 0.23424, 0.23604, 0.25803, 0.33716, 0.24611],[16, 4, 6, 9, 13, 8, 9],66,7
2.5,87,[0.00517, 0.04829, 0.02388, 0.01819, 0.01025, 0.00286, 0.01366, 0.01077, 0.09341, 0.03122, 0.04008, 0.02677, 0.00478, 0.0025, 0.00559, 0.03973, 0.02172, 0.0444, 0.066, 0.07626, 0.02709, 0.0546, 0.00307, 0.00892, 0.00315, 0.01887, 0.0078, 0.00043, 0.06256, 0.00154, 0.02401, 0.04924, 0.00944, 0.00292, 0.01185, 0.07794, 0.02538, 0.01271, 0.03183, 0.00619, 0.02573, 0.00131, 0.00366, 0.00834, 0.01664, 0.03263, 0.00863, 0.0583],[0.31185, 0.20649, 0.30561, 0.31684, 0.24842, 0.22627],[9, 6, 7, 5, 12, 9],48,6
2.5,88,[0.00079, 0.0103, 0.02351, 0.03518, 0.02228, 0.032, 0.08456, 0.00485, 0.05436, 0.04814, 0.05503, 0.01189, 0.04415, 0.07841, 0.01005, 0.03973, 0.02172, 0.0444, 0.066, 0.07626, 0.02709, 0.0546, 0.03122, 0.04008, 0.02677, 0.00478, 0.0025, 0.00559, 0.00043, 0.06256, 0.00154, 0.02401, 0.04924, 0.00944, 0.00292],[0.28424, 0.20649, 0.28936],[15, 7, 6],35,3
2.5,89,[0.00383, 0.00564, 0.01974, 0.08293, 0.00665, 0.02488, 0.00237, 0.07128, 0.00501, 0.06624, 0.02552, 0.02089, 0.01095, 0.02757, 0.00156, 0.00159, 0.00214, 0.07041, 0.05728, 0.009, 0.02861, 0.02138, 0.02408, 0.00904, 0.00044, 0.00483, 0.01083, 0.01398, 0.00626],[0.2133, 0.2103, 0.20223],[13, 7, 4],29,3
2.5,90,[0.00404, 0.00178, 0.00307, 0.00892, 0.00315, 0.01887, 0.0078, 0.03973, 0.01349, 0.0147, 0.05154, 0.04378, 0.01072, 0.09029, 0.01316, 0.00821, 0.03122, 0.04008, 0.02677, 0.00478, 0.0025, 0.00559, 0.00043, 0.06256, 0.00154, 0.02401, 0.04924, 0.00944, 0.00292, 0.01185, 0.07794, 0.02538, 0.01271, 0.03183, 0.00619, 0.02573, 0.00131, 0.00366, 0.00834, 0.01664, 0.03263, 0.00863, 0.0583, 0.00897, 0.00839, 0.07496, 0.00139, 0.06364, 0.00476, 0.01747, 0.06443, 0.00597, 0.09021, 0.06136, 0.02652, 0.09434, 0.0281],[0.21223, 0.26604, 0.2458, 0.28936, 0.24842, 0.22627],[2, 5, 9, 6, 12, 9],57,6
2.5,91,[0.01046, 0.00921, 0.00213, 0.01497, 0.02576, 0.03281, 0.08585, 0.03827, 0.08145, 0.01366, 0.0391, 0.04219, 0.00281, 0.04403, 0.02443, 0.01208, 0.05141, 0.02609, 0.02254, 0.02546, 0.02675, 0.00488, 0.02692, 0.01298, 0.08594, 0.02861, 0.03167, 0.00111, 0.02868, 0.04189, 0.04905, 0.00181, 0.05857, 0.00865, 0.0656, 0.02903, 0.0076, 0.02348, 0.02557, 0.00877, 0.08478],[0.25389, 0.23729, 0.27571],[9, 18, 14],41,3
2.5,92,[0.03186, 0.00454, 0.06361, 0.00766, 0.02376, 0.01255, 0.08081, 0.02428, 0.01968, 0.01077, 0.00272, 0.0173, 0.03325, 0.00768, 0.00356, 0.01993, 0.03461, 0.00436, 0.00914, 0.03192, 0.03291, 0.00072, 0.05689, 0.01886, 0.00504, 0.00634, 0.04592, 0.01924, 0.03973, 0.01349, 0.0147, 0.05154, 0.04378, 0.01072, 0.09029, 0.01316],[0.22687, 0.33716, 0.25091, 0.37687],[13, 8, 3, 4],36,4
2.5,93,[0.01929, 0.03901, 0.03034, 0.02362, 0.00619, 0.02724, 0.01611, 0.02785, 0.01706, 0.01577, 0.00286, 0.07548, 0.02976, 0.01018, 0.01922, 0.02692, 0.03659, 0.01366, 0.0391, 0.04219, 0.00281, 0.04403, 0.02443, 0.01208],[0.24292],[17],24,1
2.5,94,[0.01397, 0.01407, 0.02035, 0.0036, 0.00198, 0.02392, 0.00261, 0.00263, 0.0253, 0.06074, 0.00243, 0.00262, 0.00349, 0.00149, 0.04463, 0.00632, 0.00556, 0.09624, 0.04702, 0.03824, 0.00421, 0.00212, 0.00044, 0.00483, 0.01083, 0.01398, 0.00626, 0.0266, 0.00294, 0.01424, 0.05169, 0.05925, 0.05254, 0.08748, 0.01406, 0.05741, 0.08406, 0.06494, 0.00269, 0.04962, 0.01244, 0.09612, 0.02219, 0.02988, 0.00787, 0.0095, 0.08808, 0.03016, 0.00454, 0.05347, 0.02516, 0.0157, 0.0025, 0.03621, 0.00125, 0.00132],[0.28526, 0.29885, 0.3154, 0.21924, 0.25966, 0.23604],[9, 3, 6, 4, 22, 7],56,6
2.5,95,[0.00324, 0.02131, 0.01638, 0.09638, 0.00531, 0.01843, 0.00043, 0.06256, 0.00154, 0.02401, 0.04924, 0.00944, 0.09615, 0.09188, 0.00619, 0.02573, 0.00131, 0.00366, 0.00834, 0.01664, 0.01349, 0.0147, 0.04378, 0.01072, 0.01316, 0.00821, 0.08184, 0.03029, 0.00541, 0.01961, 0.00307, 0.00892, 0.00315, 0.01887, 0.0078, 0.00072, 0.05689, 0.01886, 0.00504, 0.00634, 0.04592, 0.01924, 0.07496, 0.00937, 0.00262, 0.00528, 0.07043],[0.22185, 0.24842, 0.25808, 0.26604, 0.32441, 0.25091],[6, 8, 6, 10, 5, 3],47,6
2.5,96,[0.00283, 0.02151, 0.03743, 0.03395, 0.07397, 0.07837, 0.07247, 0.03456, 0.06416, 0.05176, 0.00985, 0.00142, 0.04076, 0.01051, 0.03873, 0.06397, 0.04322, 0.01559, 0.03926, 0.09489, 0.02983, 0.00366, 0.04702, 0.03824, 0.00421, 0.00212, 0.00044, 0.00483, 0.01083, 0.01398, 0.00626, 0.0266],[0.20532, 0.24916, 0.21924],[9, 13, 4],32,3
2.5,97,[0.05865, 0.04929, 0.00326, 0.07626, 0.07464, 0.09027, 0.06346, 0.02879, 0.02943, 0.04175, 0.03672, 0.03374, 0.09979, 0.02757, 0.00156, 0.00159, 0.00214, 0.07041, 0.05728, 0.009, 0.02861, 0.02138, 0.02408, 0.00904, 0.00044],[0.24444, 0.2103, 0.20223],[13, 7, 4],25,3
2.5,98,[0.00287, 0.01544, 0.04754, 0.0015, 0.04058, 0.0052, 0.04863, 0.00535, 0.01434, 0.01249, 0.00526, 0.00279, 0.00875, 0.00298, 0.00303, 0.04422, 0.09024, 0.00787, 0.0095, 0.08808, 0.03016, 0.00454, 0.05347, 0.02516, 0.0157, 0.0025, 0.03621, 0.00125, 0.00132, 0.05845, 0.04062, 0.03604, 0.00403, 0.05639, 0.00156, 0.00172, 0.01551, 0.08802, 0.02139],[0.23683, 0.23604, 0.2286],[17, 7, 9],39,3
2.5,99,[0.00319, 0.01857, 0.00265, 0.01469, 0.01426, 0.01457, 0.02509, 0.00185, 0.08073, 0.00307, 0.00892, 0.00315, 0.01887, 0.0078, 0.03973, 0.01349, 0.0147, 0.05154, 0.04378, 0.01072, 0.09029, 0.01316, 0.00821, 0.03122, 0.04008, 0.02677, 0.00478, 0.0025, 0.00559, 0.00043, 0.06256, 0.00154, 0.02401, 0.04924, 0.00944, 0.00292, 0.01185, 0.07794, 0.02538, 0.01271, 0.03183, 0.00619, 0.02573, 0.00131, 0.00366, 0.00834, 0.01664, 0.03263, 0.00863, 0.0583, 0.00897, 0.00839, 0.07496, 0.00139, 0.00476, 0.01747, 0.06443, 0.00597, 0.06136, 0.02652, 0.09434, 0.0281, 0.006],[0.2105, 0.26604, 0.2458, 0.28936, 0.24842, 0.22627, 0.32525],[9, 5, 9, 6, 12, 9, 12],63,7
2.5,100,[0.002, 0.00503, 0.01199, 0.00791, 0.00995, 0.01681, 0.04345, 0.03765, 0.03973, 0.02172, 0.0444, 0.066, 0.07626, 0.02709, 0.0546, 0.03122, 0.04008, 0.02677, 0.00478, 0.0025, 0.00559, 0.00043, 0.06256, 0.00154, 0.02401, 0.04924, 0.00944, 0.00292, 0.01185, 0.07794, 0.02538, 0.01271, 0.03183, 0.00619, 0.02573, 0.00131, 0.00366],[0.22785, 0.20649, 0.28936, 0.24842],[8, 7, 6, 12],37,4
2.5,101,[0.02362, 0.00301, 0.0387, 0.05874, 0.06074, 0.00243, 0.00262, 0.00349, 0.00149, 0.04463, 0.00632, 0.00556, 0.09624, 0.04702, 0.03824, 0.00421, 0.00212, 0.00044, 0.00483, 0.01083, 0.01398, 0.00626, 0.0266, 0.00294, 0.01424, 0.05169, 0.05925, 0.05254, 0.08748, 0.01406, 0.05741, 0.08406, 0.06494, 0.00269, 0.04962, 0.01244, 0.09612, 0.02219, 0.02988, 0.00787, 0.0095, 0.08808, 0.03016, 0.00454, 0.05347, 0.02516, 0.0157, 0.0025, 0.03621, 0.00125, 0.00132, 0.05845, 0.04062, 0.03604, 0.00403, 0.04793, 0.00544, 0.04816],[0.24229, 0.29885, 0.3154, 0.21924, 0.25966, 0.23604],[4, 3, 6, 4, 22, 7],58,6
2.5,102,[0.01489, 0.00884, 0.00696, 0.00138, 0.00866, 0.03091, 0.01185, 0.09287, 0.00203, 0.04666, 0.00752, 0.0157, 0.0025, 0.03621, 0.00125, 0.00132, 0.05845, 0.04062, 0.03604, 0.00403, 0.00787, 0.0095, 0.08808, 0.03016, 0.00454, 0.05347, 0.02516, 0.00768, 0.00356, 0.01993, 0.03461, 0.00436, 0.00914, 0.03192, 0.03291, 0.00072, 0.05689, 0.01886, 0.00504, 0.00634, 0.04592, 0.01924],[0.2412, 0.23604, 0.25803, 0.33716, 0.25091],[11, 9, 7, 8, 3],42,5
2.5,103,[0.00426, 0.06034, 0.00331, 0.00168, 0.06465, 0.03932, 0.03033, 0.02931, 0.0031, 0.09423, 0.0397, 0.08374, 0.00348, 0.01366, 0.0391, 0.04219, 0.00281, 0.04403, 0.02443, 0.01208, 0.05141, 0.02609, 0.02254, 0.02546, 0.02675, 0.00488, 0.02692, 0.01298, 0.08594, 0.02861, 0.03167, 0.02861, 0.02138, 0.02408, 0.00904, 0.00044, 0.00483, 0.01083, 0.01398, 0.00626, 0.0266, 0.00294, 0.01424, 0.05169, 0.05925],[0.23212, 0.31606, 0.20223],[13, 18, 4],45,3
2.5,104,[0.01275, 0.00944, 0.01288, 0.09891, 0.02144, 0.07805, 0.02844, 0.0807, 0.04702, 0.03824, 0.00421, 0.00212, 0.00044, 0.00483, 0.01083, 0.01398, 0.00626, 0.0266, 0.00294, 0.01424, 0.05169, 0.05925, 0.05254, 0.08748, 0.01406, 0.05741, 0.08406, 0.06494, 0.00269, 0.04962, 0.01244, 0.09612, 0.00787, 0.0095, 0.08808, 0.03016, 0.00454, 0.05347, 0.02516, 0.0157, 0.0025, 0.03621, 0.00125],[0.22524, 0.21924, 0.25966, 0.23604],[8, 4, 20, 7],43,4
2.5,105,[0.02307, 0.01132, 0.02254, 0.03469, 0.05672, 0.09603, 0.02861, 0.02138, 0.02408, 0.00904, 0.00044, 0.00483, 0.01083, 0.01398, 0.00626, 0.0266, 0.00294, 0.01424, 0.05169, 0.05925, 0.05254],[0.25717, 0.20223],[6, 4],21,2
2.5,106,[0.00278, 0.01735, 0.01723, 0.06368, 0.02754, 0.02779, 0.05296, 0.02971, 0.09846, 0.00709, 0.01035, 0.02421, 0.01662, 0.09164, 0.07476, 0.03463, 0.05639, 0.00156, 0.00172, 0.01551, 0.08802, 0.02139, 0.01196, 0.00914, 0.00787],[0.26467, 0.27542],[16, 8],25,2
2.5,107,[0.04045, 0.00174, 0.03523, 0.03481, 0.03973, 0.02172, 0.0444, 0.066, 0.07626, 0.02709, 0.0546, 0.03122, 0.04008, 0.02677, 0.00478, 0.0025, 0.00559, 0.00043, 0.06256, 0.00154, 0.02401, 0.04924, 0.00944, 0.00292, 0.01185, 0.07794, 0.02538, 0.01271, 0.03183, 0.00619, 0.02573, 0.00131, 0.00366, 0.00834, 0.01664, 0.00897, 0.00839, 0.07496, 0.00139, 0.06364, 0.00476, 0.006, 0.0067, 0.06433, 0.01207, 0.02853, 0.02761],[0.21361, 0.20649, 0.28936, 0.24842, 0.22627, 0.32525, 0.26436],[4, 7, 6, 12, 6, 6, 4],47,7
2.5,108,[0.00664, 0.03442, 0.01572, 0.00325, 0.02461, 0.00354, 0.00911, 0.01037, 0.05613, 0.02758],[],[],10,0
2.5,109,[0.01075, 0.08752, 0.00413, 0.01767, 0.00446, 0.00044, 0.00483, 0.01083, 0.01398, 0.00626, 0.0266, 0.00294, 0.01424, 0.05169, 0.05925, 0.05254, 0.08748, 0.01406, 0.05741, 0.08406, 0.06494, 0.00269, 0.04962, 0.01244, 0.09612, 0.04702, 0.03824, 0.00421, 0.00212, 0.00787, 0.0095, 0.08808, 0.03016, 0.00454, 0.05347, 0.02516, 0.0157, 0.0025, 0.03621, 0.00125, 0.00132, 0.05845, 0.04062, 0.03604, 0.00403],[0.2057, 0.21924, 0.29437, 0.23604],[5, 20, 4, 7],45,4
2.5,110,[0.00826, 0.00467, 0.00165, 0.00354, 0.08264, 0.00072, 0.05689, 0.01886, 0.00504, 0.00634, 0.04592, 0.01924, 0.03973, 0.01349, 0.0147, 0.05154, 0.04378, 0.01072, 0.09029, 0.01316, 0.00821, 0.00307, 0.00892, 0.00315, 0.01887, 0.0078, 0.00557, 0.00043, 0.06256, 0.00154, 0.02401, 0.04924, 0.00944, 0.00292, 0.01185, 0.07794, 0.02538, 0.01271, 0.03183, 0.00619, 0.02573, 0.00131, 0.00366, 0.00834, 0.01664, 0.03263, 0.00863, 0.0583, 0.01261, 0.00316, 0.046, 0.03744, 0.02786, 0.011, 0.03684],[0.20684, 0.25091, 0.37687, 0.26604, 0.31684, 0.24842],[5, 3, 4, 9, 6, 12],55,6
2.5,111,[0.00149, 0.00864, 0.00599, 0.05181, 0.01817, 0.07414, 0.02801, 0.01214, 0.03973, 0.01349, 0.0147, 0.05154, 0.04378, 0.01072, 0.09029, 0.01316, 0.00821, 0.00307, 0.00892, 0.00315, 0.01887, 0.0078, 0.00043, 0.06256, 0.00154, 0.02401, 0.04924, 0.00944, 0.00292, 0.01185, 0.07794, 0.02538, 0.01271, 0.03183, 0.00619],[0.21694, 0.26604, 0.31684, 0.24842],[8, 9, 5, 12],35,4
2.5,112,[0.00703, 0.02712, 0.00433, 0.03201, 0.04343, 0.02128, 0.00043, 0.06256, 0.00154],[0.2726],[6],9,1
2.5,113,[0.00069, 0.02016, 0.02417, 0.09177, 0.04256, 0.07833, 0.03812, 0.01339, 0.09606, 0.00364, 0.06231, 0.00738, 0.00383, 0.04037, 0.0486, 0.02469, 0.01689, 0.0678, 0.00429, 0.00753, 0.00277, 0.05639, 0.02378, 0.0052, 0.09364, 0.00072, 0.05689, 0.01886, 0.00504, 0.00634, 0.04592, 0.01924, 0.03973, 0.01349, 0.0147, 0.05154, 0.04378, 0.01072, 0.09029, 0.01316, 0.00821, 0.00307, 0.00892, 0.00315, 0.01887],[0.23386, 0.24611, 0.25091, 0.37687, 0.26604],[19, 6, 3, 4, 9],45,5
2.5,114,[0.00111, 0.07343, 0.0131, 0.03289, 0.05335, 0.02025, 0.01205, 0.03973, 0.02172, 0.0444, 0.066, 0.07626, 0.02709, 0.0546, 0.00307, 0.00892, 0.00315, 0.01887, 0.0078, 0.00043, 0.06256, 0.00154, 0.02401, 0.04924, 0.00944, 0.00292, 0.01185, 0.07794, 0.02538, 0.01271, 0.03183, 0.00619, 0.02573, 0.00131, 0.00366, 0.00834, 0.01664, 0.03263, 0.00863],[0.22157, 0.30561, 0.31684, 0.24842],[7, 7, 5, 12],39,4
2.5,115,[0.00175, 0.01005, 0.00045, 0.00749, 0.00371, 0.01906, 0.00615, 0.01755, 0.01572, 0.03711, 0.01939, 0.0028, 0.00576, 0.02017, 0.06684, 0.0872, 0.00321, 0.08825, 0.03122, 0.04008, 0.02677, 0.00478, 0.0025],[0.24401],[18],23,1
2.5,116,[0.03832, 0.02054, 0.00215, 0.00653, 0.02088, 0.00733, 0.06956, 0.05261, 0.07213, 0.00555, 0.00283, 0.03973, 0.02172, 0.0444, 0.066, 0.07626, 0.02709, 0.0546, 0.03122, 0.04008, 0.02677, 0.00478, 0.0025, 0.00559, 0.00043, 0.06256, 0.00154, 0.02401, 0.04924, 0.00944, 0.00292, 0.01185, 0.07794, 0.02538, 0.01271, 0.03183, 0.00619, 0.02573, 0.00131, 0.00366, 0.00834, 0.01664, 0.00897, 0.00839, 0.07496, 0.00139, 0.06364, 0.00476, 0.006, 0.0067, 0.06433, 0.01207, 0.02853, 0.02761, 0.0122, 0.07193],[0.3178, 0.20649, 0.28936, 0.24842, 0.22627, 0.32525, 0.26436],[11, 7, 6, 12, 6, 6, 4],56,7
2.5,117,[0.01193, 0.02569, 0.0137, 0.01378, 0.00839, 0.09637, 0.00203, 0.0541, 0.00506, 0.01781, 0.00256, 0.01285, 0.02317, 0.09662, 0.00318, 0.00333, 0.00344, 0.01042, 0.00703, 0.06074, 0.00243, 0.00262, 0.04076, 0.00349, 0.00149, 0.04463, 0.00632, 0.00556, 0.09624, 0.04702, 0.03824, 0.00421, 0.00212, 0.00044, 0.00483, 0.01083, 0.01398],[0.24128, 0.29885, 0.3154, 0.21924],[19, 4, 6, 4],37,4
2.5,118,[0.03273, 0.0042, 0.00803, 0.08138, 0.02669, 0.01663, 0.05043, 0.03168, 0.03733, 0.00349, 0.00149, 0.04463, 0.00632, 0.00556, 0.09624, 0.04702, 0.03824, 0.00421, 0.00212, 0.00044, 0.00483, 0.01083, 0.01398, 0.00626, 0.0266, 0.00294, 0.01424, 0.05169, 0.05925, 0.05254, 0.08748, 0.01406, 0.05741, 0.08406, 0.06494, 0.00269, 0.04962, 0.01244, 0.09612, 0.02219, 0.02988, 0.00787, 0.0095, 0.08808, 0.03016, 0.00454, 0.05347, 0.02516, 0.0157],[0.26623, 0.3154, 0.21924, 0.25966, 0.23604],[9, 6, 4, 22, 7],49,5
2.5,119,[0.00141, 0.00392, 0.0021, 0.00125, 0.00255, 0.04279, 0.03973, 0.01349, 0.0147, 0.05154, 0.04378, 0.01072, 0.09029, 0.01316, 0.00821, 0.00307, 0.00892, 0.00315, 0.01887, 0.0078, 0.00043, 0.06256, 0.00154, 0.02401, 0.04924, 0.00944, 0.00292, 0.01185, 0.02538, 0.01271, 0.03183, 0.00619, 0.02573, 0.00131, 0.00366, 0.00834, 0.01664, 0.03263, 0.00863, 0.0583, 0.00897, 0.00839, 0.07496, 0.00139, 0.06364, 0.00476, 0.01747, 0.06443, 0.00597, 0.09021, 0.06136, 0.02652, 0.09434, 0.0281, 0.006],[0.22862, 0.26604, 0.31684, 0.24842, 0.22627, 0.32525],[6, 9, 5, 11, 9, 14],55,6
2.5,120,[0.0004, 0.02736, 0.01261, 0.00082, 0.05615, 0.00274, 0.05396, 0.00708, 0.08691, 0.00219, 0.00307, 0.00892, 0.00315, 0.01887, 0.0078, 0.00043, 0.06256, 0.00154, 0.02401, 0.04924, 0.00944, 0.09188, 0.00292, 0.01185, 0.07794, 0.02538, 0.01271, 0.03183, 0.00619, 0.02573, 0.00131, 0.00366, 0.00834, 0.01664, 0.03263, 0.00863, 0.0583, 0.00897, 0.00839, 0.07496, 0.00139, 0.06364, 0.00476, 0.01747, 0.06443, 0.00597, 0.09021, 0.06136, 0.02652, 0.09434, 0.0281, 0.006],[0.31486, 0.31684, 0.24842, 0.22627, 0.32525],[10, 5, 13, 9, 14],52,5
2.5,121,[0.00579, 0.00113, 0.04975, 0.0041, 0.08236, 0.03261, 0.00634, 0.00177, 0.00732, 0.00787, 0.0095, 0.08808, 0.03016, 0.00454, 0.05347, 0.02516, 0.0157, 0.0025, 0.03621, 0.00125, 0.00132, 0.05845, 0.04062, 0.03604, 0.00403, 0.00753, 0.00277, 0.02378, 0.0052, 0.09364, 0.00072, 0.05689, 0.01886, 0.00504, 0.00634, 0.04592, 0.01924, 0.03973, 0.01349, 0.0147, 0.05154, 0.04378, 0.01072, 0.09029, 0.01316, 0.00821, 0.00307, 0.00892, 0.00315, 0.01887, 0.0078, 0.00557],[0.20275, 0.23604, 0.25523, 0.24611, 0.25091, 0.37687, 0.26604],[9, 7, 9, 5, 3, 4, 9],52,7
2.5,122,[0.01541, 0.06214, 0.04807, 0.00787, 0.0095, 0.08808, 0.03016, 0.00454, 0.05347, 0.02516, 0.0157, 0.0025, 0.03621, 0.00125, 0.00132, 0.05845, 0.04062, 0.03604, 0.00403, 0.05639, 0.00156, 0.00172, 0.01551, 0.08802, 0.02139, 0.01196, 0.00914, 0.00072, 0.05689, 0.01886, 0.00504, 0.00634, 0.04592, 0.01924, 0.03973, 0.01349, 0.0147, 0.05154, 0.04378, 0.01072, 0.09029, 0.01316, 0.00821, 0.00307],[0.22205, 0.23604, 0.2286, 0.29129, 0.25091, 0.37687, 0.26604],[3, 7, 9, 8, 3, 4, 9],44,7
2.5,123,[0.00973, 0.00218, 0.0012, 0.03822, 0.06033, 0.00455, 0.0016, 0.01207, 0.03394, 0.0403, 0.05922, 0.01171, 0.00835, 0.08612, 0.00306, 0.03692, 0.04702, 0.03824, 0.00421, 0.00212, 0.00044, 0.00483, 0.01083, 0.01398, 0.00626, 0.0266, 0.00294, 0.01424, 0.05169],[0.24931, 0.21924],[16, 4],29,2
2.5,124,[0.03407, 0.01942, 0.06936, 0.07794, 0.03458, 0.05491, 0.00878, 0.06018, 0.02569, 0.06106, 0.01208, 0.0026, 0.04959, 0.04702, 0.03824, 0.00421, 0.00212, 0.00044, 0.00483, 0.01083, 0.01398, 0.00626, 0.0266, 0.00294, 0.01424, 0.05169, 0.05925, 0.05254, 0.08748, 0.01406, 0.05741, 0.08406, 0.06494, 0.00269, 0.00787, 0.0095, 0.08808, 0.03016, 0.00454],[0.26792, 0.21924, 0.25966],[13, 4, 17],39,3
2.5,125,[0.00144, 0.00665, 0.00855, 0.00768, 0.00356, 0.01993, 0.03461, 0.00436, 0.00914, 0.03192, 0.03291, 0.00787, 0.0095, 0.08808, 0.03016, 0.00454, 0.05347, 0.02516, 0.0157, 0.0025, 0.03621, 0.00125, 0.00132, 0.05845, 0.04062, 0.03604, 0.00403, 0.05639, 0.00156, 0.00172, 0.01551, 0.08802, 0.02139, 0.01196, 0.00914, 0.00072, 0.05689, 0.01886, 0.00504, 0.00634],[0.22163, 0.25803, 0.23604, 0.2286, 0.29129, 0.25091],[3, 8, 7, 9, 8, 3],40,6
2.5,126,[0.00666, 0.04758, 0.07877, 0.09732, 0.01071, 0.00515, 0.0213, 0.09962, 0.02035, 0.08351, 0.06348, 0.04295, 0.02645, 0.0069, 0.03114, 0.00787, 0.0095, 0.08808, 0.03016, 0.00454, 0.05347, 0.02516, 0.00768, 0.00356, 0.01993, 0.03461, 0.00436, 0.00914, 0.03192, 0.03291, 0.00072, 0.05689, 0.01886, 0.00504, 0.00634, 0.04592, 0.01924, 0.03973, 0.01349, 0.0147],[0.21669, 0.25803, 0.33716, 0.25091, 0.37687],[15, 7, 8, 3, 4],40,5
2.5,127,[0.04285, 0.00583, 0.01861, 0.02487, 0.01472, 0.0163, 0.02158, 0.00284, 0.00942, 0.02232, 0.00339, 0.02075, 0.02882, 0.02256, 0.06065, 0.01987, 0.02078, 0.02536, 0.03716, 0.01366, 0.0391, 0.04219],[0.27338],[19],22,1
2.5,128,[0.00467, 0.07373, 0.01906, 0.05815, 0.0533, 0.00202, 0.00813, 0.02152, 0.00966, 0.03973, 0.01349, 0.0147, 0.05154, 0.04378, 0.01072, 0.09029, 0.01316, 0.00821, 0.03122, 0.04008, 0.02677, 0.00478, 0.0025, 0.00559, 0.00043, 0.06256, 0.00154, 0.02401, 0.04924, 0.00944, 0.00292, 0.01185, 0.07794, 0.02538, 0.01271, 0.03183, 0.00619, 0.02573, 0.00131, 0.00366, 0.00834, 0.01664, 0.03263, 0.00863, 0.0583, 0.00897, 0.00839, 0.07496, 0.00139, 0.06364, 0.00476, 0.01747, 0.06443, 0.00597, 0.09021, 0.06136, 0.02652, 0.0281],[0.28735, 0.2458, 0.28936, 0.24842, 0.22627, 0.32525],[9, 9, 6, 12, 9, 13],58,6
2.5,129,[0.02941, 0.00195, 0.04011, 0.0289, 0.00917, 0.04611, 0.02962, 0.07361, 0.01676, 0.03635, 0.04091, 0.00307, 0.00892, 0.00315, 0.01887, 0.0078, 0.03973, 0.01349, 0.0147, 0.05154, 0.04378, 0.01072, 0.09029, 0.01316, 0.00821, 0.03122, 0.04008, 0.02677, 0.00478, 0.0025, 0.00559, 0.00043, 0.06256, 0.00154],[0.23473, 0.26604, 0.2458, 0.28936],[11, 5, 9, 6],34,4
2.5,130,[0.00559, 0.00102, 0.03326, 0.00266, 0.00557, 0.04829, 0.04846, 0.08887, 0.00614, 0.00497, 0.00253, 0.0768, 0.03973, 0.02172, 0.0444, 0.066, 0.07626, 0.02709, 0.0546, 0.03122, 0.04008, 0.02677, 0.00478, 0.0025, 0.00559, 0.00043, 0.06256, 0.00154, 0.02401, 0.04924, 0.00944, 0.00292, 0.01185, 0.07794, 0.02538, 0.01271, 0.03183, 0.00619, 0.02573, 0.00131, 0.00366, 0.00834, 0.01664, 0.00897, 0.00839, 0.07496, 0.00139, 0.06364, 0.00476, 0.006, 0.0067, 0.06433, 0.01207, 0.02853, 0.02761],[0.34237, 0.20649, 0.28936, 0.24842, 0.22627, 0.32525, 0.26436],[12, 7, 6, 12, 6, 6, 4],55,7
2.5,131,[0.01903, 0.03627, 0.01491, 0.08754, 0.05454, 0.00787, 0.00202, 0.01656, 0.0024, 0.09401, 0.03064, 0.00326, 0.0394, 0.02046, 0.06074, 0.00243, 0.00262, 0.04076, 0.00349, 0.00149, 0.04463, 0.00632, 0.00556, 0.09624, 0.04702, 0.03824, 0.00421, 0.00212, 0.00044, 0.00483, 0.01083, 0.01398, 0.00626, 0.0266, 0.00294, 0.01424, 0.05169, 0.05925, 0.05254, 0.08748, 0.01406, 0.05741, 0.08406, 0.06494],[0.23424, 0.29885, 0.3154, 0.21924],[14, 4, 6, 4],44,4
2.5,132,[0.01956, 0.00883, 0.00745, 0.00471, 0.00211, 0.03973, 0.01349, 0.0147, 0.05154, 0.04378, 0.01072, 0.09029, 0.01316, 0.00821, 0.03122, 0.04008, 0.02677, 0.00478, 0.0025, 0.00559, 0.00043, 0.06256, 0.00154, 0.02401, 0.04924, 0.00944, 0.00292, 0.01185, 0.07794, 0.02538, 0.01271, 0.03183, 0.00619, 0.02573, 0.00131, 0.00366, 0.00834, 0.01664, 0.03263, 0.00863, 0.0583, 0.00897, 0.00839, 0.07496, 0.00139, 0.06364, 0.00476, 0.01747, 0.06443, 0.00597, 0.09021, 0.06136, 0.02652, 0.09434, 0.0281],[0.2495, 0.2458, 0.28936, 0.24842, 0.22627],[5, 9, 6, 12, 9],55,5
2.5,133,[0.00023, 0.01802, 0.00798, 0.02598, 0.03057, 0.02075, 0.00347, 0.07204, 0.05084, 0.07097, 0.02017, 0.05137, 0.03322, 0.02949, 0.01523, 0.09722, 0.06435, 0.08688, 0.06074, 0.00243, 0.00262, 0.00349, 0.00149, 0.04463, 0.00632, 0.00556, 0.09624],[0.20474, 0.29885, 0.3154],[18, 3, 6],27,3
2.5,134,[0.02373, 0.00108, 0.02479, 0.05135, 0.00362, 0.02646, 0.03687, 0.01555, 0.0024, 0.00043, 0.06256, 0.00154, 0.02401, 0.04924, 0.00944, 0.09615, 0.09188, 0.00619, 0.02573, 0.00131, 0.00366, 0.00834, 0.01664, 0.03973, 0.01349, 0.0147, 0.04378, 0.01072, 0.01316, 0.00821, 0.08184, 0.03029, 0.00541, 0.01961, 0.00307, 0.00892, 0.00315, 0.01887, 0.0078, 0.00072, 0.05689, 0.01886, 0.00504, 0.00634, 0.04592],[0.26363, 0.24842, 0.25808, 0.26604, 0.32441, 0.25091],[9, 8, 6, 11, 5, 3],45,6
2.5,135,[0.00065, 0.04064, 0.0564, 0.00178, 0.0021, 0.0143, 0.00488, 0.02933, 0.01971, 0.006, 0.0067, 0.06433, 0.01207, 0.02853, 0.02761, 0.0122, 0.07193, 0.06078, 0.00972, 0.0157, 0.0025, 0.03621, 0.00125, 0.00132, 0.05845, 0.04062, 0.03604, 0.00403, 0.00787, 0.0095, 0.03016, 0.00454, 0.05347, 0.02516, 0.04441, 0.00715, 0.01437, 0.0038, 0.00406, 0.01274, 0.00434, 0.00768, 0.00356, 0.01993],[0.21961, 0.26436, 0.23424, 0.23604, 0.25803],[9, 4, 6, 9, 13],44,5
2.5,136,[0.02253, 0.02195, 0.06107, 0.05137, 0.03208, 0.0379, 0.00464, 0.00939, 0.01316, 0.08909, 0.00307, 0.00892, 0.00315, 0.01887, 0.0078, 0.00043, 0.06256, 0.00154, 0.02401, 0.04924, 0.00944, 0.00292, 0.01185, 0.07794, 0.02538, 0.01271, 0.03183, 0.00619, 0.02573, 0.00131, 0.00366, 0.00834, 0.01664, 0.03263],[0.32706, 0.31684, 0.24842],[10, 5, 12],34,3
2.5,137,[0.00372, 0.05126, 0.04745, 0.0086, 0.00495, 0.00543, 0.02457, 0.00854, 0.02038, 0.07517, 0.0794, 0.02983, 0.03539, 0.00735, 0.03122, 0.04008, 0.02677, 0.00478, 0.0025, 0.00559, 0.03973, 0.02172, 0.0444, 0.066, 0.07626, 0.02709, 0.0546, 0.00307, 0.00892, 0.00315, 0.01887, 0.0078, 0.00043, 0.06256, 0.00154, 0.02401, 0.04924, 0.00944, 0.00292, 0.01185, 0.07794, 0.02538, 0.01271, 0.03183, 0.00619, 0.02573, 0.00131, 0.00366],[0.27357, 0.20649, 0.30561, 0.31684, 0.24842],[14, 6, 7, 5, 12],48,5
2.5,138,[0.00354, 0.00368, 0.02267, 0.00308, 0.02855, 0.07896, 0.0504, 0.00072, 0.05689, 0.01886, 0.00504, 0.00634, 0.04592, 0.01924, 0.03973, 0.01349, 0.0147, 0.05154, 0.04378, 0.01072, 0.09029, 0.01316, 0.00821, 0.00307, 0.00892, 0.00315, 0.01887, 0.0078, 0.00557, 0.00043, 0.06256, 0.00154, 0.02401, 0.04924, 0.00944, 0.00292, 0.01185, 0.07794, 0.02538, 0.01271, 0.03183, 0.00619, 0.02573, 0.00131, 0.00366, 0.00834, 0.01664, 0.03263, 0.00863, 0.0583],[0.22577, 0.25091, 0.37687, 0.26604, 0.31684, 0.24842],[7, 3, 4, 9, 6, 12],50,6
2.5,139,[0.02776, 0.06053, 0.00435, 0.00153, 0.01091, 0.01202, 0.04195, 0.03995, 0.00508, 0.04329, 0.04176, 0.00851, 0.00286, 0.0577, 0.00304, 0.01559, 0.04302, 0.00717, 0.0157, 0.0025, 0.03621, 0.00125, 0.00132, 0.05845, 0.04062, 0.03604, 0.00403, 0.00787, 0.0095, 0.08808, 0.03016, 0.00454, 0.05347],[0.2222, 0.23604],[18, 9],33,2
2.5,140,[0.00181, 0.00085, 0.02858, 0.02289, 0.00255, 0.00483, 0.09764, 0.02691, 0.00582, 0.00844, 0.00236, 0.0802, 0.04135, 0.006, 0.0067, 0.06433, 0.01207, 0.02853, 0.02761, 0.0122, 0.07193, 0.06078, 0.00972, 0.0157, 0.0025, 0.03621, 0.00125, 0.00132, 0.05845, 0.04062, 0.03604, 0.00403, 0.00787, 0.0095, 0.03016, 0.00454, 0.05347, 0.02516, 0.04441, 0.00715, 0.01437, 0.0038, 0.00406, 0.01274, 0.00434, 0.00768, 0.00356, 0.01993, 0.03461, 0.00436, 0.00914, 0.03192, 0.03291, 0.00072, 0.05689, 0.01886, 0.00567, 0.03286, 0.006, 0.00607, 0.07427, 0.04141, 0.00753],[0.31226, 0.26436, 0.23424, 0.23604, 0.25803, 0.33716, 0.24611],[13, 4, 6, 9, 13, 8, 9],63,7
2.5,141,[0.00445, 0.02873, 0.03956, 0.03119, 0.04197, 0.02983, 0.04109, 0.00223, 0.09875, 0.02893, 0.02705, 0.07398, 0.04848, 0.02347, 0.01827, 0.01406, 0.02984, 0.04531, 0.03081],[],[],19,0
2.5,142,[0.00113, 0.0336, 0.00187, 0.0157, 0.0025, 0.03621, 0.00125, 0.00132, 0.05845, 0.04062, 0.03604, 0.00403, 0.00787, 0.0095, 0.08808, 0.03016, 0.00454, 0.05347, 0.02516, 0.00768, 0.00356, 0.01993, 0.03461, 0.00436, 0.00914, 0.03192, 0.03291, 0.00072, 0.05689, 0.01886, 0.00504, 0.00634, 0.04592, 0.01924, 0.03973, 0.01349, 0.0147, 0.05154, 0.04378, 0.01072, 0.09029, 0.01316, 0.00821, 0.00307],[0.2121, 0.23604, 0.25803, 0.33716, 0.25091, 0.37687, 0.26604],[3, 9, 7, 8, 3, 4, 9],44,7
2.5,143,[0.01439, 0.01955, 0.0063, 0.06083, 0.08067, 0.05446, 0.02752, 0.03986, 0.02142, 0.04311, 0.08184, 0.0146, 0.00847, 0.01794, 0.00787, 0.0095, 0.08808, 0.03016, 0.00454, 0.05347, 0.02516, 0.0157, 0.0025, 0.03621, 0.00125],[0.34363, 0.23604],[14, 7],25,2
2.5,144,[0.0393, 0.05665, 0.00156, 0.00474, 0.09689, 0.05359, 0.04812, 0.00211, 0.05135, 0.006, 0.0067, 0.06433, 0.01207, 0.02853, 0.02761, 0.0122, 0.07193, 0.06078, 0.00972, 0.0157, 0.0025, 0.03621, 0.00125, 0.00132, 0.05845, 0.04062, 0.03604, 0.00403, 0.00787, 0.0095, 0.03016, 0.00454, 0.05347, 0.02516, 0.04441, 0.00715, 0.01437, 0.0038, 0.00406, 0.01274, 0.00434, 0.00768, 0.00356, 0.01993, 0.03461, 0.00436, 0.00914, 0.03192, 0.03291, 0.00072, 0.05689, 0.01886, 0.00567, 0.03286, 0.006, 0.00607, 0.07427, 0.04141, 0.00753],[0.29591, 0.26436, 0.23424, 0.23604, 0.25803, 0.33716, 0.24611],[9, 4, 6, 9, 13, 8, 9],59,7
2.5,145,[0.00283, 0.00678, 0.00753, 0.0108, 0.01185, 0.02494, 0.03216, 0.01749, 0.00536, 0.0832, 0.07437, 0.03775, 0.03305, 0.05166, 0.01366, 0.0391, 0.04219, 0.00281, 0.04403, 0.02443, 0.01208, 0.05141, 0.02609, 0.02254, 0.02546, 0.02675, 0.00488, 0.02692, 0.01298, 0.08594, 0.02861, 0.03167, 0.00111, 0.02868, 0.04189, 0.04905, 0.00181, 0.05857, 0.00865, 0.0656, 0.02903, 0.0076, 0.02348, 0.02557, 0.00877, 0.08478],[0.21668, 0.23729],[14, 18],46,2
2.5,146,[0.02571, 0.0023, 0.00464, 0.02971, 0.02098, 0.01913, 0.00153, 0.04889, 0.01014, 0.04983, 0.08432, 0.00425, 0.05195, 0.04702, 0.03824, 0.00421, 0.00212, 0.00787, 0.0095, 0.08808, 0.03016, 0.00454, 0.05347, 0.02516, 0.0157, 0.0025, 0.03621, 0.00125, 0.00132, 0.05845, 0.04062, 0.03604, 0.00403, 0.04793, 0.00544],[0.22042, 0.29437, 0.23604],[13, 4, 7],35,3
2.5,147,[0.02053, 0.01104, 0.00282, 0.01694, 0.01691, 0.05639, 0.00156, 0.00172, 0.01551, 0.08802, 0.02139, 0.01196, 0.00914, 0.0157, 0.0025, 0.03621, 0.00125, 0.00132, 0.05845, 0.04062, 0.03604, 0.00403, 0.00787, 0.0095, 0.08808, 0.03016, 0.00454, 0.05347, 0.02516, 0.00768, 0.00356, 0.01993, 0.03461, 0.00436, 0.00914, 0.03192, 0.03291, 0.00718, 0.00072, 0.05689, 0.01886, 0.00504, 0.00634, 0.04592, 0.01924, 0.03973, 0.01349, 0.0147, 0.05154, 0.04378, 0.01072, 0.09029, 0.01316],[0.264, 0.2286, 0.23604, 0.25803, 0.33716, 0.25091, 0.37687],[5, 8, 9, 7, 9, 3, 4],53,7
2.5,148,[0.01113, 0.08152, 0.04531, 0.00072, 0.05689, 0.01886, 0.00504, 0.00634, 0.04592, 0.01924, 0.07496, 0.00937, 0.00262, 0.00528, 0.07043, 0.01295, 0.0065, 0.02008, 0.0034, 0.03973, 0.01349, 0.0147, 0.05154, 0.04378, 0.01072, 0.09029, 0.01316, 0.00821, 0.03122, 0.04008, 0.02677, 0.00478, 0.0025, 0.00559, 0.00043, 0.06256, 0.00154, 0.02401, 0.04924, 0.00944, 0.00292, 0.01185, 0.07794, 0.02538, 0.01271, 0.03183, 0.00619, 0.02573, 0.00131, 0.00366, 0.00834, 0.01664],[0.2478, 0.25091, 0.37687, 0.2458, 0.28936, 0.24842],[3, 3, 13, 9, 6, 12],52,6
2.5,149,[0.00023, 0.00064, 0.00402, 0.01048, 0.00162, 0.05639, 0.00156, 0.00172, 0.01551, 0.08802, 0.02139, 0.01196, 0.00914, 0.0157, 0.0025, 0.03621, 0.00125, 0.00132, 0.05845, 0.04062, 0.03604, 0.00403, 0.00787, 0.0095, 0.08808, 0.03016, 0.00454, 0.05347, 0.02516, 0.00768, 0.00356, 0.01993, 0.03461, 0.00436, 0.00914, 0.03192, 0.03291, 0.00718, 0.00072, 0.05689, 0.01886, 0.00504, 0.00634, 0.04592, 0.01924, 0.03973, 0.01349, 0.0147, 0.05154, 0.04378, 0.01072, 0.09029, 0.01316, 0.00821],[0.30649, 0.2286, 0.23604, 0.25803, 0.33716, 0.25091, 0.37687, 0.26604],[5, 8, 9, 7, 9, 3, 4, 9],54,8
2.5,150,[0.02872, 0.02116, 0.07752, 0.00714, 0.00194, 0.05129, 0.0371, 0.06653, 0.07396, 0.01122, 0.07022, 0.04702, 0.03824, 0.00421, 0.00212, 0.00787, 0.0095, 0.08808, 0.03016, 0.00454, 0.05347, 0.02516, 0.0157, 0.0025, 0.03621, 0.00125, 0.00132, 0.05845, 0.04062, 0.03604, 0.00403, 0.04793, 0.00544, 0.04816, 0.01461, 0.0263, 0.06662],[0.20531, 0.29437, 0.23604],[11, 4, 7],37,3
2.5,151,[0.00289, 0.00317, 0.00858, 0.01317, 0.00504, 0.00634, 0.04592, 0.01924, 0.00072, 0.05689, 0.01886, 0.00753, 0.00277, 0.05639, 0.02378, 0.0052, 0.09364, 0.0157, 0.0025, 0.03621, 0.00125, 0.00132, 0.05845, 0.04062, 0.03604, 0.00403, 0.00787, 0.0095, 0.08808, 0.03016, 0.00454, 0.05347, 0.02516, 0.00768, 0.00356, 0.01993, 0.03461, 0.00436, 0.00914, 0.03192, 0.03291, 0.00718, 0.00063, 0.02886, 0.02964, 0.01302, 0.00083, 0.04564, 0.01332, 0.01544, 0.09483, 0.00705, 0.00602],[0.2697, 0.25091, 0.24611, 0.25523, 0.23604, 0.25803, 0.29232, 0.22526],[4, 4, 3, 6, 9, 7, 9, 3],53,8
2.5,152,[0.02148, 0.02011, 0.00378, 0.00417, 0.02046, 0.04627, 0.00162, 0.05833, 0.00787, 0.0095, 0.08808, 0.03016, 0.00454, 0.05347, 0.02516, 0.0157, 0.0025, 0.03621, 0.00125, 0.00132, 0.05845, 0.04062, 0.03604, 0.00403, 0.05639, 0.00156, 0.00172, 0.01551, 0.08802, 0.02139, 0.01196, 0.00914, 0.00072, 0.05689, 0.01886, 0.00504, 0.00634, 0.04592, 0.01924, 0.03973],[0.32643, 0.23604, 0.2286, 0.29129, 0.25091, 0.37687],[8, 7, 9, 8, 3, 4],40,6
2.5,153,[0.00097, 0.00165, 0.01802, 0.05589, 0.04417, 0.09234, 0.00357, 0.01791, 0.06322, 0.03083, 0.08802, 0.09364, 0.04313, 0.08808, 0.07193, 0.00399, 0.04107, 0.00756, 0.07368, 0.01413, 0.07182, 0.05104, 0.00301, 0.01511, 0.00314, 0.0157, 0.0025, 0.03621, 0.00125, 0.00132, 0.05845, 0.04062, 0.03604, 0.00403, 0.00044, 0.00483, 0.01083, 0.01398, 0.00626, 0.0266, 0.00294, 0.01424, 0.05169, 0.05925, 0.05254, 0.08748, 0.01406, 0.05741, 0.08406, 0.06494, 0.00269, 0.04702],[0.23544, 0.23523, 0.21412, 0.27603, 0.21924],[7, 5, 13, 9, 17],52,5
2.5,154,[0.03421, 0.03591, 0.02729, 0.00787, 0.0095, 0.08808, 0.03016, 0.00454, 0.05347, 0.02516, 0.0157, 0.0025, 0.03621, 0.00125, 0.00132, 0.05845, 0.04062, 0.03604, 0.00403, 0.05639, 0.00156, 0.00172, 0.01551, 0.08802, 0.02139, 0.01196, 0.00914, 0.00072, 0.05689, 0.01886, 0.00504, 0.00634, 0.04592, 0.01924, 0.03973, 0.01349, 0.0147, 0.05154, 0.04378, 0.01072, 0.09029, 0.01316, 0.00821, 0.00307, 0.00892, 0.00315],[0.22191, 0.23604, 0.2286, 0.29129, 0.25091, 0.37687, 0.26604],[3, 7, 9, 8, 3, 4, 9],46,7
2.5,155,[0.02853, 0.00716, 0.02819, 0.01213, 0.09728, 0.02913, 0.00787, 0.0095, 0.08808, 0.03016, 0.00454, 0.05347, 0.02516, 0.0157, 0.0025, 0.03621, 0.00125, 0.00132, 0.05845, 0.04062, 0.03604, 0.00403, 0.05639, 0.00156, 0.00172, 0.01551, 0.02139, 0.01196, 0.00914, 0.00072, 0.05689, 0.01886, 0.00504, 0.00634, 0.04592, 0.01924, 0.03973, 0.01349, 0.0147, 0.05154, 0.04378, 0.01072, 0.09029, 0.01316, 0.00821],[0.2524, 0.23604, 0.2286, 0.29129, 0.25091, 0.37687, 0.26604],[6, 7, 9, 7, 3, 4, 9],45,7
2.5,156,[0.01238, 0.00992, 0.00181, 0.00504, 0.00634, 0.04592, 0.01924, 0.00072, 0.05689, 0.01886, 0.00753, 0.00277, 0.05639, 0.02378, 0.0052, 0.09364, 0.0157, 0.0025, 0.03621, 0.00125, 0.00132, 0.05845, 0.04062, 0.03604, 0.00403, 0.00787, 0.0095, 0.08808, 0.03016, 0.00454, 0.05347, 0.02516, 0.00768, 0.00356, 0.01993, 0.03461, 0.00436, 0.00914, 0.03192, 0.03291, 0.00718, 0.00063, 0.02886, 0.02964, 0.01302, 0.00083, 0.04564, 0.01332, 0.01544, 0.09483, 0.00705, 0.00602],[0.28619, 0.25091, 0.24611, 0.25523, 0.23604, 0.25803, 0.29232, 0.22526],[3, 4, 3, 6, 9, 7, 9, 3],52,8
2.5,157,[0.01119, 0.00074, 0.0015, 0.00311, 0.06025, 0.00219, 0.03282, 0.00238, 0.00349, 0.00149, 0.04463, 0.00632, 0.00556, 0.09624, 0.04702, 0.03824, 0.00421, 0.00212, 0.00044, 0.00483, 0.01083, 0.01398, 0.00626, 0.0266, 0.00294, 0.01424, 0.05169, 0.05925, 0.05254, 0.08748, 0.01406, 0.05741, 0.08406, 0.06494, 0.00269, 0.04962, 0.01244, 0.09612, 0.02219, 0.02988, 0.00787, 0.0095, 0.08808, 0.03016, 0.00454, 0.05347, 0.02516, 0.0157, 0.0025, 0.03621, 0.00125, 0.00132, 0.05845, 0.04062, 0.03604, 0.00403, 0.04793, 0.00544, 0.04816],[0.30965, 0.3154, 0.21924, 0.25966, 0.23604],[8, 6, 4, 22, 7],59,5
2.5,158,[0.02235, 0.03364, 0.05163, 0.04147, 0.0369, 0.03081, 0.00331, 0.04158, 0.00199, 0.05893, 0.00217, 0.0091, 0.07843, 0.00787, 0.0095, 0.08808, 0.03016, 0.00454, 0.05347, 0.02516, 0.0157, 0.0025, 0.03621, 0.00125, 0.00132, 0.05845, 0.04062, 0.03604, 0.00403],[0.27595, 0.23604],[13, 7],29,2
2.5,159,[0.00995, 0.05722, 0.00407, 0.01773, 0.02117, 0.01805, 0.00209, 0.02715, 0.02876, 0.01723, 0.07075, 0.00044],[0.20909],[11],12,1
2.5,160,[0.00587, 0.06823, 0.07998, 0.06417, 0.05547, 0.02181, 0.07181, 0.00072, 0.05689, 0.01886, 0.00753, 0.00277, 0.05639, 0.02378, 0.0052, 0.09364, 0.0157, 0.0025, 0.03621, 0.00125, 0.00132, 0.05845, 0.04062, 0.03604, 0.00403, 0.00787, 0.0095, 0.08808, 0.03016, 0.00454, 0.05347, 0.02516, 0.00768, 0.00356, 0.01993, 0.03461, 0.00436, 0.00914, 0.03192, 0.03291, 0.00718, 0.00063, 0.02886, 0.02964, 0.01302, 0.00083, 0.04564, 0.01332, 0.01544, 0.09483, 0.00705, 0.00602],[0.25618, 0.24611, 0.25523, 0.23604, 0.25803, 0.29232, 0.22526],[7, 3, 6, 9, 7, 9, 3],52,7
2.5,161,[0.0182, 0.00098, 0.00104, 0.08441, 0.01065, 0.06074, 0.00243, 0.00262, 0.00314, 0.00261, 0.00324, 0.00536, 0.0102, 0.0087, 0.00257, 0.00259, 0.04424, 0.02861, 0.02138, 0.02408, 0.00904, 0.00589, 0.00311, 0.06615],[0.21478, 0.33281, 0.21477],[5, 3, 9],24,3
2.5,162,[0.02807, 0.00352, 0.01685, 0.00349, 0.00149, 0.04463, 0.00632, 0.00556, 0.09624, 0.06074, 0.00243, 0.00262, 0.04702, 0.03824, 0.00421, 0.00212, 0.00044, 0.00483, 0.01083, 0.01398, 0.00626, 0.0266, 0.00294, 0.01424, 0.05169, 0.05925, 0.05254, 0.08748, 0.01406, 0.05741, 0.08406, 0.06494, 0.00269, 0.04962, 0.01244, 0.09612, 0.02219, 0.02988, 0.00787, 0.0095, 0.08808, 0.03016, 0.00454, 0.05347, 0.02516, 0.0157, 0.0025, 0.03621, 0.00125, 0.00132, 0.05845, 0.04062, 0.03604, 0.00403, 0.04793, 0.00544],[0.31679, 0.29885, 0.32874, 0.21924, 0.25966, 0.23604],[3, 6, 3, 4, 22, 7],56,6
2.5,163,[0.03194, 0.01824, 0.05435, 0.00316, 0.00553, 0.00378, 0.00815, 0.00044, 0.00483, 0.01083, 0.01398, 0.00626, 0.0266, 0.00294, 0.01424, 0.05169, 0.05925, 0.05254, 0.08748, 0.01406, 0.05741, 0.08406, 0.06494, 0.00269, 0.00787, 0.0095, 0.08808, 0.03016, 0.00454, 0.05347, 0.02516, 0.0157, 0.0025, 0.03621, 0.00125, 0.00132, 0.05845, 0.04062, 0.03604, 0.00403],[0.23819, 0.25966, 0.23604],[7, 17, 7],40,3
2.5,164,[0.00621, 0.01038, 0.07731, 0.02826, 0.0069, 0.03973, 0.02172, 0.0444, 0.066, 0.07626, 0.02709, 0.0546, 0.03122, 0.04008, 0.02677, 0.00478, 0.0025, 0.00559, 0.00043, 0.06256, 0.00154, 0.02401, 0.04924, 0.00944, 0.00292, 0.01185, 0.07794, 0.02538, 0.01271, 0.03183, 0.00577, 0.01534, 0.00836, 0.03171, 0.0058, 0.00234, 0.00254, 0.03902],[0.22782, 0.20649, 0.28936, 0.22231],[5, 7, 6, 12],38,4
2.5,165,[0.00838, 0.00156, 0.03984, 0.03973, 0.01349, 0.0147, 0.05154, 0.04378, 0.01072, 0.09029, 0.01316, 0.00821, 0.00307, 0.00892, 0.00315, 0.01887, 0.0078, 0.00043, 0.06256, 0.00154, 0.02401, 0.04924, 0.00944, 0.00292, 0.01185, 0.07794, 0.02538, 0.01271, 0.03183, 0.00619, 0.02573, 0.00131, 0.00366, 0.00834, 0.01664, 0.03263, 0.00863, 0.0583, 0.00897, 0.00839, 0.07496, 0.00139, 0.06364, 0.00476, 0.01747, 0.06443, 0.00597, 0.09021, 0.06136, 0.02652, 0.09434, 0.0281, 0.006],[0.28269, 0.26604, 0.31684, 0.24842, 0.22627, 0.32525],[3, 9, 5, 12, 9, 14],53,6
2.5,166,[0.00324, 0.00942, 0.06074, 0.00243, 0.00262, 0.00349, 0.00149, 0.04463, 0.00632, 0.00556, 0.09624, 0.04702, 0.03824, 0.00421, 0.00212, 0.00044, 0.00483, 0.01083, 0.01398, 0.00626, 0.0266, 0.00294, 0.01424, 0.05169, 0.05925, 0.05254, 0.08748, 0.01406, 0.05741, 0.08406, 0.06494, 0.00269, 0.04962, 0.01244, 0.09612, 0.02219, 0.02988, 0.00787, 0.0095, 0.08808, 0.03016, 0.00454, 0.05347, 0.02516, 0.0157, 0.0025, 0.03621, 0.00125, 0.00132, 0.05845, 0.04062, 0.03604, 0.00403, 0.04793, 0.00544, 0.04816],[0.27303, 0.29885, 0.3154, 0.21924, 0.25966, 0.23604],[2, 3, 6, 4, 22, 7],56,6
2.5,167,[0.01117, 0.03855, 0.00245, 0.05687, 0.06932, 0.09701, 0.02351, 0.00275, 0.03122, 0.04008, 0.02677, 0.00478, 0.0025, 0.00559, 0.02172, 0.0444, 0.02709, 0.0546, 0.00307, 0.00892, 0.00315, 0.01887, 0.0078, 0.00072, 0.05689, 0.01886, 0.00504, 0.00634, 0.04592, 0.01924, 0.07496, 0.00937, 0.00262, 0.00528, 0.07043, 0.01295, 0.0065, 0.02008, 0.0034, 0.006],[0.20706, 0.22699, 0.20649, 0.30561, 0.32441, 0.25091, 0.39277],[6, 2, 6, 4, 5, 3, 13],40,7
2.5,168,[0.0056, 0.0017, 0.01151, 0.01983, 0.05724, 0.04313, 0.03057, 0.04992, 0.00534, 0.02765, 0.00863, 0.08772, 0.00955, 0.03824, 0.00307, 0.00892, 0.00315, 0.01887, 0.0078, 0.03973, 0.01349, 0.0147, 0.05154, 0.04378, 0.01072, 0.09029, 0.01316, 0.00821, 0.03122, 0.04008, 0.02677, 0.00478, 0.0025, 0.00559, 0.00043, 0.06256, 0.00154, 0.02401, 0.04924, 0.00944, 0.00292, 0.01185, 0.07794, 0.02538, 0.01271, 0.03183, 0.00619, 0.02573, 0.00131],[0.21034, 0.26604, 0.2458, 0.28936, 0.24842],[14, 5, 9, 6, 12],49,5
2.5,169,[0.01761, 0.02266, 0.04401, 0.00359, 0.04465, 0.07636, 0.03973, 0.01349, 0.0147, 0.05154, 0.04378, 0.01072, 0.09029, 0.01316, 0.00821, 0.00307, 0.00892, 0.00315, 0.01887, 0.0078, 0.00043, 0.06256, 0.00154, 0.02401, 0.04924, 0.00944, 0.00292, 0.01185, 0.07794, 0.02538, 0.01271, 0.03183, 0.00619, 0.02573, 0.00131, 0.00366, 0.00834, 0.01664, 0.03263, 0.00863, 0.0583, 0.00897, 0.00839, 0.07496, 0.00139, 0.06364, 0.00476, 0.01747, 0.06443, 0.00597, 0.09021, 0.06136, 0.02652, 0.09434, 0.0281, 0.006],[0.21157, 0.26604, 0.31684, 0.24842, 0.22627, 0.32525],[6, 9, 5, 12, 9, 14],56,6
2.5,170,[0.07889, 0.04142, 0.0208, 0.02475, 0.01595, 0.01791, 0.06322, 0.03083, 0.08802, 0.09364, 0.00072, 0.05689, 0.01886, 0.00504, 0.00634, 0.04592, 0.01924, 0.03973, 0.01349, 0.0147, 0.05154, 0.04378, 0.01072, 0.09029, 0.01316, 0.00821, 0.00307, 0.00892, 0.00315, 0.01887, 0.0078, 0.00557, 0.00043, 0.06256, 0.00154, 0.02401, 0.04924, 0.00944, 0.00292, 0.01185, 0.07794, 0.02538, 0.01271, 0.03183, 0.00619, 0.02573, 0.00131, 0.00366],[0.22111, 0.23624, 0.25091, 0.37687, 0.26604, 0.31684, 0.24842],[5, 5, 3, 4, 9, 6, 12],48,7
2.5,171,[0.0067, 0.04872, 0.06812, 0.00566, 0.03173, 0.02538, 0.00162, 0.04673, 0.00831, 0.006, 0.0067, 0.06433, 0.01207, 0.00504, 0.00634, 0.04592, 0.01924, 0.00072, 0.05689, 0.01886, 0.00567, 0.03286, 0.006, 0.00607, 0.07427, 0.04141, 0.00753, 0.00277, 0.05639, 0.02378, 0.0052, 0.09364, 0.01356, 0.09083, 0.00285, 0.01712],[0.28738, 0.39277, 0.25091, 0.24611],[9, 4, 4, 9],36,4
2.5,172,[0.00192, 0.0077, 0.01184, 0.00918, 0.0488, 0.00326, 0.04313, 0.08808, 0.07193, 0.00399, 0.04107, 0.00756, 0.07368, 0.01413, 0.07182, 0.05104, 0.00301, 0.01511, 0.00314, 0.0157, 0.0025, 0.03621, 0.00125, 0.00132, 0.04062, 0.03604, 0.00403, 0.05639, 0.00156, 0.00172, 0.01551, 0.08802, 0.02139, 0.01196, 0.00914, 0.00072, 0.05689, 0.01886, 0.00504, 0.00634, 0.04592, 0.01924, 0.03973, 0.01349, 0.0147, 0.05154, 0.04378, 0.01072],[0.20411, 0.21412, 0.2286, 0.29129, 0.25091, 0.37687],[6, 13, 8, 8, 3, 4],48,6
2.5,173,[0.01569, 0.01226, 0.03046, 0.01308, 0.01294, 0.06276, 0.0058, 0.04109, 0.00642, 0.02957, 0.01002, 0.01366, 0.0391, 0.04219, 0.00281, 0.04403, 0.02443, 0.01208, 0.05141, 0.02609, 0.02254, 0.02546, 0.02675, 0.00488, 0.02692, 0.01298, 0.08594, 0.02861, 0.03167, 0.00111, 0.02868, 0.04189, 0.04905, 0.00181, 0.05857, 0.00865, 0.0656, 0.02903, 0.0076, 0.02348, 0.02557, 0.00877, 0.08478],[0.28015, 0.23729, 0.27571],[11, 18, 14],43,3
2.5,174,[0.03097, 0.01854, 0.03892, 0.00168, 0.0129, 0.00225, 0.00902, 0.05395, 0.00746, 0.00273, 0.03687, 0.04233, 0.02612, 0.00334, 0.09914, 0.01366, 0.0391, 0.04219, 0.00281, 0.04403, 0.02443, 0.01208, 0.05141, 0.02609, 0.02254, 0.02546, 0.02675, 0.00488, 0.02692, 0.01298, 0.08594, 0.02861, 0.03167, 0.00111, 0.02868],[0.21445, 0.23729],[15, 18],35,2
2.5,175,[0.04936, 0.00094, 0.00509, 0.06972, 0.00175, 0.00746, 0.00908, 0.05639, 0.00156, 0.00172, 0.01551, 0.08802, 0.02139, 0.01196, 0.00914, 0.0157, 0.0025, 0.03621, 0.00125, 0.00132, 0.05845, 0.04062, 0.03604, 0.00403, 0.00044, 0.00483, 0.01083, 0.01398, 0.00626, 0.0266, 0.00294, 0.01424, 0.05169, 0.05925, 0.05254, 0.08748, 0.01406, 0.05741, 0.08406, 0.06494, 0.00269, 0.04702, 0.03824, 0.00421, 0.00212, 0.01671, 0.00281, 0.01797, 0.003, 0.01036, 0.08122, 0.04327],[0.23949, 0.2286, 0.27603, 0.21924],[7, 8, 9, 17],52,4
2.5,176,[0.01302, 0.01528, 0.01782, 0.01831, 0.00214, 0.00767, 0.07944, 0.00527, 0.01026, 0.02431, 0.05007, 0.07593, 0.00405, 0.00421, 0.04688, 0.01366, 0.0391, 0.04219, 0.00281, 0.04403, 0.02443, 0.01208, 0.05141, 0.02609, 0.02254, 0.02546, 0.02675, 0.00488, 0.02692, 0.01298, 0.08594, 0.02861, 0.03167, 0.00111, 0.02868, 0.04189, 0.04905, 0.00181, 0.05857, 0.00865, 0.0656, 0.02903, 0.0076, 0.02348, 0.02557, 0.00877, 0.08478],[0.2299, 0.23729, 0.27571],[15, 18, 14],47,3
2.5,177,[0.00502, 0.04349, 0.0257, 0.00348, 0.00225, 0.00281, 0.03973, 0.01349, 0.0147, 0.05154, 0.04378, 0.01072, 0.09029, 0.01316, 0.00821, 0.00307, 0.00892, 0.00315, 0.01887, 0.0078, 0.00043, 0.06256, 0.00154, 0.02401, 0.04924, 0.00944, 0.00292, 0.01185, 0.07794, 0.02538, 0.01271, 0.03183, 0.00619, 0.02573, 0.00131, 0.00366, 0.00834, 0.01664, 0.03263, 0.00863, 0.0583, 0.00897, 0.00839, 0.07496, 0.00139, 0.06364, 0.00476, 0.01747, 0.06443, 0.00597, 0.09021, 0.06136, 0.02652, 0.09434, 0.0281, 0.006],[0.20575, 0.26604, 0.31684, 0.24842, 0.22627, 0.32525],[6, 9, 5, 12, 9, 14],56,6
2.5,178,[0.00042, 0.00618, 0.00061, 0.03149, 0.02775, 0.09249, 0.00713, 0.02369, 0.05176, 0.00985, 0.00142, 0.04076, 0.01051, 0.03873, 0.06397, 0.04322, 0.01559, 0.03926, 0.09489, 0.02983, 0.00366, 0.04702, 0.03824, 0.00421, 0.00212, 0.00044, 0.00483, 0.01083],[0.22104, 0.24916, 0.21924],[8, 13, 4],28,3
2.5,179,[0.04221, 0.02586, 0.00413, 0.0132, 0.03608, 0.04005, 0.00943, 0.01791, 0.06322, 0.03083, 0.08802, 0.09364, 0.00072, 0.05689, 0.01886, 0.00504, 0.00634, 0.04592, 0.01924, 0.03973, 0.01349, 0.0147, 0.05154, 0.04378, 0.01072, 0.09029, 0.01316, 0.00821, 0.00307, 0.00892, 0.00315, 0.01887, 0.0078, 0.00557, 0.00043, 0.06256, 0.00154, 0.02401, 0.04924, 0.00944, 0.00292, 0.01185, 0.07794, 0.02538, 0.01271, 0.03183, 0.00619, 0.02573, 0.00131, 0.00366],[0.23003, 0.23624, 0.25091, 0.37687, 0.26604, 0.31684, 0.24842],[7, 5, 3, 4, 9, 6, 12],50,7
2.5,180,[0.00897, 0.00122, 0.0015, 0.02505, 0.04675, 0.01949, 0.00197, 0.02035, 0.05557, 0.02215, 0.08645, 0.01998, 0.0025, 0.03753, 0.0667, 0.03973, 0.02172, 0.0444, 0.066, 0.07626, 0.02709, 0.0546, 0.03122, 0.04008, 0.02677],[0.21455, 0.20649],[15, 7],25,2
2.5,181,[0.00079, 0.05688, 0.00653, 0.09758, 0.00072, 0.05689, 0.01886, 0.00567, 0.03286, 0.006, 0.00607, 0.07427, 0.04141, 0.00504, 0.00634, 0.04592, 0.01924, 0.03973, 0.01349, 0.0147, 0.05154, 0.04378, 0.01072, 0.09029, 0.01316, 0.00821, 0.00307, 0.00892, 0.00315, 0.01887, 0.0078, 0.00557, 0.00043, 0.06256, 0.00154, 0.02401, 0.04924, 0.00944, 0.00292, 0.01185, 0.07794, 0.02538, 0.01271, 0.03183],[0.21222, 0.25091, 0.37687, 0.26604, 0.31684, 0.24842],[4, 9, 4, 9, 6, 12],44,6
2.5,182,[0.00948, 0.04815, 0.00207, 0.0166, 0.006, 0.0067, 0.06433, 0.01207, 0.02853, 0.02761, 0.0122, 0.07193, 0.06078, 0.00972, 0.0157, 0.0025, 0.03621, 0.00125, 0.00132, 0.05845, 0.04062, 0.03604, 0.00403, 0.00787, 0.0095, 0.03016, 0.00454, 0.05347, 0.02516, 0.04441, 0.00715, 0.01437, 0.0038, 0.00406, 0.01274, 0.00434, 0.00768, 0.00356, 0.01993, 0.03461, 0.00436, 0.00914, 0.03192, 0.03291, 0.00072, 0.05689, 0.01886, 0.00567, 0.03286, 0.006, 0.00607, 0.07427, 0.04141, 0.00504],[0.20273, 0.26436, 0.23424, 0.23604, 0.25803, 0.33716, 0.25091],[4, 4, 6, 9, 13, 8, 9],54,7
2.5,183,[0.00063, 0.00337, 0.00358, 0.09367, 0.08806, 0.0456, 0.00264, 0.00535, 0.02159, 0.0818, 0.00993, 0.04005, 0.00349, 0.00149, 0.04463, 0.00632, 0.00556, 0.09624, 0.04702, 0.03824, 0.00421, 0.00212],[0.24025, 0.3154, 0.21924],[12, 6, 4],22,3
2.5,184,[0.00286, 0.0039, 0.00868, 0.0878, 0.09957, 0.03597, 0.00811, 0.02479, 0.00417, 0.00225, 0.03163, 0.08169, 0.01084, 0.09573, 0.00317, 0.05639, 0.00156, 0.00172, 0.01551, 0.08802, 0.02139, 0.01196, 0.00914, 0.00787, 0.0095, 0.08808, 0.03016, 0.00454],[0.20989, 0.27542],[15, 8],28,2
2.5,185,[0.00332, 0.00571, 0.01085, 0.07047, 0.01549, 0.03004, 0.09878, 0.00172, 0.03626, 0.006, 0.0067, 0.06433, 0.01207, 0.02853, 0.02761, 0.0122, 0.07193, 0.06078, 0.00972, 0.0157, 0.0025, 0.03621, 0.00125, 0.00132, 0.05845, 0.04062, 0.03604, 0.00403, 0.00787, 0.0095, 0.03016, 0.00454, 0.05347, 0.02516, 0.04441, 0.00715, 0.01437, 0.0038, 0.00406, 0.01274, 0.00434, 0.00768, 0.00356, 0.01993, 0.03461, 0.00436, 0.00914, 0.03192, 0.03291, 0.00072, 0.05689, 0.01886, 0.00567, 0.03286, 0.006],[0.23927, 0.26436, 0.23424, 0.23604, 0.25803, 0.33716],[9, 4, 6, 9, 13, 8],55,6
2.5,186,[0.00182, 0.01928, 0.01617, 0.00776, 0.00168, 0.01782, 0.08009, 0.02788, 0.02077, 0.06578, 0.00588, 0.08502, 0.00309, 0.09589, 0.02282, 0.0914, 0.05176, 0.00985, 0.00142, 0.04076, 0.01051, 0.03873, 0.06397, 0.04322, 0.01559, 0.03926, 0.09489, 0.02983, 0.00366, 0.01663, 0.04597, 0.00866, 0.01314, 0.04702, 0.03824, 0.00421, 0.00212],[0.20638, 0.24916],[16, 17],37,2
2.5,187,[0.02426, 0.00259, 0.02915, 0.00803, 0.01376, 0.01299, 0.00278, 0.00322, 0.02104, 0.01595, 0.01604],[],[],11,0
2.5,188,[0.01799, 0.01512, 0.04254, 0.02141, 0.05915, 0.03218, 0.03626, 0.02614, 0.03973, 0.01349, 0.0147, 0.05154, 0.04378, 0.01072, 0.09029, 0.01316, 0.00821, 0.00307, 0.00892, 0.00315, 0.01887, 0.0078, 0.00043, 0.06256, 0.00154, 0.02401, 0.04924, 0.00944, 0.00292, 0.01185, 0.07794, 0.02538, 0.01271, 0.03183, 0.00619, 0.02573, 0.00131, 0.00366, 0.00834, 0.01664, 0.03263, 0.00863, 0.0583, 0.00897, 0.00839],[0.26222, 0.26604, 0.31684, 0.24842, 0.22627],[8, 9, 5, 12, 9],45,5
2.5,189,[0.00849, 0.056, 0.08347, 0.00145, 0.09409, 0.00473, 0.01085, 0.09667, 0.0559, 0.02952, 0.0195, 0.02185, 0.00307, 0.04395, 0.00241, 0.00802, 0.04375, 0.0211, 0.00993],[0.20221],[14],19,1
2.5,190,[0.02825, 0.02467, 0.0063, 0.09501, 0.0245, 0.00181, 0.00795, 0.00643, 0.07132, 0.09781, 0.04096, 0.00277, 0.00281, 0.01412, 0.03158, 0.006, 0.0067, 0.06433, 0.01207, 0.02853, 0.02761, 0.0122, 0.07193, 0.06078, 0.00972, 0.0157, 0.0025, 0.03621, 0.00125, 0.00132, 0.05845, 0.04062, 0.03604, 0.00403, 0.00787, 0.0095, 0.03016, 0.00454, 0.05347, 0.02516, 0.04441, 0.00715, 0.01437, 0.0038, 0.00406, 0.01274, 0.00434, 0.00768, 0.00356, 0.01993, 0.03461, 0.00436, 0.00914, 0.03192, 0.03291, 0.00072, 0.05689, 0.01886, 0.00567, 0.03286, 0.006, 0.00607, 0.07427, 0.04141, 0.00753],[0.30892, 0.26436, 0.23424, 0.23604, 0.25803, 0.33716, 0.24611],[15, 4, 6, 9, 13, 8, 9],65,7
2.5,191,[0.06065, 0.00322, 0.02455, 0.06143, 0.03642, 0.00454, 0.03164, 0.08615, 0.03385, 0.09031, 0.01935, 0.02266, 0.00691, 0.01061, 0.03234, 0.01366, 0.0391, 0.04219, 0.00281, 0.04403, 0.02443, 0.01208, 0.05141, 0.02609, 0.02254, 0.02546, 0.02675, 0.00488, 0.02692, 0.01298, 0.08594, 0.02861, 0.03167, 0.02861, 0.02138, 0.02408, 0.00904, 0.00044, 0.00483, 0.01083, 0.01398, 0.00626, 0.0266, 0.00294, 0.01424, 0.05169, 0.05925],[0.2646, 0.31606, 0.20223],[15, 18, 4],47,3
2.5,192,[0.03082, 0.00176, 0.00214, 0.00668, 0.09073, 0.02774, 0.003, 0.00305, 0.04433, 0.00349, 0.00149, 0.04463, 0.00632, 0.00556, 0.09624, 0.04702, 0.03824, 0.00421, 0.00212, 0.00044, 0.00483, 0.01083, 0.01398, 0.00626, 0.0266, 0.00294, 0.01424, 0.05169, 0.05925, 0.05254, 0.08748, 0.01406, 0.05741, 0.08406, 0.06494, 0.00269, 0.04962, 0.01244, 0.09612, 0.02219, 0.02988, 0.00787, 0.0095, 0.08808, 0.03016, 0.00454, 0.05347, 0.02516, 0.0157, 0.0025, 0.03621, 0.00125, 0.00132, 0.05845, 0.04062, 0.03604, 0.00403, 0.04793, 0.00544, 0.04816],[0.28022, 0.3154, 0.21924, 0.25966, 0.23604],[9, 6, 4, 22, 7],60,5
2.5,193,[0.01931, 0.0449, 0.00462, 0.00472, 0.00475, 0.00736, 0.04332, 0.00051, 0.06433, 0.02042, 0.06322, 0.00262, 0.03266, 0.04564, 0.00585, 0.01452, 0.02586, 0.02343, 0.03392, 0.05496],[0.21947, 0.22729],[7, 13],20,2
2.5,194,[0.00041, 0.04056, 0.08286, 0.05995, 0.03777, 0.03189, 0.09389, 0.06623, 0.03588, 0.00804, 0.00287, 0.01493, 0.01227, 0.006, 0.0067, 0.06433, 0.01207, 0.02853, 0.02761, 0.0122, 0.07193, 0.06078, 0.00972, 0.0157, 0.0025, 0.03621, 0.00125, 0.00132, 0.05845, 0.04062, 0.03604, 0.00403, 0.00787, 0.0095, 0.03016, 0.00454, 0.05347, 0.02516, 0.04441, 0.00715, 0.01437, 0.0038, 0.00406, 0.01274, 0.00434, 0.00768, 0.00356, 0.01993, 0.03461, 0.00436, 0.00914, 0.03192, 0.03291, 0.00072, 0.05689, 0.01886, 0.00567, 0.03286, 0.006, 0.00607, 0.07427, 0.04141],[0.31685, 0.26436, 0.23424, 0.23604, 0.25803, 0.33716],[13, 4, 6, 9, 13, 8],62,6
2.5,195,[0.00741, 0.00139, 0.00523, 0.06478, 0.004, 0.04178, 0.00349, 0.00149, 0.04463, 0.00632, 0.00556, 0.09624, 0.06074, 0.00243, 0.00262, 0.04702, 0.03824, 0.00421, 0.00212, 0.00044, 0.00483, 0.01083, 0.01398, 0.00626, 0.0266, 0.00294, 0.01424, 0.05169, 0.05925, 0.05254, 0.08748, 0.01406, 0.05741, 0.06494, 0.00269, 0.04962, 0.01244, 0.09612, 0.02219, 0.02988, 0.00787, 0.0095, 0.08808, 0.03016, 0.00454, 0.05347, 0.02516, 0.0157, 0.0025, 0.03621, 0.00125],[0.23431, 0.29885, 0.32874, 0.21924, 0.25966, 0.23604],[6, 6, 3, 4, 21, 7],51,6
2.5,196,[0.0525, 0.05431, 0.00088, 0.04223, 0.04649, 0.00581, 0.08682, 0.03783, 0.0642, 0.03246, 0.03122, 0.04008, 0.02677, 0.00478, 0.0025, 0.00559, 0.00163, 0.02471, 0.07622, 0.02351, 0.00275, 0.02128, 0.03226, 0.05501, 0.01504, 0.02628, 0.02211, 0.0853, 0.01581],[0.23608, 0.24439, 0.25224],[10, 6, 3],29,3
2.5,197,[0.00749, 0.00295, 0.00552, 0.00504, 0.00634, 0.04592, 0.01924, 0.00072, 0.05689, 0.01886, 0.00753, 0.00277, 0.05639, 0.02378, 0.0052, 0.09364, 0.0157, 0.0025, 0.03621, 0.00125, 0.00132, 0.05845, 0.04062, 0.03604, 0.00403, 0.00787, 0.0095, 0.08808, 0.03016, 0.00454, 0.05347, 0.02516, 0.00768, 0.00356, 0.01993, 0.03461, 0.00436, 0.00914, 0.03192, 0.03291, 0.00718, 0.00063, 0.02886, 0.02964, 0.01302, 0.00083, 0.04564, 0.01332, 0.01544, 0.09483, 0.00705, 0.00602],[0.28143, 0.25091, 0.24611, 0.25523, 0.23604, 0.25803, 0.29232, 0.22526],[3, 4, 3, 6, 9, 7, 9, 3],52,8
2.5,198,[0.04722, 0.03784, 0.00764, 0.00848, 0.08697, 0.08106, 0.02815, 0.06491, 0.09499, 0.04106, 0.03136, 0.01764, 0.01366, 0.0391, 0.04219, 0.00281, 0.04403, 0.02443, 0.01208, 0.05141, 0.02609, 0.02254, 0.02546, 0.02675, 0.00488, 0.02692, 0.01298, 0.08594, 0.02861, 0.03167, 0.02861, 0.02138, 0.02408, 0.00904, 0.00044, 0.00483, 0.01083, 0.01398, 0.00626, 0.0266, 0.00294, 0.01424, 0.05169, 0.05925],[0.21156, 0.31606, 0.20223],[12, 18, 4],44,3
2.5,199,[0.00055, 0.00526, 0.01989, 0.02367, 0.06678, 0.00367, 0.04276, 0.06381, 0.00443, 0.04702, 0.03824, 0.00421, 0.00212, 0.00044, 0.00483, 0.01083, 0.01398, 0.00626, 0.0266, 0.00294, 0.01424, 0.05169, 0.05925, 0.05254, 0.08748, 0.01406, 0.05741, 0.08406, 0.06494, 0.00269, 0.00787, 0.0095, 0.08808, 0.03016, 0.00454, 0.05347, 0.02516, 0.0157, 0.0025, 0.03621, 0.00125, 0.00132, 0.05845, 0.04062, 0.03604, 0.00403, 0.04793, 0.00544, 0.04816, 0.01461, 0.0263, 0.06662, 0.03609],[0.23711, 0.21924, 0.25966, 0.23604],[9, 4, 17, 7],53,4

