3.5,0,[],[0.22889],[68]
3.5,1,[],[0.25945, 0.25003],[23, 54]
3.5,2,[],[0.21512, 0.21971],[37, 33]
3.5,3,[],[0.20579, 0.22424],[32, 31]
3.5,4,[],[0.22881, 0.23476],[37, 21]
3.5,5,[],[0.20852, 0.25831, 0.22776, 0.21385],[22, 20, 14, 21]
3.5,6,[],[0.25383, 0.22238, 0.25003],[3, 45, 21]
3.5,7,[],[0.29011],[35]
3.5,8,[],[0.22097, 0.20248, 0.21139],[16, 20, 25]
3.5,9,[],[],[]
3.5,10,[],[0.23334, 0.27218, 0.24285],[19, 39, 16]
3.5,11,[],[0.24824, 0.24814, 0.24285, 0.23476],[21, 11, 16, 21]
3.5,12,[],[0.21291, 0.25831, 0.22776, 0.21385],[17, 20, 14, 22]
3.5,13,[],[0.37503, 0.25003],[21, 54]
3.5,14,[],[0.23865, 0.25831, 0.22776],[25, 20, 14]
3.5,15,[],[0.2253],[33]
3.5,16,[],[0.25628, 0.25003],[33, 54]
3.5,17,[],[0.32032, 0.25003, 0.2209],[3, 21, 54]
3.5,18,[],[],[]
3.5,19,[],[0.24885],[50]
3.5,20,[],[0.26368, 0.22238, 0.25003],[4, 45, 21]
3.5,21,[],[0.26341, 0.25061, 0.30725],[11, 31, 24]
3.5,22,[],[0.22858, 0.22776, 0.21385],[20, 14, 22]
3.5,23,[],[0.21921, 0.25003],[17, 54]
3.5,24,[],[0.21087, 0.21971, 0.21139],[23, 6, 33]
3.5,25,[],[0.29632],[60]
3.5,26,[],[0.23471, 0.22776, 0.25831],[31, 22, 14]
3.5,27,[],[0.32236, 0.25003, 0.2209],[6, 21, 54]
3.5,28,[],[0.24375, 0.22776, 0.21385],[28, 14, 22]
3.5,29,[],[0.32432, 0.25061, 0.25396],[21, 24, 31]
3.5,30,[],[0.29207, 0.21971, 0.32605],[16, 33, 6]
3.5,31,[],[0.29362, 0.23746],[26, 20]
3.5,32,[],[0.21061, 0.2375, 0.21385],[18, 15, 22]
3.5,33,[],[0.24862, 0.21971, 0.32605],[29, 33, 6]
3.5,34,[],[0.30189, 0.21385, 0.22776],[29, 11, 22]
3.5,35,[],[],[]
3.5,36,[],[0.2019, 0.25003],[32, 21]
3.5,37,[],[0.22704],[64]
3.5,38,[],[0.27197, 0.25586],[21, 54]
3.5,39,[],[0.2267, 0.25831, 0.20248],[38, 14, 20]
3.5,40,[],[0.24069, 0.25586],[20, 54]
3.5,41,[],[0.20939, 0.24285, 0.23476],[19, 16, 21]
3.5,42,[],[0.22097, 0.22776, 0.21385],[13, 14, 22]
3.5,43,[],[0.32209],[52]
3.5,44,[],[0.24218],[58]
3.5,45,[],[0.20086, 0.25003],[20, 21]
3.5,46,[],[0.23261, 0.22776, 0.25831, 0.20248],[21, 22, 14, 20]
3.5,47,[],[0.20941, 0.22776, 0.25831],[33, 22, 14]
3.5,48,[],[0.25792, 0.25003],[29, 54]
3.5,49,[],[0.22828, 0.25831, 0.22776, 0.21385],[16, 20, 14, 22]
3.5,50,[],[0.23009],[45]
3.5,51,[],[0.3458],[29]
3.5,52,[],[0.20592, 0.27218],[30, 39]
3.5,53,[],[0.28133, 0.21971, 0.32605],[39, 33, 6]
3.5,54,[],[0.24465, 0.402],[34, 27]
3.5,55,[],[0.29003],[40]
3.5,56,[],[0.22374, 0.25061, 0.30725],[10, 31, 24]
3.5,57,[],[0.25375, 0.23476, 0.20182],[33, 20, 21]
3.5,58,[],[0.2474, 0.25003],[49, 21]
3.5,59,[],[0.23681],[50]
3.5,60,[],[0.21746],[57]
3.5,61,[],[0.29149],[50]
3.5,62,[],[0.29325],[43]
3.5,63,[],[0.30586],[69]
3.5,64,[],[0.21717],[15]
3.5,65,[],[0.23353, 0.22776, 0.21385],[32, 14, 22]
3.5,66,[],[0.20009, 0.23476, 0.23746],[32, 21, 20]
3.5,67,[],[0.2439, 0.25831, 0.22776],[28, 20, 14]
3.5,68,[],[0.28937],[61]
3.5,69,[],[0.25582],[47]
3.5,70,[],[0.24543, 0.25003],[40, 21]
3.5,71,[],[0.26626],[38]
3.5,72,[],[0.23558, 0.23476, 0.23746],[34, 21, 20]
3.5,73,[],[0.25234],[31]
3.5,74,[],[0.24098],[63]
3.5,75,[],[0.22894],[52]
3.5,76,[],[0.20989, 0.30725],[44, 24]
3.5,77,[],[0.21585, 0.22776, 0.25831, 0.20248],[14, 22, 14, 20]
3.5,78,[],[0.20985],[57]
3.5,79,[],[0.25883, 0.23476],[39, 21]
3.5,80,[],[0.31766],[40]
3.5,81,[],[0.33383, 0.25061],[22, 24]
3.5,82,[],[0.21103, 0.27218, 0.24285],[21, 39, 16]
3.5,83,[],[0.28271, 0.2375],[27, 15]
3.5,84,[],[0.36191, 0.25003],[18, 54]
3.5,85,[],[0.22036],[40]
3.5,86,[],[0.29323, 0.30725],[44, 24]
3.5,87,[],[0.30712, 0.25003],[7, 54]
3.5,88,[],[0.20303, 0.209, 0.25831, 0.29347],[17, 15, 20, 14]
3.5,89,[],[0.28895, 0.25003],[46, 21]
3.5,90,[],[0.21613, 0.25396],[15, 27]
3.5,91,[],[0.23745, 0.20248, 0.21139],[22, 20, 25]
3.5,92,[],[0.22134],[50]
3.5,93,[],[0.22746, 0.21385, 0.22776],[12, 11, 22]
3.5,94,[],[0.24468],[63]
3.5,95,[],[0.21219],[29]
3.5,96,[],[0.30243, 0.22776, 0.25831],[31, 22, 14]
3.5,97,[],[0.21748, 0.23476, 0.23746],[29, 21, 20]
3.5,98,[],[0.22447, 0.25586],[13, 54]
3.5,99,[],[0.21934],[41]
3.5,100,[],[0.20473, 0.23476, 0.23746],[25, 21, 20]
3.5,101,[],[0.27122, 0.25396],[7, 27]
3.5,102,[],[0.20138, 0.25061, 0.30725],[19, 31, 24]
3.5,103,[],[0.28753],[41]
3.5,104,[],[0.26049, 0.25061, 0.25396],[23, 24, 31]
3.5,105,[],[0.221],[40]
3.5,106,[],[0.26571, 0.22776, 0.25831],[27, 22, 14]
3.5,107,[],[0.30831, 0.21971, 0.32605],[29, 33, 6]
3.5,108,[],[],[]
3.5,109,[],[0.25309, 0.22238, 0.25003],[6, 45, 21]
3.5,110,[],[0.21008],[49]
3.5,111,[],[0.23511, 0.24285, 0.23476],[13, 16, 21]
3.5,112,[],[0.20591, 0.21971],[26, 47]
3.5,113,[],[0.20572, 0.25061, 0.30725],[17, 31, 24]
3.5,114,[],[0.34013, 0.25061],[23, 24]
3.5,115,[],[0.29649, 0.21971],[51, 33]
3.5,116,[],[0.20321, 0.25003],[28, 21]
3.5,117,[],[0.25527, 0.25396],[21, 31]
3.5,118,[],[0.20527, 0.21971],[56, 33]
3.5,119,[],[0.25554, 0.25003],[15, 54]
3.5,120,[],[0.22222, 0.20182],[28, 23]
3.5,121,[],[0.28032, 0.24285],[36, 16]
3.5,122,[],[0.26174, 0.25061, 0.30725],[20, 31, 24]
3.5,123,[],[0.25086],[58]
3.5,124,[],[0.26703],[35]
3.5,125,[],[0.3468, 0.25061],[16, 24]
3.5,126,[],[0.20527, 0.21971],[56, 33]
3.5,127,[],[0.27792],[21]
3.5,128,[],[0.23885, 0.23476],[46, 20]
3.5,129,[],[0.31256, 0.25003],[54, 21]
3.5,130,[],[0.26314],[53]
3.5,131,[],[],[]
3.5,132,[],[0.22948, 0.25003],[37, 21]
3.5,133,[],[0.20589],[21]
3.5,134,[],[0.28492, 0.22238],[33, 21]
3.5,135,[],[0.23665, 0.22238],[33, 21]
3.5,136,[],[0.22246, 0.25396],[20, 27]
3.5,137,[],[0.24952, 0.25831, 0.22776, 0.21385],[19, 20, 14, 22]
3.5,138,[],[0.29198],[69]
3.5,139,[],[0.2279],[58]
3.5,140,[],[0.22629, 0.24285, 0.23476],[17, 16, 27]
3.5,141,[],[0.26993, 0.21971, 0.32605],[23, 33, 6]
3.5,142,[],[0.21841],[41]
3.5,143,[],[0.25412, 0.25003],[23, 54]
3.5,144,[],[0.23954, 0.30725],[50, 24]
3.5,145,[],[0.34094, 0.25003, 0.2209],[8, 21, 54]
3.5,146,[],[0.21353],[53]
3.5,147,[],[0.24144, 0.25003],[25, 21]
3.5,148,[],[0.24329, 0.20182, 0.2538],[20, 21, 23]
3.5,149,[],[0.20747, 0.21971, 0.32605],[17, 33, 6]
3.5,150,[],[0.20805, 0.25003],[44, 21]
3.5,151,[],[0.2299],[35]
3.5,152,[],[0.21896],[33]
3.5,153,[],[0.25587, 0.30725],[48, 24]
3.5,154,[],[0.34135, 0.25061],[22, 24]
3.5,155,[],[0.20194, 0.24814, 0.24285, 0.23476],[23, 11, 16, 21]
3.5,156,[],[0.21689, 0.30725],[52, 24]
3.5,157,[],[0.27995],[77]
3.5,158,[],[0.24692, 0.22776, 0.25831],[32, 22, 14]
3.5,159,[],[0.2003, 0.20182],[39, 23]
3.5,160,[],[0.21997, 0.25396],[27, 31]
3.5,161,[],[0.2716, 0.25003],[19, 21]
3.5,162,[],[0.22653, 0.23476],[23, 21]
3.5,163,[],[0.20935, 0.25831, 0.22776, 0.21385],[18, 20, 14, 22]
3.5,164,[],[],[]
3.5,165,[],[0.24916, 0.23746],[43, 20]
3.5,166,[],[0.2181, 0.21971, 0.32605],[41, 33, 6]
3.5,167,[],[0.21858, 0.24285, 0.23476],[25, 16, 21]
3.5,168,[],[0.21168, 0.22424],[18, 31]
3.5,169,[],[0.21993],[32]
3.5,170,[],[0.20738],[49]
3.5,171,[],[0.32088],[53]
3.5,172,[],[0.2268, 0.25396],[26, 27]
3.5,173,[],[0.27867, 0.25003],[20, 54]
3.5,174,[],[0.22964, 0.22776],[16, 22]
3.5,175,[],[0.25271, 0.402],[37, 27]
3.5,176,[],[0.29824, 0.21385, 0.22776],[16, 11, 22]
3.5,177,[],[0.23561],[43]
3.5,178,[],[0.20743, 0.25831, 0.22776],[36, 20, 14]
3.5,179,[],[0.2173, 0.21971, 0.32605],[41, 33, 6]
3.5,180,[],[0.22432],[65]
3.5,181,[],[0.21334, 0.20182],[27, 23]
3.5,182,[],[0.24997, 0.23746],[44, 20]
3.5,183,[],[0.2502, 0.21971, 0.32605],[30, 33, 6]
3.5,184,[],[0.21394, 0.27218],[34, 39]
3.5,185,[],[0.26166, 0.25061],[39, 24]
3.5,186,[],[0.4089, 0.25061],[34, 24]
3.5,187,[],[0.24041, 0.25061, 0.25396],[27, 24, 31]
3.5,188,[],[],[]
3.5,189,[],[0.28991, 0.25003],[23, 21]
3.5,190,[],[0.22007, 0.23476],[48, 21]
3.5,191,[],[0.25619, 0.25396],[40, 27]
3.5,192,[],[0.21823, 0.22653],[38, 23]
3.5,193,[],[0.20088, 0.25831, 0.22776, 0.21385],[16, 20, 14, 22]
3.5,194,[],[0.20532, 0.20182, 0.2538],[22, 21, 23]
3.5,195,[],[0.21899, 0.25061, 0.25396],[22, 24, 31]
3.5,196,[],[0.24977, 0.23476, 0.20182],[22, 20, 21]
3.5,197,[],[0.23038, 0.22238],[26, 45]
3.5,198,[],[0.24068, 0.25003],[28, 54]
3.5,199,[],[0.27895, 0.25003],[14, 54]

