3.5,0,[],[0.21888, 0.31218, 0.25277, 0.24149, 0.21459],[10, 8, 20, 9, 15]
3.5,1,[],[0.24971, 0.24149, 0.20523, 0.22727],[23, 15, 6, 31]
3.5,2,[],[0.20898, 0.25623, 0.27554],[18, 29, 23]
3.5,3,[],[0.20017, 0.28112, 0.22727],[13, 28, 19]
3.5,4,[],[0.29437, 0.28112],[35, 28]
3.5,5,[],[0.23742, 0.22116],[18, 27]
3.5,6,[],[0.20529, 0.28112, 0.27554, 0.21949],[19, 19, 28, 23]
3.5,7,[],[0.32803, 0.28112, 0.27554],[27, 19, 28]
3.5,8,[],[0.20343, 0.2929, 0.28112],[21, 11, 28]
3.5,9,[],[0.22102, 0.27318, 0.31218],[24, 13, 8]
3.5,10,[],[0.2244, 0.22727],[32, 26]
3.5,11,[],[0.21462, 0.22025, 0.27292],[21, 12, 22]
3.5,12,[],[0.20879, 0.24149, 0.25277, 0.31218],[19, 15, 6, 39]
3.5,13,[],[0.25582, 0.24149, 0.20523],[33, 15, 6]
3.5,14,[],[0.24917, 0.26975, 0.39016, 0.20133],[13, 21, 8, 27]
3.5,15,[],[0.21912, 0.31218, 0.25277, 0.24149],[30, 8, 20, 9]
3.5,16,[],[0.25719, 0.24149, 0.20523],[41, 15, 6]
3.5,17,[],[0.30134],[58]
3.5,18,[],[0.25456, 0.22025, 0.27292],[15, 12, 22]
3.5,19,[],[0.24027, 0.28112, 0.27554],[33, 19, 28]
3.5,20,[],[0.28278, 0.28112],[42, 19]
3.5,21,[],[0.21102],[34]
3.5,22,[],[0.2251, 0.24149, 0.21459, 0.23304],[34, 6, 15, 15]
3.5,23,[],[0.20582, 0.24149, 0.25277],[28, 15, 6]
3.5,24,[],[0.21161, 0.24149, 0.20523, 0.22727, 0.28112],[14, 15, 6, 31, 20]
3.5,25,[],[0.23693, 0.26975, 0.39016, 0.20133],[19, 21, 8, 27]
3.5,26,[],[0.23238, 0.39016, 0.20133],[25, 8, 27]
3.5,27,[],[0.25913, 0.28112, 0.27554],[15, 19, 28]
3.5,28,[],[0.27398, 0.28112, 0.22727],[11, 28, 19]
3.5,29,[],[0.31398, 0.33579, 0.24149, 0.20523],[35, 8, 15, 9]
3.5,30,[],[0.24086, 0.21949, 0.27554],[11, 14, 23]
3.5,31,[],[0.20746, 0.25277, 0.24149, 0.21459],[29, 20, 6, 15]
3.5,32,[],[0.26456, 0.22727, 0.28112],[16, 26, 19]
3.5,33,[],[0.25775, 0.27554],[15, 23]
3.5,34,[],[0.27785, 0.26975, 0.39016, 0.20133],[22, 21, 8, 27]
3.5,35,[],[0.21831, 0.28112, 0.27554],[20, 20, 28]
3.5,36,[],[0.3141, 0.28112, 0.22727],[33, 28, 19]
3.5,37,[],[0.23536, 0.20523],[42, 6]
3.5,38,[],[0.20518, 0.28112, 0.27554],[27, 19, 28]
3.5,39,[],[0.24093, 0.22025, 0.27292],[23, 12, 22]
3.5,40,[],[0.26135, 0.31218],[48, 8]
3.5,41,[],[0.31158, 0.26975, 0.39016, 0.20133],[15, 21, 8, 27]
3.5,42,[],[0.2072, 0.28112],[22, 28]
3.5,43,[],[0.32876, 0.29117, 0.24528],[17, 21, 23]
3.5,44,[],[0.2774, 0.26975],[23, 27]
3.5,45,[],[0.237, 0.24149, 0.21459, 0.23304, 0.21841],[13, 6, 15, 15, 33]
3.5,46,[],[0.27267, 0.28112],[35, 28]
3.5,47,[],[0.26492, 0.28112, 0.27554],[29, 19, 28]
3.5,48,[],[0.204],[30]
3.5,49,[],[0.22664, 0.28112, 0.27554, 0.21949],[13, 19, 28, 23]
3.5,50,[],[0.21088, 0.28112],[20, 19]
3.5,51,[],[0.22553, 0.24149, 0.20523, 0.22727],[25, 15, 6, 31]
3.5,52,[],[0.22171, 0.24654],[11, 47]
3.5,53,[],[0.24756, 0.28112, 0.27554, 0.21949],[7, 19, 28, 23]
3.5,54,[],[0.22815, 0.28112, 0.22727],[14, 28, 19]
3.5,55,[],[0.24005, 0.28112, 0.27554],[27, 19, 28]
3.5,56,[],[0.28975, 0.28112, 0.22727],[23, 28, 19]
3.5,57,[],[0.23377, 0.24149, 0.20523],[30, 15, 6]
3.5,58,[],[0.23536, 0.24149, 0.20523],[39, 15, 6]
3.5,59,[],[0.26249, 0.28112, 0.22727],[27, 28, 19]
3.5,60,[],[0.20501, 0.24149, 0.20523, 0.22727],[21, 15, 6, 27]
3.5,61,[],[0.21804, 0.31218, 0.25277],[30, 8, 20]
3.5,62,[],[0.20567, 0.27554],[32, 28]
3.5,63,[],[0.20919, 0.26975, 0.29117, 0.24528, 0.24149],[9, 8, 21, 23, 15]
3.5,64,[],[0.20118, 0.24149, 0.21459, 0.23304],[27, 6, 15, 15]
3.5,65,[],[0.22423, 0.24149, 0.21459, 0.23304, 0.21841],[9, 6, 15, 15, 33]
3.5,66,[],[0.33497, 0.28112],[52, 28]
3.5,67,[],[0.25003, 0.26975],[30, 27]
3.5,68,[],[0.27095, 0.22224, 0.25203, 0.21684],[7, 18, 26, 26]
3.5,69,[],[0.2114, 0.24149],[53, 15]
3.5,70,[],[0.2881, 0.28112],[42, 28]
3.5,71,[],[0.25001, 0.26975, 0.29117, 0.24528],[18, 8, 21, 26]
3.5,72,[],[0.28239],[45]
3.5,73,[],[0.24165, 0.31218, 0.25277, 0.24149],[31, 8, 20, 9]
3.5,74,[],[0.2129, 0.24654],[13, 47]
3.5,75,[],[0.21833, 0.26975],[29, 27]
3.5,76,[],[0.2342, 0.28629, 0.28112, 0.22727],[15, 13, 28, 19]
3.5,77,[],[0.23485, 0.28112, 0.27554, 0.21949],[5, 19, 28, 23]
3.5,78,[],[0.22924, 0.21459, 0.23304, 0.21841],[10, 15, 15, 33]
3.5,79,[],[0.24931, 0.25277, 0.24149, 0.21459],[33, 20, 6, 15]
3.5,80,[],[0.22626, 0.30955, 0.28112],[27, 18, 28]
3.5,81,[],[0.21891, 0.28112, 0.22727, 0.20523],[11, 28, 19, 26]
3.5,82,[],[0.28437, 0.26975, 0.39016, 0.20133],[22, 21, 8, 27]
3.5,83,[],[0.31207, 0.28112, 0.27554],[18, 19, 28]
3.5,84,[],[0.20456, 0.28112, 0.27554],[21, 19, 28]
3.5,85,[],[0.2149, 0.21841, 0.25267, 0.26997],[19, 12, 33, 14]
3.5,86,[],[0.2628, 0.27554, 0.21949],[28, 28, 23]
3.5,87,[],[0.21943, 0.21841, 0.22025],[25, 33, 12]
3.5,88,[],[0.20819, 0.25277, 0.24149, 0.21459, 0.23304],[17, 20, 6, 15, 15]
3.5,89,[],[0.21027, 0.22727, 0.20523, 0.24149],[18, 19, 26, 6]
3.5,90,[],[0.26447, 0.28112, 0.22727],[35, 28, 19]
3.5,91,[],[0.32756, 0.31218, 0.25277],[33, 8, 20]
3.5,92,[],[0.25245, 0.27554],[16, 23]
3.5,93,[],[0.23051, 0.20133],[24, 27]
3.5,94,[],[0.22407, 0.22934, 0.22678, 0.21324],[23, 18, 18, 18]
3.5,95,[],[0.20984, 0.30468],[10, 26]
3.5,96,[],[0.22599, 0.28112],[46, 19]
3.5,97,[],[0.27353, 0.20523, 0.22727],[16, 6, 44]
3.5,98,[],[0.24237, 0.22727, 0.20523, 0.24149, 0.21459],[19, 19, 26, 6, 15]
3.5,99,[],[0.25172, 0.27554],[12, 23]
3.5,100,[],[0.3319, 0.28112],[43, 28]
3.5,101,[],[0.2242, 0.24149, 0.20523],[42, 15, 6]
3.5,102,[],[0.20015, 0.28112, 0.27554, 0.21949],[18, 19, 28, 23]
3.5,103,[],[0.37656, 0.28112, 0.22727],[10, 28, 19]
3.5,104,[],[0.24744, 0.27554],[25, 23]
3.5,105,[],[0.23914, 0.28112, 0.22727],[34, 28, 19]
3.5,106,[],[0.25674, 0.21841, 0.25267, 0.26997],[14, 12, 33, 14]
3.5,107,[],[0.27754, 0.30955, 0.28112, 0.22727],[12, 18, 28, 19]
3.5,108,[],[0.20658, 0.31218, 0.25277, 0.24149],[35, 8, 20, 9]
3.5,109,[],[0.2289, 0.21949, 0.27554],[18, 14, 23]
3.5,110,[],[0.20488, 0.25277, 0.20523],[23, 20, 6]
3.5,111,[],[0.20536, 0.27554, 0.28112, 0.22727],[11, 23, 28, 19]
3.5,112,[],[0.25725, 0.27554],[25, 28]
3.5,113,[],[0.22625, 0.21949, 0.27554],[22, 14, 23]
3.5,114,[],[0.28362, 0.26975, 0.39016],[35, 21, 8]
3.5,115,[],[0.20518, 0.26975],[30, 21]
3.5,116,[],[0.25428, 0.26975, 0.39016, 0.20133],[30, 21, 8, 27]
3.5,117,[],[0.27293, 0.28112, 0.22727],[28, 28, 19]
3.5,118,[],[0.21293, 0.31218, 0.33579, 0.21459],[25, 20, 11, 15]
3.5,119,[],[0.23497, 0.31218],[39, 8]
3.5,120,[],[0.27195, 0.31218, 0.25277, 0.24149],[21, 8, 20, 9]
3.5,121,[],[0.30251, 0.26975, 0.29117],[18, 8, 21]
3.5,122,[],[0.20501, 0.21949, 0.27554],[24, 14, 22]
3.5,123,[],[0.26185, 0.31218, 0.25277, 0.24149, 0.21459],[23, 8, 20, 9, 15]
3.5,124,[],[0.23955, 0.24149, 0.21459, 0.23304],[16, 6, 14, 15]
3.5,125,[],[0.253, 0.22025, 0.27292],[24, 12, 22]
3.5,126,[],[0.24435, 0.26975, 0.29117, 0.24528],[23, 8, 21, 23]
3.5,127,[],[0.23581, 0.21949, 0.21684],[24, 23, 26]
3.5,128,[],[0.22036, 0.22224],[23, 18]
3.5,129,[],[0.21281, 0.22025, 0.27292, 0.26975],[11, 12, 22, 27]
3.5,130,[],[0.21264, 0.22025, 0.27292, 0.26975],[9, 12, 22, 27]
3.5,131,[],[0.20792, 0.27318, 0.31218],[16, 13, 8]
3.5,132,[],[0.28334, 0.28112, 0.22727, 0.20523],[12, 28, 19, 26]
3.5,133,[],[0.21693, 0.28112, 0.22727, 0.20523],[7, 28, 19, 26]
3.5,134,[],[0.2463, 0.21459, 0.23304, 0.21841],[9, 15, 15, 33]
3.5,135,[],[0.24216, 0.26975, 0.29117, 0.24528, 0.24149],[23, 8, 21, 23, 15]
3.5,136,[],[0.20126, 0.25623, 0.27554],[27, 29, 23]
3.5,137,[],[0.21152, 0.24149, 0.21459, 0.23304, 0.21841],[12, 6, 14, 15, 33]
3.5,138,[],[0.24087, 0.27554, 0.21949],[26, 28, 23]
3.5,139,[],[0.23749, 0.22727, 0.28112],[29, 31, 19]
3.5,140,[],[0.20439],[38]
3.5,141,[],[0.20353, 0.24149],[40, 15]
3.5,142,[],[0.20644, 0.20133],[40, 27]
3.5,143,[],[0.226],[40]
3.5,144,[],[0.25016, 0.20133, 0.22116, 0.21324],[7, 26, 26, 18]
3.5,145,[],[0.26713, 0.28112],[38, 28]
3.5,146,[],[0.20747, 0.21684, 0.21949],[16, 26, 14]
3.5,147,[],[0.2337, 0.22224, 0.25203, 0.33321],[7, 18, 27, 26]
3.5,148,[],[0.24747, 0.20133, 0.21684],[13, 27, 26]
3.5,149,[],[0.24051, 0.20523, 0.22727],[27, 6, 41]
3.5,150,[],[0.20329, 0.21949, 0.27554],[36, 14, 23]
3.5,151,[],[0.23722, 0.26975, 0.39016, 0.20133],[13, 21, 8, 27]
3.5,152,[],[0.23995, 0.22727, 0.20523, 0.24149, 0.21459],[16, 19, 26, 6, 15]
3.5,153,[],[0.25325, 0.26975, 0.39016, 0.20133],[34, 21, 8, 27]
3.5,154,[],[0.2067, 0.24654],[22, 47]
3.5,155,[],[0.25441, 0.27554],[36, 23]
3.5,156,[],[0.2053, 0.22934, 0.22678, 0.21324],[23, 18, 18, 18]
3.5,157,[],[0.26558, 0.22727],[29, 19]
3.5,158,[],[0.20836, 0.22224, 0.30955],[22, 27, 18]
3.5,159,[],[0.2748, 0.28112],[27, 19]
3.5,160,[],[0.24559, 0.31218, 0.25277, 0.24149, 0.21459],[11, 8, 28, 9, 14]
3.5,161,[],[0.2044, 0.20133],[24, 27]
3.5,162,[],[0.25865, 0.28112, 0.22727, 0.20523],[11, 28, 19, 26]
3.5,163,[],[0.27045, 0.26975, 0.39016, 0.20133],[16, 21, 8, 27]
3.5,164,[],[0.33866, 0.28112, 0.22727, 0.20523],[10, 28, 19, 26]
3.5,165,[],[0.23044, 0.28112, 0.22727],[22, 28, 19]
3.5,166,[],[0.2154, 0.22727, 0.28112],[14, 31, 19]
3.5,167,[],[0.22094, 0.22116, 0.21324],[21, 27, 18]
3.5,168,[],[0.23895, 0.22727, 0.20523, 0.24149],[21, 19, 26, 6]
3.5,169,[],[0.28651, 0.26975, 0.39016],[22, 21, 8]
3.5,170,[],[0.26182, 0.24149, 0.20523],[47, 15, 6]
3.5,171,[],[0.22653],[54]
3.5,172,[],[0.23728, 0.27554],[26, 23]
3.5,173,[],[0.20586, 0.27554, 0.28112],[22, 29, 28]
3.5,174,[],[0.20438, 0.24149, 0.20523, 0.22727, 0.28112],[20, 15, 6, 27, 20]
3.5,175,[],[0.26063],[59]
3.5,176,[],[0.2003, 0.24149, 0.20523, 0.22727],[21, 15, 6, 31]
3.5,177,[],[0.26589, 0.26975, 0.39016],[23, 21, 8]
3.5,178,[],[0.26078, 0.26975, 0.39016],[26, 21, 8]
3.5,179,[],[0.24287, 0.21841],[17, 12]
3.5,180,[],[0.28062, 0.28112],[33, 28]
3.5,181,[],[0.23718, 0.28112],[39, 28]
3.5,182,[],[0.20922],[29]
3.5,183,[],[0.2112, 0.21949, 0.27554],[25, 14, 23]
3.5,184,[],[0.22485, 0.28112],[35, 19]
3.5,185,[],[0.23128, 0.22727],[33, 26]
3.5,186,[],[0.23196, 0.28112],[32, 19]
3.5,187,[],[0.22624, 0.22678, 0.21324, 0.21949],[23, 18, 18, 14]
3.5,188,[],[0.21915, 0.22934],[18, 18]
3.5,189,[],[0.21483, 0.20133, 0.21684],[24, 27, 26]
3.5,190,[],[0.25647, 0.20523, 0.22727],[18, 6, 42]
3.5,191,[],[0.30266, 0.26975, 0.29117, 0.24528],[17, 8, 21, 26]
3.5,192,[],[0.22938, 0.22934],[16, 18]
3.5,193,[],[0.23922, 0.27318, 0.31218, 0.25277],[18, 13, 8, 39]
3.5,194,[],[0.27415, 0.33579, 0.24149, 0.20523],[39, 8, 15, 9]
3.5,195,[],[0.21321, 0.24644],[18, 27]
3.5,196,[],[0.20957, 0.21949, 0.27554],[20, 14, 23]
3.5,197,[],[0.36344, 0.28112, 0.22727],[22, 28, 19]
3.5,198,[],[0.23373, 0.21841, 0.25267, 0.26997],[14, 12, 33, 14]
3.5,199,[],[0.21994, 0.27554],[36, 28]

