3.5,0,[],[0.27683, 0.20717, 0.27988],[11, 13, 58]
3.5,1,[],[0.20992, 0.2782],[42, 19]
3.5,2,[],[0.23258, 0.30833],[40, 34]
3.5,3,[],[0.20005, 0.21666, 0.31189],[18, 4, 55]
3.5,4,[],[0.28032, 0.20717],[24, 34]
3.5,5,[],[0.2765, 0.20945, 0.43406],[21, 32, 23]
3.5,6,[],[0.32845, 0.31189, 0.21666],[9, 17, 46]
3.5,7,[],[0.26601],[30]
3.5,8,[],[0.24709, 0.25063, 0.24926],[23, 16, 23]
3.5,9,[],[0.21387, 0.21666, 0.31189],[12, 4, 55]
3.5,10,[],[0.24695],[43]
3.5,11,[],[0.22183, 0.26034, 0.2083],[25, 17, 30]
3.5,12,[],[0.20192, 0.20717],[21, 13]
3.5,13,[],[0.25187, 0.20717, 0.25561],[21, 34, 30]
3.5,14,[],[0.2047, 0.2782, 0.20945],[22, 19, 23]
3.5,15,[],[0.26406, 0.25063, 0.24926],[18, 16, 23]
3.5,16,[],[0.20341, 0.20717, 0.27988],[13, 13, 58]
3.5,17,[],[0.2005, 0.27988],[17, 58]
3.5,18,[],[0.2039, 0.38443],[39, 37]
3.5,19,[],[0.27756, 0.31189],[40, 17]
3.5,20,[],[0.20228, 0.37423, 0.31123, 0.20717],[22, 17, 23, 13]
3.5,21,[],[0.24688, 0.2083],[33, 23]
3.5,22,[],[0.20456, 0.20945, 0.2782],[16, 32, 23]
3.5,23,[],[0.21825],[34]
3.5,24,[],[0.29108, 0.26034],[39, 17]
3.5,25,[],[0.24479, 0.26034, 0.2083, 0.31123],[17, 17, 30, 23]
3.5,26,[],[0.27552, 0.20369],[20, 38]
3.5,27,[],[0.27964, 0.31189, 0.21666],[16, 17, 46]
3.5,28,[],[0.30073, 0.20945, 0.25184],[19, 23, 34]
3.5,29,[],[0.24109],[51]
3.5,30,[],[0.25405, 0.25561, 0.21585],[15, 13, 27]
3.5,31,[],[0.29859, 0.20945],[30, 23]
3.5,32,[],[0.20111, 0.20369],[27, 20]
3.5,33,[],[0.20742, 0.2782, 0.20945],[32, 19, 23]
3.5,34,[],[0.34224, 0.20717, 0.25561],[17, 34, 30]
3.5,35,[],[0.2309, 0.25063, 0.38443, 0.31189],[16, 23, 16, 17]
3.5,36,[],[0.22545, 0.20717],[31, 13]
3.5,37,[],[0.21142, 0.2782],[35, 23]
3.5,38,[],[0.23016, 0.21666, 0.31189],[14, 4, 54]
3.5,39,[],[0.20763, 0.31189, 0.21666],[13, 17, 46]
3.5,40,[],[0.24068, 0.31123, 0.20717],[25, 23, 13]
3.5,41,[],[0.22902, 0.20369],[32, 38]
3.5,42,[],[0.20229, 0.20945, 0.25184],[24, 23, 34]
3.5,43,[],[0.24313, 0.20717],[16, 13]
3.5,44,[],[0.40665, 0.31189],[26, 17]
3.5,45,[],[0.20372, 0.23764],[16, 39]
3.5,46,[],[0.22388, 0.25063, 0.24926],[26, 16, 23]
3.5,47,[],[0.24525, 0.20717],[18, 13]
3.5,48,[],[0.28959, 0.25063, 0.24926],[21, 16, 23]
3.5,49,[],[0.22112, 0.20717],[16, 13]
3.5,50,[],[0.27483, 0.21585, 0.25561, 0.20717],[11, 19, 27, 13]
3.5,51,[],[0.20027],[11]
3.5,52,[],[0.22069, 0.23764],[14, 39]
3.5,53,[],[0.31947],[30]
3.5,54,[],[0.20484, 0.31278],[52, 20]
3.5,55,[],[0.20346, 0.31123, 0.20717],[15, 23, 12]
3.5,56,[],[0.30569, 0.20945, 0.25184],[20, 23, 34]
3.5,57,[],[0.22594, 0.25063, 0.24926],[23, 16, 23]
3.5,58,[],[0.2154, 0.20717],[31, 13]
3.5,59,[],[0.22121, 0.21585],[48, 19]
3.5,60,[],[0.26774, 0.25063, 0.24926],[13, 16, 23]
3.5,61,[],[0.27139, 0.31189],[30, 17]
3.5,62,[],[0.25402, 0.20945],[27, 23]
3.5,63,[],[0.2996, 0.2782, 0.20945],[22, 19, 23]
3.5,64,[],[0.25308, 0.23188],[13, 29]
3.5,65,[],[0.24454, 0.31189],[30, 17]
3.5,66,[],[0.26279, 0.25063, 0.38443, 0.31189],[10, 23, 16, 17]
3.5,67,[],[0.20973, 0.23764],[18, 39]
3.5,68,[],[0.22985, 0.23764],[15, 39]
3.5,69,[],[0.26302, 0.20717],[23, 13]
3.5,70,[],[0.2516, 0.31189],[45, 17]
3.5,71,[],[0.23676, 0.31189],[34, 17]
3.5,72,[],[0.22994, 0.20717],[34, 13]
3.5,73,[],[0.31634, 0.20945],[25, 32]
3.5,74,[],[0.25801, 0.2782, 0.20945],[19, 19, 36]
3.5,75,[],[0.25137, 0.31189],[25, 17]
3.5,76,[],[0.21078, 0.31189],[25, 17]
3.5,77,[],[],[]
3.5,78,[],[0.33236, 0.2782, 0.20945],[14, 19, 23]
3.5,79,[],[0.21116, 0.31278],[52, 20]
3.5,80,[],[0.22861, 0.20717],[10, 34]
3.5,81,[],[0.30392, 0.31189, 0.21666],[13, 17, 46]
3.5,82,[],[0.29023, 0.31123, 0.20717],[14, 23, 13]
3.5,83,[],[0.28075, 0.25561, 0.21585],[13, 13, 27]
3.5,84,[],[0.21032, 0.20945],[41, 23]
3.5,85,[],[0.21284, 0.20797],[19, 30]
3.5,86,[],[0.26584, 0.2782, 0.20945],[12, 19, 36]
3.5,87,[],[0.28086, 0.31189],[5, 55]
3.5,88,[],[0.21647, 0.20945],[32, 23]
3.5,89,[],[0.27924, 0.2782, 0.20945],[20, 19, 23]
3.5,90,[],[0.20348, 0.25063],[46, 16]
3.5,91,[],[0.20773, 0.22908],[20, 23]
3.5,92,[],[0.35843],[46]
3.5,93,[],[0.23764, 0.25561, 0.21585],[20, 13, 27]
3.5,94,[],[0.20925, 0.39258],[44, 28]
3.5,95,[],[0.22874, 0.20945, 0.30833],[11, 23, 34]
3.5,96,[],[0.32399, 0.2782, 0.43406],[27, 19, 23]
3.5,97,[],[0.20903],[44]
3.5,98,[],[0.20925, 0.2782, 0.20945, 0.3237],[13, 19, 23, 34]
3.5,99,[],[0.216, 0.39258, 0.31123],[22, 28, 23]
3.5,100,[],[0.32779, 0.20945, 0.2782],[23, 32, 23]
3.5,101,[],[0.20865, 0.25063, 0.38443],[21, 23, 16]
3.5,102,[],[0.21218, 0.2782, 0.21585],[29, 23, 19]
3.5,103,[],[0.23238, 0.2083, 0.31123],[21, 30, 23]
3.5,104,[],[0.28385, 0.25063, 0.24926],[7, 16, 23]
3.5,105,[],[0.24048, 0.20945],[42, 23]
3.5,106,[],[0.20505, 0.27988],[20, 58]
3.5,107,[],[0.24795, 0.25063, 0.2539],[18, 16, 23]
3.5,108,[],[0.24227, 0.23188],[13, 58]
3.5,109,[],[0.35046, 0.20945, 0.25184],[16, 23, 34]
3.5,110,[],[0.28121],[31]
3.5,111,[],[0.23085, 0.20717, 0.25561],[10, 34, 27]
3.5,112,[],[],[]
3.5,113,[],[0.22772, 0.21585, 0.25561, 0.20717],[12, 19, 27, 13]
3.5,114,[],[0.27722, 0.20945, 0.2782],[28, 32, 23]
3.5,115,[],[0.20117, 0.20717],[24, 34]
3.5,116,[],[0.20582, 0.23188],[19, 29]
3.5,117,[],[0.28741, 0.25063, 0.38443],[18, 23, 16]
3.5,118,[],[],[]
3.5,119,[],[0.28269, 0.20717, 0.27988],[12, 13, 58]
3.5,120,[],[0.25207],[46]
3.5,121,[],[0.20378, 0.20945, 0.2782, 0.21585],[10, 32, 23, 19]
3.5,122,[],[0.23028, 0.21666, 0.31189],[12, 4, 55]
3.5,123,[],[0.2114, 0.20369],[35, 38]
3.5,124,[],[0.23483, 0.23804, 0.20717],[4, 30, 30]
3.5,125,[],[0.29896, 0.31123, 0.20717],[21, 23, 13]
3.5,126,[],[0.28728, 0.31189],[25, 17]
3.5,127,[],[0.24646],[41]
3.5,128,[],[0.21141],[33]
3.5,129,[],[0.22917, 0.30833],[27, 34]
3.5,130,[],[0.21381, 0.2299],[20, 49]
3.5,131,[],[0.33128, 0.31123, 0.20717],[12, 23, 13]
3.5,132,[],[0.22258, 0.25561, 0.21585],[12, 13, 27]
3.5,133,[],[0.25314, 0.23188],[18, 58]
3.5,134,[],[0.20225, 0.31123],[26, 23]
3.5,135,[],[0.23972, 0.20717],[23, 13]
3.5,136,[],[0.30447, 0.20945],[35, 32]
3.5,137,[],[0.21469, 0.31189],[30, 17]
3.5,138,[],[0.21541, 0.25063],[16, 23]
3.5,139,[],[0.25428, 0.23804, 0.20717],[19, 30, 13]
3.5,140,[],[0.36701, 0.31189],[49, 17]
3.5,141,[],[0.3105, 0.20945, 0.2782],[17, 32, 23]
3.5,142,[],[0.2754, 0.20717],[38, 13]
3.5,143,[],[0.2097, 0.31189, 0.21666],[8, 17, 46]
3.5,144,[],[0.23289, 0.20717],[42, 13]
3.5,145,[],[0.24526, 0.25063, 0.24926],[20, 16, 23]
3.5,146,[],[0.39123, 0.2782, 0.20945, 0.25184],[5, 19, 23, 34]
3.5,147,[],[0.20659, 0.25063, 0.24926],[17, 16, 23]
3.5,148,[],[0.24748, 0.25063, 0.24926],[22, 16, 23]
3.5,149,[],[0.20709, 0.31189],[21, 17]
3.5,150,[],[0.30654, 0.25063, 0.38443, 0.31189],[19, 23, 16, 17]
3.5,151,[],[0.21097, 0.27514, 0.21666],[20, 17, 4]
3.5,152,[],[0.21758, 0.21666],[28, 46]
3.5,153,[],[0.20207, 0.21666, 0.31189],[14, 4, 55]
3.5,154,[],[0.21882, 0.2299],[19, 49]
3.5,155,[],[0.23393, 0.21666, 0.31189],[12, 4, 55]
3.5,156,[],[0.32414, 0.20945, 0.25184],[12, 23, 34]
3.5,157,[],[0.20186, 0.21666, 0.31189],[9, 4, 55]
3.5,158,[],[0.33623, 0.20945],[32, 32]
3.5,159,[],[0.28457, 0.26034, 0.2083],[32, 17, 30]
3.5,160,[],[0.20929, 0.21666, 0.31189],[19, 4, 55]
3.5,161,[],[0.20829, 0.22829],[5, 29]
3.5,162,[],[0.24601, 0.26368, 0.20717],[11, 23, 30]
3.5,163,[],[0.28262, 0.31123, 0.20717],[31, 23, 13]
3.5,164,[],[0.23425, 0.26034, 0.2083, 0.31123],[16, 17, 30, 23]
3.5,165,[],[0.22148, 0.20945, 0.2782, 0.21585],[12, 32, 23, 19]
3.5,166,[],[0.27788, 0.20717],[16, 13]
3.5,167,[],[0.2794, 0.20369, 0.31278],[21, 38, 20]
3.5,168,[],[0.28837, 0.20717],[21, 34]
3.5,169,[],[0.3572, 0.31189],[36, 17]
3.5,170,[],[0.26145, 0.20717, 0.27988],[18, 13, 58]
3.5,171,[],[0.35298, 0.2782, 0.20945],[12, 19, 23]
3.5,172,[],[0.25852, 0.25063, 0.2539],[17, 16, 23]
3.5,173,[],[0.29088, 0.25063, 0.24926],[17, 16, 23]
3.5,174,[],[0.26133, 0.20717],[13, 13]
3.5,175,[],[0.25088, 0.2782, 0.20945],[9, 19, 36]
3.5,176,[],[0.20052, 0.25063],[36, 23]
3.5,177,[],[0.21279, 0.20717],[29, 34]
3.5,178,[],[0.30705, 0.2782, 0.20945],[20, 19, 23]
3.5,179,[],[0.26606, 0.3237, 0.20945, 0.2782],[11, 15, 32, 23]
3.5,180,[],[0.21032, 0.20945, 0.2782],[14, 32, 23]
3.5,181,[],[0.23033, 0.25063, 0.24926],[23, 16, 23]
3.5,182,[],[0.29642, 0.20717],[22, 13]
3.5,183,[],[0.2848, 0.21585, 0.25561],[27, 19, 27]
3.5,184,[],[0.23385, 0.38443, 0.31189],[15, 16, 17]
3.5,185,[],[0.30592, 0.21666, 0.23782],[24, 46, 4]
3.5,186,[],[0.29513, 0.20717],[23, 13]
3.5,187,[],[0.32453, 0.20717],[24, 13]
3.5,188,[],[0.20251, 0.31123, 0.20717],[21, 23, 13]
3.5,189,[],[0.20852, 0.24926],[17, 23]
3.5,190,[],[0.36266, 0.31189],[46, 17]
3.5,191,[],[0.24955, 0.25063, 0.24926],[13, 16, 23]
3.5,192,[],[0.21204, 0.22829, 0.2782],[16, 29, 19]
3.5,193,[],[0.39534, 0.2782, 0.20945, 0.25184],[8, 19, 23, 34]
3.5,194,[],[0.31298, 0.20717, 0.27988],[8, 13, 58]
3.5,195,[],[0.23473, 0.2782, 0.20945, 0.25184],[12, 19, 22, 34]
3.5,196,[],[0.29913, 0.31189],[36, 17]
3.5,197,[],[0.20491, 0.20717],[22, 13]
3.5,198,[],[0.21112, 0.31189, 0.21666],[13, 17, 46]
3.5,199,[],[0.2184, 0.20945],[38, 32]

