3.5,0,[],[0.21748, 0.26698, 0.2815],[12, 11, 36]
3.5,1,[],[0.22122, 0.2403, 0.28711, 0.22198, 0.22492],[4, 20, 21, 23, 15]
3.5,2,[],[0.26174, 0.22198],[39, 23]
3.5,3,[],[0.23475, 0.2815, 0.22273],[12, 36, 27]
3.5,4,[],[0.42906, 0.2815, 0.22275],[8, 27, 36]
3.5,5,[],[0.21392, 0.2815],[35, 27]
3.5,6,[],[0.21035, 0.27467],[33, 24]
3.5,7,[],[0.30172, 0.29733, 0.2815],[22, 40, 27]
3.5,8,[],[0.30117, 0.2815, 0.22275],[19, 27, 36]
3.5,9,[],[0.20186, 0.2815],[26, 36]
3.5,10,[],[0.25398, 0.2815],[33, 36]
3.5,11,[],[0.20299, 0.29733],[16, 40]
3.5,12,[],[0.20246, 0.2815, 0.22273],[13, 36, 27]
3.5,13,[],[0.28257, 0.22273],[42, 27]
3.5,14,[],[0.21966, 0.28029],[28, 28]
3.5,15,[],[0.3086, 0.28711],[33, 21]
3.5,16,[],[0.43691, 0.2815],[39, 36]
3.5,17,[],[0.40312, 0.2815],[44, 36]
3.5,18,[],[0.20472, 0.22198, 0.28711],[23, 15, 23]
3.5,19,[],[0.20512, 0.2815],[25, 27]
3.5,20,[],[0.31821],[54]
3.5,21,[],[0.22665, 0.29175, 0.2403],[29, 15, 21]
3.5,22,[],[0.36987, 0.2815, 0.22273],[7, 36, 27]
3.5,23,[],[0.37894],[69]
3.5,24,[],[0.21577, 0.21681],[31, 34]
3.5,25,[],[0.27015, 0.22244, 0.20881],[20, 21, 35]
3.5,26,[],[0.20217, 0.22198, 0.29175, 0.2403],[23, 23, 15, 21]
3.5,27,[],[0.31611, 0.28711, 0.22198, 0.22492],[17, 21, 23, 15]
3.5,28,[],[0.38455, 0.22198, 0.29175],[9, 23, 15]
3.5,29,[],[0.25365, 0.22273, 0.2815],[9, 17, 27]
3.5,30,[],[0.28714, 0.22198],[29, 23]
3.5,31,[],[0.38821],[65]
3.5,32,[],[0.26482, 0.22198, 0.29175],[36, 23, 15]
3.5,33,[],[0.21529, 0.2815],[23, 27]
3.5,34,[],[0.20687, 0.23292],[21, 40]
3.5,35,[],[0.22899, 0.22198, 0.28711, 0.2403],[6, 15, 23, 21]
3.5,36,[],[0.22974, 0.30063, 0.2815],[26, 20, 36]
3.5,37,[],[0.27925, 0.30063],[30, 36]
3.5,38,[],[0.20204, 0.21681],[32, 38]
3.5,39,[],[0.21077, 0.29733],[29, 40]
3.5,40,[],[0.23963, 0.30063, 0.22275],[11, 20, 36]
3.5,41,[],[0.22048, 0.28711, 0.22198, 0.22492],[25, 21, 23, 15]
3.5,42,[],[0.28839, 0.29733],[37, 40]
3.5,43,[],[0.32332, 0.2815],[39, 36]
3.5,44,[],[0.20484, 0.22244],[50, 27]
3.5,45,[],[0.362, 0.29733],[23, 40]
3.5,46,[],[0.38591],[54]
3.5,47,[],[0.25127, 0.2403, 0.28711],[23, 20, 21]
3.5,48,[],[0.23891, 0.22198, 0.22492, 0.22085],[23, 23, 15, 15]
3.5,49,[],[0.20129, 0.21681],[23, 16]
3.5,50,[],[0.33818, 0.27514],[43, 31]
3.5,51,[],[0.21341, 0.29605],[19, 26]
3.5,52,[],[0.21006, 0.21681],[25, 34]
3.5,53,[],[0.2059, 0.22198, 0.29175],[17, 23, 15]
3.5,54,[],[0.27035],[41]
3.5,55,[],[0.23918, 0.22198, 0.29175, 0.2403],[17, 23, 15, 21]
3.5,56,[],[0.30395, 0.28711, 0.2403],[13, 23, 21]
3.5,57,[],[0.21482, 0.27514],[45, 31]
3.5,58,[],[0.21136, 0.2403, 0.28711, 0.22198, 0.22492],[4, 20, 21, 23, 15]
3.5,59,[],[0.21605, 0.29605],[42, 26]
3.5,60,[],[0.21049, 0.2815],[25, 27]
3.5,61,[],[0.21363, 0.28711, 0.22198, 0.22492, 0.22085],[6, 21, 23, 15, 15]
3.5,62,[],[0.33835, 0.22198],[53, 23]
3.5,63,[],[0.21536, 0.29733, 0.2815],[23, 40, 27]
3.5,64,[],[0.20892, 0.27023],[7, 47]
3.5,65,[],[0.26614, 0.2815, 0.22273],[9, 36, 27]
3.5,66,[],[0.24967],[51]
3.5,67,[],[0.22711, 0.22275],[32, 36]
3.5,68,[],[0.23632, 0.20881, 0.30063],[29, 35, 20]
3.5,69,[],[0.29587],[54]
3.5,70,[],[0.24247, 0.22273, 0.2815],[18, 17, 27]
3.5,71,[],[0.24709, 0.29733],[19, 40]
3.5,72,[],[0.22248, 0.28711, 0.22198, 0.22492],[19, 21, 23, 15]
3.5,73,[],[0.30834, 0.22273],[43, 27]
3.5,74,[],[0.26653, 0.22244],[31, 21]
3.5,75,[],[0.33836, 0.28711, 0.22198, 0.22492, 0.22085],[7, 21, 23, 15, 15]
3.5,76,[],[0.31243],[46]
3.5,77,[],[0.21998, 0.22244, 0.20881],[20, 21, 35]
3.5,78,[],[0.20945, 0.29733],[25, 40]
3.5,79,[],[0.26343, 0.2815],[44, 36]
3.5,80,[],[0.20704],[40]
3.5,81,[],[0.23896, 0.2815],[27, 36]
3.5,82,[],[0.30298],[54]
3.5,83,[],[0.31662, 0.29733, 0.2815],[18, 40, 27]
3.5,84,[],[0.23981],[52]
3.5,85,[],[0.31326, 0.2815],[22, 36]
3.5,86,[],[0.23676, 0.2815, 0.22275],[14, 27, 36]
3.5,87,[],[0.24155, 0.22198, 0.28711, 0.2403],[9, 15, 22, 21]
3.5,88,[],[0.23572, 0.29733, 0.2815],[13, 40, 27]
3.5,89,[],[0.22558, 0.2815, 0.22273],[8, 36, 27]
3.5,90,[],[0.23013, 0.2815],[29, 36]
3.5,91,[],[0.21151, 0.22198, 0.28711],[20, 15, 23]
3.5,92,[],[0.20341, 0.30063],[23, 36]
3.5,93,[],[0.32724],[50]
3.5,94,[],[0.25347, 0.22198, 0.29175],[27, 23, 15]
3.5,95,[],[0.2808, 0.22273, 0.2815],[29, 17, 27]
3.5,96,[],[0.21871, 0.28711, 0.22198, 0.22492],[19, 21, 23, 15]
3.5,97,[],[0.2662, 0.28711, 0.22198, 0.22492, 0.22085],[8, 21, 23, 15, 15]
3.5,98,[],[0.25778, 0.22198, 0.29175],[27, 23, 15]
3.5,99,[],[0.21355, 0.22198, 0.29175],[22, 23, 15]
3.5,100,[],[0.29353, 0.28711],[34, 21]
3.5,101,[],[0.30025, 0.30063, 0.2815],[9, 20, 36]
3.5,102,[],[0.22587, 0.27023],[14, 47]
3.5,103,[],[0.22035, 0.21681, 0.23066, 0.25609],[13, 34, 16, 10]
3.5,104,[],[0.24924, 0.22198, 0.22492, 0.22085],[29, 23, 15, 15]
3.5,105,[],[0.22645, 0.22198, 0.28711],[22, 15, 23]
3.5,106,[],[0.27095, 0.22198, 0.29175],[33, 23, 15]
3.5,107,[],[0.2098, 0.3569],[14, 35]
3.5,108,[],[0.24883, 0.29175, 0.2403],[30, 15, 21]
3.5,109,[],[0.21613, 0.28711, 0.22198],[25, 21, 23]
3.5,110,[],[0.23985, 0.20881],[19, 35]
3.5,111,[],[0.22178, 0.30063, 0.2815],[13, 20, 36]
3.5,112,[],[0.27812, 0.2815, 0.22273],[19, 36, 27]
3.5,113,[],[0.26775, 0.22244, 0.20881],[14, 21, 35]
3.5,114,[],[0.24991, 0.2815, 0.22275],[15, 27, 36]
3.5,115,[],[0.24436, 0.24265, 0.27514],[13, 34, 31]
3.5,116,[],[0.22205, 0.30063, 0.2815],[22, 20, 36]
3.5,117,[],[0.27055, 0.2403, 0.27096],[20, 21, 20]
3.5,118,[],[0.26181, 0.2815, 0.22275],[6, 27, 36]
3.5,119,[],[0.24286, 0.30063, 0.2815],[21, 20, 36]
3.5,120,[],[0.23791, 0.2815],[27, 27]
3.5,121,[],[0.21758, 0.21681, 0.24265],[23, 16, 34]
3.5,122,[],[0.30571],[49]
3.5,123,[],[0.20094, 0.30063],[39, 20]
3.5,124,[],[0.22117, 0.27023],[12, 47]
3.5,125,[],[0.23279, 0.29733, 0.2815],[6, 40, 27]
3.5,126,[],[0.3282],[54]
3.5,127,[],[0.20032, 0.30063, 0.2815],[11, 20, 36]
3.5,128,[],[0.21829, 0.22273, 0.2815],[16, 17, 27]
3.5,129,[],[0.32588, 0.22198, 0.29175, 0.2403],[7, 23, 15, 21]
3.5,130,[],[0.23059, 0.22198, 0.29175, 0.2403],[18, 23, 15, 21]
3.5,131,[],[0.21941, 0.22198, 0.29175],[37, 23, 15]
3.5,132,[],[0.21527, 0.22244],[33, 21]
3.5,133,[],[0.25415, 0.22198, 0.28711, 0.2403],[9, 15, 23, 21]
3.5,134,[],[0.27829, 0.2815],[38, 27]
3.5,135,[],[0.25556, 0.22198, 0.28711, 0.2403],[7, 15, 23, 21]
3.5,136,[],[0.30859, 0.28711, 0.22198],[26, 21, 23]
3.5,137,[],[0.31033, 0.30063, 0.2815],[15, 20, 36]
3.5,138,[],[0.20859, 0.30063],[33, 20]
3.5,139,[],[0.21842, 0.22198],[34, 15]
3.5,140,[],[0.21153, 0.29175, 0.2403],[22, 15, 21]
3.5,141,[],[0.29581, 0.2403, 0.27096],[16, 21, 20]
3.5,142,[],[0.21952, 0.20286],[28, 31]
3.5,143,[],[0.31168, 0.2815],[33, 36]
3.5,144,[],[0.205, 0.28711, 0.22198, 0.22492],[19, 21, 23, 15]
3.5,145,[],[0.24833, 0.30063, 0.2815],[18, 20, 36]
3.5,146,[],[0.20128, 0.32037],[12, 41]
3.5,147,[],[0.22132, 0.2815],[32, 36]
3.5,148,[],[0.2762, 0.22273],[39, 27]
3.5,149,[],[0.21252, 0.20881],[35, 35]
3.5,150,[],[0.27948, 0.22273],[45, 27]
3.5,151,[],[0.26736, 0.2815, 0.22273],[11, 36, 27]
3.5,152,[],[0.22625, 0.2403, 0.28711],[32, 20, 21]
3.5,153,[],[0.2941, 0.29733, 0.2815],[7, 40, 27]
3.5,154,[],[0.25352, 0.2815],[26, 27]
3.5,155,[],[0.28102, 0.2815, 0.22273],[11, 36, 27]
3.5,156,[],[0.20293, 0.20286, 0.35149],[14, 21, 35]
3.5,157,[],[0.20958, 0.27514],[21, 31]
3.5,158,[],[0.23875, 0.28711, 0.22198, 0.22492],[18, 21, 23, 15]
3.5,159,[],[0.25527, 0.30063, 0.2815],[18, 20, 36]
3.5,160,[],[0.23401, 0.22244, 0.20881],[25, 21, 35]
3.5,161,[],[0.26551, 0.2815, 0.22273],[20, 36, 27]
3.5,162,[],[0.39329, 0.22198, 0.29175, 0.2403],[10, 23, 15, 20]
3.5,163,[],[0.28498, 0.22198, 0.29175, 0.25609],[22, 23, 15, 21]
3.5,164,[],[0.25901, 0.2403, 0.27096],[16, 21, 20]
3.5,165,[],[0.32423, 0.22275],[28, 36]
3.5,166,[],[0.34135],[52]
3.5,167,[],[0.40843, 0.2815],[40, 36]
3.5,168,[],[0.23544, 0.22275],[30, 36]
3.5,169,[],[0.25795, 0.22273, 0.2815],[27, 17, 27]
3.5,170,[],[0.24664, 0.28711, 0.2403],[14, 23, 21]
3.5,171,[],[0.24779, 0.21681, 0.24265],[30, 16, 34]
3.5,172,[],[0.2698, 0.22273, 0.2815],[28, 17, 27]
3.5,173,[],[0.28752, 0.22198, 0.29175, 0.2403],[12, 23, 15, 21]
3.5,174,[],[0.2437, 0.24265, 0.27514],[15, 34, 31]
3.5,175,[],[0.20689, 0.22198, 0.29175],[25, 23, 15]
3.5,176,[],[0.24206, 0.2815, 0.22273],[19, 36, 27]
3.5,177,[],[0.21083, 0.21681, 0.24265],[30, 16, 34]
3.5,178,[],[0.29689, 0.22198, 0.28711, 0.2403],[17, 15, 23, 21]
3.5,179,[],[0.24702, 0.22198, 0.28711, 0.2403],[8, 15, 23, 21]
3.5,180,[],[0.20869, 0.29733],[32, 40]
3.5,181,[],[0.21791],[48]
3.5,182,[],[0.22965, 0.30063, 0.2815],[11, 20, 36]
3.5,183,[],[0.21994, 0.30063, 0.2815],[9, 20, 36]
3.5,184,[],[0.28854],[54]
3.5,185,[],[0.21997],[61]
3.5,186,[],[0.20776, 0.29605],[39, 26]
3.5,187,[],[0.31841, 0.2815],[28, 27]
3.5,188,[],[0.21956, 0.29175, 0.2403],[28, 15, 21]
3.5,189,[],[0.26669],[55]
3.5,190,[],[0.20542, 0.23292],[16, 25]
3.5,191,[],[0.25852, 0.20286],[15, 35]
3.5,192,[],[0.25096, 0.24265, 0.27514],[15, 34, 31]
3.5,193,[],[0.2184, 0.28711, 0.22198, 0.22492],[16, 21, 23, 15]
3.5,194,[],[0.22664, 0.2815],[29, 36]
3.5,195,[],[0.26172, 0.22198, 0.29175, 0.2403],[10, 23, 15, 21]
3.5,196,[],[0.31074, 0.22198],[40, 23]
3.5,197,[],[0.30834, 0.22198, 0.29175, 0.2403],[5, 23, 15, 21]
3.5,198,[],[0.32413, 0.22198, 0.29175, 0.2403],[17, 23, 15, 21]
3.5,199,[],[0.34823],[58]

