3.5,0,[],[0.21394, 0.25016],[9, 33]
3.5,1,[],[0.21157, 0.29523, 0.24455],[8, 32, 34]
3.5,2,[],[0.21021, 0.20545, 0.25873],[27, 14, 31]
3.5,3,[],[0.29484, 0.20545, 0.27149],[15, 14, 31]
3.5,4,[],[0.26083, 0.24455, 0.27175],[8, 34, 23]
3.5,5,[],[0.29853, 0.24455, 0.27175],[17, 34, 23]
3.5,6,[],[0.28252, 0.21861],[42, 34]
3.5,7,[],[0.2052, 0.36602],[15, 32]
3.5,8,[],[0.20133, 0.20545, 0.25873],[22, 14, 31]
3.5,9,[],[0.2716, 0.25016, 0.24439],[7, 7, 12]
3.5,10,[],[0.20305, 0.28525],[7, 60]
3.5,11,[],[0.2311, 0.20349, 0.21026],[17, 32, 25]
3.5,12,[],[0.33486, 0.20545, 0.27149],[16, 14, 31]
3.5,13,[],[0.21253, 0.20349, 0.36602],[10, 19, 31]
3.5,14,[],[0.20156, 0.21861],[21, 34]
3.5,15,[],[0.23496, 0.27175, 0.24455],[13, 30, 23]
3.5,16,[],[0.20216, 0.20349],[29, 19]
3.5,17,[],[0.27312, 0.20349, 0.21026],[14, 32, 25]
3.5,18,[],[0.33423, 0.20349],[42, 32]
3.5,19,[],[0.31993, 0.20349],[9, 19]
3.5,20,[],[0.26513, 0.24455],[21, 34]
3.5,21,[],[0.2043, 0.24455],[4, 39]
3.5,22,[],[0.30114, 0.24455],[23, 34]
3.5,23,[],[0.26881, 0.20349],[38, 32]
3.5,24,[],[0.27392, 0.24439],[19, 12]
3.5,25,[],[0.21986, 0.22288, 0.27175],[10, 17, 23]
3.5,26,[],[0.25833, 0.24455],[40, 34]
3.5,27,[],[0.20808, 0.20349, 0.21026],[25, 32, 25]
3.5,28,[],[0.20923, 0.29133, 0.25016],[8, 8, 33]
3.5,29,[],[0.21025, 0.24455, 0.27175],[19, 34, 23]
3.5,30,[],[0.2404, 0.25016, 0.24439],[21, 7, 12]
3.5,31,[],[0.24842, 0.20349],[33, 32]
3.5,32,[],[0.24172, 0.27175, 0.24455],[12, 30, 23]
3.5,33,[],[0.29773, 0.25016, 0.24439],[7, 7, 12]
3.5,34,[],[0.25237, 0.20349, 0.36602],[17, 19, 32]
3.5,35,[],[0.35846, 0.20349],[20, 32]
3.5,36,[],[0.22131, 0.23154],[18, 27]
3.5,37,[],[0.21546, 0.20385],[13, 23]
3.5,38,[],[0.26142, 0.27175, 0.24455],[5, 30, 39]
3.5,39,[],[0.25352, 0.25016, 0.23661, 0.37001],[21, 12, 7, 17]
3.5,40,[],[0.22379, 0.20348],[43, 27]
3.5,41,[],[0.22848, 0.20385],[43, 23]
3.5,42,[],[0.20449],[41]
3.5,43,[],[0.2109, 0.20385],[19, 42]
3.5,44,[],[0.25983, 0.27175, 0.24455],[15, 30, 23]
3.5,45,[],[0.20993, 0.23843],[40, 26]
3.5,46,[],[0.21359, 0.20385],[13, 23]
3.5,47,[],[0.26958, 0.20545],[31, 14]
3.5,48,[],[0.23253, 0.24455],[34, 34]
3.5,49,[],[0.21409, 0.24455, 0.27175],[27, 34, 23]
3.5,50,[],[0.23772, 0.20385],[35, 23]
3.5,51,[],[0.20255, 0.22288, 0.27175],[19, 17, 23]
3.5,52,[],[0.23007, 0.20349, 0.21026],[17, 32, 25]
3.5,53,[],[0.27366, 0.24455, 0.27175],[18, 34, 23]
3.5,54,[],[0.25698, 0.2678, 0.24639],[9, 14, 31]
3.5,55,[],[0.20899, 0.25122, 0.27889],[46, 18, 14]
3.5,56,[],[0.20806, 0.23154, 0.20708],[22, 25, 25]
3.5,57,[],[0.28801, 0.20349, 0.36602],[6, 19, 31]
3.5,58,[],[0.20989, 0.24455],[35, 34]
3.5,59,[],[0.21085, 0.25016, 0.23661, 0.37001],[26, 12, 7, 17]
3.5,60,[],[0.20061, 0.23011, 0.27175],[15, 13, 30]
3.5,61,[],[0.21862, 0.21026],[31, 25]
3.5,62,[],[0.26197, 0.24455],[39, 34]
3.5,63,[],[0.27161, 0.27175],[29, 23]
3.5,64,[],[0.22148, 0.20385],[44, 23]
3.5,65,[],[0.31452, 0.20545, 0.27149],[21, 14, 31]
3.5,66,[],[0.22085, 0.25122, 0.27889],[40, 18, 14]
3.5,67,[],[0.21536, 0.24455],[34, 23]
3.5,68,[],[0.26757, 0.20349, 0.21026],[15, 32, 25]
3.5,69,[],[0.23565, 0.20349, 0.21026],[25, 32, 25]
3.5,70,[],[0.20621, 0.24455, 0.21861],[18, 23, 34]
3.5,71,[],[0.28012, 0.24455, 0.27175],[28, 34, 23]
3.5,72,[],[0.2888, 0.20349, 0.21026],[16, 32, 25]
3.5,73,[],[0.30749],[33]
3.5,74,[],[0.23112, 0.27175, 0.24455],[19, 30, 23]
3.5,75,[],[0.22375, 0.30187],[10, 54]
3.5,76,[],[0.29813, 0.25016, 0.23661, 0.37001],[20, 12, 7, 17]
3.5,77,[],[0.28897, 0.24455, 0.21861, 0.23011],[11, 23, 33, 13]
3.5,78,[],[0.30444, 0.24455],[21, 34]
3.5,79,[],[0.24496],[41]
3.5,80,[],[0.32141, 0.24455, 0.27175],[19, 34, 23]
3.5,81,[],[0.21456, 0.25016, 0.24439],[35, 7, 12]
3.5,82,[],[0.29512, 0.24455],[45, 34]
3.5,83,[],[0.47314, 0.20349, 0.21026],[7, 32, 25]
3.5,84,[],[0.28828, 0.24455, 0.29523],[13, 23, 33]
3.5,85,[],[0.23056, 0.25016, 0.23661],[32, 12, 7]
3.5,86,[],[0.21826, 0.20545, 0.25873],[33, 14, 31]
3.5,87,[],[0.31635, 0.20545, 0.27149],[10, 14, 31]
3.5,88,[],[0.22469, 0.20385],[14, 23]
3.5,89,[],[0.23058, 0.24439],[23, 39]
3.5,90,[],[0.22393, 0.27175, 0.24455],[22, 30, 23]
3.5,91,[],[0.25567, 0.24455],[25, 34]
3.5,92,[],[0.2357, 0.20349, 0.21026],[17, 32, 25]
3.5,93,[],[0.22126, 0.25016, 0.23661, 0.37001],[35, 12, 7, 17]
3.5,94,[],[0.20919, 0.25016, 0.23661, 0.37001],[15, 12, 7, 17]
3.5,95,[],[0.22646, 0.20349],[29, 32]
3.5,96,[],[0.3449, 0.20349],[29, 32]
3.5,97,[],[0.24713, 0.20349, 0.21026],[23, 32, 25]
3.5,98,[],[0.20838, 0.20349, 0.21026],[27, 32, 25]
3.5,99,[],[0.26766, 0.20545],[35, 14]
3.5,100,[],[0.2486, 0.24455],[43, 34]
3.5,101,[],[0.2201, 0.23154],[31, 25]
3.5,102,[],[0.2946, 0.36602],[22, 30]
3.5,103,[],[0.2067, 0.20385],[9, 23]
3.5,104,[],[0.22855, 0.21861, 0.24455, 0.27175],[14, 13, 33, 23]
3.5,105,[],[0.30324, 0.20545, 0.27149],[14, 14, 31]
3.5,106,[],[0.2577, 0.24455, 0.27175],[19, 34, 23]
3.5,107,[],[0.24429, 0.23661, 0.37001],[16, 7, 17]
3.5,108,[],[0.27503, 0.24455, 0.21861],[22, 23, 33]
3.5,109,[],[0.26411, 0.24455],[38, 34]
3.5,110,[],[0.287, 0.27521],[10, 18]
3.5,111,[],[0.20928, 0.25016, 0.24439],[27, 7, 12]
3.5,112,[],[0.25727, 0.25016, 0.23661, 0.37001],[15, 12, 7, 17]
3.5,113,[],[0.20578, 0.20349],[41, 19]
3.5,114,[],[0.22374, 0.29523],[20, 49]
3.5,115,[],[0.35545, 0.20349],[31, 32]
3.5,116,[],[0.28661, 0.20349, 0.21026],[18, 32, 25]
3.5,117,[],[0.20245, 0.29523, 0.24455],[10, 32, 34]
3.5,118,[],[0.30867, 0.25016, 0.23661, 0.37001],[22, 12, 7, 17]
3.5,119,[],[0.25917, 0.25016, 0.23661, 0.37001],[33, 12, 7, 17]
3.5,120,[],[0.27373, 0.24455, 0.27175],[22, 34, 23]
3.5,121,[],[0.29628, 0.24439],[10, 12]
3.5,122,[],[0.32036, 0.24455],[32, 34]
3.5,123,[],[0.22834, 0.24455],[28, 34]
3.5,124,[],[0.20395, 0.24455],[29, 23]
3.5,125,[],[0.21758, 0.20349, 0.36602],[25, 19, 32]
3.5,126,[],[0.20763],[45]
3.5,127,[],[0.2044, 0.20348],[15, 27]
3.5,128,[],[0.22542],[35]
3.5,129,[],[0.21915, 0.24527, 0.20385],[8, 12, 23]
3.5,130,[],[0.23826, 0.29523],[31, 49]
3.5,131,[],[0.23167, 0.20348],[25, 27]
3.5,132,[],[0.39367, 0.24455],[25, 34]
3.5,133,[],[0.23222, 0.25016, 0.23661, 0.37001],[36, 12, 7, 17]
3.5,134,[],[0.22065, 0.25016, 0.24439],[17, 7, 12]
3.5,135,[],[0.29464],[50]
3.5,136,[],[0.32111, 0.20349],[28, 32]
3.5,137,[],[0.22947],[46]
3.5,138,[],[0.20644, 0.24455, 0.27175],[21, 34, 23]
3.5,139,[],[0.24584, 0.20349],[36, 32]
3.5,140,[],[0.26696, 0.23843, 0.34597],[9, 23, 26]
3.5,141,[],[0.21215],[44]
3.5,142,[],[0.22931, 0.25172],[24, 25]
3.5,143,[],[0.24066, 0.24455],[37, 34]
3.5,144,[],[0.25779, 0.24455],[20, 34]
3.5,145,[],[0.28532, 0.20349, 0.21026],[23, 32, 25]
3.5,146,[],[0.23571, 0.20385],[19, 23]
3.5,147,[],[0.25656, 0.20349],[25, 19]
3.5,148,[],[0.26507, 0.27175, 0.24455],[10, 30, 23]
3.5,149,[],[0.2271, 0.24527, 0.20385],[14, 12, 23]
3.5,150,[],[0.21353, 0.25016, 0.23661, 0.37001],[35, 12, 7, 17]
3.5,151,[],[0.21949, 0.24455],[27, 34]
3.5,152,[],[0.22694, 0.20349, 0.21026],[10, 32, 25]
3.5,153,[],[0.31571, 0.25016, 0.23661, 0.37001],[27, 12, 7, 17]
3.5,154,[],[0.25293, 0.20385],[23, 23]
3.5,155,[],[0.21859],[25]
3.5,156,[],[0.2839, 0.24455, 0.27175],[16, 34, 23]
3.5,157,[],[0.21328, 0.24455, 0.27175],[18, 34, 23]
3.5,158,[],[0.21766, 0.2678],[33, 16]
3.5,159,[],[0.2548, 0.20545, 0.27149],[15, 14, 45]
3.5,160,[],[0.25821, 0.25016, 0.23661, 0.37001],[14, 12, 7, 17]
3.5,161,[],[0.21967, 0.36602, 0.20349],[19, 30, 32]
3.5,162,[],[0.20792, 0.25016, 0.23661, 0.37001],[22, 12, 7, 17]
3.5,163,[],[0.21495, 0.29523, 0.24455],[15, 32, 41]
3.5,164,[],[0.24376, 0.20385],[21, 23]
3.5,165,[],[0.27986, 0.20349],[41, 32]
3.5,166,[],[0.26106, 0.27175],[32, 23]
3.5,167,[],[0.20678, 0.25172, 0.25873],[13, 25, 31]
3.5,168,[],[0.20582, 0.32794, 0.36602],[9, 25, 32]
3.5,169,[],[0.21083, 0.20708],[21, 27]
3.5,170,[],[0.26684, 0.20349, 0.21026],[18, 32, 25]
3.5,171,[],[0.25979, 0.24455],[24, 34]
3.5,172,[],[0.21691, 0.20349, 0.36602],[26, 19, 32]
3.5,173,[],[0.22967, 0.20349],[32, 32]
3.5,174,[],[0.23156, 0.21861],[33, 34]
3.5,175,[],[0.22309, 0.20385],[18, 23]
3.5,176,[],[0.28248, 0.20349, 0.21026],[22, 32, 25]
3.5,177,[],[0.27443, 0.20349, 0.21026],[27, 32, 25]
3.5,178,[],[0.23716, 0.24455],[26, 34]
3.5,179,[],[0.20809, 0.20349, 0.21026],[19, 32, 25]
3.5,180,[],[0.24025, 0.20349, 0.21026],[13, 32, 25]
3.5,181,[],[0.22416, 0.29523, 0.24455],[10, 32, 34]
3.5,182,[],[0.30524, 0.24455, 0.21861, 0.23011],[12, 23, 41, 13]
3.5,183,[],[0.30002, 0.20545],[31, 14]
3.5,184,[],[0.25291, 0.25016, 0.23661, 0.37001],[18, 12, 7, 17]
3.5,185,[],[0.21301, 0.29523, 0.24455],[19, 32, 34]
3.5,186,[],[0.27358, 0.20349],[40, 32]
3.5,187,[],[0.21494, 0.24455],[33, 34]
3.5,188,[],[0.21069, 0.21861],[23, 37]
3.5,189,[],[0.30702, 0.25016, 0.23661, 0.37001],[9, 12, 7, 17]
3.5,190,[],[0.27537, 0.20349, 0.36602],[13, 19, 32]
3.5,191,[],[0.21013, 0.24455, 0.27175],[16, 34, 23]
3.5,192,[],[0.23699, 0.24455, 0.27175],[26, 34, 23]
3.5,193,[],[0.20892, 0.25016, 0.23661, 0.37001],[30, 12, 7, 17]
3.5,194,[],[0.35443, 0.24455],[29, 34]
3.5,195,[],[0.26687, 0.24455, 0.21861, 0.23011],[11, 23, 33, 13]
3.5,196,[],[0.29039, 0.24455, 0.21861, 0.23011],[8, 23, 33, 13]
3.5,197,[],[0.21366, 0.20349],[23, 32]
3.5,198,[],[0.23273, 0.24455],[29, 34]
3.5,199,[],[0.2697, 0.25016, 0.23661, 0.37001],[19, 12, 7, 17]

