3.5,0,[],[0.2236],[28]
3.5,1,[],[0.30978, 0.23517],[29, 25]
3.5,2,[],[0.20486, 0.22158, 0.20951, 0.23517],[26, 15, 18, 24]
3.5,3,[],[0.2571],[46]
3.5,4,[],[0.20623, 0.30074, 0.23517],[15, 26, 25]
3.5,5,[],[],[]
3.5,6,[],[0.35735, 0.23517, 0.20951],[29, 27, 25]
3.5,7,[],[0.21047, 0.21315],[19, 14]
3.5,8,[],[0.21285],[35]
3.5,9,[],[0.24095],[30]
3.5,10,[],[0.22123, 0.23517, 0.20951, 0.22158],[9, 27, 26, 18]
3.5,11,[],[0.20539],[28]
3.5,12,[],[0.21037],[31]
3.5,13,[],[0.21815, 0.22158, 0.20951, 0.23517],[18, 15, 18, 25]
3.5,14,[],[0.25069],[45]
3.5,15,[],[0.21768],[38]
3.5,16,[],[0.20218, 0.30074],[41, 26]
3.5,17,[],[0.20421, 0.23517],[24, 25]
3.5,18,[],[0.22623, 0.21819],[31, 27]
3.5,19,[],[0.21258, 0.21031],[28, 30]
3.5,20,[],[0.24787],[44]
3.5,21,[],[0.26003, 0.22158, 0.20951, 0.23517],[12, 15, 18, 25]
3.5,22,[],[0.20784, 0.23517, 0.20951],[17, 27, 25]
3.5,23,[],[0.20844, 0.30074, 0.23517],[36, 26, 25]
3.5,24,[],[0.22139, 0.26336],[26, 30]
3.5,25,[],[0.26564, 0.23517],[34, 25]
3.5,26,[],[0.31698, 0.33536],[24, 44]
3.5,27,[],[0.21925, 0.22242],[21, 32]
3.5,28,[],[0.21231, 0.22645, 0.26561],[18, 26, 18]
3.5,29,[],[0.22023, 0.26336],[29, 30]
3.5,30,[],[0.21084, 0.23517],[31, 27]
3.5,31,[],[0.21296, 0.24415],[14, 34]
3.5,32,[],[0.23931, 0.23517, 0.33536],[9, 25, 27]
3.5,33,[],[0.31299, 0.23517, 0.33536],[15, 25, 27]
3.5,34,[],[0.31204, 0.23517],[40, 25]
3.5,35,[],[0.33931, 0.23517, 0.20951],[25, 27, 25]
3.5,36,[],[0.20623, 0.30074, 0.23517],[15, 26, 25]
3.5,37,[],[0.24867, 0.23517, 0.33536],[21, 25, 27]
3.5,38,[],[0.21245, 0.26336],[19, 30]
3.5,39,[],[0.22921, 0.29744],[9, 27]
3.5,40,[],[0.24573, 0.30074, 0.23517],[32, 26, 25]
3.5,41,[],[0.23281],[42]
3.5,42,[],[0.23297, 0.33536],[23, 27]
3.5,43,[],[0.29722, 0.28235, 0.23517],[18, 18, 25]
3.5,44,[],[0.25308, 0.22158, 0.20816],[22, 20, 18]
3.5,45,[],[0.20855, 0.23517, 0.33536],[20, 25, 27]
3.5,46,[],[0.24939, 0.26336],[14, 38]
3.5,47,[],[0.25769, 0.26336],[22, 30]
3.5,48,[],[],[]
3.5,49,[],[0.23656, 0.23517, 0.20951],[26, 27, 25]
3.5,50,[],[0.24136, 0.23517],[25, 27]
3.5,51,[],[0.22622, 0.23517, 0.20951, 0.22158],[10, 27, 25, 18]
3.5,52,[],[0.28209, 0.23517],[37, 25]
3.5,53,[],[0.2894, 0.23517],[33, 27]
3.5,54,[],[0.20304, 0.21315],[30, 14]
3.5,55,[],[0.2111],[35]
3.5,56,[],[0.21137, 0.21137],[15, 33]
3.5,57,[],[0.21189, 0.20951, 0.22158],[16, 25, 18]
3.5,58,[],[0.23912, 0.26336],[34, 30]
3.5,59,[],[0.22253, 0.31442],[35, 21]
3.5,60,[],[0.21576, 0.21819, 0.21031],[22, 27, 30]
3.5,61,[],[0.22034, 0.24863, 0.23517],[29, 19, 27]
3.5,62,[],[0.25551, 0.33536],[26, 44]
3.5,63,[],[0.20062, 0.31442, 0.23517],[16, 21, 27]
3.5,64,[],[0.25505, 0.29744],[10, 27]
3.5,65,[],[0.2565, 0.33536],[25, 44]
3.5,66,[],[0.23619, 0.23517, 0.20951, 0.22158],[5, 27, 25, 18]
3.5,67,[],[0.21102, 0.28235, 0.23517],[17, 22, 25]
3.5,68,[],[0.2499, 0.21315],[32, 14]
3.5,69,[],[0.21602, 0.22645, 0.26561],[16, 26, 18]
3.5,70,[],[0.29122, 0.23517],[20, 25]
3.5,71,[],[0.34652],[50]
3.5,72,[],[0.23895],[23]
3.5,73,[],[0.32374, 0.28235, 0.23517, 0.33536],[8, 18, 25, 27]
3.5,74,[],[0.23628, 0.26561, 0.26336],[23, 18, 38]
3.5,75,[],[0.21326, 0.26336],[29, 30]
3.5,76,[],[0.27165, 0.26561, 0.28235],[19, 38, 18]
3.5,77,[],[0.21348, 0.24868],[9, 70]
3.5,78,[],[0.2187, 0.29744],[21, 27]
3.5,79,[],[0.23211, 0.23137, 0.20951],[38, 14, 18]
3.5,80,[],[0.24828, 0.23517, 0.20951],[16, 27, 25]
3.5,81,[],[0.20539, 0.30074, 0.23517],[23, 26, 25]
3.5,82,[],[0.2045, 0.23517, 0.20951],[19, 27, 25]
3.5,83,[],[0.26022, 0.23517],[42, 27]
3.5,84,[],[0.26343],[62]
3.5,85,[],[0.25903, 0.23517, 0.20951, 0.22158],[12, 27, 25, 18]
3.5,86,[],[0.28598, 0.23517],[39, 25]
3.5,87,[],[0.22118, 0.29744],[33, 37]
3.5,88,[],[],[]
3.5,89,[],[0.23014, 0.21137],[24, 33]
3.5,90,[],[0.25507, 0.28235, 0.23517],[20, 18, 25]
3.5,91,[],[0.21038, 0.31442],[50, 21]
3.5,92,[],[0.21243, 0.22158, 0.20951],[14, 15, 18]
3.5,93,[],[0.23615, 0.24868],[55, 19]
3.5,94,[],[0.20547],[67]
3.5,95,[],[0.28502, 0.23517, 0.20951],[23, 27, 25]
3.5,96,[],[0.29365, 0.23517],[36, 27]
3.5,97,[],[0.23006, 0.29744],[21, 27]
3.5,98,[],[0.20821],[52]
3.5,99,[],[0.21991, 0.24868, 0.34113],[25, 19, 15]
3.5,100,[],[0.26169],[63]
3.5,101,[],[0.21733, 0.29744],[4, 27]
3.5,102,[],[0.25389, 0.22158, 0.20816],[27, 20, 18]
3.5,103,[],[0.22582, 0.23517, 0.33536],[16, 25, 27]
3.5,104,[],[0.20843, 0.24863, 0.23517],[14, 19, 40]
3.5,105,[],[0.20924, 0.29744],[23, 27]
3.5,106,[],[0.20326, 0.28235],[40, 18]
3.5,107,[],[0.2588, 0.23517, 0.33536],[11, 25, 27]
3.5,108,[],[0.24618],[38]
3.5,109,[],[0.20913, 0.20951, 0.23517],[16, 18, 25]
3.5,110,[],[0.26004],[43]
3.5,111,[],[0.26061, 0.20951, 0.22158],[25, 25, 18]
3.5,112,[],[0.2016],[6]
3.5,113,[],[0.22668, 0.26336],[32, 38]
3.5,114,[],[0.21502, 0.26561, 0.28235],[20, 38, 18]
3.5,115,[],[0.21255, 0.33536, 0.23517],[17, 44, 27]
3.5,116,[],[0.22002, 0.20951],[40, 18]
3.5,117,[],[0.21372, 0.23517],[24, 25]
3.5,118,[],[0.21342],[56]
3.5,119,[],[0.25318, 0.31442, 0.23517],[24, 21, 27]
3.5,120,[],[0.24746, 0.28235, 0.23517],[16, 18, 24]
3.5,121,[],[0.30037, 0.23517],[35, 25]
3.5,122,[],[0.23372, 0.21315],[30, 36]
3.5,123,[],[0.20677, 0.31442, 0.23517],[22, 21, 27]
3.5,124,[],[0.28605, 0.33536],[20, 44]
3.5,125,[],[0.22944, 0.33536, 0.23517],[8, 44, 27]
3.5,126,[],[],[]
3.5,127,[],[0.24987, 0.21315, 0.23137],[22, 36, 14]
3.5,128,[],[0.21868],[14]
3.5,129,[],[0.21441],[50]
3.5,130,[],[0.28747],[41]
3.5,131,[],[0.2381, 0.23517, 0.20951, 0.20816],[13, 27, 25, 18]
3.5,132,[],[0.32404, 0.23517],[40, 27]
3.5,133,[],[0.21903, 0.28235, 0.20951, 0.22158],[12, 18, 24, 18]
3.5,134,[],[0.22185, 0.33536],[25, 27]
3.5,135,[],[0.2741, 0.22158, 0.20951],[30, 15, 18]
3.5,136,[],[0.25221],[32]
3.5,137,[],[0.22874, 0.33536, 0.23517],[11, 44, 27]
3.5,138,[],[0.23763, 0.23517, 0.33536],[31, 25, 27]
3.5,139,[],[0.2169, 0.22158, 0.20951, 0.23517],[20, 15, 17, 25]
3.5,140,[],[0.26694, 0.23517, 0.33536],[24, 25, 27]
3.5,141,[],[0.42563, 0.23517, 0.20951, 0.22158],[10, 27, 25, 18]
3.5,142,[],[0.25399, 0.21315, 0.23137],[25, 36, 14]
3.5,143,[],[0.20186],[19]
3.5,144,[],[0.21083],[26]
3.5,145,[],[0.22742, 0.28235, 0.23517],[18, 22, 25]
3.5,146,[],[0.21258, 0.23517, 0.20951],[19, 27, 25]
3.5,147,[],[0.24473, 0.34113, 0.33536],[22, 15, 44]
3.5,148,[],[0.23932, 0.34113, 0.33536],[19, 15, 44]
3.5,149,[],[0.25889, 0.23517, 0.33536],[11, 25, 27]
3.5,150,[],[0.20533, 0.31442, 0.23517, 0.20951],[14, 21, 27, 25]
3.5,151,[],[0.2258, 0.23517, 0.33536],[26, 25, 27]
3.5,152,[],[0.21165, 0.22068, 0.23517],[20, 14, 27]
3.5,153,[],[0.21503, 0.22158, 0.20816],[26, 20, 18]
3.5,154,[],[0.20883, 0.31097],[34, 37]
3.5,155,[],[0.24846, 0.22158, 0.20951, 0.23517],[7, 15, 17, 25]
3.5,156,[],[0.31603, 0.31442],[26, 21]
3.5,157,[],[0.27496, 0.23517],[33, 27]
3.5,158,[],[0.28555],[66]
3.5,159,[],[0.22155, 0.21315],[34, 36]
3.5,160,[],[0.25308, 0.31442, 0.23517, 0.20951],[13, 21, 27, 25]
3.5,161,[],[0.26567, 0.21031],[28, 30]
3.5,162,[],[0.21978, 0.23517, 0.20951, 0.22158],[19, 27, 25, 18]
3.5,163,[],[0.27612, 0.22158, 0.20951],[21, 15, 18]
3.5,164,[],[0.21151, 0.23517, 0.33536],[16, 25, 27]
3.5,165,[],[0.22533, 0.24868],[54, 19]
3.5,166,[],[0.28754, 0.23137, 0.20951],[30, 14, 18]
3.5,167,[],[0.26397, 0.30137, 0.23517],[22, 24, 27]
3.5,168,[],[0.22311, 0.23517, 0.33536],[18, 26, 27]
3.5,169,[],[0.26732, 0.28235, 0.23517],[15, 18, 25]
3.5,170,[],[0.20531, 0.26561],[25, 18]
3.5,171,[],[0.32607, 0.23517],[45, 25]
3.5,172,[],[0.20172, 0.30074, 0.23517],[25, 26, 25]
3.5,173,[],[0.23176, 0.22158, 0.20951],[21, 15, 18]
3.5,174,[],[0.21201, 0.22158, 0.34113],[19, 18, 20]
3.5,175,[],[0.20727, 0.20951, 0.23517],[23, 18, 25]
3.5,176,[],[0.25636, 0.31442, 0.23517],[27, 21, 27]
3.5,177,[],[0.20326, 0.31442, 0.23517],[26, 21, 27]
3.5,178,[],[0.24952],[22]
3.5,179,[],[0.20321, 0.23517, 0.20951, 0.22158],[13, 27, 25, 18]
3.5,180,[],[0.24546, 0.23517],[49, 25]
3.5,181,[],[0.31914],[54]
3.5,182,[],[0.20014, 0.24868, 0.34113],[30, 19, 15]
3.5,183,[],[0.26442, 0.23517],[25, 25]
3.5,184,[],[0.21173, 0.22158, 0.34113],[17, 18, 20]
3.5,185,[],[0.24976, 0.33536, 0.23517],[11, 44, 27]
3.5,186,[],[0.23255, 0.30074, 0.23517],[31, 26, 25]
3.5,187,[],[0.26352],[40]
3.5,188,[],[0.20902, 0.25537, 0.22158, 0.20951],[23, 14, 15, 18]
3.5,189,[],[0.22546],[36]
3.5,190,[],[0.24174, 0.22158, 0.20951],[22, 15, 24]
3.5,191,[],[0.28926, 0.26336],[12, 30]
3.5,192,[],[0.24161],[19]
3.5,193,[],[0.32182],[31]
3.5,194,[],[0.23387, 0.26561],[22, 38]
3.5,195,[],[0.26274, 0.28235, 0.23517],[19, 18, 25]
3.5,196,[],[0.2935, 0.26336],[7, 38]
3.5,197,[],[0.35005, 0.33536],[15, 44]
3.5,198,[],[0.26124, 0.20951],[48, 18]
3.5,199,[],[0.26151],[58]

