3.5,0,[],[0.21295, 0.23419, 0.22903],[18, 30, 21]
3.5,1,[],[0.26206, 0.22059, 0.26066],[41, 17, 14]
3.5,2,[],[0.21812, 0.31148, 0.20782],[9, 42, 22]
3.5,3,[],[0.2027, 0.20472, 0.27703],[5, 17, 50]
3.5,4,[],[0.22755, 0.20472, 0.33888],[20, 17, 38]
3.5,5,[],[0.27489, 0.20472],[35, 17]
3.5,6,[],[0.21135],[41]
3.5,7,[],[0.32042, 0.29917, 0.22059],[11, 21, 16]
3.5,8,[],[0.20867],[24]
3.5,9,[],[0.23207, 0.22059, 0.26066],[19, 17, 14]
3.5,10,[],[0.20723, 0.26624],[35, 24]
3.5,11,[],[0.28865, 0.22059, 0.26066],[29, 17, 14]
3.5,12,[],[0.34684, 0.22903, 0.20817],[21, 21, 19]
3.5,13,[],[0.28228, 0.22059, 0.26066],[28, 17, 14]
3.5,14,[],[0.31272, 0.217],[37, 26]
3.5,15,[],[0.26813, 0.217, 0.31057],[28, 19, 26]
3.5,16,[],[0.24335, 0.217],[35, 26]
3.5,17,[],[0.29755, 0.22059, 0.26066],[36, 17, 14]
3.5,18,[],[0.25059, 0.31148],[20, 42]
3.5,19,[],[0.23867, 0.22059, 0.29917],[6, 14, 17]
3.5,20,[],[0.21814, 0.20472, 0.27703],[4, 17, 50]
3.5,21,[],[0.20191, 0.23804, 0.21094],[3, 6, 28]
3.5,22,[],[0.25241, 0.217],[39, 26]
3.5,23,[],[0.25993, 0.22778, 0.23804],[15, 22, 28]
3.5,24,[],[0.32616, 0.22059, 0.29917],[7, 14, 17]
3.5,25,[],[0.25209, 0.22778],[37, 22]
3.5,26,[],[0.20861, 0.27703],[14, 50]
3.5,27,[],[0.23139, 0.22059, 0.29917],[37, 14, 17]
3.5,28,[],[0.25281, 0.22903, 0.23419],[28, 19, 21]
3.5,29,[],[0.20316, 0.25266],[39, 37]
3.5,30,[],[0.24783, 0.22903],[27, 44]
3.5,31,[],[0.2303, 0.20472],[27, 17]
3.5,32,[],[0.324, 0.21094],[8, 52]
3.5,33,[],[0.20378, 0.27703, 0.20472],[23, 31, 17]
3.5,34,[],[0.20564, 0.22059, 0.29917],[41, 14, 17]
3.5,35,[],[0.2033, 0.30517, 0.22903],[6, 20, 21]
3.5,36,[],[0.22327, 0.39891, 0.22059],[42, 18, 17]
3.5,37,[],[0.26898, 0.20817, 0.22903],[15, 14, 18]
3.5,38,[],[0.21387, 0.22059, 0.26066, 0.23419],[18, 17, 14, 30]
3.5,39,[],[0.33437, 0.22059, 0.26066, 0.23419],[16, 17, 14, 30]
3.5,40,[],[0.22573, 0.45641, 0.22059],[29, 19, 17]
3.5,41,[],[0.23042, 0.27703],[26, 50]
3.5,42,[],[0.2058, 0.20174, 0.29917],[13, 7, 21]
3.5,43,[],[0.26955, 0.22778],[39, 22]
3.5,44,[],[0.25448, 0.22778],[42, 22]
3.5,45,[],[0.2188, 0.20472],[40, 17]
3.5,46,[],[0.21283, 0.22903, 0.23419],[8, 19, 21]
3.5,47,[],[0.22821, 0.31148, 0.20782],[8, 42, 21]
3.5,48,[],[0.24219, 0.22059, 0.29917],[23, 14, 17]
3.5,49,[],[0.25522, 0.22778, 0.23804],[12, 22, 28]
3.5,50,[],[0.21321, 0.31148, 0.20782],[20, 42, 22]
3.5,51,[],[0.30024, 0.22778],[40, 22]
3.5,52,[],[0.29144, 0.22059, 0.29917],[39, 14, 17]
3.5,53,[],[0.27641, 0.21094],[9, 28]
3.5,54,[],[0.20061, 0.20817, 0.22903],[10, 14, 18]
3.5,55,[],[0.23445, 0.20817, 0.26066],[12, 19, 31]
3.5,56,[],[0.23471, 0.22903, 0.20817, 0.26066],[5, 21, 19, 31]
3.5,57,[],[],[]
3.5,58,[],[],[]
3.5,59,[],[0.24393, 0.20472],[26, 17]
3.5,60,[],[0.23256, 0.22903, 0.20817],[17, 21, 19]
3.5,61,[],[0.40418, 0.22778, 0.23804, 0.39339],[14, 22, 28, 21]
3.5,62,[],[0.22533, 0.28851],[41, 19]
3.5,63,[],[0.24468, 0.22778, 0.23804],[12, 22, 28]
3.5,64,[],[0.21862, 0.39891, 0.22059],[30, 18, 17]
3.5,65,[],[0.21455, 0.20472, 0.33888],[20, 17, 38]
3.5,66,[],[0.26947, 0.20817, 0.22903],[19, 14, 18]
3.5,67,[],[0.26294, 0.22059, 0.26066],[33, 17, 14]
3.5,68,[],[0.28142, 0.217],[36, 26]
3.5,69,[],[0.23087, 0.25266, 0.217],[20, 18, 26]
3.5,70,[],[0.27373, 0.22778],[36, 22]
3.5,71,[],[0.27327, 0.22903, 0.23419],[19, 19, 21]
3.5,72,[],[0.25158, 0.21414],[21, 52]
3.5,73,[],[0.20579, 0.22059, 0.26066, 0.23419],[11, 17, 14, 30]
3.5,74,[],[0.28909, 0.22903, 0.20817],[17, 21, 19]
3.5,75,[],[0.38891, 0.22059, 0.26066, 0.23419],[17, 17, 14, 30]
3.5,76,[],[0.21994],[24]
3.5,77,[],[0.295, 0.20472, 0.27703],[11, 17, 50]
3.5,78,[],[0.25749],[42]
3.5,79,[],[0.27818, 0.22059],[28, 17]
3.5,80,[],[0.22824, 0.22059, 0.29917],[28, 14, 17]
3.5,81,[],[0.30994, 0.22059, 0.26066, 0.23419],[17, 17, 14, 30]
3.5,82,[],[0.24539, 0.217, 0.23022],[20, 26, 29]
3.5,83,[],[0.24506, 0.20472, 0.27703],[12, 17, 50]
3.5,84,[],[0.33448, 0.20472, 0.33888],[21, 17, 38]
3.5,85,[],[0.37321, 0.22903, 0.20817, 0.26066],[12, 21, 19, 31]
3.5,86,[],[0.32055, 0.22059, 0.29917],[41, 14, 17]
3.5,87,[],[0.22885, 0.22059, 0.26066],[15, 17, 31]
3.5,88,[],[0.24969, 0.36282],[14, 27]
3.5,89,[],[0.21523, 0.27703],[46, 31]
3.5,90,[],[0.30877, 0.20472, 0.33888],[16, 17, 38]
3.5,91,[],[0.20723, 0.30517, 0.22903],[20, 20, 21]
3.5,92,[],[0.28486, 0.27703],[20, 50]
3.5,93,[],[0.40022, 0.22778],[42, 22]
3.5,94,[],[0.51366, 0.22778, 0.23804],[15, 22, 28]
3.5,95,[],[0.23586, 0.22059, 0.29917],[20, 14, 17]
3.5,96,[],[0.22149, 0.31057, 0.22059],[19, 26, 17]
3.5,97,[],[0.29334, 0.22903, 0.20817],[23, 21, 19]
3.5,98,[],[0.25534, 0.20472],[30, 17]
3.5,99,[],[0.25095, 0.217],[41, 19]
3.5,100,[],[0.24971, 0.20472, 0.27703],[19, 17, 50]
3.5,101,[],[0.35291, 0.22059, 0.26066],[22, 17, 14]
3.5,102,[],[0.26298, 0.20472],[30, 17]
3.5,103,[],[0.21872, 0.217, 0.31057],[34, 19, 26]
3.5,104,[],[0.38412, 0.21094],[12, 52]
3.5,105,[],[0.2563, 0.22059, 0.26066],[29, 17, 14]
3.5,106,[],[0.28057, 0.22903, 0.20817],[8, 21, 19]
3.5,107,[],[0.23656, 0.22059, 0.26066, 0.23419],[9, 17, 14, 30]
3.5,108,[],[0.23114, 0.22059, 0.26066],[35, 17, 14]
3.5,109,[],[0.21629, 0.31057],[45, 26]
3.5,110,[],[0.23746, 0.22059],[35, 17]
3.5,111,[],[0.22695],[35]
3.5,112,[],[0.32888, 0.20472],[31, 17]
3.5,113,[],[0.20908, 0.27703],[27, 50]
3.5,114,[],[0.35079, 0.22059, 0.26066],[39, 17, 14]
3.5,115,[],[0.26317, 0.22778, 0.23804],[20, 22, 28]
3.5,116,[],[0.23415, 0.36282],[19, 43]
3.5,117,[],[0.2628, 0.20472],[39, 17]
3.5,118,[],[0.25712, 0.22903, 0.23419],[17, 19, 21]
3.5,119,[],[0.21859, 0.217],[45, 19]
3.5,120,[],[0.25521, 0.27703, 0.20472],[19, 31, 17]
3.5,121,[],[0.21489, 0.24104, 0.22059, 0.26066],[5, 20, 17, 14]
3.5,122,[],[0.2766, 0.22059, 0.26066],[29, 17, 14]
3.5,123,[],[0.28627, 0.22903, 0.23419],[23, 19, 21]
3.5,124,[],[0.24378, 0.22903, 0.23419],[23, 19, 21]
3.5,125,[],[0.25124, 0.31148],[24, 42]
3.5,126,[],[0.2255, 0.25266],[26, 18]
3.5,127,[],[0.21238, 0.217, 0.31057],[23, 19, 26]
3.5,128,[],[0.35062, 0.22059, 0.26066],[20, 17, 14]
3.5,129,[],[0.27972, 0.22059, 0.26066, 0.23419],[15, 17, 14, 30]
3.5,130,[],[0.21162, 0.22059, 0.26066],[10, 17, 31]
3.5,131,[],[0.2655, 0.33888],[40, 22]
3.5,132,[],[0.31442, 0.22059, 0.26066],[46, 17, 14]
3.5,133,[],[0.2676, 0.22059, 0.29917],[16, 14, 17]
3.5,134,[],[0.25521, 0.29891],[10, 42]
3.5,135,[],[0.30117, 0.217],[33, 26]
3.5,136,[],[0.2154, 0.217, 0.31057],[37, 19, 26]
3.5,137,[],[0.22866, 0.22059, 0.29917],[11, 14, 17]
3.5,138,[],[0.23313, 0.3057],[18, 42]
3.5,139,[],[0.20787, 0.22152, 0.22059, 0.26066],[9, 22, 17, 14]
3.5,140,[],[0.20122, 0.22059, 0.29917],[5, 14, 17]
3.5,141,[],[0.28497, 0.22903, 0.20817],[15, 21, 18]
3.5,142,[],[0.293, 0.22903],[34, 21]
3.5,143,[],[0.21148, 0.23804],[32, 28]
3.5,144,[],[0.31525, 0.22903, 0.20817],[13, 21, 19]
3.5,145,[],[0.23603, 0.22059],[53, 14]
3.5,146,[],[0.23379, 0.22778],[33, 22]
3.5,147,[],[0.3838, 0.22059, 0.26066, 0.23419],[8, 17, 14, 30]
3.5,148,[],[0.2377],[26]
3.5,149,[],[0.2009, 0.21094],[9, 28]
3.5,150,[],[0.33763, 0.22778, 0.23804],[14, 22, 27]
3.5,151,[],[0.22597, 0.22778],[47, 22]
3.5,152,[],[0.22297, 0.22059, 0.26066],[28, 17, 14]
3.5,153,[],[0.30857, 0.22059, 0.29917],[52, 14, 17]
3.5,154,[],[0.26793, 0.22903, 0.20817],[22, 21, 19]
3.5,155,[],[0.21695, 0.29917],[32, 17]
3.5,156,[],[0.26104, 0.22059, 0.26066],[27, 17, 14]
3.5,157,[],[0.26769, 0.29917],[18, 17]
3.5,158,[],[0.23406, 0.22778, 0.23804],[28, 22, 28]
3.5,159,[],[0.40377, 0.22778, 0.23804],[21, 22, 28]
3.5,160,[],[0.23282, 0.31261, 0.20472],[3, 31, 17]
3.5,161,[],[0.21049, 0.20472],[20, 17]
3.5,162,[],[0.29242, 0.20472],[33, 17]
3.5,163,[],[0.28812],[24]
3.5,164,[],[0.20976, 0.30517, 0.22903],[21, 20, 21]
3.5,165,[],[0.21288, 0.22059],[29, 27]
3.5,166,[],[0.33945, 0.20472],[31, 17]
3.5,167,[],[0.20788, 0.23022],[35, 19]
3.5,168,[],[0.27924, 0.22059, 0.29917],[18, 14, 17]
3.5,169,[],[0.2027, 0.22903, 0.23419],[13, 19, 21]
3.5,170,[],[0.21408, 0.27703],[23, 50]
3.5,171,[],[0.20013, 0.36282],[14, 27]
3.5,172,[],[0.24619, 0.21094],[13, 28]
3.5,173,[],[0.30038, 0.22059, 0.26066, 0.23419],[17, 17, 14, 30]
3.5,174,[],[0.20952, 0.22059, 0.26066],[31, 17, 14]
3.5,175,[],[0.21955, 0.36282],[10, 27]
3.5,176,[],[0.28018, 0.22059, 0.26066, 0.23419],[8, 17, 14, 30]
3.5,177,[],[0.27506, 0.22903, 0.23419],[18, 19, 21]
3.5,178,[],[0.22648, 0.25266, 0.217],[15, 18, 26]
3.5,179,[],[0.26788, 0.22903, 0.20817, 0.26066],[8, 21, 19, 31]
3.5,180,[],[0.27278, 0.22059, 0.26066, 0.23419],[22, 17, 14, 30]
3.5,181,[],[0.27973, 0.22778, 0.23804],[28, 22, 28]
3.5,182,[],[0.21479, 0.22903, 0.20817],[27, 21, 19]
3.5,183,[],[0.23888, 0.22059],[45, 14]
3.5,184,[],[0.21286, 0.21094],[15, 52]
3.5,185,[],[0.20831, 0.20472],[18, 17]
3.5,186,[],[0.22556, 0.28173, 0.22903],[30, 15, 19]
3.5,187,[],[0.25344, 0.21414],[16, 52]
3.5,188,[],[0.29946, 0.22059, 0.29917],[24, 14, 17]
3.5,189,[],[0.23339, 0.22059, 0.26066],[5, 17, 31]
3.5,190,[],[0.21539, 0.27703],[28, 50]
3.5,191,[],[0.20458, 0.217],[26, 26]
3.5,192,[],[0.26453, 0.20817, 0.26066],[17, 19, 31]
3.5,193,[],[0.212, 0.25066],[25, 22]
3.5,194,[],[0.21137, 0.22059, 0.26066, 0.23419],[12, 17, 14, 30]
3.5,195,[],[0.2427, 0.22903, 0.23419],[17, 19, 21]
3.5,196,[],[0.28394, 0.22903, 0.23419],[25, 19, 21]
3.5,197,[],[0.20743, 0.22778, 0.23804, 0.39339],[16, 22, 28, 21]
3.5,198,[],[0.27936, 0.22059, 0.29917],[11, 14, 17]
3.5,199,[],[0.21651, 0.217],[29, 26]

