3.5,0,[],[0.21349, 0.35691],[27, 22]
3.5,1,[],[0.26693, 0.20339],[30, 17]
3.5,2,[],[0.21162, 0.24487],[31, 17]
3.5,3,[],[0.22028, 0.28945],[28, 31]
3.5,4,[],[0.35004],[38]
3.5,5,[],[0.32378, 0.23425],[52, 35]
3.5,6,[],[0.28053, 0.24487],[13, 30]
3.5,7,[],[0.2636, 0.30209, 0.23425],[13, 21, 35]
3.5,8,[],[0.22373, 0.31415, 0.35691],[8, 6, 52]
3.5,9,[],[0.2155, 0.24487, 0.2659],[18, 17, 30]
3.5,10,[],[0.29517, 0.24487],[43, 17]
3.5,11,[],[0.37548, 0.23425],[17, 35]
3.5,12,[],[0.28499, 0.35691],[37, 22]
3.5,13,[],[0.20909, 0.23425],[25, 35]
3.5,14,[],[0.27701, 0.23425],[17, 35]
3.5,15,[],[0.2117, 0.2659, 0.24487],[21, 6, 30]
3.5,16,[],[0.29969, 0.23425],[33, 35]
3.5,17,[],[0.27559, 0.35691],[18, 52]
3.5,18,[],[0.34697, 0.23425],[20, 35]
3.5,19,[],[0.22349, 0.24293, 0.24487],[16, 37, 17]
3.5,20,[],[0.24058, 0.33758],[26, 33]
3.5,21,[],[0.22573],[49]
3.5,22,[],[0.26318, 0.24487],[18, 17]
3.5,23,[],[0.20505],[37]
3.5,24,[],[0.21603],[26]
3.5,25,[],[0.21211, 0.33758],[26, 33]
3.5,26,[],[0.20612, 0.23425],[10, 44]
3.5,27,[],[0.21042, 0.23425],[17, 35]
3.5,28,[],[0.20378, 0.35691],[18, 52]
3.5,29,[],[0.21906, 0.33758, 0.23425],[16, 33, 35]
3.5,30,[],[0.22543],[43]
3.5,31,[],[0.24087, 0.24487],[27, 30]
3.5,32,[],[0.29576, 0.23425],[17, 44]
3.5,33,[],[0.23871, 0.24487, 0.2659],[32, 17, 30]
3.5,34,[],[0.22071, 0.28945],[27, 31]
3.5,35,[],[0.218, 0.33758],[25, 33]
3.5,36,[],[0.2689, 0.27935],[21, 22]
3.5,37,[],[0.2668, 0.35691],[24, 52]
3.5,38,[],[0.2936, 0.24487, 0.20339],[20, 30, 17]
3.5,39,[],[0.25462, 0.23425],[30, 35]
3.5,40,[],[0.29614, 0.24487],[47, 17]
3.5,41,[],[0.37259, 0.31139],[4, 52]
3.5,42,[],[0.21678, 0.24487],[36, 30]
3.5,43,[],[],[]
3.5,44,[],[0.27087],[26]
3.5,45,[],[0.27392, 0.22008],[31, 37]
3.5,46,[],[0.27437, 0.23425],[15, 35]
3.5,47,[],[0.22274, 0.2659, 0.24487],[10, 6, 30]
3.5,48,[],[0.23544, 0.33758],[51, 33]
3.5,49,[],[0.22233],[17]
3.5,50,[],[0.21214, 0.33758, 0.23425],[16, 33, 35]
3.5,51,[],[0.34248, 0.24487, 0.2659, 0.21657],[12, 17, 30, 29]
3.5,52,[],[0.20454, 0.33758, 0.23425],[23, 33, 35]
3.5,53,[],[0.23056, 0.35691],[28, 22]
3.5,54,[],[0.26615, 0.23425],[21, 35]
3.5,55,[],[0.20096, 0.23425],[16, 44]
3.5,56,[],[],[]
3.5,57,[],[0.28877, 0.33758],[23, 33]
3.5,58,[],[0.24975, 0.24293, 0.24487],[7, 37, 17]
3.5,59,[],[0.31928, 0.20339],[22, 17]
3.5,60,[],[0.219, 0.24487],[11, 30]
3.5,61,[],[0.21744, 0.35691],[7, 52]
3.5,62,[],[0.3463, 0.24487, 0.2659],[18, 17, 30]
3.5,63,[],[0.34731, 0.23425],[22, 44]
3.5,64,[],[0.2158, 0.27507],[20, 31]
3.5,65,[],[0.23799, 0.23425],[27, 44]
3.5,66,[],[0.3064],[33]
3.5,67,[],[0.24995, 0.23425],[24, 35]
3.5,68,[],[0.21115, 0.24487, 0.2659],[20, 17, 30]
3.5,69,[],[0.20434, 0.27935],[10, 47]
3.5,70,[],[0.21557],[44]
3.5,71,[],[0.27619, 0.23425],[39, 35]
3.5,72,[],[0.20797, 0.23425],[35, 35]
3.5,73,[],[0.20303, 0.23425],[21, 44]
3.5,74,[],[0.2184, 0.33758],[40, 33]
3.5,75,[],[0.32657, 0.23425],[20, 44]
3.5,76,[],[0.20669, 0.23425],[37, 44]
3.5,77,[],[0.22815, 0.23425],[12, 35]
3.5,78,[],[0.22248, 0.23425],[5, 35]
3.5,79,[],[0.21412, 0.35691],[27, 32]
3.5,80,[],[0.342, 0.23425],[28, 35]
3.5,81,[],[0.29066],[66]
3.5,82,[],[0.25028, 0.35691],[27, 22]
3.5,83,[],[0.26162, 0.35691],[21, 52]
3.5,84,[],[0.21574, 0.20087, 0.25142, 0.20599],[5, 6, 43, 19]
3.5,85,[],[0.31975, 0.24487, 0.2659],[17, 17, 30]
3.5,86,[],[0.24081, 0.24487],[35, 17]
3.5,87,[],[0.21743, 0.23425],[27, 35]
3.5,88,[],[0.3514, 0.23425],[35, 35]
3.5,89,[],[0.32025, 0.24487, 0.2659, 0.21657],[14, 17, 30, 29]
3.5,90,[],[0.2014, 0.22364],[13, 31]
3.5,91,[],[0.24337, 0.35691],[18, 52]
3.5,92,[],[0.21158, 0.30209, 0.23425],[20, 21, 35]
3.5,93,[],[0.33274, 0.27935],[24, 22]
3.5,94,[],[0.25372, 0.23425],[18, 44]
3.5,95,[],[0.2462, 0.2659],[38, 30]
3.5,96,[],[0.23741, 0.30209, 0.23425],[23, 21, 35]
3.5,97,[],[],[]
3.5,98,[],[0.20409, 0.24487, 0.2659, 0.21657],[13, 17, 30, 29]
3.5,99,[],[0.27348, 0.24487, 0.20339],[19, 30, 17]
3.5,100,[],[0.2139],[9]
3.5,101,[],[0.31229, 0.23425],[41, 35]
3.5,102,[],[0.349, 0.35691],[14, 22]
3.5,103,[],[0.21225, 0.24487],[22, 30]
3.5,104,[],[0.24163, 0.24487],[35, 17]
3.5,105,[],[0.21514, 0.30034, 0.23425],[17, 19, 35]
3.5,106,[],[0.21922, 0.35691],[22, 22]
3.5,107,[],[0.20086],[45]
3.5,108,[],[0.22408, 0.35691],[29, 22]
3.5,109,[],[0.26634, 0.23425],[17, 35]
3.5,110,[],[0.23356, 0.30209],[42, 21]
3.5,111,[],[0.30245],[47]
3.5,112,[],[0.35437, 0.27935],[24, 22]
3.5,113,[],[0.21158],[45]
3.5,114,[],[0.20078, 0.23425],[30, 35]
3.5,115,[],[0.21343, 0.24487, 0.20339],[3, 30, 17]
3.5,116,[],[0.20469, 0.2659, 0.24487],[10, 6, 30]
3.5,117,[],[0.2316, 0.24487, 0.2659],[32, 17, 30]
3.5,118,[],[0.30811, 0.30034],[30, 19]
3.5,119,[],[0.24066, 0.30034, 0.23425],[15, 19, 35]
3.5,120,[],[0.29756, 0.20087, 0.25142, 0.20599],[13, 6, 43, 19]
3.5,121,[],[0.21893, 0.23425],[21, 35]
3.5,122,[],[0.3089, 0.23425],[26, 35]
3.5,123,[],[0.21312, 0.35691],[23, 22]
3.5,124,[],[0.20668, 0.33758, 0.23425],[14, 33, 35]
3.5,125,[],[0.25788, 0.27507],[7, 31]
3.5,126,[],[0.22257, 0.20339],[47, 17]
3.5,127,[],[0.23678, 0.24487],[15, 30]
3.5,128,[],[0.21821],[17]
3.5,129,[],[0.20501, 0.33758],[28, 39]
3.5,130,[],[0.24321, 0.23425],[42, 35]
3.5,131,[],[0.20446, 0.30089, 0.35691],[19, 18, 22]
3.5,132,[],[0.22525, 0.33758],[50, 33]
3.5,133,[],[0.20342, 0.24487],[29, 17]
3.5,134,[],[0.21607],[17]
3.5,135,[],[0.23977, 0.20339],[28, 17]
3.5,136,[],[0.2975, 0.35691],[22, 22]
3.5,137,[],[0.2668, 0.35691],[24, 52]
3.5,138,[],[0.35004, 0.24487],[21, 30]
3.5,139,[],[0.25664, 0.24487],[26, 17]
3.5,140,[],[0.22203],[9]
3.5,141,[],[0.29461, 0.23425],[28, 35]
3.5,142,[],[0.25549, 0.35691],[7, 52]
3.5,143,[],[0.27217, 0.35691],[26, 22]
3.5,144,[],[0.20571, 0.30626, 0.35691],[4, 19, 22]
3.5,145,[],[0.23339, 0.32951],[21, 39]
3.5,146,[],[0.20011],[36]
3.5,147,[],[0.34204, 0.23425],[33, 35]
3.5,148,[],[0.20933],[29]
3.5,149,[],[0.2943, 0.27935],[17, 22]
3.5,150,[],[0.31037, 0.27935],[30, 22]
3.5,151,[],[0.21736, 0.33758],[25, 33]
3.5,152,[],[0.27173, 0.31415, 0.35691],[10, 6, 52]
3.5,153,[],[0.30374, 0.24293, 0.20339],[17, 37, 17]
3.5,154,[],[0.31741, 0.24487],[58, 17]
3.5,155,[],[0.22624, 0.35691],[15, 22]
3.5,156,[],[0.2548, 0.23425],[36, 35]
3.5,157,[],[0.28166, 0.33758, 0.23425],[15, 33, 35]
3.5,158,[],[0.22584, 0.24487, 0.2659],[31, 17, 30]
3.5,159,[],[0.22885, 0.24487],[44, 17]
3.5,160,[],[0.2741, 0.24487],[21, 30]
3.5,161,[],[0.25655, 0.35691],[35, 22]
3.5,162,[],[0.2635, 0.30034, 0.23425],[15, 19, 35]
3.5,163,[],[0.24476, 0.23425],[13, 44]
3.5,164,[],[0.26494, 0.33758, 0.23425],[12, 33, 35]
3.5,165,[],[0.28335, 0.23425],[49, 35]
3.5,166,[],[0.36352, 0.24487],[26, 17]
3.5,167,[],[0.20449],[24]
3.5,168,[],[0.28087, 0.24487],[61, 17]
3.5,169,[],[0.2781, 0.33758],[17, 33]
3.5,170,[],[0.23557, 0.24487],[25, 17]
3.5,171,[],[0.21415, 0.23425],[22, 44]
3.5,172,[],[0.26892, 0.23425],[20, 35]
3.5,173,[],[0.29067],[32]
3.5,174,[],[0.2114, 0.30209, 0.23425],[6, 21, 35]
3.5,175,[],[0.24974, 0.32951],[28, 39]
3.5,176,[],[0.22279, 0.23425],[36, 35]
3.5,177,[],[0.22457, 0.33758],[18, 33]
3.5,178,[],[0.23276, 0.24487],[33, 17]
3.5,179,[],[0.20955, 0.33758],[30, 33]
3.5,180,[],[0.27136, 0.23425],[24, 35]
3.5,181,[],[0.25659, 0.23425],[28, 35]
3.5,182,[],[],[]
3.5,183,[],[0.34225],[61]
3.5,184,[],[0.20229, 0.23425],[22, 35]
3.5,185,[],[],[]
3.5,186,[],[0.27392, 0.23425],[19, 44]
3.5,187,[],[0.2123],[46]
3.5,188,[],[0.36474, 0.23425],[30, 35]
3.5,189,[],[0.33137, 0.23425],[25, 44]
3.5,190,[],[0.30312, 0.23425],[15, 35]
3.5,191,[],[0.28566, 0.23425],[28, 44]
3.5,192,[],[0.28815],[61]
3.5,193,[],[0.23857, 0.24487],[28, 17]
3.5,194,[],[0.20824, 0.23425],[34, 35]
3.5,195,[],[0.22725],[37]
3.5,196,[],[],[]
3.5,197,[],[0.26781],[65]
3.5,198,[],[0.25975, 0.30034, 0.23425],[11, 19, 35]
3.5,199,[],[0.35621, 0.24487, 0.2659],[17, 17, 30]

