1.5,0,[],[0.01628],[0],0,1
1.5,1,[],[0.01195],[0],0,1
1.5,2,[],[0.00432, 0.0734],[0, 0],0,2
1.5,3,[],[0.02929],[0],0,1
1.5,4,[],[0.03181],[0],0,1
1.5,5,[],[0.00908],[0],0,1
1.5,6,[],[0.02739],[0],0,1
1.5,7,[],[0.01108],[0],0,1
1.5,8,[],[0.03024],[0],0,1
1.5,9,[],[0.02275],[0],0,1
1.5,10,[],[0.03634],[0],0,1
1.5,11,[],[0.04431],[0],0,1
1.5,12,[],[0.06647],[0],0,1
1.5,13,[],[0.01293],[0],0,1
1.5,14,[],[0.00364],[0],0,1
1.5,15,[],[0.0158],[0],0,1
1.5,16,[],[0.0023, 0.06183],[0, 0],0,2
1.5,17,[],[0.01809],[0],0,1
1.5,18,[],[0.00807],[0],0,1
1.5,19,[],[0.00758],[0],0,1
1.5,20,[],[0.0086],[0],0,1
1.5,21,[],[0.01712],[0],0,1
1.5,22,[],[0.02209],[0],0,1
1.5,23,[],[0.02277],[0],0,1
1.5,24,[],[0.02859],[0],0,1
1.5,25,[],[0.03613],[0],0,1
1.5,26,[],[0.03097],[0],0,1
1.5,27,[],[0.02402],[0],0,1
1.5,28,[],[0.02224],[0],0,1
1.5,29,[],[0.01957],[0],0,1
1.5,30,[],[0.03511],[0],0,1
1.5,31,[],[0.01689],[0],0,1
1.5,32,[],[0.0271],[0],0,1
1.5,33,[],[0.03018],[0],0,1
1.5,34,[],[0.00376],[0],0,1
1.5,35,[],[0.00656],[0],0,1
1.5,36,[],[0.0303],[0],0,1
1.5,37,[],[0.02627],[0],0,1
1.5,38,[],[0.07712],[0],0,1
1.5,39,[],[0.01882],[0],0,1
1.5,40,[],[0.01531],[0],0,1
1.5,41,[],[0.05151],[0],0,1
1.5,42,[],[0.00424],[0],0,1
1.5,43,[],[0.01685],[0],0,1
1.5,44,[],[0.01184],[0],0,1
1.5,45,[],[0.0237],[0],0,1
1.5,46,[],[0.02811],[0],0,1
1.5,47,[],[0.01932],[0],0,1
1.5,48,[],[0.03637],[0],0,1
1.5,49,[],[0.03978],[0],0,1
1.5,50,[],[0.01323],[0],0,1
1.5,51,[],[0.02233],[0],0,1
1.5,52,[],[],[],0,0
1.5,53,[],[0.00633, 0.05636],[0, 0],0,2
1.5,54,[],[0.04653],[0],0,1
1.5,55,[],[0.02604],[0],0,1
1.5,56,[0.00095],[0.0165],[1],1,1
1.5,57,[],[0.00958],[0],0,1
1.5,58,[],[0.00491],[0],0,1
1.5,59,[],[0.02317],[0],0,1
1.5,60,[],[0.0088],[0],0,1
1.5,61,[],[0.04243],[0],0,1
1.5,62,[],[0.02175],[0],0,1
1.5,63,[],[0.00494, 0.0042],[0, 0],0,2
1.5,64,[],[0.00712],[0],0,1
1.5,65,[],[0.02359],[0],0,1
1.5,66,[],[0.00724],[0],0,1
1.5,67,[],[0.04443],[0],0,1
1.5,68,[],[0.0124],[0],0,1
1.5,69,[],[0.00596, 0.03507],[0, 0],0,2
1.5,70,[],[0.03075],[0],0,1
1.5,71,[],[0.01426],[0],0,1
1.5,72,[],[0.01426],[0],0,1
1.5,73,[],[0.03174],[0],0,1
1.5,74,[],[],[],0,0
1.5,75,[0.00089],[0.01991],[1],1,1
1.5,76,[],[0.03908],[0],0,1
1.5,77,[],[0.00534, 0.02734],[0, 0],0,2
1.5,78,[],[0.01666],[0],0,1
1.5,79,[],[0.0034],[0],0,1
1.5,80,[],[0.01536],[0],0,1
1.5,81,[],[0.02878],[0],0,1
1.5,82,[],[0.00278],[0],0,1
1.5,83,[],[0.0579],[0],0,1
1.5,84,[],[0.00609],[0],0,1
1.5,85,[],[],[],0,0
1.5,86,[],[0.01624],[0],0,1
1.5,87,[],[0.01411],[0],0,1
1.5,88,[],[0.02825],[0],0,1
1.5,89,[],[0.01174],[0],0,1
1.5,90,[],[0.0345],[0],0,1
1.5,91,[],[0.03343],[0],0,1
1.5,92,[],[0.00245],[0],0,1
1.5,93,[],[0.02429],[0],0,1
1.5,94,[],[0.03267],[0],0,1
1.5,95,[],[0.07286],[0],0,1
1.5,96,[],[0.04003],[0],0,1
1.5,97,[],[0.00376],[0],0,1
1.5,98,[],[0.0062],[0],0,1
1.5,99,[],[0.02902],[0],0,1
1.5,100,[],[0.02337],[0],0,1
1.5,101,[],[0.00849],[0],0,1
1.5,102,[],[0.00527],[0],0,1
1.5,103,[],[0.01589],[0],0,1
1.5,104,[],[0.01288],[0],0,1
1.5,105,[],[0.04633],[0],0,1
1.5,106,[],[0.02715],[0],0,1
1.5,107,[],[0.01586],[0],0,1
1.5,108,[],[0.02377],[0],0,1
1.5,109,[],[0.00333, 0.02399],[0, 0],0,2
1.5,110,[],[0.01544],[0],0,1
1.5,111,[],[0.04065],[0],0,1
1.5,112,[],[0.03777],[0],0,1
1.5,113,[],[0.00634],[0],0,1
1.5,114,[],[0.01497],[0],0,1
1.5,115,[],[],[],0,0
1.5,116,[],[0.00988],[0],0,1
1.5,117,[],[0.02434],[0],0,1
1.5,118,[],[0.0332],[0],0,1
1.5,119,[],[0.01652],[0],0,1
1.5,120,[],[0.01991],[0],0,1
1.5,121,[],[0.02938],[0],0,1
1.5,122,[],[0.03067],[0],0,1
1.5,123,[],[0.06575],[0],0,1
1.5,124,[],[0.01479],[0],0,1
1.5,125,[],[0.01757],[0],0,1
1.5,126,[],[0.02697],[0],0,1
1.5,127,[],[0.02751],[0],0,1
1.5,128,[],[0.01358],[0],0,1
1.5,129,[],[0.04146],[0],0,1
1.5,130,[],[0.02587],[0],0,1
1.5,131,[],[0.01041],[0],0,1
1.5,132,[],[0.01755],[0],0,1
1.5,133,[],[0.03362],[0],0,1
1.5,134,[],[0.00579],[0],0,1
1.5,135,[],[0.02858],[0],0,1
1.5,136,[],[0.01956],[0],0,1
1.5,137,[],[0.04179],[0],0,1
1.5,138,[],[0.04292],[0],0,1
1.5,139,[],[0.02883],[0],0,1
1.5,140,[],[0.01597],[0],0,1
1.5,141,[],[0.05961],[0],0,1
1.5,142,[],[0.01322],[0],0,1
1.5,143,[],[0.03017],[0],0,1
1.5,144,[],[0.01276],[0],0,1
1.5,145,[],[0.01551],[0],0,1
1.5,146,[0.00011],[0.01681],[1],1,1
1.5,147,[],[0.00556],[0],0,1
1.5,148,[],[0.01789],[0],0,1
1.5,149,[],[0.00341],[0],0,1
1.5,150,[],[0.00522],[0],0,1
1.5,151,[],[0.03871],[0],0,1
1.5,152,[],[0.03651],[0],0,1
1.5,153,[],[0.03278],[0],0,1
1.5,154,[],[0.00993],[0],0,1
1.5,155,[],[0.00963],[0],0,1
1.5,156,[],[0.01864],[0],0,1
1.5,157,[],[0.02129],[0],0,1
1.5,158,[],[0.03557],[0],0,1
1.5,159,[],[0.02528],[0],0,1
1.5,160,[],[0.02504],[0],0,1
1.5,161,[],[0.04658],[0],0,1
1.5,162,[],[0.08162],[0],0,1
1.5,163,[],[0.03782],[0],0,1
1.5,164,[],[0.00518, 0.071],[0, 0],0,2
1.5,165,[],[0.01386],[0],0,1
1.5,166,[],[0.01264],[0],0,1
1.5,167,[],[0.00983],[0],0,1
1.5,168,[],[0.04233],[0],0,1
1.5,169,[],[0.00665],[0],0,1
1.5,170,[],[0.01222],[0],0,1
1.5,171,[],[0.00392],[0],0,1
1.5,172,[],[0.00637],[0],0,1
1.5,173,[],[0.04104],[0],0,1
1.5,174,[],[0.00338, 0.01151],[0, 0],0,2
1.5,175,[0.00094],[],[],1,0
1.5,176,[],[0.05312],[0],0,1
1.5,177,[],[0.00424],[0],0,1
1.5,178,[],[0.02908],[0],0,1
1.5,179,[],[0.02907],[0],0,1
1.5,180,[],[0.03916],[0],0,1
1.5,181,[],[0.00323],[0],0,1
1.5,182,[],[0.00461],[0],0,1
1.5,183,[],[0.03251],[0],0,1
1.5,184,[],[0.00502],[0],0,1
1.5,185,[],[0.02387],[0],0,1
1.5,186,[],[0.04059],[0],0,1
1.5,187,[],[0.03506],[0],0,1
1.5,188,[],[0.00693],[0],0,1
1.5,189,[],[0.02546],[0],0,1
1.5,190,[],[0.02997],[0],0,1
1.5,191,[],[0.06828],[0],0,1
1.5,192,[],[0.00302],[0],0,1
1.5,193,[],[0.02288],[0],0,1
1.5,194,[],[0.01862],[0],0,1
1.5,195,[],[0.03311],[0],0,1
1.5,196,[],[0.00458, 0.05235],[0, 0],0,2
1.5,197,[],[0.00311],[0],0,1
1.5,198,[0.00078],[0.00413],[0],1,1
1.5,199,[],[],[],0,0

