1.5,0,[],[0.01896],[0],0,1
1.5,1,[],[0.02664],[0],0,1
1.5,2,[],[0.00423, 0.00294],[0, 0],0,2
1.5,3,[],[0.03463],[0],0,1
1.5,4,[],[0.01848],[0],0,1
1.5,5,[],[0.02467],[0],0,1
1.5,6,[],[0.01308],[0],0,1
1.5,7,[],[0.00397, 0.03961],[0, 0],0,2
1.5,8,[],[0.02355],[0],0,1
1.5,9,[],[0.03452],[0],0,1
1.5,10,[],[0.02981],[0],0,1
1.5,11,[],[0.02986],[0],0,1
1.5,12,[],[0.00361],[0],0,1
1.5,13,[],[0.03176],[0],0,1
1.5,14,[],[0.01201],[0],0,1
1.5,15,[],[0.00972],[0],0,1
1.5,16,[],[0.02344],[0],0,1
1.5,17,[],[0.0186],[0],0,1
1.5,18,[],[0.02579],[0],0,1
1.5,19,[],[0.0218],[0],0,1
1.5,20,[],[0.03282],[0],0,1
1.5,21,[],[0.00862],[0],0,1
1.5,22,[],[0.02315],[0],0,1
1.5,23,[],[0.01476],[0],0,1
1.5,24,[],[0.03335],[0],0,1
1.5,25,[],[0.00983],[0],0,1
1.5,26,[],[0.02067],[0],0,1
1.5,27,[],[0.02933],[0],0,1
1.5,28,[],[],[],0,0
1.5,29,[],[0.01903],[0],0,1
1.5,30,[],[0.07966],[0],0,1
1.5,31,[],[0.0051],[0],0,1
1.5,32,[],[0.00652],[0],0,1
1.5,33,[],[0.01864],[0],0,1
1.5,34,[],[0.016],[0],0,1
1.5,35,[],[0.02068],[0],0,1
1.5,36,[],[0.02603],[0],0,1
1.5,37,[],[0.01474],[0],0,1
1.5,38,[],[0.01391],[0],0,1
1.5,39,[],[0.00301, 0.01127],[0, 0],0,2
1.5,40,[],[0.00274, 0.008],[0, 0],0,2
1.5,41,[],[0.01103],[0],0,1
1.5,42,[],[0.01324],[0],0,1
1.5,43,[],[0.01274],[0],0,1
1.5,44,[],[0.04486],[0],0,1
1.5,45,[],[0.04532],[0],0,1
1.5,46,[],[0.01766],[0],0,1
1.5,47,[],[0.01891],[0],0,1
1.5,48,[],[0.01496],[0],0,1
1.5,49,[],[0.00509],[0],0,1
1.5,50,[],[0.02441],[0],0,1
1.5,51,[],[0.02872],[0],0,1
1.5,52,[],[0.05094],[0],0,1
1.5,53,[],[0.01231],[0],0,1
1.5,54,[],[],[],0,0
1.5,55,[],[0.02019],[0],0,1
1.5,56,[],[0.00458],[0],0,1
1.5,57,[],[0.01379],[0],0,1
1.5,58,[],[0.01234],[0],0,1
1.5,59,[],[0.02294],[0],0,1
1.5,60,[],[0.01388],[0],0,1
1.5,61,[],[0.00738],[0],0,1
1.5,62,[],[0.00572],[0],0,1
1.5,63,[],[0.02754],[0],0,1
1.5,64,[],[0.01689],[0],0,1
1.5,65,[],[0.00767],[0],0,1
1.5,66,[],[0.02057],[0],0,1
1.5,67,[],[],[],0,0
1.5,68,[],[0.02113],[0],0,1
1.5,69,[],[0.02092],[0],0,1
1.5,70,[],[0.01608],[0],0,1
1.5,71,[],[0.03183],[0],0,1
1.5,72,[],[0.00995],[0],0,1
1.5,73,[],[0.02512],[0],0,1
1.5,74,[],[0.0266],[0],0,1
1.5,75,[],[0.00843],[0],0,1
1.5,76,[],[0.00947],[0],0,1
1.5,77,[],[0.01811],[0],0,1
1.5,78,[],[0.01878],[0],0,1
1.5,79,[],[0.05584],[0],0,1
1.5,80,[],[0.01003],[0],0,1
1.5,81,[],[0.01939],[0],0,1
1.5,82,[],[0.03391],[0],0,1
1.5,83,[],[0.01918],[0],0,1
1.5,84,[],[0.02116],[0],0,1
1.5,85,[],[0.00421],[0],0,1
1.5,86,[],[0.01456],[0],0,1
1.5,87,[],[0.00852],[0],0,1
1.5,88,[],[0.02257],[0],0,1
1.5,89,[],[0.01062],[0],0,1
1.5,90,[],[0.02682],[0],0,1
1.5,91,[],[0.00331, 0.01183],[0, 0],0,2
1.5,92,[],[0.01233],[0],0,1
1.5,93,[],[0.01164],[0],0,1
1.5,94,[0.00027],[0.01812],[1],1,1
1.5,95,[],[0.04555],[0],0,1
1.5,96,[],[0.00939],[0],0,1
1.5,97,[0.00069],[],[],1,0
1.5,98,[],[0.00933],[0],0,1
1.5,99,[],[0.01523],[0],0,1
1.5,100,[],[0.01903],[0],0,1
1.5,101,[],[0.02207],[0],0,1
1.5,102,[],[0.02929],[0],0,1
1.5,103,[],[0.00657],[0],0,1
1.5,104,[],[0.03183],[0],0,1
1.5,105,[],[],[],0,0
1.5,106,[],[0.00748],[0],0,1
1.5,107,[],[0.02286],[0],0,1
1.5,108,[],[0.00989],[0],0,1
1.5,109,[],[0.02432],[0],0,1
1.5,110,[],[],[],0,0
1.5,111,[],[0.01179],[0],0,1
1.5,112,[],[0.0385],[0],0,1
1.5,113,[],[0.01379],[0],0,1
1.5,114,[],[0.02483],[0],0,1
1.5,115,[],[0.00283],[0],0,1
1.5,116,[],[0.0213],[0],0,1
1.5,117,[],[0.01378],[0],0,1
1.5,118,[],[0.02778],[0],0,1
1.5,119,[],[0.00506],[0],0,1
1.5,120,[0.00046],[0.007],[1],1,1
1.5,121,[],[0.0077],[0],0,1
1.5,122,[],[0.02585],[0],0,1
1.5,123,[],[0.04573],[0],0,1
1.5,124,[],[0.04305],[0],0,1
1.5,125,[],[],[],0,0
1.5,126,[],[0.00734],[0],0,1
1.5,127,[],[0.04045],[0],0,1
1.5,128,[],[0.02748],[0],0,1
1.5,129,[],[],[],0,0
1.5,130,[],[0.04142],[0],0,1
1.5,131,[],[0.00413, 0.00501],[0, 0],0,2
1.5,132,[],[0.03931],[0],0,1
1.5,133,[],[0.0228],[0],0,1
1.5,134,[],[0.03292],[0],0,1
1.5,135,[],[0.01224],[0],0,1
1.5,136,[],[0.07467],[0],0,1
1.5,137,[],[0.04016],[0],0,1
1.5,138,[],[],[],0,0
1.5,139,[],[0.02821],[0],0,1
1.5,140,[],[0.04764],[0],0,1
1.5,141,[],[0.03167],[0],0,1
1.5,142,[],[0.02769],[0],0,1
1.5,143,[],[0.03968],[0],0,1
1.5,144,[],[0.0172],[0],0,1
1.5,145,[],[0.04422],[0],0,1
1.5,146,[],[0.01193],[0],0,1
1.5,147,[],[0.03098],[0],0,1
1.5,148,[],[0.01993],[0],0,1
1.5,149,[],[0.00684],[0],0,1
1.5,150,[],[0.0267],[0],0,1
1.5,151,[],[0.01329],[0],0,1
1.5,152,[],[0.0143],[0],0,1
1.5,153,[],[0.03501],[0],0,1
1.5,154,[],[0.04183],[0],0,1
1.5,155,[],[0.0088],[0],0,1
1.5,156,[],[0.00448],[0],0,1
1.5,157,[],[0.0335],[0],0,1
1.5,158,[],[0.00565],[0],0,1
1.5,159,[],[0.00658],[0],0,1
1.5,160,[],[0.01151],[0],0,1
1.5,161,[],[0.00385],[0],0,1
1.5,162,[],[0.0068],[0],0,1
1.5,163,[],[0.02168],[0],0,1
1.5,164,[],[0.00823],[0],0,1
1.5,165,[],[0.0384],[0],0,1
1.5,166,[],[0.00891],[0],0,1
1.5,167,[],[0.00473],[0],0,1
1.5,168,[],[0.02601],[0],0,1
1.5,169,[],[0.0255],[0],0,1
1.5,170,[],[0.0111],[0],0,1
1.5,171,[],[0.01288],[0],0,1
1.5,172,[],[0.01441],[0],0,1
1.5,173,[],[0.00498],[0],0,1
1.5,174,[],[0.00771],[0],0,1
1.5,175,[],[0.00716],[0],0,1
1.5,176,[],[0.02331],[0],0,1
1.5,177,[],[0.01172],[0],0,1
1.5,178,[],[0.02788],[0],0,1
1.5,179,[],[0.00282],[0],0,1
1.5,180,[],[0.01858],[0],0,1
1.5,181,[],[0.01357],[0],0,1
1.5,182,[],[0.01011],[0],0,1
1.5,183,[],[0.01536],[0],0,1
1.5,184,[],[0.00918],[0],0,1
1.5,185,[],[],[],0,0
1.5,186,[],[0.02404],[0],0,1
1.5,187,[],[0.03739],[0],0,1
1.5,188,[],[0.03095],[0],0,1
1.5,189,[],[0.01862],[0],0,1
1.5,190,[],[0.02835],[0],0,1
1.5,191,[],[0.04663],[0],0,1
1.5,192,[],[0.01902],[0],0,1
1.5,193,[],[0.01102],[0],0,1
1.5,194,[],[0.01523],[0],0,1
1.5,195,[],[0.02551],[0],0,1
1.5,196,[],[],[],0,0
1.5,197,[],[0.01834],[0],0,1
1.5,198,[],[0.04532],[0],0,1
1.5,199,[],[0.0044],[0],0,1

