1.5,0,[],[0.02738],[0],0,1
1.5,1,[],[0.02416],[0],0,1
1.5,2,[],[0.01095],[0],0,1
1.5,3,[],[0.00759],[0],0,1
1.5,4,[],[0.00939],[0],0,1
1.5,5,[],[0.01508],[0],0,1
1.5,6,[],[0.01061],[0],0,1
1.5,7,[],[0.02451],[0],0,1
1.5,8,[],[0.00929],[0],0,1
1.5,9,[],[0.05487],[0],0,1
1.5,10,[],[0.01477],[0],0,1
1.5,11,[],[0.01031],[0],0,1
1.5,12,[],[0.02942],[0],0,1
1.5,13,[],[0.00203],[0],0,1
1.5,14,[],[0.03337],[0],0,1
1.5,15,[],[0.00716],[0],0,1
1.5,16,[],[0.03513],[0],0,1
1.5,17,[],[0.01369],[0],0,1
1.5,18,[],[0.01322],[0],0,1
1.5,19,[],[],[],0,0
1.5,20,[],[0.01394],[0],0,1
1.5,21,[],[0.02075],[0],0,1
1.5,22,[],[0.01152],[0],0,1
1.5,23,[],[0.07488],[0],0,1
1.5,24,[],[0.00968],[0],0,1
1.5,25,[],[0.00772],[0],0,1
1.5,26,[],[0.01407],[0],0,1
1.5,27,[],[0.03226],[0],0,1
1.5,28,[],[0.02372],[0],0,1
1.5,29,[],[0.00856],[0],0,1
1.5,30,[],[0.04213],[0],0,1
1.5,31,[],[0.02988],[0],0,1
1.5,32,[],[0.03503],[0],0,1
1.5,33,[],[0.00831],[0],0,1
1.5,34,[],[0.01647],[0],0,1
1.5,35,[],[0.01732],[0],0,1
1.5,36,[],[0.01794],[0],0,1
1.5,37,[],[0.02131],[0],0,1
1.5,38,[],[0.00951],[0],0,1
1.5,39,[],[0.01861],[0],0,1
1.5,40,[],[0.02158],[0],0,1
1.5,41,[],[0.02917],[0],0,1
1.5,42,[],[0.03558],[0],0,1
1.5,43,[],[0.03459],[0],0,1
1.5,44,[],[0.01547],[0],0,1
1.5,45,[],[0.01253],[0],0,1
1.5,46,[],[0.01143],[0],0,1
1.5,47,[],[0.00291, 0.02849],[0, 0],0,2
1.5,48,[],[0.02661],[0],0,1
1.5,49,[],[0.02046],[0],0,1
1.5,50,[],[0.01519],[0],0,1
1.5,51,[],[0.0094],[0],0,1
1.5,52,[],[0.04188],[0],0,1
1.5,53,[],[0.02496],[0],0,1
1.5,54,[],[0.03712],[0],0,1
1.5,55,[],[0.01421],[0],0,1
1.5,56,[],[0.01791],[0],0,1
1.5,57,[],[0.013],[0],0,1
1.5,58,[],[0.05164],[0],0,1
1.5,59,[],[0.01407],[0],0,1
1.5,60,[],[0.04825],[0],0,1
1.5,61,[],[0.03087],[0],0,1
1.5,62,[],[0.02189],[0],0,1
1.5,63,[],[0.01437],[0],0,1
1.5,64,[],[0.01392],[0],0,1
1.5,65,[],[0.02293],[0],0,1
1.5,66,[],[0.02813],[0],0,1
1.5,67,[],[0.0085],[0],0,1
1.5,68,[],[0.02217],[0],0,1
1.5,69,[],[0.0196],[0],0,1
1.5,70,[],[0.01758],[0],0,1
1.5,71,[],[0.02815],[0],0,1
1.5,72,[],[0.01462],[0],0,1
1.5,73,[],[0.01316],[0],0,1
1.5,74,[],[0.00341, 0.01449],[0, 0],0,2
1.5,75,[],[0.01687],[0],0,1
1.5,76,[],[0.01503],[0],0,1
1.5,77,[],[0.03029],[0],0,1
1.5,78,[],[0.00976],[0],0,1
1.5,79,[],[0.04235],[0],0,1
1.5,80,[],[0.01407],[0],0,1
1.5,81,[],[0.02245],[0],0,1
1.5,82,[],[0.01321],[0],0,1
1.5,83,[],[0.01898],[0],0,1
1.5,84,[],[0.01361],[0],0,1
1.5,85,[],[0.0265],[0],0,1
1.5,86,[],[0.01185],[0],0,1
1.5,87,[],[0.01653],[0],0,1
1.5,88,[0.00081],[0.02464],[1],1,1
1.5,89,[],[0.04649],[0],0,1
1.5,90,[],[0.00367],[0],0,1
1.5,91,[],[0.03542],[0],0,1
1.5,92,[],[0.00582],[0],0,1
1.5,93,[],[0.01444],[0],0,1
1.5,94,[],[0.0026, 0.02538],[0, 0],0,2
1.5,95,[],[0.04446],[0],0,1
1.5,96,[],[0.02018],[0],0,1
1.5,97,[],[0.00507],[0],0,1
1.5,98,[],[0.01535],[0],0,1
1.5,99,[0.00071],[0.01094],[1],1,1
1.5,100,[],[0.00543],[0],0,1
1.5,101,[],[0.02761],[0],0,1
1.5,102,[],[0.02526],[0],0,1
1.5,103,[],[0.01819],[0],0,1
1.5,104,[],[0.01559],[0],0,1
1.5,105,[],[0.00596],[0],0,1
1.5,106,[],[0.00808],[0],0,1
1.5,107,[],[0.00286],[0],0,1
1.5,108,[],[0.00551],[0],0,1
1.5,109,[],[0.02118],[0],0,1
1.5,110,[],[0.02898],[0],0,1
1.5,111,[],[0.01704],[0],0,1
1.5,112,[],[0.01474],[0],0,1
1.5,113,[],[0.04351],[0],0,1
1.5,114,[],[0.0101],[0],0,1
1.5,115,[],[0.00837],[0],0,1
1.5,116,[],[0.00441],[0],0,1
1.5,117,[],[0.03158],[0],0,1
1.5,118,[],[0.00684],[0],0,1
1.5,119,[],[0.03217],[0],0,1
1.5,120,[],[0.02807],[0],0,1
1.5,121,[],[0.0038],[0],0,1
1.5,122,[],[0.01347],[0],0,1
1.5,123,[],[0.03505],[0],0,1
1.5,124,[],[0.02146],[0],0,1
1.5,125,[],[0.0037, 0.03875],[0, 0],0,2
1.5,126,[],[0.02363],[0],0,1
1.5,127,[],[0.01084],[0],0,1
1.5,128,[],[0.01358],[0],0,1
1.5,129,[],[0.00295],[0],0,1
1.5,130,[],[0.00905],[0],0,1
1.5,131,[],[0.01169],[0],0,1
1.5,132,[],[0.02719],[0],0,1
1.5,133,[],[0.01774],[0],0,1
1.5,134,[],[0.00713],[0],0,1
1.5,135,[],[0.05146],[0],0,1
1.5,136,[],[0.02291],[0],0,1
1.5,137,[],[0.02577],[0],0,1
1.5,138,[],[0.01465],[0],0,1
1.5,139,[],[0.00733],[0],0,1
1.5,140,[],[0.00979],[0],0,1
1.5,141,[],[0.00805],[0],0,1
1.5,142,[],[0.01061],[0],0,1
1.5,143,[],[0.01879],[0],0,1
1.5,144,[],[0.01477],[0],0,1
1.5,145,[],[0.02601],[0],0,1
1.5,146,[],[0.04794],[0],0,1
1.5,147,[],[0.0267],[0],0,1
1.5,148,[],[0.01408],[0],0,1
1.5,149,[],[0.02079],[0],0,1
1.5,150,[],[0.01915],[0],0,1
1.5,151,[],[0.00781],[0],0,1
1.5,152,[],[0.0185],[0],0,1
1.5,153,[],[0.0094],[0],0,1
1.5,154,[],[0.02414],[0],0,1
1.5,155,[],[0.03702],[0],0,1
1.5,156,[],[0.01968],[0],0,1
1.5,157,[],[0.00825],[0],0,1
1.5,158,[],[0.01356],[0],0,1
1.5,159,[],[0.00579],[0],0,1
1.5,160,[],[0.02443],[0],0,1
1.5,161,[],[0.00458],[0],0,1
1.5,162,[],[0.02315],[0],0,1
1.5,163,[],[0.0589],[0],0,1
1.5,164,[],[0.03068],[0],0,1
1.5,165,[],[0.02016],[0],0,1
1.5,166,[],[0.04222],[0],0,1
1.5,167,[],[0.02364],[0],0,1
1.5,168,[],[0.03272],[0],0,1
1.5,169,[],[0.02065],[0],0,1
1.5,170,[],[0.0036, 0.0256],[0, 0],0,2
1.5,171,[],[0.01565],[0],0,1
1.5,172,[],[0.00854],[0],0,1
1.5,173,[],[0.00559],[0],0,1
1.5,174,[],[0.04487],[0],0,1
1.5,175,[],[0.03993],[0],0,1
1.5,176,[],[0.00352],[0],0,1
1.5,177,[],[0.03829],[0],0,1
1.5,178,[],[0.01308],[0],0,1
1.5,179,[],[0.03974],[0],0,1
1.5,180,[],[0.05127],[0],0,1
1.5,181,[],[0.01108],[0],0,1
1.5,182,[],[0.04327],[0],0,1
1.5,183,[],[0.04009],[0],0,1
1.5,184,[],[0.02069],[0],0,1
1.5,185,[],[0.04679],[0],0,1
1.5,186,[],[0.02249],[0],0,1
1.5,187,[],[0.01685],[0],0,1
1.5,188,[],[0.01414],[0],0,1
1.5,189,[],[0.02438],[0],0,1
1.5,190,[],[],[],0,0
1.5,191,[],[0.01468],[0],0,1
1.5,192,[],[0.01629],[0],0,1
1.5,193,[],[0.01995],[0],0,1
1.5,194,[],[0.0163],[0],0,1
1.5,195,[],[0.0207],[0],0,1
1.5,196,[],[0.02432],[0],0,1
1.5,197,[],[0.01771],[0],0,1
1.5,198,[],[0.02954],[0],0,1
1.5,199,[],[0.01195],[0],0,1

