1.5,0,[],[0.01992],[0],0,1
1.5,1,[],[0.00831],[0],0,1
1.5,2,[],[],[],0,0
1.5,3,[],[0.02973],[0],0,1
1.5,4,[],[0.03684],[0],0,1
1.5,5,[0.00093],[],[],1,0
1.5,6,[],[0.00714],[0],0,1
1.5,7,[],[0.02239],[0],0,1
1.5,8,[],[0.02219],[0],0,1
1.5,9,[],[0.01733],[0],0,1
1.5,10,[],[0.02123],[0],0,1
1.5,11,[],[0.03153],[0],0,1
1.5,12,[],[0.02692],[0],0,1
1.5,13,[],[0.03433],[0],0,1
1.5,14,[],[0.01418],[0],0,1
1.5,15,[],[0.00876],[0],0,1
1.5,16,[],[0.00507],[0],0,1
1.5,17,[],[0.01288],[0],0,1
1.5,18,[],[0.02647],[0],0,1
1.5,19,[],[0.04736],[0],0,1
1.5,20,[],[0.00545],[0],0,1
1.5,21,[],[0.08121],[0],0,1
1.5,22,[],[0.02865],[0],0,1
1.5,23,[],[0.03422],[0],0,1
1.5,24,[],[0.00264],[0],0,1
1.5,25,[],[0.01723],[0],0,1
1.5,26,[],[0.03578],[0],0,1
1.5,27,[],[0.01104],[0],0,1
1.5,28,[],[0.01516],[0],0,1
1.5,29,[],[0.02186],[0],0,1
1.5,30,[],[0.00448, 0.03472],[0, 0],0,2
1.5,31,[],[0.03915],[0],0,1
1.5,32,[],[0.01647],[0],0,1
1.5,33,[],[0.00655],[0],0,1
1.5,34,[],[0.02494],[0],0,1
1.5,35,[],[0.02136],[0],0,1
1.5,36,[],[0.04377],[0],0,1
1.5,37,[],[0.00341],[0],0,1
1.5,38,[],[0.04766],[0],0,1
1.5,39,[0.00049],[0.00242, 0.02329],[0, 1],1,2
1.5,40,[],[0.00308],[0],0,1
1.5,41,[],[0.04747],[0],0,1
1.5,42,[],[0.03188],[0],0,1
1.5,43,[],[0.03256],[0],0,1
1.5,44,[],[0.02383],[0],0,1
1.5,45,[],[0.02025],[0],0,1
1.5,46,[],[0.04978],[0],0,1
1.5,47,[],[],[],0,0
1.5,48,[],[0.00948],[0],0,1
1.5,49,[],[0.0037],[0],0,1
1.5,50,[],[0.00401],[0],0,1
1.5,51,[],[0.0142],[0],0,1
1.5,52,[],[0.01439],[0],0,1
1.5,53,[],[0.01869],[0],0,1
1.5,54,[],[0.01317],[0],0,1
1.5,55,[],[0.0106],[0],0,1
1.5,56,[],[0.01942],[0],0,1
1.5,57,[],[0.02684],[0],0,1
1.5,58,[],[0.02835],[0],0,1
1.5,59,[],[0.00213],[0],0,1
1.5,60,[],[0.01738],[0],0,1
1.5,61,[],[0.03047],[0],0,1
1.5,62,[],[0.03602],[0],0,1
1.5,63,[],[0.02651],[0],0,1
1.5,64,[],[0.01654],[0],0,1
1.5,65,[0.00073],[0.01675],[1],1,1
1.5,66,[],[0.01743],[0],0,1
1.5,67,[],[0.01517],[0],0,1
1.5,68,[],[0.02104],[0],0,1
1.5,69,[],[0.00759],[0],0,1
1.5,70,[],[0.01165],[0],0,1
1.5,71,[],[0.02691],[0],0,1
1.5,72,[],[0.00861],[0],0,1
1.5,73,[],[0.03606],[0],0,1
1.5,74,[],[0.02347],[0],0,1
1.5,75,[],[0.04294],[0],0,1
1.5,76,[],[0.01903],[0],0,1
1.5,77,[],[0.01181],[0],0,1
1.5,78,[0.00038],[0.05547],[1],1,1
1.5,79,[],[0.01336],[0],0,1
1.5,80,[],[0.00595],[0],0,1
1.5,81,[],[0.01922],[0],0,1
1.5,82,[],[0.02117],[0],0,1
1.5,83,[],[0.00662],[0],0,1
1.5,84,[],[0.05208],[0],0,1
1.5,85,[],[0.00867],[0],0,1
1.5,86,[],[0.01091],[0],0,1
1.5,87,[],[0.0106],[0],0,1
1.5,88,[],[0.01579],[0],0,1
1.5,89,[],[0.00773],[0],0,1
1.5,90,[],[0.01776],[0],0,1
1.5,91,[],[0.03152],[0],0,1
1.5,92,[],[0.01773],[0],0,1
1.5,93,[],[0.00263],[0],0,1
1.5,94,[],[0.04068],[0],0,1
1.5,95,[],[0.01021],[0],0,1
1.5,96,[],[0.00681, 0.01579],[0, 0],0,2
1.5,97,[],[0.01574],[0],0,1
1.5,98,[],[0.02074],[0],0,1
1.5,99,[],[0.02877],[0],0,1
1.5,100,[],[0.02427],[0],0,1
1.5,101,[],[0.02663],[0],0,1
1.5,102,[],[0.01892],[0],0,1
1.5,103,[],[0.00924],[0],0,1
1.5,104,[],[0.02567],[0],0,1
1.5,105,[],[0.01486],[0],0,1
1.5,106,[],[0.03351],[0],0,1
1.5,107,[],[0.00819],[0],0,1
1.5,108,[],[0.01375],[0],0,1
1.5,109,[],[0.02772],[0],0,1
1.5,110,[],[],[],0,0
1.5,111,[],[0.00683],[0],0,1
1.5,112,[],[0.02685],[0],0,1
1.5,113,[],[0.01583],[0],0,1
1.5,114,[],[0.00314],[0],0,1
1.5,115,[],[0.03324],[0],0,1
1.5,116,[],[0.01808],[0],0,1
1.5,117,[],[0.02393],[0],0,1
1.5,118,[],[0.01843],[0],0,1
1.5,119,[],[0.04428],[0],0,1
1.5,120,[],[0.04129],[0],0,1
1.5,121,[],[0.00329, 0.03718],[0, 0],0,2
1.5,122,[],[0.06382],[0],0,1
1.5,123,[],[0.03684],[0],0,1
1.5,124,[],[0.00327],[0],0,1
1.5,125,[],[0.00779],[0],0,1
1.5,126,[],[0.02719],[0],0,1
1.5,127,[],[0.02448],[0],0,1
1.5,128,[],[0.01328],[0],0,1
1.5,129,[],[0.02209],[0],0,1
1.5,130,[],[0.01922],[0],0,1
1.5,131,[],[0.01441],[0],0,1
1.5,132,[],[0.05399],[0],0,1
1.5,133,[],[0.02753],[0],0,1
1.5,134,[],[0.03586],[0],0,1
1.5,135,[],[0.02243],[0],0,1
1.5,136,[],[0.01504],[0],0,1
1.5,137,[],[0.03641],[0],0,1
1.5,138,[],[0.00797],[0],0,1
1.5,139,[],[0.03187],[0],0,1
1.5,140,[],[0.00278, 0.03643],[0, 0],0,2
1.5,141,[],[0.02249],[0],0,1
1.5,142,[],[0.02992],[0],0,1
1.5,143,[],[0.02526],[0],0,1
1.5,144,[],[0.03199],[0],0,1
1.5,145,[],[0.01318],[0],0,1
1.5,146,[],[0.02386],[0],0,1
1.5,147,[],[0.01363],[0],0,1
1.5,148,[],[0.04539],[0],0,1
1.5,149,[],[0.01833],[0],0,1
1.5,150,[],[0.0141],[0],0,1
1.5,151,[],[0.00388],[0],0,1
1.5,152,[],[0.01531],[0],0,1
1.5,153,[],[0.00963],[0],0,1
1.5,154,[],[0.03684],[0],0,1
1.5,155,[],[0.01469],[0],0,1
1.5,156,[],[0.00891],[0],0,1
1.5,157,[],[0.00822],[0],0,1
1.5,158,[],[0.01976],[0],0,1
1.5,159,[],[0.00259],[0],0,1
1.5,160,[],[0.02851],[0],0,1
1.5,161,[],[0.01484],[0],0,1
1.5,162,[],[0.00558],[0],0,1
1.5,163,[],[0.05112],[0],0,1
1.5,164,[],[0.0175],[0],0,1
1.5,165,[],[0.00561],[0],0,1
1.5,166,[],[0.00578],[0],0,1
1.5,167,[],[0.03329],[0],0,1
1.5,168,[],[0.02074],[0],0,1
1.5,169,[],[0.01094],[0],0,1
1.5,170,[],[0.00497],[0],0,1
1.5,171,[],[0.00548],[0],0,1
1.5,172,[],[0.01302],[0],0,1
1.5,173,[],[0.0078],[0],0,1
1.5,174,[],[0.00331],[0],0,1
1.5,175,[],[0.01137],[0],0,1
1.5,176,[],[0.02024],[0],0,1
1.5,177,[],[0.00384],[0],0,1
1.5,178,[],[0.02892],[0],0,1
1.5,179,[],[0.00622],[0],0,1
1.5,180,[],[0.01155],[0],0,1
1.5,181,[],[0.0076],[0],0,1
1.5,182,[],[0.00356, 0.04901],[0, 0],0,2
1.5,183,[],[0.00381],[0],0,1
1.5,184,[],[0.0381],[0],0,1
1.5,185,[],[0.03294],[0],0,1
1.5,186,[],[0.01244],[0],0,1
1.5,187,[],[0.01994],[0],0,1
1.5,188,[],[0.00728],[0],0,1
1.5,189,[],[0.00493],[0],0,1
1.5,190,[],[0.04094],[0],0,1
1.5,191,[],[0.02912],[0],0,1
1.5,192,[],[0.00633],[0],0,1
1.5,193,[],[0.01801],[0],0,1
1.5,194,[],[0.03827],[0],0,1
1.5,195,[],[0.00478],[0],0,1
1.5,196,[],[0.00714],[0],0,1
1.5,197,[],[0.01641],[0],0,1
1.5,198,[],[0.02129],[0],0,1
1.5,199,[],[0.01537],[0],0,1

