1.5,0,[],[0.02089],[0],0,1
1.5,1,[],[0.02292],[0],0,1
1.5,2,[],[0.0179],[0],0,1
1.5,3,[],[0.00735],[0],0,1
1.5,4,[],[0.00428, 0.01355],[0, 0],0,2
1.5,5,[],[0.02506],[0],0,1
1.5,6,[],[0.00505],[0],0,1
1.5,7,[],[0.00851],[0],0,1
1.5,8,[],[0.00262, 0.05461],[0, 0],0,2
1.5,9,[],[0.0078],[0],0,1
1.5,10,[],[0.07547],[0],0,1
1.5,11,[],[0.0114],[0],0,1
1.5,12,[],[0.01945],[0],0,1
1.5,13,[],[0.01818],[0],0,1
1.5,14,[],[0.01795],[0],0,1
1.5,15,[],[0.01872],[0],0,1
1.5,16,[],[0.026],[0],0,1
1.5,17,[],[0.01774],[0],0,1
1.5,18,[],[0.02442],[0],0,1
1.5,19,[0.0009],[0.02411],[1],1,1
1.5,20,[],[0.04784],[0],0,1
1.5,21,[],[0.00278],[0],0,1
1.5,22,[],[0.01284],[0],0,1
1.5,23,[],[],[],0,0
1.5,24,[],[0.00923],[0],0,1
1.5,25,[],[0.01514],[0],0,1
1.5,26,[],[0.02993],[0],0,1
1.5,27,[],[0.01265],[0],0,1
1.5,28,[],[0.02247],[0],0,1
1.5,29,[],[0.00871],[0],0,1
1.5,30,[],[0.02665],[0],0,1
1.5,31,[],[0.03146],[0],0,1
1.5,32,[],[0.00902],[0],0,1
1.5,33,[],[0.03578],[0],0,1
1.5,34,[],[0.01299],[0],0,1
1.5,35,[],[0.02267],[0],0,1
1.5,36,[],[0.02005],[0],0,1
1.5,37,[],[0.00217],[0],0,1
1.5,38,[],[0.0314],[0],0,1
1.5,39,[],[0.01194],[0],0,1
1.5,40,[],[0.00879],[0],0,1
1.5,41,[],[0.03029],[0],0,1
1.5,42,[],[0.00252],[0],0,1
1.5,43,[],[0.01414],[0],0,1
1.5,44,[],[0.06265],[0],0,1
1.5,45,[],[0.01776],[0],0,1
1.5,46,[],[0.00241, 0.00324],[0, 0],0,2
1.5,47,[],[0.04538],[0],0,1
1.5,48,[],[0.01423],[0],0,1
1.5,49,[],[0.00202],[0],0,1
1.5,50,[],[0.0491],[0],0,1
1.5,51,[],[0.00333, 0.01987],[0, 0],0,2
1.5,52,[],[0.0282],[0],0,1
1.5,53,[],[0.02555],[0],0,1
1.5,54,[],[0.00558],[0],0,1
1.5,55,[],[0.01374],[0],0,1
1.5,56,[],[0.01038],[0],0,1
1.5,57,[],[0.00925, 0.00601],[0, 0],0,2
1.5,58,[],[0.01396],[0],0,1
1.5,59,[],[0.05725],[0],0,1
1.5,60,[],[0.01421],[0],0,1
1.5,61,[],[0.00433],[0],0,1
1.5,62,[],[0.01337],[0],0,1
1.5,63,[],[0.00319],[0],0,1
1.5,64,[],[0.01753],[0],0,1
1.5,65,[],[0.01456],[0],0,1
1.5,66,[],[0.00347],[0],0,1
1.5,67,[],[],[],0,0
1.5,68,[],[0.02195],[0],0,1
1.5,69,[],[0.02626],[0],0,1
1.5,70,[],[0.00631],[0],0,1
1.5,71,[],[0.02635],[0],0,1
1.5,72,[],[0.01064],[0],0,1
1.5,73,[],[0.0266],[0],0,1
1.5,74,[],[0.03203],[0],0,1
1.5,75,[],[0.02163],[0],0,1
1.5,76,[],[0.04659],[0],0,1
1.5,77,[],[0.01421],[0],0,1
1.5,78,[],[0.00404],[0],0,1
1.5,79,[],[0.00781],[0],0,1
1.5,80,[],[0.01757],[0],0,1
1.5,81,[],[0.00755],[0],0,1
1.5,82,[0.00047],[0.00924],[1],1,1
1.5,83,[],[0.04056],[0],0,1
1.5,84,[],[0.01328],[0],0,1
1.5,85,[],[0.02903],[0],0,1
1.5,86,[],[0.04291],[0],0,1
1.5,87,[],[0.00289, 0.0229],[0, 0],0,2
1.5,88,[],[0.00624],[0],0,1
1.5,89,[],[0.02086],[0],0,1
1.5,90,[],[0.01185],[0],0,1
1.5,91,[],[0.00771],[0],0,1
1.5,92,[],[0.01241],[0],0,1
1.5,93,[],[0.01371],[0],0,1
1.5,94,[],[0.06839],[0],0,1
1.5,95,[],[0.04303],[0],0,1
1.5,96,[],[0.02642],[0],0,1
1.5,97,[],[0.02868],[0],0,1
1.5,98,[],[0.01264],[0],0,1
1.5,99,[],[0.00698],[0],0,1
1.5,100,[],[0.01786],[0],0,1
1.5,101,[],[0.00262],[0],0,1
1.5,102,[],[0.04408],[0],0,1
1.5,103,[],[0.00668],[0],0,1
1.5,104,[],[0.00381],[0],0,1
1.5,105,[],[0.018],[0],0,1
1.5,106,[],[0.03937],[0],0,1
1.5,107,[],[0.01679],[0],0,1
1.5,108,[],[0.0205],[0],0,1
1.5,109,[],[0.03636],[0],0,1
1.5,110,[],[0.05504],[0],0,1
1.5,111,[],[0.02495],[0],0,1
1.5,112,[],[0.02864],[0],0,1
1.5,113,[],[0.04864],[0],0,1
1.5,114,[],[0.02114],[0],0,1
1.5,115,[],[0.00987],[0],0,1
1.5,116,[0.00092],[],[],1,0
1.5,117,[],[0.0693],[0],0,1
1.5,118,[],[0.03202],[0],0,1
1.5,119,[],[0.02349],[0],0,1
1.5,120,[],[0.01281],[0],0,1
1.5,121,[],[0.02229],[0],0,1
1.5,122,[],[0.01918],[0],0,1
1.5,123,[],[0.01489],[0],0,1
1.5,124,[],[0.00963],[0],0,1
1.5,125,[],[0.00369, 0.06375],[0, 0],0,2
1.5,126,[],[0.00349],[0],0,1
1.5,127,[],[0.0166],[0],0,1
1.5,128,[],[0.00545],[0],0,1
1.5,129,[],[0.00602],[0],0,1
1.5,130,[],[0.02432],[0],0,1
1.5,131,[],[0.04943],[0],0,1
1.5,132,[],[0.01867],[0],0,1
1.5,133,[],[0.01333],[0],0,1
1.5,134,[],[0.01539],[0],0,1
1.5,135,[],[0.03197],[0],0,1
1.5,136,[],[0.01084],[0],0,1
1.5,137,[],[0.01618],[0],0,1
1.5,138,[],[0.04917],[0],0,1
1.5,139,[],[0.01354],[0],0,1
1.5,140,[],[0.0049],[0],0,1
1.5,141,[],[0.03921],[0],0,1
1.5,142,[],[0.043],[0],0,1
1.5,143,[],[0.0139],[0],0,1
1.5,144,[],[0.00584],[0],0,1
1.5,145,[],[0.00428],[0],0,1
1.5,146,[],[0.03433],[0],0,1
1.5,147,[],[0.02076],[0],0,1
1.5,148,[],[0.03928],[0],0,1
1.5,149,[],[0.00628],[0],0,1
1.5,150,[],[0.00218],[0],0,1
1.5,151,[],[0.02627],[0],0,1
1.5,152,[],[0.00412],[0],0,1
1.5,153,[],[0.03378],[0],0,1
1.5,154,[],[0.01552],[0],0,1
1.5,155,[],[0.01238],[0],0,1
1.5,156,[],[0.01068],[0],0,1
1.5,157,[],[0.01403],[0],0,1
1.5,158,[],[0.00478],[0],0,1
1.5,159,[],[0.0022],[0],0,1
1.5,160,[],[0.02126],[0],0,1
1.5,161,[],[0.00478],[0],0,1
1.5,162,[],[0.00746],[0],0,1
1.5,163,[],[0.00745],[0],0,1
1.5,164,[],[0.01356],[0],0,1
1.5,165,[],[0.00302],[0],0,1
1.5,166,[],[0.00799],[0],0,1
1.5,167,[],[0.02134],[0],0,1
1.5,168,[],[0.02208],[0],0,1
1.5,169,[],[0.03249],[0],0,1
1.5,170,[],[],[],0,0
1.5,171,[],[0.02263],[0],0,1
1.5,172,[],[0.03621],[0],0,1
1.5,173,[],[0.00951],[0],0,1
1.5,174,[],[0.02432],[0],0,1
1.5,175,[],[0.0317],[0],0,1
1.5,176,[],[0.00601],[0],0,1
1.5,177,[],[0.00244],[0],0,1
1.5,178,[],[0.00802],[0],0,1
1.5,179,[],[0.00913, 0.00601],[0, 0],0,2
1.5,180,[],[0.0413],[0],0,1
1.5,181,[0.00028],[0.03355],[1],1,1
1.5,182,[],[0.02712],[0],0,1
1.5,183,[],[0.04521],[0],0,1
1.5,184,[],[0.01478],[0],0,1
1.5,185,[],[0.00324],[0],0,1
1.5,186,[],[0.02218],[0],0,1
1.5,187,[],[0.01449],[0],0,1
1.5,188,[],[0.03635],[0],0,1
1.5,189,[],[0.02477],[0],0,1
1.5,190,[],[0.01944],[0],0,1
1.5,191,[],[0.06074],[0],0,1
1.5,192,[],[0.01155],[0],0,1
1.5,193,[],[0.01352],[0],0,1
1.5,194,[],[0.00845],[0],0,1
1.5,195,[],[0.01391],[0],0,1
1.5,196,[],[0.03848],[0],0,1
1.5,197,[],[0.01141],[0],0,1
1.5,198,[],[0.02342],[0],0,1
1.5,199,[0.00027],[0.00516],[1],1,1

