1.5,0,[],[0.0346],[0],0,1
1.5,1,[],[0.01209],[0],0,1
1.5,2,[],[0.01435],[0],0,1
1.5,3,[],[0.02257],[0],0,1
1.5,4,[],[0.01888],[0],0,1
1.5,5,[],[0.03008],[0],0,1
1.5,6,[],[0.0183],[0],0,1
1.5,7,[],[0.00287],[0],0,1
1.5,8,[],[0.0037],[0],0,1
1.5,9,[],[0.02432],[0],0,1
1.5,10,[],[0.00399],[0],0,1
1.5,11,[],[0.0217],[0],0,1
1.5,12,[],[0.01235],[0],0,1
1.5,13,[],[0.00554],[0],0,1
1.5,14,[],[0.00238, 0.03074],[0, 0],0,2
1.5,15,[],[0.04418],[0],0,1
1.5,16,[],[0.00682],[0],0,1
1.5,17,[],[],[],0,0
1.5,18,[],[0.02783],[0],0,1
1.5,19,[],[0.01163],[0],0,1
1.5,20,[],[0.00805],[0],0,1
1.5,21,[],[0.00245, 0.0369],[0, 0],0,2
1.5,22,[],[0.01133],[0],0,1
1.5,23,[],[0.01427],[0],0,1
1.5,24,[],[0.03386],[0],0,1
1.5,25,[],[0.00658],[0],0,1
1.5,26,[],[0.02348],[0],0,1
1.5,27,[],[0.0083],[0],0,1
1.5,28,[],[0.01838],[0],0,1
1.5,29,[],[0.01514],[0],0,1
1.5,30,[0.00022],[0.01748],[1],1,1
1.5,31,[],[0.0654],[0],0,1
1.5,32,[],[0.0048],[0],0,1
1.5,33,[],[0.01693],[0],0,1
1.5,34,[],[0.00712],[0],0,1
1.5,35,[],[0.00969],[0],0,1
1.5,36,[],[0.0486],[0],0,1
1.5,37,[],[0.0124],[0],0,1
1.5,38,[],[0.02224],[0],0,1
1.5,39,[],[0.00501],[0],0,1
1.5,40,[],[0.03079],[0],0,1
1.5,41,[],[0.02669],[0],0,1
1.5,42,[],[0.03938],[0],0,1
1.5,43,[],[0.02828],[0],0,1
1.5,44,[],[0.01256],[0],0,1
1.5,45,[],[0.00266],[0],0,1
1.5,46,[],[0.01723],[0],0,1
1.5,47,[],[0.02022],[0],0,1
1.5,48,[],[0.02489],[0],0,1
1.5,49,[],[0.01481],[0],0,1
1.5,50,[],[0.00799],[0],0,1
1.5,51,[],[0.02295],[0],0,1
1.5,52,[],[0.02343],[0],0,1
1.5,53,[0.00092],[],[],1,0
1.5,54,[],[0.00886],[0],0,1
1.5,55,[],[0.00861],[0],0,1
1.5,56,[],[0.02155],[0],0,1
1.5,57,[],[],[],0,0
1.5,58,[],[],[],0,0
1.5,59,[],[0.01973],[0],0,1
1.5,60,[],[0.01646],[0],0,1
1.5,61,[],[0.01959],[0],0,1
1.5,62,[],[0.02316],[0],0,1
1.5,63,[],[0.0204],[0],0,1
1.5,64,[],[0.04309],[0],0,1
1.5,65,[],[0.00698],[0],0,1
1.5,66,[],[0.03165],[0],0,1
1.5,67,[],[0.02198],[0],0,1
1.5,68,[],[0.00434],[0],0,1
1.5,69,[],[0.01903],[0],0,1
1.5,70,[],[0.04455],[0],0,1
1.5,71,[],[0.0083],[0],0,1
1.5,72,[],[],[],0,0
1.5,73,[],[0.01755],[0],0,1
1.5,74,[],[0.01144],[0],0,1
1.5,75,[],[0.00888],[0],0,1
1.5,76,[],[0.00991],[0],0,1
1.5,77,[],[0.02152],[0],0,1
1.5,78,[],[0.01453],[0],0,1
1.5,79,[],[0.01317],[0],0,1
1.5,80,[],[0.03195],[0],0,1
1.5,81,[],[0.03715],[0],0,1
1.5,82,[],[0.00524],[0],0,1
1.5,83,[],[0.01917],[0],0,1
1.5,84,[],[0.0344],[0],0,1
1.5,85,[],[0.04272],[0],0,1
1.5,86,[],[0.03611],[0],0,1
1.5,87,[],[0.02929],[0],0,1
1.5,88,[],[0.0267],[0],0,1
1.5,89,[],[0.00559],[0],0,1
1.5,90,[],[0.00901],[0],0,1
1.5,91,[],[0.04001],[0],0,1
1.5,92,[],[0.00571],[0],0,1
1.5,93,[],[0.03127],[0],0,1
1.5,94,[],[0.02952],[0],0,1
1.5,95,[],[0.00419],[0],0,1
1.5,96,[],[0.01477],[0],0,1
1.5,97,[],[0.02023],[0],0,1
1.5,98,[],[0.01446],[0],0,1
1.5,99,[],[0.01216],[0],0,1
1.5,100,[],[0.01339],[0],0,1
1.5,101,[],[],[],0,0
1.5,102,[],[0.00668],[0],0,1
1.5,103,[],[0.01692],[0],0,1
1.5,104,[],[0.02258],[0],0,1
1.5,105,[],[0.01364],[0],0,1
1.5,106,[],[0.00619],[0],0,1
1.5,107,[],[0.02968],[0],0,1
1.5,108,[],[0.03709],[0],0,1
1.5,109,[],[0.01385],[0],0,1
1.5,110,[],[0.03576],[0],0,1
1.5,111,[],[0.01202],[0],0,1
1.5,112,[],[0.05603],[0],0,1
1.5,113,[],[0.01053],[0],0,1
1.5,114,[],[0.00896],[0],0,1
1.5,115,[],[0.01071],[0],0,1
1.5,116,[],[0.00769],[0],0,1
1.5,117,[],[0.00935],[0],0,1
1.5,118,[],[0.0063],[0],0,1
1.5,119,[],[0.02219],[0],0,1
1.5,120,[],[0.00784],[0],0,1
1.5,121,[],[0.02834],[0],0,1
1.5,122,[],[0.03917],[0],0,1
1.5,123,[],[0.02976],[0],0,1
1.5,124,[],[0.00214],[0],0,1
1.5,125,[],[0.01067],[0],0,1
1.5,126,[],[0.00743],[0],0,1
1.5,127,[],[0.0228],[0],0,1
1.5,128,[],[0.00322],[0],0,1
1.5,129,[],[0.01869],[0],0,1
1.5,130,[],[0.04232],[0],0,1
1.5,131,[],[0.00845],[0],0,1
1.5,132,[],[0.03183],[0],0,1
1.5,133,[],[0.02515],[0],0,1
1.5,134,[],[0.03165],[0],0,1
1.5,135,[],[0.02005],[0],0,1
1.5,136,[],[0.00338],[0],0,1
1.5,137,[],[0.00481],[0],0,1
1.5,138,[],[0.02072],[0],0,1
1.5,139,[],[0.02211],[0],0,1
1.5,140,[],[0.01325],[0],0,1
1.5,141,[],[0.02313],[0],0,1
1.5,142,[],[0.01609],[0],0,1
1.5,143,[],[0.02593],[0],0,1
1.5,144,[],[0.03046],[0],0,1
1.5,145,[],[0.00298],[0],0,1
1.5,146,[],[0.01125],[0],0,1
1.5,147,[0.0009],[],[],1,0
1.5,148,[],[0.00212],[0],0,1
1.5,149,[],[0.02481],[0],0,1
1.5,150,[],[0.0335],[0],0,1
1.5,151,[],[0.05001],[0],0,1
1.5,152,[],[0.01348],[0],0,1
1.5,153,[],[0.038],[0],0,1
1.5,154,[],[0.01084],[0],0,1
1.5,155,[],[0.03137],[0],0,1
1.5,156,[],[0.01494],[0],0,1
1.5,157,[],[0.01774],[0],0,1
1.5,158,[],[0.05794],[0],0,1
1.5,159,[],[0.02153],[0],0,1
1.5,160,[],[0.01761],[0],0,1
1.5,161,[],[0.02504],[0],0,1
1.5,162,[],[0.03334],[0],0,1
1.5,163,[],[0.02045],[0],0,1
1.5,164,[],[0.01157],[0],0,1
1.5,165,[],[0.01726],[0],0,1
1.5,166,[],[0.03861],[0],0,1
1.5,167,[],[0.0403],[0],0,1
1.5,168,[],[0.00413],[0],0,1
1.5,169,[],[0.01378],[0],0,1
1.5,170,[],[0.05481],[0],0,1
1.5,171,[],[0.01953],[0],0,1
1.5,172,[],[0.02669],[0],0,1
1.5,173,[],[0.00572],[0],0,1
1.5,174,[],[0.00321, 0.02471],[0, 0],0,2
1.5,175,[],[0.01421],[0],0,1
1.5,176,[],[0.01607],[0],0,1
1.5,177,[],[0.01065],[0],0,1
1.5,178,[],[0.01997],[0],0,1
1.5,179,[],[0.00702],[0],0,1
1.5,180,[],[0.02451],[0],0,1
1.5,181,[],[0.0399],[0],0,1
1.5,182,[],[0.02854],[0],0,1
1.5,183,[],[0.00624],[0],0,1
1.5,184,[],[0.01621],[0],0,1
1.5,185,[],[0.03044],[0],0,1
1.5,186,[],[0.0127],[0],0,1
1.5,187,[],[0.04347],[0],0,1
1.5,188,[],[0.01952],[0],0,1
1.5,189,[],[0.03094],[0],0,1
1.5,190,[],[0.016],[0],0,1
1.5,191,[],[0.01684],[0],0,1
1.5,192,[0.00025],[0.05248],[1],1,1
1.5,193,[],[0.02184],[0],0,1
1.5,194,[],[0.01062],[0],0,1
1.5,195,[],[0.01992],[0],0,1
1.5,196,[],[0.02802],[0],0,1
1.5,197,[],[0.01751],[0],0,1
1.5,198,[],[0.03174],[0],0,1
1.5,199,[],[0.0047, 0.00297],[0, 0],0,2

