1.5,0,[],[],[],0,0
1.5,1,[],[0.01844],[0],0,1
1.5,2,[],[0.03784],[0],0,1
1.5,3,[],[0.00584],[0],0,1
1.5,4,[],[0.0051],[0],0,1
1.5,5,[],[0.01389],[0],0,1
1.5,6,[],[0.00735],[0],0,1
1.5,7,[],[0.00859],[0],0,1
1.5,8,[],[0.02634],[0],0,1
1.5,9,[0.00059],[],[],1,0
1.5,10,[],[0.02379],[0],0,1
1.5,11,[],[0.0331],[0],0,1
1.5,12,[],[0.0122],[0],0,1
1.5,13,[],[0.00305],[0],0,1
1.5,14,[],[0.01459],[0],0,1
1.5,15,[0.00092],[0.01826],[1],1,1
1.5,16,[],[0.01713],[0],0,1
1.5,17,[0.00017],[0.01753],[1],1,1
1.5,18,[],[0.00334],[0],0,1
1.5,19,[],[0.02728],[0],0,1
1.5,20,[],[0.02959],[0],0,1
1.5,21,[],[0.0282],[0],0,1
1.5,22,[],[0.02214],[0],0,1
1.5,23,[],[0.01491],[0],0,1
1.5,24,[],[0.04291],[0],0,1
1.5,25,[],[0.01049],[0],0,1
1.5,26,[],[0.00644],[0],0,1
1.5,27,[],[0.01908],[0],0,1
1.5,28,[],[0.03787],[0],0,1
1.5,29,[],[],[],0,0
1.5,30,[],[0.00375],[0],0,1
1.5,31,[],[0.0227],[0],0,1
1.5,32,[],[0.03049],[0],0,1
1.5,33,[],[0.02603],[0],0,1
1.5,34,[],[0.01412],[0],0,1
1.5,35,[],[0.0387],[0],0,1
1.5,36,[],[0.01127],[0],0,1
1.5,37,[],[0.02866],[0],0,1
1.5,38,[],[0.02967],[0],0,1
1.5,39,[],[0.03117],[0],0,1
1.5,40,[],[0.01358],[0],0,1
1.5,41,[],[0.03288],[0],0,1
1.5,42,[],[0.03515],[0],0,1
1.5,43,[],[0.04008],[0],0,1
1.5,44,[],[0.01722],[0],0,1
1.5,45,[],[0.06104],[0],0,1
1.5,46,[],[0.00554],[0],0,1
1.5,47,[],[0.00926],[0],0,1
1.5,48,[],[0.04052],[0],0,1
1.5,49,[0.00049],[0.01133],[1],1,1
1.5,50,[],[0.02182],[0],0,1
1.5,51,[],[0.02251],[0],0,1
1.5,52,[],[0.00587],[0],0,1
1.5,53,[],[0.02595],[0],0,1
1.5,54,[],[0.00488],[0],0,1
1.5,55,[],[0.02516],[0],0,1
1.5,56,[],[0.01542],[0],0,1
1.5,57,[],[0.04454],[0],0,1
1.5,58,[],[0.00927],[0],0,1
1.5,59,[],[0.0225],[0],0,1
1.5,60,[],[0.05125],[0],0,1
1.5,61,[],[0.02318],[0],0,1
1.5,62,[],[0.02279],[0],0,1
1.5,63,[],[0.04337],[0],0,1
1.5,64,[],[0.02427],[0],0,1
1.5,65,[],[0.00591, 0.01989],[0, 0],0,2
1.5,66,[],[0.02056],[0],0,1
1.5,67,[],[0.00446, 0.01557],[0, 0],0,2
1.5,68,[],[0.01848],[0],0,1
1.5,69,[],[0.01045],[0],0,1
1.5,70,[],[0.01682],[0],0,1
1.5,71,[],[0.01328],[0],0,1
1.5,72,[],[0.01394],[0],0,1
1.5,73,[],[0.01252],[0],0,1
1.5,74,[],[0.02608],[0],0,1
1.5,75,[0.00085],[0.04137],[1],1,1
1.5,76,[],[0.01186],[0],0,1
1.5,77,[],[0.00901],[0],0,1
1.5,78,[],[0.01429],[0],0,1
1.5,79,[],[0.0065],[0],0,1
1.5,80,[],[0.02121],[0],0,1
1.5,81,[],[0.02835],[0],0,1
1.5,82,[],[0.01399],[0],0,1
1.5,83,[0.00099],[0.04451],[1],1,1
1.5,84,[],[0.02161],[0],0,1
1.5,85,[],[0.01864],[0],0,1
1.5,86,[],[0.03386],[0],0,1
1.5,87,[],[0.0331],[0],0,1
1.5,88,[],[0.00991],[0],0,1
1.5,89,[],[0.03504],[0],0,1
1.5,90,[],[0.01316],[0],0,1
1.5,91,[],[0.02893],[0],0,1
1.5,92,[],[0.00774],[0],0,1
1.5,93,[],[0.02725],[0],0,1
1.5,94,[],[0.03543],[0],0,1
1.5,95,[],[0.02604],[0],0,1
1.5,96,[],[0.00717],[0],0,1
1.5,97,[],[0.01204],[0],0,1
1.5,98,[],[0.02962],[0],0,1
1.5,99,[],[0.02305],[0],0,1
1.5,100,[],[0.00825, 0.01998],[0, 0],0,2
1.5,101,[],[0.00518, 0.00223],[0, 0],0,2
1.5,102,[],[0.00922],[0],0,1
1.5,103,[],[0.01259],[0],0,1
1.5,104,[],[0.00522],[0],0,1
1.5,105,[],[],[],0,0
1.5,106,[],[0.00608],[0],0,1
1.5,107,[],[0.0114],[0],0,1
1.5,108,[],[0.02869],[0],0,1
1.5,109,[],[0.00751],[0],0,1
1.5,110,[],[0.00941],[0],0,1
1.5,111,[],[0.0036],[0],0,1
1.5,112,[],[],[],0,0
1.5,113,[],[0.00291],[0],0,1
1.5,114,[],[0.01705],[0],0,1
1.5,115,[],[0.00216, 0.01421],[0, 0],0,2
1.5,116,[],[0.05707],[0],0,1
1.5,117,[],[0.03858],[0],0,1
1.5,118,[],[0.02376],[0],0,1
1.5,119,[],[0.0254],[0],0,1
1.5,120,[],[0.04126],[0],0,1
1.5,121,[],[0.01887],[0],0,1
1.5,122,[],[0.03374],[0],0,1
1.5,123,[],[0.02668],[0],0,1
1.5,124,[],[0.0727],[0],0,1
1.5,125,[],[0.01188],[0],0,1
1.5,126,[],[0.01553],[0],0,1
1.5,127,[],[0.0339],[0],0,1
1.5,128,[],[0.0201],[0],0,1
1.5,129,[],[],[],0,0
1.5,130,[],[0.01713],[0],0,1
1.5,131,[],[0.0052, 0.04766],[0, 0],0,2
1.5,132,[],[0.00839],[0],0,1
1.5,133,[],[0.0071],[0],0,1
1.5,134,[],[0.03928],[0],0,1
1.5,135,[],[0.01099],[0],0,1
1.5,136,[],[0.05852],[0],0,1
1.5,137,[],[0.00679],[0],0,1
1.5,138,[],[0.0345],[0],0,1
1.5,139,[],[0.02804],[0],0,1
1.5,140,[],[0.00391],[0],0,1
1.5,141,[],[0.01122],[0],0,1
1.5,142,[],[0.05162],[0],0,1
1.5,143,[],[0.01673],[0],0,1
1.5,144,[],[0.01867],[0],0,1
1.5,145,[],[0.03188],[0],0,1
1.5,146,[],[0.01611],[0],0,1
1.5,147,[],[0.01883],[0],0,1
1.5,148,[],[0.02481],[0],0,1
1.5,149,[],[0.01194],[0],0,1
1.5,150,[],[0.0501],[0],0,1
1.5,151,[],[0.01348],[0],0,1
1.5,152,[],[0.00401],[0],0,1
1.5,153,[],[0.00988],[0],0,1
1.5,154,[],[0.04387],[0],0,1
1.5,155,[],[0.00832],[0],0,1
1.5,156,[],[0.03922],[0],0,1
1.5,157,[],[0.0293],[0],0,1
1.5,158,[],[0.02319],[0],0,1
1.5,159,[],[],[],0,0
1.5,160,[],[0.00206],[0],0,1
1.5,161,[],[0.00399, 0.00453],[0, 0],0,2
1.5,162,[],[0.00962],[0],0,1
1.5,163,[],[0.03405],[0],0,1
1.5,164,[],[0.00359],[0],0,1
1.5,165,[],[0.04672],[0],0,1
1.5,166,[],[0.00722],[0],0,1
1.5,167,[],[0.02511],[0],0,1
1.5,168,[],[0.03359],[0],0,1
1.5,169,[],[0.00525],[0],0,1
1.5,170,[],[0.00651],[0],0,1
1.5,171,[],[0.01811],[0],0,1
1.5,172,[],[0.02466],[0],0,1
1.5,173,[],[0.02145],[0],0,1
1.5,174,[],[0.00766],[0],0,1
1.5,175,[],[0.01377],[0],0,1
1.5,176,[],[0.00564, 0.03788],[0, 0],0,2
1.5,177,[],[0.01311],[0],0,1
1.5,178,[],[0.00987],[0],0,1
1.5,179,[],[0.01259],[0],0,1
1.5,180,[],[0.03845],[0],0,1
1.5,181,[],[0.01338],[0],0,1
1.5,182,[],[0.00622],[0],0,1
1.5,183,[],[0.02256],[0],0,1
1.5,184,[],[0.01429],[0],0,1
1.5,185,[],[0.03168],[0],0,1
1.5,186,[],[0.00268, 0.03475],[0, 0],0,2
1.5,187,[],[0.02053],[0],0,1
1.5,188,[],[0.02919],[0],0,1
1.5,189,[],[0.01073],[0],0,1
1.5,190,[],[0.02779],[0],0,1
1.5,191,[],[0.01439],[0],0,1
1.5,192,[],[0.00903],[0],0,1
1.5,193,[],[0.0327],[0],0,1
1.5,194,[],[0.02009],[0],0,1
1.5,195,[],[0.03408],[0],0,1
1.5,196,[],[0.03164],[0],0,1
1.5,197,[],[0.02174],[0],0,1
1.5,198,[],[0.05555],[0],0,1
1.5,199,[],[0.01598],[0],0,1

