1.5,0,[],[0.01912],[0],0,1
1.5,1,[],[0.00843],[0],0,1
1.5,2,[],[0.01168],[0],0,1
1.5,3,[],[0.01682],[0],0,1
1.5,4,[],[0.02798],[0],0,1
1.5,5,[],[0.00458],[0],0,1
1.5,6,[],[0.03543],[0],0,1
1.5,7,[],[0.02024],[0],0,1
1.5,8,[],[0.04211],[0],0,1
1.5,9,[],[0.02667],[0],0,1
1.5,10,[],[0.00484],[0],0,1
1.5,11,[],[0.01987],[0],0,1
1.5,12,[],[0.02828],[0],0,1
1.5,13,[],[0.01448],[0],0,1
1.5,14,[],[0.02431],[0],0,1
1.5,15,[],[0.01331],[0],0,1
1.5,16,[],[0.02904],[0],0,1
1.5,17,[],[0.00339, 0.00232, 0.01614],[0, 0, 0],0,3
1.5,18,[],[0.04446],[0],0,1
1.5,19,[],[0.00249],[0],0,1
1.5,20,[],[0.06041],[0],0,1
1.5,21,[],[0.02251],[0],0,1
1.5,22,[],[0.03142],[0],0,1
1.5,23,[],[0.03916],[0],0,1
1.5,24,[],[0.03704],[0],0,1
1.5,25,[],[0.03217],[0],0,1
1.5,26,[],[0.0122],[0],0,1
1.5,27,[],[0.0143],[0],0,1
1.5,28,[],[0.03289],[0],0,1
1.5,29,[],[0.00764],[0],0,1
1.5,30,[],[0.01772],[0],0,1
1.5,31,[],[0.04847],[0],0,1
1.5,32,[],[0.00624],[0],0,1
1.5,33,[],[0.00518],[0],0,1
1.5,34,[],[0.01835],[0],0,1
1.5,35,[],[0.00559, 0.02572],[0, 0],0,2
1.5,36,[],[0.00433],[0],0,1
1.5,37,[],[0.00779],[0],0,1
1.5,38,[],[0.00851],[0],0,1
1.5,39,[],[0.0092],[0],0,1
1.5,40,[0.00014],[0.02019],[1],1,1
1.5,41,[],[0.0113],[0],0,1
1.5,42,[],[0.00598],[0],0,1
1.5,43,[],[0.02218],[0],0,1
1.5,44,[0.00019],[0.02722],[1],1,1
1.5,45,[],[0.01552],[0],0,1
1.5,46,[],[0.01169],[0],0,1
1.5,47,[],[0.0274],[0],0,1
1.5,48,[],[0.00354],[0],0,1
1.5,49,[],[0.01716],[0],0,1
1.5,50,[],[0.02384],[0],0,1
1.5,51,[],[0.02947],[0],0,1
1.5,52,[],[0.02297],[0],0,1
1.5,53,[],[0.00702],[0],0,1
1.5,54,[],[0.01513],[0],0,1
1.5,55,[],[0.03155],[0],0,1
1.5,56,[],[0.00554],[0],0,1
1.5,57,[],[0.0216],[0],0,1
1.5,58,[],[0.01291],[0],0,1
1.5,59,[],[0.05334],[0],0,1
1.5,60,[],[0.01771],[0],0,1
1.5,61,[],[0.03293],[0],0,1
1.5,62,[],[0.0245],[0],0,1
1.5,63,[],[0.02622],[0],0,1
1.5,64,[],[0.00603],[0],0,1
1.5,65,[],[0.01745],[0],0,1
1.5,66,[],[0.0062],[0],0,1
1.5,67,[],[0.00369, 0.02433],[0, 0],0,2
1.5,68,[],[0.00266],[0],0,1
1.5,69,[],[0.01592],[0],0,1
1.5,70,[],[0.03301],[0],0,1
1.5,71,[],[0.00711],[0],0,1
1.5,72,[],[0.04473],[0],0,1
1.5,73,[],[0.02177],[0],0,1
1.5,74,[],[0.0249],[0],0,1
1.5,75,[],[0.01774],[0],0,1
1.5,76,[],[0.02547],[0],0,1
1.5,77,[],[0.00212],[0],0,1
1.5,78,[],[0.03096],[0],0,1
1.5,79,[],[0.01282],[0],0,1
1.5,80,[],[0.01427],[0],0,1
1.5,81,[],[0.03317],[0],0,1
1.5,82,[],[0.03233],[0],0,1
1.5,83,[],[0.00776],[0],0,1
1.5,84,[],[0.00637],[0],0,1
1.5,85,[],[0.00865],[0],0,1
1.5,86,[],[0.01582],[0],0,1
1.5,87,[],[0.03281],[0],0,1
1.5,88,[],[0.0191],[0],0,1
1.5,89,[],[0.04355],[0],0,1
1.5,90,[],[0.0285],[0],0,1
1.5,91,[0.00031],[0.01544],[1],1,1
1.5,92,[],[0.00937],[0],0,1
1.5,93,[],[0.03366],[0],0,1
1.5,94,[],[0.04473],[0],0,1
1.5,95,[],[0.02229],[0],0,1
1.5,96,[],[0.0098],[0],0,1
1.5,97,[],[0.02347],[0],0,1
1.5,98,[],[0.01933],[0],0,1
1.5,99,[],[],[],0,0
1.5,100,[],[0.01504],[0],0,1
1.5,101,[],[0.04674],[0],0,1
1.5,102,[],[0.02133],[0],0,1
1.5,103,[],[0.0195],[0],0,1
1.5,104,[],[0.01088],[0],0,1
1.5,105,[],[0.02308],[0],0,1
1.5,106,[],[0.05085],[0],0,1
1.5,107,[],[0.0348],[0],0,1
1.5,108,[],[0.01981],[0],0,1
1.5,109,[],[0.01073],[0],0,1
1.5,110,[],[0.01314],[0],0,1
1.5,111,[],[0.01874],[0],0,1
1.5,112,[],[0.00889],[0],0,1
1.5,113,[],[0.00751],[0],0,1
1.5,114,[],[0.0321],[0],0,1
1.5,115,[],[0.02332],[0],0,1
1.5,116,[],[],[],0,0
1.5,117,[],[0.0055],[0],0,1
1.5,118,[],[0.05006],[0],0,1
1.5,119,[],[0.02403],[0],0,1
1.5,120,[],[0.01409],[0],0,1
1.5,121,[],[0.01513],[0],0,1
1.5,122,[],[0.02676],[0],0,1
1.5,123,[],[0.01017],[0],0,1
1.5,124,[],[],[],0,0
1.5,125,[0.00054],[0.01676],[1],1,1
1.5,126,[],[0.00502],[0],0,1
1.5,127,[],[0.0346],[0],0,1
1.5,128,[],[0.03684],[0],0,1
1.5,129,[],[0.0423],[0],0,1
1.5,130,[],[0.00564],[0],0,1
1.5,131,[],[0.01679],[0],0,1
1.5,132,[],[0.05633],[0],0,1
1.5,133,[],[0.00399],[0],0,1
1.5,134,[],[0.03036],[0],0,1
1.5,135,[],[0.01595],[0],0,1
1.5,136,[],[0.00268],[0],0,1
1.5,137,[],[0.01439],[0],0,1
1.5,138,[],[0.02314],[0],0,1
1.5,139,[],[0.01663],[0],0,1
1.5,140,[],[0.01708],[0],0,1
1.5,141,[],[0.03146],[0],0,1
1.5,142,[],[0.04938],[0],0,1
1.5,143,[],[0.00822],[0],0,1
1.5,144,[],[0.00875],[0],0,1
1.5,145,[],[0.0116],[0],0,1
1.5,146,[],[0.01987],[0],0,1
1.5,147,[],[0.02286],[0],0,1
1.5,148,[],[0.01961],[0],0,1
1.5,149,[],[0.01703],[0],0,1
1.5,150,[],[0.03012],[0],0,1
1.5,151,[],[0.07553],[0],0,1
1.5,152,[],[0.00513],[0],0,1
1.5,153,[],[0.0151],[0],0,1
1.5,154,[],[0.02452],[0],0,1
1.5,155,[],[0.03285],[0],0,1
1.5,156,[],[0.01081],[0],0,1
1.5,157,[],[0.00572],[0],0,1
1.5,158,[],[0.03545],[0],0,1
1.5,159,[],[0.01858],[0],0,1
1.5,160,[],[0.06435],[0],0,1
1.5,161,[],[0.01812],[0],0,1
1.5,162,[],[0.01242],[0],0,1
1.5,163,[],[0.01528],[0],0,1
1.5,164,[],[0.03043],[0],0,1
1.5,165,[],[0.02685],[0],0,1
1.5,166,[],[0.01057],[0],0,1
1.5,167,[],[0.04597],[0],0,1
1.5,168,[],[0.01759],[0],0,1
1.5,169,[],[0.00814],[0],0,1
1.5,170,[],[0.00606],[0],0,1
1.5,171,[],[0.01863],[0],0,1
1.5,172,[],[0.0372],[0],0,1
1.5,173,[],[0.01322],[0],0,1
1.5,174,[],[0.01928],[0],0,1
1.5,175,[],[0.01484],[0],0,1
1.5,176,[],[0.00342, 0.00217],[0, 0],0,2
1.5,177,[],[0.09636],[0],0,1
1.5,178,[],[0.00674],[0],0,1
1.5,179,[],[0.02277],[0],0,1
1.5,180,[],[0.01486],[0],0,1
1.5,181,[],[0.01126],[0],0,1
1.5,182,[],[0.00584],[0],0,1
1.5,183,[],[0.01582],[0],0,1
1.5,184,[0.00084],[0.05066],[1],1,1
1.5,185,[],[0.03184],[0],0,1
1.5,186,[],[0.02146],[0],0,1
1.5,187,[],[0.02084],[0],0,1
1.5,188,[],[0.0048],[0],0,1
1.5,189,[],[0.01292],[0],0,1
1.5,190,[],[0.03974],[0],0,1
1.5,191,[],[0.00985],[0],0,1
1.5,192,[],[0.0086],[0],0,1
1.5,193,[],[0.02501],[0],0,1
1.5,194,[],[0.00207],[0],0,1
1.5,195,[],[0.00569],[0],0,1
1.5,196,[],[0.02333],[0],0,1
1.5,197,[],[0.04436],[0],0,1
1.5,198,[],[0.02268],[0],0,1
1.5,199,[],[0.02831],[0],0,1

