2.5,0,"[0.00089, 0.08614, 0.05642, 0.05994, 0.00921, 0.11551, 0.00968, 0.01362, 0.0042, 0.00429]","[]","[]",10,0
2.5,1,"[0.03157, 0.0207, 0.0815, 0.08112, 0.0897]","[]","[]",5,0
2.5,2,"[0.00049, 0.03016, 0.06269, 0.00136, 0.06017, 0.02948, 0.08215, 0.01079, 0.00475, 0.00746, 0.09895, 0.0029, 0.00585, 0.12737, 0.02133, 0.08502, 0.03047, 0.0795, 0.09477]","[]","[]",19,0
2.5,3,"[0.04972, 0.02749, 0.04154, 0.05736, 0.01377, 0.00819, 0.01913, 0.06088]","[]","[]",8,0
2.5,4,"[0.00297, 0.00449, 0.04761, 0.00234, 0.11276, 0.10786, 0.18266, 0.00354, 0.22287, 0.02716, 0.22772, 0.13205, 0.07676]","[]","[]",13,0
2.5,5,"[0.00618, 0.00192, 0.09612, 0.08285, 0.01225, 0.10758, 0.03576, 0.10708, 0.12159, 0.06119, 0.1163, 0.02438, 0.20357, 0.06713, 0.22398, 0.1391, 0.24606, 0.09177, 0.0295, 0.07384, 0.26811, 0.15384, 0.03533]","[]","[]",23,0
2.5,6,"[0.00547, 0.00154, 0.02966, 0.00562, 0.09429, 0.03023, 0.04068, 0.00313, 0.16949, 0.0063, 0.16476, 0.02538, 0.08952, 0.05255, 0.03594]","[]","[]",15,0
2.5,7,"[0.03355, 0.07371, 0.07719, 0.0088, 0.02561, 0.07617, 0.05532, 0.04157, 0.01057, 0.01772, 0.01482]","[]","[]",11,0
2.5,8,"[0.00049, 0.01391, 0.00161, 0.08739, 0.00186, 0.05857, 0.0924, 0.01894, 0.00269, 0.12812, 0.06089, 0.06591]","[]","[]",12,0
2.5,9,"[0.07217, 0.04049, 0.01453, 0.05452, 0.00652, 0.04119, 0.00557, 0.03573, 0.06219, 0.02026]","[]","[]",10,0
2.5,10,"[0.02366, 0.02254, 0.00941, 0.00287, 0.02645, 0.0577, 0.00863]","[]","[]",7,0
2.5,11,"[0.00099, 0.06978, 0.06571, 0.10315, 0.02157, 0.15609, 0.00272, 0.04892, 0.13889, 0.00692, 0.01826, 0.05609, 0.08816, 0.18549, 0.0041, 0.06665, 0.12163, 0.14195, 0.13856, 0.04895, 0.04897, 0.04598]","[]","[]",22,0
2.5,12,"[0.00979, 0.01434, 0.00126, 0.0686, 0.03442, 0.00962, 0.03932, 0.00457, 0.00232, 0.015]","[]","[]",10,0
2.5,13,"[0.00018, 0.01847, 0.01356, 0.01473, 0.00171, 0.10524, 0.00615, 0.1051, 0.06893, 0.00914, 0.09991, 0.00247, 0.04078]","[]","[]",13,0
2.5,14,"[0.00234, 0.01711, 0.09821, 0.00912, 0.03062, 0.02123, 0.15021, 0.06056, 0.10762, 0.1505, 0.04475]","[]","[]",11,0
2.5,15,"[0.03979, 0.0753, 0.11402, 0.08939, 0.09503, 0.02464, 0.04172, 0.13514, 0.00665, 0.03407]","[]","[]",10,0
2.5,16,"[0.03149, 0.03186, 0.00478, 0.01482, 0.0683, 0.00167, 0.06596, 0.07028, 0.03278, 0.07173, 0.02928, 0.04802, 0.0465, 0.19472, 0.10235, 0.06887]","[]","[]",16,0
2.5,17,"[0.01946, 0.04773, 0.12126, 0.00209, 0.01323, 0.07438, 0.13881, 0.00845, 0.09012]","[]","[]",9,0
2.5,18,"[0.04358, 0.01373, 0.02174, 0.08173, 0.02866, 0.03082]","[]","[]",6,0
2.5,19,"[0.00714, 0.00206, 0.04747, 0.00422, 0.0043, 0.07625, 0.02059, 0.00987, 0.01717, 0.14168, 0.04036, 0.04339, 0.18848, 0.05998, 0.01268]","[]","[]",15,0
2.5,20,"[0.00656, 0.01515, 0.0045, 0.00484, 0.00455, 0.01126, 0.00329, 0.03305, 0.07838, 0.06346, 0.06665, 0.0355, 0.1221, 0.01631, 0.12968, 0.00576]","[]","[]",16,0
2.5,21,"[0.01168, 0.03432, 0.07883, 0.00142, 0.05595, 0.01609, 0.08448, 0.00779, 0.10126, 0.0027, 0.17081, 0.17013, 0.0666]","[]","[]",13,0
2.5,22,"[0.00266, 0.03886, 0.02507, 0.021, 0.01703, 0.03828, 0.04529, 0.02183, 0.05401, 0.14636, 0.00312, 0.00315, 0.12945, 0.18124, 0.15083]","[]","[]",15,0
2.5,23,"[0.01515, 0.04465, 0.00356, 0.02065, 0.131, 0.02184, 0.02876, 0.0755, 0.08159, 0.08548, 0.12068, 0.03178, 0.02608]","[]","[]",13,0
2.5,24,"[0.00136, 0.06024, 0.00523, 0.1073, 0.01933, 0.02524, 0.08321, 0.07106, 0.10899, 0.1972, 0.00329, 0.00673, 0.11569]","[]","[]",13,0
2.5,25,"[0.02636, 0.03986, 0.11062, 0.03996, 0.04836, 0.05573, 0.0941, 0.10416, 0.10462, 0.18828, 0.0165, 0.06642]","[]","[]",12,0
2.5,26,"[0.02466, 0.0026, 0.00901, 0.00374, 0.04766, 0.00181, 0.02686, 0.08232, 0.00242, 0.03687, 0.01525, 0.03075, 0.01298, 0.01142, 0.10401, 0.07365, 0.03855]","[]","[]",17,0
2.5,27,"[0.04695, 0.0209, 0.05733, 0.05152, 0.00491, 0.05111]","[]","[]",6,0
2.5,28,"[0.03184, 0.046, 0.00301, 0.01784, 0.00491, 0.10185, 0.00538, 0.13541, 0.08707, 0.06046, 0.09522, 0.11078, 0.17427, 0.10259, 0.13417, 0.06585, 0.14282, 0.04995, 0.0394, 0.0953, 0.02203, 0.00411, 0.16983, 0.03921]","[]","[]",24,0
2.5,29,"[0.00231, 0.02599, 0.02071, 0.00356, 0.00185, 0.10724, 0.07422, 0.06656, 0.10244, 0.07386, 0.10977, 0.04912, 0.04062, 0.18311, 0.05718, 0.05566, 0.00354, 0.12318, 0.04505, 0.07957, 0.06335, 0.02799, 0.05304]","[]","[]",23,0
2.5,30,"[0.02325, 0.00897, 0.00855, 0.06772, 0.01551, 0.05888, 0.00371, 0.02912, 0.08508, 0.1039, 0.09204, 0.00463, 0.00718, 0.06591, 0.02796]","[]","[]",15,0
2.5,31,"[0.00709, 0.06461, 0.01556, 0.00173, 0.02512, 0.02529, 0.06137, 0.09005, 0.00531, 0.01067, 0.04188, 0.0144, 0.02329, 0.14047, 0.0592]","[]","[]",15,0
2.5,32,"[0.00259, 0.0459, 0.04338, 0.02526, 0.0827, 0.09473, 0.0298]","[]","[]",7,0
2.5,33,"[0.06879, 0.09062, 0.03767, 0.04467, 0.08734, 0.00246, 0.01594, 0.09169, 0.0236, 0.11266, 0.00305, 0.06499, 0.03754, 0.02085, 0.01751, 0.04984, 0.13391, 0.14524, 0.21766, 0.16454, 0.10993, 0.13016, 0.06791, 0.00443, 0.18821, 0.14549, 0.00468, 0.20152, 0.12313, 0.00479, 0.00491]","[]","[]",31,0
2.5,34,"[0.03421, 0.04916, 0.00262, 0.00138, 0.00544, 0.00912, 0.02023, 0.00615, 0.0312, 0.00235, 0.09234]","[]","[]",11,0
2.5,35,"[0.03911, 0.03889, 0.03523, 0.04408, 0.08703, 0.04199]","[]","[]",6,0
2.5,36,"[0.03747, 0.00164, 0.08102, 0.07805, 0.04244, 0.13049, 0.03083, 0.1018, 0.01864, 0.08695, 0.0614]","[]","[]",11,0
2.5,37,"[0.01001, 0.04164, 0.01144, 0.04893, 0.0049, 0.00161, 0.01533, 0.00363, 0.02932]","[]","[]",9,0
2.5,38,"[0.00443, 0.05478, 0.0033, 0.04312, 0.00409, 0.08525, 0.03849, 0.00264, 0.12944, 0.00296, 0.01482, 0.13879, 0.06565, 0.05403, 0.00331, 0.04743, 0.08102]","[]","[]",17,0
2.5,39,"[0.00302, 0.01381, 0.0063, 0.01671, 0.10221, 0.0022, 0.0519, 0.00238, 0.08978, 0.00249, 0.11893, 0.12879, 0.03822, 0.12243, 0.0088, 0.14066, 0.03958]","[]","[]",17,0
2.5,40,"[0.02147, 0.00743, 0.029, 0.00156, 0.00314, 0.05457, 0.00829, 0.00175, 0.00773, 0.07964, 0.00657, 0.02765, 0.08162, 0.04082, 0.00567, 0.04163, 0.18962, 0.08317, 0.00621, 0.1242, 0.03717, 0.10943, 0.0774, 0.00744, 0.20849, 0.16019, 0.05788, 0.03501, 0.1566, 0.06999]","[]","[]",30,0
2.5,41,"[0.0012, 0.03273, 0.0009, 0.00136, 0.0424, 0.04564, 0.00212, 0.01172, 0.02191, 0.05861, 0.06591, 0.02572, 0.11993, 0.00275, 0.14427, 0.00311, 0.10619, 0.1446, 0.01425, 0.22896, 0.12228, 0.08447, 0.04328]","[]","[]",23,0
2.5,42,"[0.00843, 0.00604, 0.04948, 0.04219, 0.04181]","[]","[]",5,0
2.5,43,"[0.00422, 0.05365, 0.00995, 0.04625, 0.03063, 0.14546, 0.05616, 0.01325, 0.0457, 0.04268, 0.01538]","[]","[]",11,0
2.5,44,"[0.00063, 0.0059, 0.00345, 0.00729, 0.06461, 0.03548, 0.01541, 0.0378, 0.00637, 0.00427, 0.08338, 0.02146, 0.00722, 0.02228, 0.00532, 0.112, 0.10125, 0.12214, 0.06141, 0.09797, 0.10249, 0.00653, 0.10264, 0.19321, 0.11361, 0.0036, 0.03245, 0.01094, 0.00731, 0.03302, 0.01116, 0.00768, 0.05864, 0.10728, 0.13206, 0.18609, 0.25932, 0.07771, 0.0272, 0.14156, 0.12125, 0.2862, 0.02363]","[]","[]",43,0
2.5,45,"[0.0006, 0.03049, 0.00288, 0.03841, 0.02491, 0.02766, 0.07356]","[]","[]",7,0
2.5,46,"[0.0132, 0.03821, 0.00597, 0.04228, 0.10203, 0.12274, 0.02652, 0.03496, 0.09408, 0.07718, 0.00319, 0.06395]","[]","[]",12,0
2.5,47,"[0.00496, 0.00617, 0.00421, 0.01732, 0.00812, 0.07675, 0.05821, 0.00811, 0.03747, 0.00986, 0.04396, 0.00435, 0.10896, 0.02731]","[]","[]",14,0
2.5,48,"[0.00231, 0.02599, 0.02071, 0.00356, 0.00185, 0.10724, 0.07422, 0.06656, 0.10244, 0.07386, 0.10977, 0.04912, 0.04062, 0.18311, 0.05718, 0.05566, 0.00354, 0.12318, 0.04505, 0.07957, 0.06335, 0.02799, 0.05304]","[]","[]",23,0
2.5,49,"[0.02101, 0.00208, 0.0625, 0.00509, 0.07039, 0.01906, 0.00182, 0.02551, 0.00555, 0.07001, 0.07197, 0.07833, 0.03841, 0.16253, 0.00278, 0.07918, 0.01982, 0.01322, 0.00686, 0.17233, 0.05494, 0.01121]","[]","[]",22,0
2.5,50,"[0.00159, 0.05671, 0.07534, 0.05726, 0.02029, 0.06739, 0.07467, 0.02381, 0.02068, 0.02262, 0.04478, 0.02171]","[]","[]",12,0
2.5,51,"[0.00117, 0.07239, 0.00292, 0.01143, 0.1116, 0.01176, 0.06322]","[]","[]",7,0
2.5,52,"[0.02261, 0.07453, 0.00155, 0.03569, 0.01593, 0.07273, 0.01767, 0.03072, 0.07587, 0.09323, 0.07725, 0.00803, 0.00279, 0.00284, 0.05142, 0.09774, 0.1667, 0.02737, 0.00916, 0.03091, 0.00316, 0.10445, 0.0294, 0.13973, 0.11752, 0.11848, 0.03868, 0.01995]","[]","[]",28,0
2.5,53,"[0.02817, 0.03612, 0.00174, 0.01897, 0.13708, 0.0242, 0.09525, 0.00275, 0.00554, 0.00576, 0.05728]","[]","[]",11,0
2.5,54,"[0.03204, 0.01079, 0.10734, 0.08019, 0.05978, 0.14319, 0.06048, 0.01434, 0.00491, 0.01343]","[]","[]",10,0
2.5,55,"[0.01232, 0.01438, 0.00107, 0.03863, 0.0993, 0.11295, 0.11516, 0.02846, 0.03616]","[]","[]",9,0
2.5,56,"[0.04024, 0.01288, 0.00954, 0.04051, 0.02529, 0.07784, 0.00631, 0.08947, 0.01147, 0.0024, 0.11854, 0.0471, 0.05784, 0.00263, 0.03508, 0.09382, 0.02209, 0.16661, 0.08576]","[]","[]",19,0
2.5,57,"[0.02097, 0.04531, 0.01443, 0.00148, 0.00985, 0.00188, 0.08433, 0.07142, 0.05122, 0.02062, 0.05189, 0.08748, 0.16299, 0.01132, 0.10595, 0.06139]","[]","[]",16,0
2.5,58,"[0.02026, 0.02142, 0.01703, 0.0507, 0.00144, 0.07512, 0.13136, 0.12988, 0.07251, 0.06167, 0.05458, 0.10319, 0.01433, 0.0087, 0.0116, 0.17021, 0.05082]","[]","[]",17,0
2.5,59,"[0.02107, 0.00102, 0.01928, 0.06341, 0.00823, 0.06264, 0.02771, 0.00235, 0.02168, 0.06019, 0.05822, 0.0029, 0.12237, 0.01217]","[]","[]",14,0
2.5,60,"[0.00175, 0.01546, 0.03459, 0.04802, 0.05499, 0.0355, 0.00172, 0.02743]","[]","[]",8,0
2.5,61,"[0.01439, 0.04262, 0.01985, 0.10381, 0.01096, 0.00374, 0.00219, 0.07157, 0.08628, 0.15452, 0.03963, 0.03323, 0.01016, 0.0034, 0.17121, 0.01091, 0.00729, 0.08674, 0.15495, 0.12742, 0.15267, 0.16094, 0.15529, 0.05466, 0.16732, 0.0206, 0.07248, 0.03112, 0.01594, 0.02755, 0.32181, 0.00576, 0.06916]","[]","[]",33,0
2.5,62,"[0.03737, 0.0168, 0.01541, 0.06817, 0.01199, 0.01297, 0.08709, 0.05074, 0.07777, 0.10403, 0.1033, 0.01639]","[]","[]",12,0
2.5,63,"[0.03032, 0.00252, 0.02526, 0.01555, 0.0028, 0.03417]","[]","[]",6,0
2.5,64,"[0.005, 0.02423, 0.02553, 0.01319, 0.01315, 0.06791, 0.04769, 0.03052, 0.08177, 0.0118, 0.08477, 0.12716, 0.00262, 0.09503, 0.01615]","[]","[]",15,0
2.5,65,"[0.04289, 0.0663, 0.0134, 0.05157, 0.00549, 0.03168, 0.04632, 0.02452, 0.10043, 0.12786, 0.01945, 0.03894, 0.03657, 0.00591, 0.174, 0.05815, 0.11485, 0.10596, 0.09325]","[]","[]",19,0
2.5,66,"[0.00953, 0.06236, 0.01467, 0.02174, 0.12302, 0.02216, 0.02738, 0.02079, 0.02266, 0.08609, 0.06192, 0.01088, 0.04458, 0.02312, 0.08501, 0.01996, 0.13192, 0.03907]","[]","[]",18,0
2.5,67,"[0.00977, 0.01223, 0.07839, 0.03107, 0.07187, 0.01157, 0.01519, 0.00258, 0.00804, 0.14141, 0.00901]","[]","[]",11,0
2.5,68,"[0.00808, 0.00503, 0.03723, 0.01804, 0.10628, 0.07218, 0.08906, 0.00591, 0.02964, 0.15286, 0.00309, 0.00627, 0.01046, 0.01099, 0.04425, 0.17725, 0.08535, 0.01118, 0.15886, 0.01595, 0.13338, 0.15358, 0.04832, 0.00465, 0.15865, 0.15914, 0.02509, 0.01028, 0.00518, 0.01036, 0.05734, 0.17364]","[]","[]",32,0
2.5,69,"[0.02381, 0.01216, 0.00143, 0.08556, 0.02345, 0.02347, 0.01763, 0.00547, 0.0308]","[]","[]",9,0
2.5,70,"[0.05607, 0.06007, 0.03795, 0.00578, 0.01746, 0.00752, 0.04068, 0.01748, 0.01203, 0.05135]","[]","[]",10,0
2.5,71,"[0.0043, 0.05422, 0.00094, 0.04628, 0.09393, 0.01427, 0.03149, 0.10186, 0.0201, 0.02681, 0.06988, 0.11164, 0.06235, 0.00316, 0.01646, 0.12258, 0.03754, 0.05527, 0.01054]","[]","[]",19,0
2.5,72,"[0.01464, 0.01631, 0.0018, 0.03009, 0.02292, 0.07817, 0.00468, 0.00506, 0.15856, 0.03097, 0.0063, 0.01953, 0.11637, 0.01463, 0.0504, 0.03253, 0.20429, 0.11866, 0.09812, 0.01793, 0.04168, 0.12056]","[]","[]",22,0
2.5,73,"[0.02098, 0.00224, 0.02965, 0.01214, 0.06439, 0.08974, 0.00189, 0.02058, 0.00236, 0.02482, 0.12148, 0.06297, 0.12978, 0.11615, 0.00986, 0.01979, 0.16132, 0.2063, 0.09597, 0.12351, 0.12551, 0.12282, 0.03521, 0.11752, 0.12917, 0.07487, 0.13096, 0.11465, 0.0468, 0.00435, 0.27082, 0.28428, 0.12065, 0.0468, 0.07043, 0.10557, 0.00495, 0.02992, 0.10607]","[]","[]",39,0
2.5,74,"[0.00493, 0.00078, 0.00703, 0.0773, 0.00284, 0.00153, 0.03756, 0.06654, 0.00204, 0.13733, 0.02757, 0.0805, 0.00281, 0.06684, 0.10348, 0.04338, 0.12543, 0.00349, 0.19902, 0.15248, 0.13604, 0.15069, 0.05914]","[]","[]",23,0
2.5,75,"[0.04736, 0.03283, 0.07624, 0.10969, 0.01544, 0.01112, 0.13165, 0.0761, 0.04831, 0.00526, 0.00527, 0.0724]","[]","[]",12,0
2.5,76,"[0.0164, 0.01633, 0.00652, 0.0711, 0.10098, 0.04502, 0.02432, 0.07175, 0.02244, 0.06112, 0.11999, 0.1571, 0.0035, 0.11573, 0.02624]","[]","[]",15,0
2.5,77,"[0.00119, 0.06238, 0.00143, 0.03394, 0.01376, 0.02533, 0.07954, 0.08924, 0.02103, 0.08001, 0.01034, 0.00795]","[]","[]",12,0
2.5,78,"[0.0024, 0.03673, 0.02285, 0.01997, 0.00717, 0.04637, 0.06297, 0.09354, 0.05022, 0.11332, 0.04364, 0.05761, 0.04506]","[]","[]",13,0
2.5,79,"[0.04635, 0.03927, 0.02169, 0.00191, 0.05929, 0.06115, 0.00511, 0.09985, 0.00261, 0.0158, 0.0583, 0.00267, 0.00267, 0.0322, 0.09552, 0.03329]","[]","[]",16,0
2.5,80,"[0.01885, 0.03863, 0.02787, 0.05868, 0.04272, 0.07759, 0.08388, 0.04207, 0.03864, 0.00678, 0.13447, 0.02683, 0.07728]","[]","[]",13,0
2.5,81,"[0.04905, 0.03224, 0.00176, 0.00199, 0.13057, 0.04171, 0.04006, 0.00819, 0.10549, 0.06354, 0.18822, 0.03261, 0.20896, 0.12711, 0.13797, 0.0587, 0.08663, 0.01761, 0.14768, 0.023]","[]","[]",20,0
2.5,82,"[0.00046, 0.00298, 0.00137, 0.06455, 0.0151, 0.04536, 0.05456, 0.00454, 0.03408, 0.15634, 0.00294, 0.05642, 0.08323, 0.03836, 0.05594, 0.0816, 0.13518, 0.08948]","[]","[]",18,0
2.5,83,"[0.00158, 0.05732, 0.00573, 0.0547, 0.00963, 0.00417, 0.00572, 0.03609, 0.02753]","[]","[]",9,0
2.5,84,"[0.00514, 0.06197, 0.0015, 0.0181, 0.0041, 0.00495, 0.0177, 0.0604, 0.02488, 0.0425, 0.00284, 0.02365, 0.04591]","[]","[]",13,0
2.5,85,"[0.01771, 0.03469, 0.00128, 0.01686, 0.05366, 0.00218, 0.02416, 0.02198, 0.04927, 0.00518, 0.03255]","[]","[]",11,0
2.5,86,"[0.02893, 0.0045, 0.04333, 0.00953, 0.01153, 0.07199, 0.07679, 0.0686, 0.09279, 0.05722, 0.00503, 0.15188, 0.00269, 0.05017]","[]","[]",14,0
2.5,87,"[0.03618, 0.00178, 0.04775, 0.06842, 0.05221, 0.00228, 0.14414, 0.00251, 0.00257, 0.06922]","[]","[]",10,0
2.5,88,"[0.00571, 0.06309, 0.00154, 0.03162, 0.06741, 0.00598, 0.08636, 0.06297, 0.0943, 0.06433]","[]","[]",10,0
2.5,89,"[0.0092, 0.00168, 0.04338, 0.00748, 0.0793, 0.00283, 0.04965, 0.01381, 0.00902, 0.06048, 0.00206, 0.04066]","[]","[]",12,0
2.5,90,"[0.00701, 0.01697, 0.00749, 0.03401, 0.05402, 0.06032, 0.11639, 0.04733, 0.13263, 0.1118, 0.07169, 0.09376, 0.01991, 0.00611, 0.0062, 0.18729, 0.00346, 0.05629, 0.05778]","[]","[]",19,0
2.5,91,"[0.01723, 0.00977, 0.03029, 0.05626, 0.00201, 0.00206, 0.08721, 0.02187, 0.04692, 0.11626, 0.08826, 0.12493, 0.17036, 0.19465, 0.05279, 0.03018, 0.01348, 0.00706, 0.14323, 0.03673, 0.11825]","[]","[]",21,0
2.5,92,"[0.00495, 0.00104, 0.00118, 0.07205, 0.08703, 0.03279, 0.04246, 0.03451]","[]","[]",8,0
2.5,93,"[0.02703, 0.01667, 0.00936, 0.00476, 0.0058, 0.01685, 0.04762, 0.10649, 0.02615, 0.00715, 0.01715, 0.02324, 0.02063]","[]","[]",13,0
2.5,94,"[0.01071, 0.05942, 0.04785, 0.00356, 0.00362, 0.00189, 0.0117, 0.00395, 0.10527, 0.05859]","[]","[]",10,0
2.5,95,"[0.00619, 0.00584, 0.0347, 0.08965, 0.02725, 0.10804, 0.00247, 0.08269, 0.01361, 0.02025, 0.09928, 0.07312, 0.04693, 0.12231, 0.03931]","[]","[]",15,0
2.5,96,"[0.00083, 0.0083, 0.03609, 0.04042, 0.0067, 0.14281, 0.05579]","[]","[]",7,0
2.5,97,"[0.0008, 0.00724, 0.02612, 0.0638, 0.1136, 0.00255, 0.16676, 0.07035, 0.11111, 0.08136, 0.08369, 0.19227, 0.05423, 0.00958, 0.12673, 0.00359, 0.0585, 0.06393, 0.02734, 0.10324, 0.15363, 0.15471, 0.00846]","[]","[]",23,0
2.5,98,"[0.02, 0.01106, 0.05624, 0.0892, 0.00537, 0.12702, 0.01489]","[]","[]",7,0
2.5,99,"[0.06211, 0.00995, 0.05794, 0.06175, 0.06744, 0.00269, 0.10735, 0.0696]","[]","[]",8,0

