2.5,0,"[0.00202, 0.00621, 0.04735, 0.00245, 0.01501, 0.0026, 0.03151, 0.1851, 0.05637, 0.00856, 0.00889, 0.13051, 0.04198, 0.02717, 0.13892, 0.00305, 0.01849, 0.04331, 0.00674, 0.01704, 0.02124, 0.06917, 0.06805, 0.07707]","[]","[]",24,0
2.5,1,"[0.01915, 0.00809, 0.00875, 0.00393, 0.0552, 0.02605, 0.00855, 0.1512, 0.00242, 0.03522, 0.0269, 0.16453, 0.07192, 0.03427, 0.01144, 0.04556, 0.1328, 0.0387, 0.18871, 0.20598, 0.04001, 0.21334, 0.10603, 0.01553, 0.23329]","[]","[]",25,0
2.5,2,"[0.06085, 0.04158, 0.00937, 0.02364, 0.00185, 0.00378, 0.08475, 0.00279, 0.02138, 0.013, 0.00656, 0.00347, 0.06311, 0.11605, 0.19191, 0.0998, 0.09235]","[]","[]",17,0
2.5,3,"[0.02191, 0.00653, 0.01311, 0.09664, 0.00183, 0.11384, 0.07069, 0.04844, 0.07227, 0.09353, 0.12345, 0.15436, 0.05692, 0.04493, 0.03381]","[]","[]",15,0
2.5,4,"[0.01905, 0.03359, 0.03407, 0.02433, 0.05956, 0.02882]","[]","[]",6,0
2.5,5,"[0.01303, 0.02054, 0.02808, 0.05667, 0.03528, 0.00628, 0.00215, 0.00447, 0.02727, 0.07655, 0.00984, 0.01079, 0.1321, 0.01546, 0.00315, 0.03627, 0.01657, 0.04779, 0.00343, 0.05862, 0.00351, 0.05324, 0.02534, 0.04034, 0.20701, 0.10302, 0.02479]","[]","[]",27,0
2.5,6,"[0.0288, 0.06577, 0.09333, 0.0378, 0.1311, 0.07997, 0.03539, 0.0456, 0.12182, 0.00878, 0.02935]","[]","[]",11,0
2.5,7,"[0.01701, 0.02833, 0.07062, 0.02147, 0.00986, 0.0488, 0.02798, 0.02454]","[]","[]",8,0
2.5,8,"[0.00614, 0.00302, 0.00124, 0.07386, 0.00195, 0.00217, 0.01584, 0.06249, 0.00617, 0.10301, 0.01905, 0.14067, 0.02044, 0.00692, 0.04598, 0.06504, 0.01144, 0.13163, 0.11621, 0.07001, 0.11945, 0.06014, 0.02837, 0.21153, 0.02502, 0.00417, 0.08351, 0.00425, 0.26477, 0.22725, 0.11613, 0.15247, 0.26895, 0.10347]","[]","[]",34,0
2.5,9,"[0.01678, 0.01623, 0.02295, 0.13503, 0.02767, 0.06311, 0.01674, 0.02873]","[]","[]",8,0
2.5,10,"[0.0269, 0.02726, 0.03345, 0.09609, 0.03625, 0.033, 0.0733]","[]","[]",7,0
2.5,11,"[0.01461, 0.00824, 0.00404, 0.01637, 0.00161, 0.00355, 0.02415, 0.01873, 0.07201, 0.14916, 0.06638, 0.16978, 0.01037, 0.01846, 0.04111, 0.17114, 0.13166, 0.19471, 0.19833, 0.00325, 0.02643, 0.04628, 0.01418, 0.1191, 0.03961, 0.14694, 0.24187, 0.00416]","[]","[]",28,0
2.5,12,"[0.02881, 0.0148, 0.01073, 0.04173, 0.0074, 0.08391, 0.01491, 0.01526, 0.0851, 0.14433, 0.05529, 0.06316, 0.17655, 0.06005, 0.09813, 0.16873, 0.0332, 0.10432, 0.27833, 0.12338]","[]","[]",20,0
2.5,13,"[0.02437, 0.0221, 0.01279, 0.01093, 0.04794, 0.0451, 0.01884]","[]","[]",7,0
2.5,14,"[0.01791, 0.01309, 0.00315, 0.0352, 0.01846, 0.00186, 0.004, 0.04896, 0.00682, 0.16921, 0.05251, 0.0054, 0.03104, 0.0623]","[]","[]",14,0
2.5,15,"[0.00041, 0.00318, 0.00704, 0.0378, 0.05339, 0.06341, 0.0263, 0.02139, 0.12718, 0.06823]","[]","[]",10,0
2.5,16,"[0.10263, 0.12401, 0.02761, 0.1108, 0.00392, 0.00787, 0.00394, 0.05277, 0.03354, 0.00433, 0.08079, 0.02863, 0.24747, 0.00534, 0.36003, 0.0056, 0.14223, 0.18301, 0.04115]","[]","[]",19,0
2.5,17,"[0.01274, 0.06715, 0.00155, 0.03514, 0.00908, 0.03328, 0.01681, 0.0214]","[]","[]",8,0
2.5,18,"[0.00942, 0.00372, 0.02613, 0.0071, 0.09227, 0.02596, 0.02866, 0.04447]","[]","[]",8,0
2.5,19,"[0.00367, 0.02278, 0.00633, 0.00698, 0.0047, 0.02229, 0.04868, 0.00814, 0.00426, 0.01324, 0.0137, 0.00463, 0.02334, 0.10342, 0.00499, 0.06562, 0.0105, 0.0476, 0.10833]","[]","[]",19,0
2.5,20,"[0.00017, 0.00074, 0.05535, 0.03559, 0.06626, 0.01684, 0.00393, 0.00481, 0.13591, 0.11137, 0.14811, 0.0757, 0.00996, 0.00264, 0.00545, 0.04122, 0.04504]","[]","[]",17,0
2.5,21,"[0.01055, 0.06847, 0.02975, 0.03008]","[]","[]",4,0
2.5,22,"[0.00732, 0.02921, 0.01567, 0.00876, 0.01285, 0.0069, 0.08, 0.04312, 0.01134, 0.10331, 0.01746, 0.03843, 0.04501, 0.09701, 0.04848, 0.07366, 0.0339, 0.05241, 0.01475, 0.00387, 0.09852, 0.07475, 0.21719]","[]","[]",23,0
2.5,23,"[0.00566, 0.0136, 0.01183, 0.01363, 0.00408, 0.00282, 0.0134, 0.11385, 0.0687, 0.00648, 0.02379, 0.06179, 0.07152, 0.09573, 0.02138]","[]","[]",15,0
2.5,24,"[0.00095, 0.03398, 0.02235, 0.00176, 0.01678, 0.11161, 0.09551, 0.00246, 0.03762, 0.12915, 0.15818, 0.00616, 0.0318, 0.2113, 0.00339, 0.01377, 0.05933, 0.02664, 0.07313, 0.00781, 0.02758]","[]","[]",21,0
2.5,25,"[0.03199, 0.04967, 0.07633, 0.02637, 0.04449, 0.01393, 0.00235, 0.00239, 0.00979, 0.01981, 0.06653, 0.00916, 0.00612, 0.05806, 0.11979, 0.09417, 0.09529, 0.05366, 0.00359, 0.02573, 0.12499, 0.06167]","[]","[]",22,0
2.5,26,"[0.01895, 0.00417, 0.01563, 0.03832, 0.05073, 0.00994, 0.0037, 0.06965, 0.00306, 0.10482, 0.04096, 0.02706]","[]","[]",12,0
2.5,27,"[0.00082, 0.0742, 0.00582, 0.00148, 0.11461, 0.0447, 0.11699]","[]","[]",7,0
2.5,28,"[0.01251, 0.06844, 0.04779, 0.03452, 0.03885, 0.06165, 0.01009, 0.04385, 0.00236, 0.14851, 0.03837]","[]","[]",11,0
2.5,29,"[0.00224, 0.04366, 0.00521, 0.06929, 0.00429, 0.0678, 0.00452, 0.08042, 0.11818, 0.02811, 0.05289, 0.06686, 0.04923]","[]","[]",13,0
2.5,30,"[0.01308, 0.02086, 0.04437, 0.02965, 0.11105, 0.08525, 0.01043, 0.00221, 0.04798, 0.09371, 0.23372, 0.08583]","[]","[]",12,0
2.5,31,"[0.00825, 0.00496, 0.0486, 0.01939, 0.04128, 0.08204, 0.00188, 0.01236, 0.07105, 0.03869, 0.00926, 0.01903, 0.01942]","[]","[]",13,0
2.5,32,"[0.00359, 0.0093, 0.00485, 0.06513, 0.04237, 0.00198, 0.00202, 0.00204, 0.13457, 0.18439, 0.01723, 0.07189, 0.05369, 0.03235]","[]","[]",14,0
2.5,33,"[0.0005, 0.01732, 0.01781, 0.03027, 0.09449, 0.07368]","[]","[]",6,0
2.5,34,"[0.00705, 0.03953, 0.00341, 0.08738, 0.06133, 0.12541, 0.07478, 0.03368]","[]","[]",8,0
2.5,35,"[0.00884, 0.00163, 0.04515, 0.02208, 0.10906, 0.0945, 0.04138, 0.04141, 0.01541, 0.0255]","[]","[]",10,0
2.5,36,"[0.03207, 0.00552, 0.01057, 0.02418, 0.06633, 0.01934, 0.08599, 0.00864, 0.04991, 0.08071, 0.03619]","[]","[]",11,0
2.5,37,"[0.00547, 0.0394, 0.00169, 0.01099, 0.08181, 0.06883, 0.04588, 0.12485, 0.00303, 0.03377, 0.05429, 0.06179, 0.04543, 0.06487, 0.01966, 0.14235, 0.00884, 0.23329, 0.11438, 0.05804, 0.03449, 0.07402, 0.01483, 0.03998, 0.07042, 0.02039, 0.08157, 0.26457, 0.01062, 0.07976]","[]","[]",30,0
2.5,38,"[0.02539, 0.00236, 0.01349, 0.10393, 0.10714, 0.01126, 0.00783, 0.04585, 0.00845, 0.08472, 0.07652, 0.00247, 0.00252, 0.11851, 0.04873, 0.08072, 0.16307]","[]","[]",17,0
2.5,39,"[0.00903, 0.05941, 0.00352, 0.06289, 0.08699, 0.00485, 0.02918, 0.06019, 0.12426, 0.02582, 0.01472, 0.03336, 0.03387, 0.06386, 0.09028, 0.01407, 0.14914, 0.04617]","[]","[]",18,0
2.5,40,"[0.05257, 0.05531, 0.00881, 0.00834, 0.08075, 0.02544, 0.02823, 0.11555, 0.02493, 0.0374]","[]","[]",10,0
2.5,41,"[0.0026, 0.00341, 0.11477, 0.00537, 0.00188, 0.016, 0.01664, 0.00959, 0.00248, 0.07273, 0.00259, 0.05578, 0.16271, 0.07448, 0.08537, 0.1859, 0.04207, 0.18535, 0.01352, 0.00339, 0.02077, 0.0712]","[]","[]",22,0
2.5,42,"[0.00051, 0.01321, 0.02348, 0.07948, 0.04882, 0.1117]","[]","[]",6,0
2.5,43,"[0.02583, 0.01591, 0.05979, 0.00165, 0.01167, 0.0969, 0.06635, 0.00186, 0.01965, 0.04344, 0.01534, 0.09826, 0.01234, 0.02024]","[]","[]",14,0
2.5,44,"[0.00529, 0.08978, 0.00145, 0.05569, 0.06959, 0.03425, 0.00974, 0.10155, 0.00225, 0.00244, 0.03856, 0.15075, 0.11564, 0.11141, 0.16476, 0.00332, 0.0407, 0.03488]","[]","[]",18,0
2.5,45,"[0.01258, 0.07344, 0.00123, 0.01769, 0.02187, 0.02771, 0.05714]","[]","[]",7,0
2.5,46,"[0.00156, 0.01327, 0.00268, 0.00142, 0.00429, 0.0307, 0.08957, 0.00217, 0.03919, 0.11269, 0.03669, 0.01941, 0.1573, 0.11021, 0.01346, 0.03792, 0.00383, 0.06256, 0.27253, 0.0374, 0.0042, 0.22468, 0.0043, 0.00443, 0.08484]","[]","[]",25,0
2.5,47,"[0.0007, 0.0112, 0.04612, 0.00502, 0.04577, 0.05141, 0.0349, 0.0329, 0.02077, 0.01853, 0.00275, 0.05254, 0.04522, 0.0465, 0.00317, 0.05107, 0.1662, 0.02009, 0.14419, 0.00683, 0.00705]","[]","[]",21,0
2.5,48,"[0.0059, 0.00828, 0.02591, 0.0154, 0.01885, 0.0598, 0.13649, 0.03726, 0.00225, 0.06928, 0.10576, 0.00254, 0.03533]","[]","[]",13,0
2.5,49,"[0.05339, 0.00834, 0.00472, 0.02288, 0.05484, 0.04333, 0.08204, 0.00537, 0.01649, 0.1308, 0.00336, 0.00353, 0.01939, 0.13284, 0.20136, 0.04826, 0.00404, 0.06638, 0.08513, 0.02596, 0.13081, 0.15133, 0.01815, 0.23216, 0.13728, 0.12079, 0.03287, 0.28649, 0.23023, 0.08741]","[]","[]",30,0
2.5,50,"[0.00614, 0.05267, 0.04433, 0.05374, 0.02228, 0.00608, 0.0695, 0.13442, 0.06361, 0.02463, 0.09031, 0.00728, 0.00381, 0.19854, 0.18675, 0.20924]","[]","[]",16,0
2.5,51,"[0.0018, 0.07221, 0.03242, 0.01146, 0.07368, 0.0491, 0.0028, 0.06313, 0.19256, 0.09485, 0.14623, 0.19626, 0.00342, 0.04599, 0.01092, 0.02202, 0.07836, 0.00403, 0.00403, 0.03641]","[]","[]",20,0
2.5,52,"[0.00215, 0.00907, 0.06647, 0.03318, 0.0144, 0.02923, 0.09991, 0.02306, 0.01638, 0.1231, 0.04805, 0.00864, 0.03698, 0.01932, 0.01975, 0.0033, 0.07018, 0.05373, 0.00345, 0.03567, 0.15743, 0.15439, 0.00748, 0.12347, 0.06922, 0.08702, 0.27468, 0.02101]","[]","[]",28,0
2.5,53,"[0.02781, 0.00497, 0.00083, 0.01941, 0.00277, 0.009, 0.06219, 0.02903, 0.03303, 0.03113]","[]","[]",10,0
2.5,54,"[0.09305, 0.03505, 0.00825, 0.0019, 0.03055, 0.10329, 0.03907, 0.0964, 0.00416, 0.09565]","[]","[]",10,0
2.5,55,"[0.00128, 0.00201, 0.07398, 0.11573, 0.04636, 0.0049, 0.04892, 0.03195, 0.01164, 0.0522, 0.15896, 0.03007, 0.15321]","[]","[]",13,0
2.5,56,"[0.0305, 0.0046, 0.01612, 0.0032, 0.0147, 0.09655, 0.02205, 0.04439, 0.00557, 0.02233, 0.00189, 0.07076, 0.08058, 0.06334, 0.01407, 0.00733, 0.00515, 0.01307]","[]","[]",18,0
2.5,57,"[0.00589, 0.00294, 0.01367, 0.05428, 0.03974]","[]","[]",5,0
2.5,58,"[0.01959, 0.01903, 0.00128, 0.00162, 0.11102, 0.08549, 0.00993, 0.04266, 0.03832, 0.07129, 0.05066, 0.00264, 0.09021, 0.01281, 0.00652, 0.0263, 0.15431, 0.06689]","[]","[]",18,0
2.5,59,"[0.03264, 0.06621, 0.00371, 0.08494, 0.0232, 0.09238, 0.1447, 0.00512, 0.01056, 0.1686, 0.06819, 0.12087, 0.00314, 0.1021, 0.02344, 0.07899, 0.06153]","[]","[]",17,0
2.5,60,"[0.01019, 0.00342, 0.00726, 0.01006, 0.02698, 0.01993, 0.00617, 0.03147, 0.00518, 0.03166]","[]","[]",10,0
2.5,61,"[0.0423, 0.05444, 0.01422, 0.00145, 0.00661, 0.10614, 0.13628, 0.03593, 0.1262, 0.13394, 0.03114, 0.057, 0.15806, 0.04672, 0.00312, 0.0032, 0.05699, 0.09549, 0.23282, 0.0561, 0.13724, 0.01424, 0.0072, 0.10019, 0.06975]","[]","[]",25,0
2.5,62,"[0.02445, 0.05606, 0.03253, 0.06492, 0.00204, 0.09306, 0.00252, 0.00574, 0.00297, 0.07291, 0.04371, 0.03815, 0.09111, 0.17972, 0.0566, 0.0036, 0.08919, 0.02438, 0.00418, 0.07652, 0.02157]","[]","[]",21,0
2.5,63,"[0.01997, 0.01118, 0.07944, 0.01678, 0.05354]","[]","[]",5,0
2.5,64,"[0.00064, 0.00069, 0.00853, 0.03212, 0.0729, 0.07314, 0.04643, 0.00844, 0.06524, 0.01868, 0.19586, 0.09634, 0.14348, 0.00331, 0.00342, 0.19892, 0.04469, 0.07988, 0.00818, 0.00822, 0.04573]","[]","[]",21,0
2.5,65,"[0.00102, 0.08099, 0.00164, 0.01338, 0.01386, 0.10344, 0.03431, 0.08778, 0.00327, 0.00697, 0.06289, 0.02984, 0.22499, 0.00939, 0.12141, 0.15931, 0.03501]","[]","[]",17,0
2.5,66,"[0.01925, 0.0484, 0.0627, 0.01276, 0.00187, 0.00188, 0.10862, 0.03093, 0.04637, 0.00211, 0.01995, 0.02951]","[]","[]",12,0
2.5,67,"[0.03211, 0.02938, 0.00883, 0.11704, 0.02048, 0.10668, 0.01385, 0.01229, 0.0374]","[]","[]",9,0
2.5,68,"[0.01173, 0.00868, 0.04734, 0.01513, 0.04221, 0.0237, 0.00701, 0.06469, 0.00146, 0.00311, 0.11492, 0.04666, 0.05262]","[]","[]",13,0
2.5,69,"[0.00646, 0.0614, 0.00409, 0.01198, 0.03083, 0.00178, 0.00608, 0.00436, 0.0142, 0.05481, 0.07476]","[]","[]",11,0
2.5,70,"[0.04666, 0.02121, 0.02237, 0.00692, 0.05325, 0.16049, 0.05596, 0.06218, 0.1554, 0.08219, 0.00689, 0.05064, 0.07998]","[]","[]",13,0
2.5,71,"[0.01059, 0.07005, 0.01105, 0.0194, 0.00203, 0.00224, 0.05803, 0.00497, 0.0453, 0.04626, 0.03817, 0.04823, 0.06079, 0.0339, 0.18032, 0.02927]","[]","[]",16,0
2.5,72,"[0.00219, 0.00208, 0.02738, 0.00173, 0.00588, 0.0405, 0.10983, 0.15797, 0.01047, 0.05294, 0.00281, 0.03736, 0.00594, 0.05575, 0.15139, 0.01809, 0.07479, 0.05345, 0.0039, 0.11621]","[]","[]",20,0
2.5,73,"[0.00727, 0.00462, 0.09548, 0.0104, 0.1046, 0.0023, 0.15912, 0.05778, 0.01332, 0.00275, 0.0615, 0.02589, 0.02633, 0.20377, 0.04583]","[]","[]",15,0
2.5,74,"[0.08238, 0.00391, 0.00401, 0.02821, 0.0264, 0.00473, 0.0026, 0.17009, 0.06131, 0.10085, 0.14619, 0.02727, 0.17125, 0.08151, 0.1103, 0.23714, 0.22661, 0.00392, 0.05128]","[]","[]",19,0
2.5,75,"[0.00281, 0.02257, 0.00551, 0.07532, 0.0677, 0.02775, 0.01304, 0.08037, 0.01336, 0.03466, 0.02356, 0.00767, 0.06955, 0.04019, 0.02013, 0.14563]","[]","[]",16,0
2.5,76,"[0.01981, 0.00431, 0.03005, 0.00555, 0.01203, 0.04244, 0.04879, 0.21724, 0.00448, 0.19263, 0.02376, 0.04426, 0.13337, 0.00503, 0.05313]","[]","[]",15,0
2.5,77,"[0.0115, 0.00063, 0.02541, 0.01074, 0.00818, 0.11073, 0.08465, 0.03514, 0.14678, 0.01596, 0.01616]","[]","[]",11,0
2.5,78,"[0.06802, 0.01616, 0.00116, 0.00321, 0.05857, 0.07954, 0.03407, 0.13529, 0.12252, 0.10692, 0.05161, 0.11943, 0.07019, 0.03506]","[]","[]",14,0
2.5,79,"[0.01144, 0.10027, 0.00154, 0.03603, 0.00366, 0.02808, 0.01055, 0.01779, 0.13615, 0.02349, 0.02013]","[]","[]",11,0
2.5,80,"[0.0854, 0.01868, 0.10318, 0.03868, 0.03305, 0.15559, 0.13403]","[]","[]",7,0
2.5,81,"[0.00734, 0.11664, 0.00202, 0.11708, 0.00674, 0.04658, 0.00753, 0.06544, 0.11318]","[]","[]",9,0
2.5,82,"[0.00701, 0.06528, 0.01828, 0.05612, 0.02343, 0.07376]","[]","[]",6,0
2.5,83,"[0.00517, 0.00164, 0.00915, 0.09525, 0.00164, 0.04057, 0.05715, 0.04234]","[]","[]",8,0
2.5,84,"[0.0042, 0.01043, 0.0142, 0.00733, 0.06318, 0.04334, 0.00446, 0.00706, 0.00707, 0.04193, 0.01255, 0.01685, 0.12583, 0.09814, 0.01538, 0.13283, 0.12569, 0.00722, 0.03378, 0.24858, 0.01907, 0.05957]","[]","[]",22,0
2.5,85,"[0.01303, 0.0008, 0.00175, 0.00822, 0.07291, 0.02913, 0.07647, 0.00409, 0.00351, 0.0037, 0.05105, 0.01617, 0.0681]","[]","[]",13,0
2.5,86,"[0.03181, 0.0783, 0.0109, 0.00411, 0.04827, 0.12007, 0.01704, 0.0862, 0.00866, 0.00596, 0.11023, 0.01301, 0.04253, 0.00666, 0.04802, 0.03485]","[]","[]",16,0
2.5,87,"[0.00035, 0.03119, 0.04022, 0.07366, 0.00473, 0.00804, 0.12004, 0.04311, 0.06902]","[]","[]",9,0
2.5,88,"[0.01352, 0.02196, 0.06684, 0.01371, 0.03566, 0.03403, 0.00214, 0.00514, 0.08639, 0.05859, 0.12852, 0.04425, 0.13532, 0.02187, 0.03217, 0.01714]","[]","[]",16,0
2.5,89,"[0.00095, 0.00104, 0.01051, 0.01734, 0.02733, 0.01072, 0.01434, 0.04793, 0.09486, 0.02011, 0.06576]","[]","[]",11,0
2.5,90,"[0.0005, 0.06871, 0.07708, 0.01159, 0.02314, 0.04855, 0.00949, 0.06648, 0.01793, 0.01327, 0.00583, 0.18078, 0.01207, 0.12088, 0.19088, 0.21164, 0.01828, 0.24256, 0.11628, 0.03088]","[]","[]",20,0
2.5,91,"[0.0182, 0.01616, 0.01993, 0.07118, 0.10526, 0.00548, 0.06953, 0.03235, 0.01351, 0.06701, 0.00525, 0.00292, 0.02958, 0.16063, 0.15142, 0.03312, 0.05745, 0.18591]","[]","[]",18,0
2.5,92,"[0.03043, 0.02923, 0.00808, 0.01277, 0.01027, 0.03496, 0.02487, 0.06645, 0.00241, 0.00794, 0.03091, 0.01202, 0.10444, 0.0589]","[]","[]",14,0
2.5,93,"[0.04253, 0.01937, 0.03544, 0.03494, 0.00551, 0.0789, 0.00196, 0.03816]","[]","[]",8,0
2.5,94,"[0.03973, 0.00335, 0.02128, 0.11276, 0.05543, 0.0295, 0.14661, 0.1599, 0.08257, 0.00546, 0.17351, 0.05645, 0.20364, 0.03904, 0.12859, 0.06612]","[]","[]",16,0
2.5,95,"[0.00076, 0.01101, 0.03148, 0.00632, 0.03291, 0.12424, 0.09457, 0.01204, 0.04854, 0.03681, 0.09823, 0.18439, 0.14958, 0.14742, 0.09608]","[]","[]",15,0
2.5,96,"[0.00225, 0.01255, 0.02477, 0.03623, 0.08984, 0.00385, 0.09021]","[]","[]",7,0
2.5,97,"[0.01448, 0.01821, 0.01856, 0.04961, 0.0052, 0.00151, 0.02436, 0.03898, 0.02718, 0.01154, 0.02337, 0.11924, 0.02415, 0.00953, 0.10499]","[]","[]",15,0
2.5,98,"[0.00842, 0.01168, 0.03058, 0.08473, 0.01841, 0.01023, 0.02688, 0.14423, 0.01952, 0.18833, 0.16027, 0.21049, 0.18819, 0.07379]","[]","[]",14,0
2.5,99,"[0.03052, 0.00608, 0.04622, 0.02465, 0.00472, 0.00366, 0.07319, 0.02766, 0.00349, 0.0684]","[]","[]",10,0

