2.5,0,"[0.02268, 0.0208, 0.03716, 0.11146, 0.01892, 0.04996, 0.01817]","[]","[]",7,0
2.5,1,"[0.00042, 0.03267, 0.0335, 0.009, 0.04496, 0.05874, 0.0703, 0.02584, 0.02386, 0.0246]","[]","[]",10,0
2.5,2,"[0.00647, 0.06642, 0.0019, 0.03176, 0.08482, 0.00238, 0.00507, 0.02313, 0.01299, 0.07744, 0.16153, 0.10955, 0.0956, 0.14173, 0.01816, 0.12706, 0.08687, 0.0107]","[]","[]",18,0
2.5,3,"[0.01361, 0.03449, 0.06413, 0.05808, 0.07613, 0.02806, 0.10916, 0.0025, 0.10685, 0.03956, 0.00264, 0.00897]","[]","[]",12,0
2.5,4,"[0.00101, 0.00115, 0.01311, 0.01054, 0.14231, 0.01305, 0.00725, 0.16573, 0.00392, 0.07451]","[]","[]",10,0
2.5,5,"[0.03406, 0.05491, 0.02142, 0.07958, 0.04418, 0.05145]","[]","[]",6,0
2.5,6,"[0.00807, 0.00706, 0.04735, 0.05683, 0.03295, 0.0018, 0.00554, 0.03876, 0.01063, 0.00687]","[]","[]",10,0
2.5,7,"[0.00556, 0.05911, 0.02118, 0.03239, 0.06403, 0.0349, 0.01974, 0.01804, 0.10981, 0.00237, 0.00274, 0.0895, 0.03219, 0.11831, 0.12175, 0.00667, 0.08718, 0.08112]","[]","[]",18,0
2.5,8,"[0.01733, 0.0298, 0.00088, 0.00212, 0.03059, 0.00311, 0.06875, 0.09261, 0.11343, 0.08204, 0.02688, 0.02496, 0.00752, 0.1272, 0.12818, 0.13742, 0.07961, 0.00294, 0.00296, 0.02442, 0.06774, 0.2039, 0.1293, 0.19117, 0.0074, 0.09572, 0.00775, 0.16436, 0.14223, 0.04123]","[]","[]",30,0
2.5,9,"[0.05772, 0.04359, 0.04646, 0.03776, 0.03108]","[]","[]",5,0
2.5,10,"[0.00478, 0.00108, 0.01199, 0.0078, 0.02426, 0.04049, 0.1608, 0.003, 0.17517, 0.09179, 0.02728, 0.05142]","[]","[]",12,0
2.5,11,"[0.07385, 0.00402, 0.00994, 0.00604, 0.00222, 0.0937, 0.08545, 0.01788, 0.05714, 0.01683, 0.04105, 0.05907, 0.02121, 0.09395, 0.10309, 0.01517, 0.09674, 0.23, 0.14183, 0.08327, 0.24131, 0.12197]","[]","[]",22,0
2.5,12,"[0.03444, 0.03718, 0.01987, 0.05246, 0.11889, 0.02356, 0.1066, 0.08581]","[]","[]",8,0
2.5,13,"[0.00647, 0.01407, 0.01105, 0.08975, 0.08485, 0.03065, 0.00686, 0.00723, 0.12119, 0.11466, 0.04013, 0.0041]","[]","[]",12,0
2.5,14,"[0.00675, 0.01544, 0.00122, 0.07114, 0.08215, 0.05957, 0.11341, 0.00269, 0.03465, 0.02032, 0.07681, 0.00302, 0.10547, 0.00684, 0.20333, 0.0837, 0.02936, 0.04812, 0.19392, 0.24122, 0.15454, 0.00395, 0.11579, 0.08889]","[]","[]",24,0
2.5,15,"[0.01465, 0.00067, 0.01013, 0.00453, 0.00688, 0.075, 0.0401, 0.07138]","[]","[]",8,0
2.5,16,"[0.02075, 0.02524, 0.01711, 0.02581, 0.0632, 0.04031, 0.02203, 0.01072, 0.0385, 0.01163]","[]","[]",10,0
2.5,17,"[0.02872, 0.00946, 0.00273, 0.02296, 0.00366, 0.07286, 0.02376, 0.10826, 0.01214, 0.1577, 0.00831, 0.00368, 0.00375, 0.01566, 0.22354, 0.05195]","[]","[]",16,0
2.5,18,"[0.00285, 0.0114, 0.01548, 0.06246, 0.00926, 0.00171, 0.00712, 0.00551, 0.0385, 0.16984, 0.07952, 0.00335, 0.08204, 0.01458, 0.03574, 0.03984, 0.21781, 0.02601]","[]","[]",18,0
2.5,19,"[0.00083, 0.00124, 0.00797, 0.00457, 0.00327, 0.06085, 0.02975, 0.00499, 0.03007, 0.02327, 0.16592, 0.03789, 0.00296, 0.00908, 0.02784, 0.00628, 0.00315, 0.00329, 0.02493, 0.13897, 0.00762, 0.15803, 0.02337, 0.00394, 0.02802, 0.02981]","[]","[]",26,0
2.5,20,"[0.00096, 0.00248, 0.04601, 0.00497, 0.06776, 0.0053, 0.00614, 0.00171, 0.08715, 0.00772, 0.04333, 0.00227, 0.00253, 0.0053, 0.00801, 0.01998, 0.02377, 0.02532, 0.03657, 0.04384, 0.0475, 0.11283, 0.00353, 0.08147, 0.0319]","[]","[]",25,0
2.5,21,"[0.007, 0.01862, 0.00633, 0.02433, 0.01694, 0.05985, 0.14442, 0.04988, 0.06601, 0.05082, 0.02305, 0.08119, 0.07197, 0.17008, 0.03011, 0.09691, 0.20902, 0.09484, 0.00383, 0.22296, 0.00385, 0.14292]","[]","[]",22,0
2.5,22,"[0.01925, 0.0266, 0.00587, 0.02375, 0.02037, 0.00228, 0.03305, 0.00472, 0.01656, 0.15951, 0.00257, 0.06308, 0.00885, 0.02953]","[]","[]",14,0
2.5,23,"[0.05756, 0.05259, 0.07277, 0.00198, 0.09614, 0.00252, 0.04298, 0.09462, 0.12791, 0.05495, 0.00308, 0.03199, 0.04534, 0.18973, 0.13883, 0.06897, 0.22091, 0.01539]","[]","[]",18,0
2.5,24,"[0.00709, 0.01769, 0.0171, 0.11359, 0.03029, 0.06051, 0.02686, 0.00652, 0.0024, 0.0173, 0.04387, 0.11677, 0.05899, 0.06768, 0.01806, 0.10536]","[]","[]",16,0
2.5,25,"[0.00043, 0.02188, 0.06627, 0.04721, 0.01814, 0.08296, 0.08768, 0.0132, 0.01788, 0.00225, 0.02301, 0.17522, 0.08619, 0.1098, 0.0342, 0.14388, 0.01756, 0.01843, 0.02837, 0.1504, 0.26093, 0.21752]","[]","[]",22,0
2.5,26,"[0.00571, 0.01981, 0.02962, 0.03306, 0.03317]","[]","[]",5,0
2.5,27,"[0.01676, 0.02086, 0.03908, 0.04788, 0.03624, 0.02179, 0.06642]","[]","[]",7,0
2.5,28,"[0.04587, 0.03107, 0.00173, 0.05385, 0.01531, 0.00513, 0.03311, 0.0543, 0.03764, 0.04622, 0.01449, 0.06229]","[]","[]",12,0
2.5,29,"[0.02026, 0.02311, 0.00927, 0.01265, 0.01133, 0.02491, 0.05043, 0.00983, 0.00213, 0.00454, 0.14839, 0.00257, 0.08814, 0.14592, 0.01994, 0.00323, 0.02173, 0.12126, 0.21316]","[]","[]",19,0
2.5,30,"[0.00945, 0.04145, 0.05219, 0.0602, 0.01717, 0.00724, 0.093, 0.01517, 0.01286, 0.06963, 0.0028, 0.09617, 0.04994, 0.12202, 0.03757, 0.05003, 0.10063, 0.00727, 0.00371, 0.00378, 0.21986, 0.05315]","[]","[]",22,0
2.5,31,"[0.00214, 0.02015, 0.03954, 0.03548, 0.0017, 0.11452, 0.00231, 0.01221, 0.0491]","[]","[]",9,0
2.5,32,"[0.02487, 0.02253, 0.00971, 0.05351, 0.00461, 0.00241, 0.05481, 0.11543, 0.0211, 0.00269, 0.14671, 0.10245, 0.07477, 0.00304, 0.07955, 0.05896, 0.06564, 0.01804, 0.07679, 0.00378, 0.22152, 0.07829]","[]","[]",22,0
2.5,33,"[0.00624, 0.0188, 0.06435, 0.01044, 0.02459, 0.09648, 0.01687, 0.07757, 0.04086, 0.08756, 0.00565, 0.02914, 0.10817, 0.10582, 0.04388]","[]","[]",15,0
2.5,34,"[0.02831, 0.02258, 0.00731, 0.02683, 0.03366, 0.03657, 0.00928, 0.1011, 0.01372, 0.06238, 0.00961, 0.07541, 0.04439, 0.01581]","[]","[]",14,0
2.5,35,"[0.01683, 0.05805, 0.03705, 0.0724, 0.00216, 0.00471, 0.07377, 0.00243, 0.02875, 0.01311, 0.0479]","[]","[]",11,0
2.5,36,"[0.01984, 0.0089, 0.00113, 0.03744, 0.1103, 0.03147, 0.00422, 0.06885, 0.12217, 0.01011, 0.06707]","[]","[]",11,0
2.5,37,"[0.0048, 0.06802, 0.01607, 0.12573, 0.01795, 0.00237, 0.00759, 0.00266, 0.01134, 0.00589, 0.00302, 0.04587, 0.0234, 0.01358, 0.01058, 0.06577, 0.00413]","[]","[]",17,0
2.5,38,"[0.00565, 0.00846, 0.0031, 0.08092, 0.10775, 0.0023, 0.05085, 0.01832, 0.10309, 0.02723, 0.03967, 0.03421, 0.09278, 0.00642, 0.05234]","[]","[]",15,0
2.5,39,"[0.05001, 0.04345, 0.06041, 0.00165, 0.03642, 0.05272, 0.03937, 0.01139, 0.00584, 0.15802, 0.21475, 0.07208]","[]","[]",12,0
2.5,40,"[0.01273, 0.03273, 0.09379, 0.00998, 0.07001, 0.00908, 0.02313, 0.0741, 0.08456, 0.00262, 0.04069]","[]","[]",11,0
2.5,41,"[0.00445, 0.01869, 0.0437, 0.0667, 0.06685, 0.12693, 0.00216, 0.00219, 0.00241, 0.01296, 0.14041, 0.09312, 0.12076, 0.00621, 0.04672, 0.11546, 0.13249, 0.01049, 0.14769, 0.09548]","[]","[]",20,0
2.5,42,"[0.0009, 0.04276, 0.04687, 0.03191, 0.00122, 0.0304]","[]","[]",6,0
2.5,43,"[0.01788, 0.00686, 0.00419, 0.04719, 0.00756, 0.04809, 0.01824, 0.03421, 0.01453, 0.03139, 0.05925, 0.00315, 0.10454, 0.1826, 0.12007, 0.14183]","[]","[]",16,0
2.5,44,"[0.00922, 0.01167, 0.07335, 0.00229, 0.0643, 0.04572, 0.05348, 0.09271, 0.08535, 0.03172]","[]","[]",10,0
2.5,45,"[0.00646, 0.01329, 0.00266, 0.0638, 0.01669, 0.01214, 0.00212, 0.09783, 0.06982, 0.01186, 0.02406, 0.01212]","[]","[]",12,0
2.5,46,"[0.00933, 0.09412, 0.02766, 0.01574, 0.00452, 0.02994, 0.08347, 0.00634, 0.01302, 0.02306, 0.03908, 0.1518, 0.00744, 0.0335, 0.09953, 0.07438, 0.06816, 0.0763, 0.0126, 0.07591, 0.08697, 0.1999, 0.05643, 0.109, 0.25622, 0.07925]","[]","[]",26,0
2.5,47,"[0.0014, 0.00295, 0.00076, 0.01011, 0.09877, 0.05346, 0.00613, 0.0688, 0.02163, 0.024, 0.02291, 0.01435, 0.00255, 0.04397]","[]","[]",14,0
2.5,48,"[0.01744, 0.0586, 0.05133, 0.00492, 0.06374, 0.02263, 0.09974, 0.08447, 0.12539, 0.0829, 0.05177, 0.00266, 0.00269, 0.14135, 0.10301, 0.01804, 0.02162, 0.05259]","[]","[]",18,0
2.5,49,"[0.04954, 0.05295, 0.01263]","[]","[]",3,0
2.5,50,"[0.00312, 0.07279, 0.04101, 0.00156, 0.06949, 0.02118, 0.00803, 0.01366, 0.05026, 0.13141, 0.00334, 0.1385, 0.02513, 0.03601, 0.02228, 0.0077, 0.00782, 0.00792, 0.11164, 0.17831, 0.02856, 0.01233, 0.0209, 0.00843, 0.05729]","[]","[]",25,0
2.5,51,"[0.01822, 0.00809, 0.01327, 0.00663, 0.01435, 0.09437, 0.03356, 0.07795, 0.13345, 0.0196, 0.03683, 0.12348, 0.13786, 0.06001, 0.10083, 0.22537, 0.09852, 0.21102, 0.06461]","[]","[]",19,0
2.5,52,"[0.01644, 0.0373, 0.01749, 0.03017, 0.09138, 0.00638, 0.13228, 0.20503, 0.11277, 0.01666, 0.15739, 0.05778, 0.12454, 0.04928, 0.03661, 0.03678, 0.29628, 0.05137, 0.03298, 0.20679, 0.10095, 0.03602, 0.0172, 0.04589, 0.02397, 0.01802, 0.03026]","[]","[]",27,0
2.5,53,"[0.00889, 0.02671, 0.04952, 0.00401, 0.01413, 0.02477, 0.08705, 0.05888, 0.0031, 0.15217, 0.13261, 0.08053, 0.04604, 0.10693, 0.01468]","[]","[]",15,0
2.5,54,"[0.00013, 0.01634, 0.00803, 0.01241, 0.05559, 0.048, 0.04474, 0.02654, 0.14156, 0.10304, 0.01815, 0.00589, 0.01506, 0.00607, 0.1101, 0.0989]","[]","[]",16,0
2.5,55,"[0.04179, 0.00733, 0.0381, 0.01905, 0.00381, 0.00407, 0.04808, 0.00495, 0.02519, 0.0356, 0.01102, 0.0111, 0.09844, 0.00282, 0.12136, 0.14317, 0.02168, 0.00316, 0.0144, 0.10996, 0.08619, 0.22286, 0.00414, 0.00846, 0.01707]","[]","[]",25,0
2.5,56,"[0.0072, 0.0222, 0.00582, 0.03471, 0.01886, 0.00819, 0.07391, 0.09671, 0.0024, 0.13707, 0.04395, 0.09918, 0.09421, 0.02385, 0.01819, 0.24697, 0.11122, 0.03201]","[]","[]",18,0
2.5,57,"[0.00385, 0.02149, 0.1022, 0.07822, 0.01639, 0.08604, 0.0932, 0.03736, 0.06193, 0.03491, 0.05243]","[]","[]",11,0
2.5,58,"[0.01265, 0.00628, 0.04694, 0.00834, 0.01754, 0.00643, 0.1398, 0.00928, 0.00483, 0.01786, 0.00261, 0.01082, 0.00581, 0.11956, 0.05037, 0.00689, 0.11664, 0.02873, 0.10896, 0.00729, 0.0073, 0.0075]","[]","[]",22,0
2.5,59,"[0.00179, 0.00496, 0.053, 0.07984, 0.07899, 0.04701, 0.08517, 0.06561, 0.06913, 0.00275, 0.15073, 0.01196, 0.09028]","[]","[]",13,0
2.5,60,"[0.00621, 0.0186, 0.03396, 0.02121, 0.05893, 0.00573, 0.00219, 0.08589, 0.09296, 0.10311, 0.08134, 0.08305, 0.04201, 0.19503, 0.00298, 0.02406]","[]","[]",16,0
2.5,61,"[0.02452, 0.08842, 0.02065, 0.0688, 0.00402, 0.03272, 0.04618]","[]","[]",7,0
2.5,62,"[0.00857, 0.00186, 0.00212, 0.03974, 0.05051, 0.04247, 0.10059, 0.00964, 0.10159, 0.02244, 0.02147, 0.1395, 0.02447, 0.01226, 0.0325]","[]","[]",15,0
2.5,63,"[0.00438, 0.02601, 0.00386, 0.00599, 0.08288]","[]","[]",5,0
2.5,64,"[0.00175, 0.0126, 0.00586, 0.12848, 0.07278, 0.03267, 0.09952, 0.1038, 0.01698, 0.01449, 0.04951, 0.12202, 0.14717, 0.0289]","[]","[]",14,0
2.5,65,"[0.01203, 0.01651, 0.00255, 0.06414, 0.03077, 0.00124, 0.00424, 0.04518, 0.0371]","[]","[]",9,0
2.5,66,"[0.01293, 0.0051, 0.02221, 0.01722, 0.00107, 0.07065, 0.00363, 0.0738, 0.10704, 0.111, 0.11436, 0.10926, 0.02912, 0.00567, 0.18394, 0.04785, 0.15742, 0.02612, 0.09194, 0.11968, 0.00339, 0.18217, 0.1264, 0.0071, 0.07209, 0.00367, 0.25347, 0.17742, 0.10569, 0.07071, 0.02768]","[]","[]",31,0
2.5,67,"[0.01572, 0.02374, 0.03601, 0.00685, 0.00471, 0.02124, 0.18471, 0.04909, 0.08362, 0.14333, 0.0183, 0.10556]","[]","[]",12,0
2.5,68,"[0.00525, 0.01902, 0.02067, 0.0328, 0.07305, 0.00918, 0.07119]","[]","[]",7,0
2.5,69,"[0.03871, 0.03935, 0.01669, 0.00861, 0.08543, 0.07702, 0.08568, 0.03015, 0.19768, 0.12339, 0.0173, 0.16042, 0.20457, 0.18332, 0.12759, 0.10532, 0.07419, 0.10977, 0.08118, 0.02438, 0.04113, 0.17616]","[]","[]",22,0
2.5,70,"[0.02499, 0.02658, 0.0053, 0.12926, 0.01141, 0.00292, 0.13713, 0.06076, 0.21998, 0.10832, 0.06106, 0.03401]","[]","[]",12,0
2.5,71,"[0.05632, 0.03007, 0.07698, 0.00837, 0.00714, 0.00181, 0.01912, 0.00909, 0.00474, 0.06232, 0.07426, 0.03452, 0.03288, 0.12514, 0.00938, 0.00321, 0.07491, 0.0265, 0.18064, 0.03479]","[]","[]",20,0
2.5,72,"[0.00083, 0.02356, 0.01877, 0.02313, 0.08759, 0.03173, 0.00648, 0.00474, 0.12095, 0.02843, 0.00786, 0.0791, 0.00795, 0.14237, 0.00287, 0.0214]","[]","[]",16,0
2.5,73,"[0.01403, 0.03247, 0.01346, 0.01501, 0.07105, 0.0584, 0.01878, 0.01109, 0.01722, 0.00513, 0.00261, 0.10856, 0.15238, 0.09777, 0.00277, 0.01435, 0.02363]","[]","[]",17,0
2.5,74,"[0.01125, 0.02055, 0.05469, 0.0732, 0.07131, 0.09614, 0.05414]","[]","[]",7,0
2.5,75,"[0.00097, 0.02183, 0.01071, 0.0402, 0.00724, 0.0776, 0.01869, 0.02167, 0.10073, 0.08119, 0.02927, 0.00227, 0.12074, 0.08404, 0.00246, 0.00274, 0.06364]","[]","[]",17,0
2.5,76,"[0.00247, 0.02937, 0.00136, 0.03405, 0.00915, 0.01419, 0.13435, 0.00249, 0.00802, 0.00967, 0.03181]","[]","[]",11,0
2.5,77,"[0.05211, 0.02089, 0.03507, 0.0388, 0.0801, 0.12015]","[]","[]",6,0
2.5,78,"[0.07334, 0.01344, 0.02124, 0.04735, 0.00866, 0.02321, 0.0666, 0.07995, 0.03512, 0.07682, 0.08463, 0.00448, 0.06227, 0.04334, 0.02915, 0.02794]","[]","[]",16,0
2.5,79,"[0.00288, 0.02928, 0.02039, 0.00505, 0.02028, 0.00136, 0.06231, 0.02308, 0.00472, 0.00644, 0.01298, 0.12855, 0.0069]","[]","[]",13,0
2.5,80,"[0.00708, 0.0039, 0.03048, 0.01766, 0.00595, 0.00298, 0.0211, 0.06019, 0.03762, 0.00342, 0.03826, 0.19988, 0.02463, 0.00705, 0.0106, 0.14889, 0.00365, 0.11036, 0.10764, 0.08295, 0.15913, 0.03599, 0.03198, 0.13927, 0.02402]","[]","[]",25,0
2.5,81,"[0.00682, 0.03098, 0.00166, 0.0701, 0.03817, 0.0219, 0.0047, 0.09514, 0.01754]","[]","[]",9,0
2.5,82,"[0.02357, 0.04866, 0.01502, 0.05722, 0.09188, 0.12796, 0.01647, 0.00718, 0.12388, 0.05307, 0.00522, 0.02129]","[]","[]",12,0
2.5,83,"[0.00352, 0.04905, 0.00131, 0.02285, 0.019, 0.03946, 0.10033, 0.12079, 0.00587, 0.08356, 0.14162, 0.03302, 0.01324, 0.09742, 0.06749]","[]","[]",15,0
2.5,84,"[0.01767, 0.03606, 0.04629, 0.0588, 0.01324, 0.09445, 0.15347, 0.13351, 0.1239, 0.03397]","[]","[]",10,0
2.5,85,"[0.00051, 0.03882, 0.02261, 0.05332, 0.12352, 0.05209, 0.04593, 0.08506, 0.02525, 0.0061, 0.0616]","[]","[]",11,0
2.5,86,"[0.01739, 0.05598, 0.03201, 0.02626, 0.1698, 0.05937]","[]","[]",6,0
2.5,87,"[0.00176, 0.05262, 0.07258, 0.0735, 0.00829, 0.0373, 0.04916]","[]","[]",7,0
2.5,88,"[0.00764, 0.00146, 0.06448, 0.11993, 0.04959, 0.09006, 0.02144, 0.0423, 0.02494, 0.03835, 0.01805]","[]","[]",11,0
2.5,89,"[0.03135, 0.00147, 0.03304, 0.00517, 0.00775, 0.02916, 0.0791, 0.05872, 0.03421, 0.0079, 0.06023]","[]","[]",11,0
2.5,90,"[0.01077, 0.03038, 0.01231, 0.00975, 0.05891, 0.03527, 0.018, 0.08717, 0.11205, 0.09743, 0.12878, 0.05418, 0.13081, 0.15211, 0.1914, 0.11905, 0.10313, 0.00743, 0.24261, 0.06072]","[]","[]",20,0
2.5,91,"[0.00157, 0.00749, 0.02453, 0.03155, 0.03252]","[]","[]",5,0
2.5,92,"[0.00785, 0.00327, 0.02449, 0.04196, 0.09615, 0.00246, 0.06884, 0.08402, 0.12069, 0.01388, 0.00291, 0.13303, 0.07187, 0.00316, 0.20301, 0.01272, 0.03201, 0.02746, 0.05184, 0.07904]","[]","[]",20,0
2.5,93,"[0.01619, 0.00293, 0.04172, 0.04972, 0.00952, 0.00799, 0.00981, 0.05592, 0.18268, 0.10487, 0.0589, 0.02268, 0.05503, 0.13728, 0.19052, 0.01615]","[]","[]",16,0
2.5,94,"[0.0813, 0.02432, 0.02735, 0.08769, 0.00983, 0.00762, 0.04991, 0.01328, 0.07643]","[]","[]",9,0
2.5,95,"[0.00264, 0.05636, 0.0124, 0.05035, 0.0022, 0.04383, 0.13182, 0.04197, 0.02416, 0.06623, 0.03381, 0.05534]","[]","[]",12,0
2.5,96,"[0.05179, 0.02505, 0.00141, 0.00624, 0.05372]","[]","[]",5,0
2.5,97,"[0.011, 0.01279, 0.00853, 0.05581, 0.00647, 0.01808, 0.03474, 0.0875, 0.0662, 0.03568]","[]","[]",10,0
2.5,98,"[0.04709, 0.0487, 0.0091, 0.00952, 0.01554, 0.00416, 0.00216, 0.00659, 0.00248, 0.11445, 0.01019, 0.04979, 0.15184, 0.08657, 0.02195, 0.00343, 0.01392, 0.01473, 0.02948]","[]","[]",19,0
2.5,99,"[0.00093, 0.00227, 0.03009, 0.02095, 0.01524, 0.09264, 0.0206, 0.00969, 0.07573, 0.0185, 0.00441, 0.01203, 0.02422, 0.00309, 0.13089, 0.13951, 0.01063, 0.0253, 0.04439, 0.01171, 0.12034, 0.00803, 0.07104, 0.00427, 0.03895]","[]","[]",25,0

