2.5,0,"[0.05042, 0.01916, 0.09941, 0.02821, 0.02503, 0.13827, 0.14713, 0.13095, 0.0343, 0.22066, 0.02308, 0.08983, 0.01461]","[]","[]",13,0
2.5,1,"[0.00617, 0.02971, 0.01363, 0.0117, 0.07443, 0.03444, 0.02875]","[]","[]",7,0
2.5,2,"[0.0086, 0.06918, 0.08826, 0.00798, 0.00215, 0.07781, 0.03299, 0.04268, 0.20451, 0.04687, 0.07847]","[]","[]",11,0
2.5,3,"[0.00267, 0.01824, 0.02868, 0.12282, 0.11812, 0.11655, 0.0698, 0.00565, 0.15708, 0.0779, 0.09287, 0.0251, 0.07759, 0.13685, 0.14496]","[]","[]",15,0
2.5,4,"[0.00336, 0.0225, 0.01021, 0.01955, 0.13386, 0.088, 0.01399, 0.15557, 0.00524, 0.11294, 0.07394, 0.05549]","[]","[]",12,0
2.5,5,"[0.03942, 0.03785, 0.01113, 0.02802, 0.01312, 0.00317, 0.11073, 0.02917, 0.0556]","[]","[]",9,0
2.5,6,"[0.01589, 0.09323, 0.08202, 0.00818, 0.00243, 0.08912, 0.02806, 0.10176, 0.03314]","[]","[]",9,0
2.5,7,"[0.00125, 0.02287, 0.02428, 0.03496, 0.03967, 0.01685, 0.00232, 0.05178, 0.01196, 0.01626, 0.01144, 0.01432, 0.04909]","[]","[]",13,0
2.5,8,"[0.00119, 0.01612, 0.00123, 0.02581, 0.04097, 0.01234, 0.07187, 0.03614, 0.04879, 0.05151]","[]","[]",10,0
2.5,9,"[0.02648, 0.02404, 0.00409, 0.11454, 0.00342, 0.01211, 0.0052, 0.03694, 0.03005, 0.11146, 0.0098, 0.01966, 0.01776, 0.20387, 0.13681, 0.16281, 0.16669, 0.04569, 0.04697, 0.05579]","[]","[]",20,0
2.5,10,"[0.00347, 0.03284, 0.0014, 0.08568, 0.08026, 0.0148, 0.08051, 0.04719, 0.00217, 0.00671, 0.01794, 0.03252, 0.05595, 0.0847]","[]","[]",14,0
2.5,11,"[0.03138, 0.0161, 0.03117, 0.00381, 0.00309, 0.03474, 0.06993, 0.09406, 0.06797]","[]","[]",9,0
2.5,12,"[0.06738, 0.10709, 0.01595, 0.04616, 0.15392, 0.00778, 0.02356, 0.08211, 0.00803, 0.05515, 0.08894, 0.20872, 0.00313, 0.03227, 0.05001]","[]","[]",15,0
2.5,13,"[0.00095, 0.0844, 0.08325, 0.03912, 0.06588]","[]","[]",5,0
2.5,14,"[0.04912, 0.00585, 0.0957, 0.04945, 0.08791, 0.0024, 0.01931, 0.00248, 0.16661, 0.10489, 0.00264, 0.01626, 0.09526, 0.01352, 0.0708, 0.17548, 0.06855, 0.04979, 0.05485, 0.01606, 0.02812, 0.19594, 0.03307, 0.06865, 0.04373, 0.0396, 0.27312]","[]","[]",27,0
2.5,15,"[0.00018, 0.01831, 0.01825, 0.01365, 0.01161, 0.07239, 0.00288, 0.02105, 0.07595, 0.05898, 0.1654, 0.14907, 0.20822, 0.03231]","[]","[]",14,0
2.5,16,"[0.01241, 0.05206, 0.02702, 0.00167, 0.00704, 0.13019, 0.032, 0.15335, 0.11973, 0.00721, 0.25096, 0.19698, 0.00415, 0.0084, 0.02584, 0.03166, 0.15004, 0.19704, 0.0144, 0.02953, 0.04477]","[]","[]",21,0
2.5,17,"[0.00147, 0.01524, 0.01864, 0.0251, 0.03025, 0.06523, 0.07829, 0.00525, 0.02862, 0.1807, 0.10115, 0.05769, 0.00642, 0.00644, 0.0387, 0.00357, 0.01077, 0.01084, 0.02968, 0.10813, 0.1518, 0.04556, 0.18677, 0.00393, 0.09263, 0.10494, 0.19291, 0.1136, 0.01264, 0.0255, 0.11175, 0.1481, 0.06102, 0.23653]","[]","[]",34,0
2.5,18,"[0.05015, 0.072, 0.05819, 0.00991, 0.04945, 0.07029, 0.03702, 0.02633, 0.00307, 0.15535, 0.00655, 0.03606, 0.0169, 0.13086, 0.07174, 0.02036]","[]","[]",16,0
2.5,19,"[0.00169, 0.02266, 0.02081, 0.00529, 0.00982, 0.01945, 0.11599, 0.00554, 0.00213, 0.11805, 0.01065, 0.01481, 0.04196, 0.05363, 0.2262, 0.17028, 0.02937, 0.15126, 0.02327, 0.01959, 0.18504, 0.00817, 0.04548]","[]","[]",23,0
2.5,20,"[0.07119, 0.05623, 0.06247, 0.01267, 0.05806, 0.01352, 0.00589, 0.08072, 0.14838, 0.02163, 0.00243, 0.00507, 0.04944, 0.00557, 0.00284, 0.03044, 0.09453, 0.01663, 0.01025, 0.03193, 0.00812, 0.00416, 0.06666, 0.0042, 0.20081, 0.06155]","[]","[]",26,0
2.5,21,"[0.00573, 0.05877, 0.00784, 0.01337, 0.00136, 0.0604, 0.01918]","[]","[]",7,0
2.5,22,"[0.0126, 0.01989, 0.09441, 0.06624, 0.04983, 0.09381, 0.02308, 0.11859, 0.01808, 0.10141, 0.07603]","[]","[]",11,0
2.5,23,"[0.0113, 0.08752, 0.01561, 0.08794, 0.10595, 0.04219, 0.12341]","[]","[]",7,0
2.5,24,"[0.03654, 0.00122, 0.01254, 0.08108, 0.01643, 0.00391, 0.02979, 0.01284, 0.00873, 0.04866, 0.03652, 0.06414, 0.06455, 0.05575, 0.05596, 0.00505, 0.15233, 0.00514, 0.03139]","[]","[]",19,0
2.5,25,"[0.00164, 0.00166, 0.01199, 0.00587, 0.02244, 0.00245, 0.01962, 0.11819, 0.06241, 0.04905, 0.14259, 0.04625, 0.04654, 0.0078, 0.05158, 0.01195, 0.12849, 0.05746, 0.06283, 0.22276, 0.06073, 0.05215, 0.00984, 0.01974, 0.00495]","[]","[]",25,0
2.5,26,"[0.01219, 0.02533, 0.04681, 0.00627, 0.00178, 0.03583, 0.07315, 0.00449, 0.0168, 0.14816, 0.02057, 0.00833, 0.01674, 0.05155]","[]","[]",14,0
2.5,27,"[0.03251, 0.00129, 0.04708, 0.00188, 0.04145, 0.00448, 0.11903, 0.11257, 0.15405, 0.00744, 0.03611, 0.02871, 0.06252, 0.04767, 0.15938, 0.04278]","[]","[]",16,0
2.5,28,"[0.01253, 0.04806, 0.04589, 0.09434, 0.08535, 0.0576, 0.01062]","[]","[]",7,0
2.5,29,"[0.01722, 0.0704, 0.00433, 0.02907, 0.09124, 0.00495, 0.02038, 0.06038, 0.00548, 0.14097, 0.01497, 0.16563, 0.01257, 0.12824]","[]","[]",14,0
2.5,30,"[0.00312, 0.0597, 0.03523, 0.03176, 0.0157]","[]","[]",5,0
2.5,31,"[0.01155, 0.01489, 0.00409, 0.03083, 0.03182, 0.03569, 0.04222, 0.00193, 0.0047, 0.00943, 0.04108]","[]","[]",11,0
2.5,32,"[0.00833, 0.011, 0.01235, 0.01193, 0.00096, 0.001, 0.03089, 0.04886, 0.02178, 0.00156, 0.02988, 0.01626]","[]","[]",12,0
2.5,33,"[0.03077, 0.02544, 0.00891, 0.00658, 0.09769, 0.04205, 0.02722]","[]","[]",7,0
2.5,34,"[0.00781, 0.00119, 0.00561, 0.0113, 0.06393, 0.02213, 0.13259, 0.04199, 0.10885, 0.09858, 0.18752, 0.18443, 0.01828]","[]","[]",13,0
2.5,35,"[0.01833, 0.02205, 0.01478, 0.09724, 0.01024, 0.08947, 0.01481, 0.01869, 0.00306, 0.14345, 0.08295, 0.0033, 0.01419, 0.10614, 0.04539]","[]","[]",15,0
2.5,36,"[0.00137, 0.03884, 0.07124, 0.02487, 0.0032, 0.04236, 0.01188, 0.00227, 0.07876, 0.07922, 0.01238, 0.01006, 0.02858, 0.01484, 0.0509]","[]","[]",15,0
2.5,37,"[0.01126, 0.0007, 0.02721, 0.00368, 0.04998, 0.02386]","[]","[]",6,0
2.5,38,"[0.00053, 0.00068, 0.02778, 0.00076, 0.00475, 0.02512, 0.01465, 0.00455, 0.06148, 0.00923]","[]","[]",10,0
2.5,39,"[0.00783, 0.01227, 0.0457, 0.01622, 0.00144, 0.04028, 0.12701, 0.11191, 0.00978, 0.00574, 0.01458]","[]","[]",11,0
2.5,40,"[0.04313, 0.02774, 0.00111, 0.0198, 0.01879]","[]","[]",5,0
2.5,41,"[0.00647, 0.02097, 0.03897, 0.004, 0.07032, 0.08215, 0.00502, 0.07936, 0.00852, 0.06745, 0.01427, 0.02639]","[]","[]",12,0
2.5,42,"[0.02845, 0.01236, 0.06356, 0.04261, 0.02065, 0.01646, 0.06336, 0.00259, 0.01139, 0.1552, 0.07245]","[]","[]",11,0
2.5,43,"[0.00104, 0.06317, 0.07407, 0.00487, 0.0229, 0.00776, 0.01973]","[]","[]",7,0
2.5,44,"[0.01249, 0.0013, 0.03291, 0.01386, 0.0612]","[]","[]",5,0
2.5,45,"[0.00496, 0.0059, 0.00153, 0.01193, 0.05117, 0.08489, 0.04011, 0.0868, 0.11743, 0.08555, 0.06547, 0.19083, 0.1433, 0.15535]","[]","[]",14,0
2.5,46,"[0.02321, 0.06801, 0.0694]","[]","[]",3,0
2.5,47,"[0.00372, 0.05932, 0.00389, 0.0013, 0.00731, 0.08538, 0.00964, 0.04725]","[]","[]",8,0
2.5,48,"[0.02947, 0.04768, 0.00228, 0.00175, 0.03716, 0.07532, 0.00492, 0.00501, 0.00763, 0.13932, 0.02167, 0.01085, 0.06836, 0.10555, 0.05321, 0.04768]","[]","[]",16,0
2.5,49,"[0.00449, 0.00055, 0.00621, 0.01089, 0.00345, 0.03075, 0.06572, 0.02862, 0.02949]","[]","[]",9,0
2.5,50,"[0.00498, 0.01875, 0.02514, 0.06078, 0.05516, 0.01277, 0.15953, 0.0337, 0.00364, 0.22511, 0.12068, 0.01888, 0.19039, 0.10385, 0.09265, 0.05801, 0.24145, 0.19154, 0.09693, 0.13988]","[]","[]",20,0
2.5,51,"[5e-05, 0.02486, 0.02514, 0.04612, 0.01695, 0.00267, 0.00501, 0.00369, 0.01655, 0.00449, 0.01192, 0.14299, 0.05664, 0.00634, 0.00324, 0.02965, 0.03629]","[]","[]",17,0
2.5,52,"[0.06013, 0.00172, 0.05547, 0.03718, 0.04047, 0.08597, 0.03566, 0.01972, 0.04083, 0.02426, 0.05445, 0.15571, 0.03033]","[]","[]",13,0
2.5,53,"[0.04718, 0.06137, 0.00188, 0.008, 0.08869, 0.01108, 0.16363, 0.13143, 0.05243, 0.00319, 0.00323, 0.00338, 0.02056, 0.06981, 0.04754]","[]","[]",15,0
2.5,54,"[0.00175, 0.00659, 0.10882, 0.0319, 0.01082, 0.11122, 0.02541, 0.13781, 0.10261, 0.03052, 0.01232, 0.09931, 0.18655, 0.0253, 0.0098, 0.10233, 0.00342, 0.01042, 0.02108, 0.16944, 0.10492]","[]","[]",21,0
2.5,55,"[0.05886, 0.06639, 0.02844, 0.0037, 0.09239, 0.01673, 0.07253, 0.00169, 0.13423, 0.06029]","[]","[]",10,0
2.5,56,"[0.01018, 0.00543, 0.07373, 0.04323, 0.04034, 0.07413]","[]","[]",6,0
2.5,57,"[0.01121, 0.00711, 0.02146, 0.00805, 0.05226, 0.12844, 0.09953, 0.15007, 0.11582, 0.00494, 0.02485, 0.0327, 0.11451, 0.0112]","[]","[]",14,0
2.5,58,"[0.00933, 0.01721, 0.09262, 0.00839, 0.01333, 0.11642, 0.1359, 0.00567, 0.17148, 0.04549, 0.00934, 0.08871, 0.11151, 0.10594, 0.10366, 0.03814]","[]","[]",16,0
2.5,59,"[0.01443, 0.00158, 0.00406, 0.08174, 0.00476, 0.11889, 0.0847, 0.05582, 0.01338, 0.082, 0.07771, 0.06629, 0.09686, 0.04274, 0.01851]","[]","[]",15,0
2.5,60,"[0.00097, 0.02242, 0.00193, 0.00215, 0.0154, 0.0024, 0.01287, 0.11883, 0.03996, 0.02174, 0.01535, 0.01264, 0.01704, 0.02567, 0.05873, 0.01003, 0.1511, 0.02053, 0.06348, 0.0164, 0.20602, 0.02266, 0.02865, 0.08081, 0.28963, 0.04322, 0.01887, 0.02596, 0.02004, 0.00669, 0.3886]","[]","[]",31,0
2.5,61,"[0.08123, 0.1034, 0.01325, 0.11691, 0.03374, 0.20097, 0.09996, 0.00316, 0.02264, 0.07993, 0.05451, 0.03353, 0.2035, 0.19976, 0.28892, 0.00879, 0.00884, 0.00446, 0.16601, 0.03632, 0.05919, 0.02289, 0.19598, 0.00992, 0.05985, 0.02008, 0.06548, 0.05558]","[]","[]",28,0
2.5,62,"[0.03061, 0.00102, 0.00302, 0.02057, 0.02765, 0.02123, 0.08713, 0.12329, 0.1216, 0.11925, 0.00685, 0.16604, 0.07666, 0.00375, 0.03449, 0.08498]","[]","[]",16,0
2.5,63,"[0.00107, 0.00539, 0.05127, 0.03739, 0.0678, 0.07895, 0.00159, 0.0017, 0.07633, 0.02061, 0.00785, 0.02203]","[]","[]",12,0
2.5,64,"[0.0107, 0.10712, 0.01642, 0.10149, 0.07079, 0.00259, 0.00779, 0.13251, 0.00276, 0.14828, 0.01141, 0.02919, 0.07803, 0.07205, 0.04217, 0.06876, 0.01365]","[]","[]",17,0
2.5,65,"[0.03724, 0.0068, 0.07023, 0.00865, 0.11931, 0.00757, 0.00396, 0.03365, 0.1089, 0.0297, 0.06473]","[]","[]",11,0
2.5,66,"[0.01664, 0.04873, 0.08511, 0.01794, 0.05676, 0.04472, 0.10174, 0.10556, 0.02876]","[]","[]",9,0
2.5,67,"[0.08226, 0.04309, 0.03534, 0.08798]","[]","[]",4,0
2.5,68,"[0.00635, 0.00305, 0.0856, 0.03563, 0.06592, 0.06595, 0.09237, 0.05483, 0.01755, 0.14112, 0.10694, 0.00301, 0.19387, 0.146, 0.05545, 0.03012, 0.18818, 0.0488, 0.06217, 0.02042, 0.22356, 0.00436]","[]","[]",22,0
2.5,69,"[0.00528, 0.00388, 0.00411, 0.04721, 0.0025, 0.04647, 0.10049, 0.03879, 0.00656, 0.19418, 0.02075, 0.03949, 0.18528, 0.04878, 0.05356, 0.01361, 0.00475, 0.01544, 0.04657, 0.18496]","[]","[]",20,0
2.5,70,"[0.02385, 0.01025, 0.04288, 0.07441, 0.01667, 0.00179, 0.02325, 0.00205, 0.0022, 0.12225, 0.15301, 0.19196, 0.02177, 0.0037, 0.07311, 0.06225, 0.10987, 0.24126]","[]","[]",18,0
2.5,71,"[0.00856, 0.03562, 0.03999, 0.03143, 0.00151, 0.0749, 0.05819, 0.06641]","[]","[]",8,0
2.5,72,"[0.01269, 0.0295, 0.00868, 0.02821, 0.04926, 0.03476]","[]","[]",6,0
2.5,73,"[0.01146, 0.0029, 0.05472, 0.02303, 0.07248, 0.02551, 0.03136, 0.00832, 0.03943, 0.16386, 0.09499, 0.00606, 0.01263, 0.00638, 0.08666, 0.03689, 0.02419, 0.05193, 0.0396, 0.1054, 0.14618, 0.00736, 0.06859, 0.19687, 0.19115]","[]","[]",25,0
2.5,74,"[0.00061, 0.01484, 0.11589, 0.00221, 0.02528, 0.00485, 0.0529, 0.14209, 0.14038, 0.00336, 0.21253, 0.01072, 0.00358, 0.05423, 0.04718]","[]","[]",15,0
2.5,75,"[0.05925, 0.00107, 0.01132, 0.069, 0.00804, 0.03776, 0.00224, 0.00474, 0.00985, 0.11922, 0.0131, 0.05104, 0.03373]","[]","[]",13,0
2.5,76,"[0.0398, 0.02356, 0.04564, 0.08385, 0.04774, 0.01843, 0.05773, 0.00768]","[]","[]",8,0
2.5,77,"[0.00073, 0.00203, 0.00186, 0.036, 0.04702, 0.01918, 0.00228, 0.01556, 0.07015, 0.03086, 0.08804, 0.00605, 0.14611, 0.08851, 0.04297, 0.0469, 0.10748, 0.11542, 0.10473, 0.0523, 0.09093, 0.22947, 0.21463, 0.10652, 0.02119]","[]","[]",25,0
2.5,78,"[0.02635, 0.07963, 0.05397, 0.0043, 0.06146, 0.00443, 0.0116, 0.09654, 0.04291, 0.00542, 0.13879, 0.13318, 0.03809, 0.10893, 0.06708, 0.20193, 0.1747, 0.22314, 0.07067, 0.03106, 0.04081, 0.0833, 0.00472, 0.25985, 0.32976, 0.03248]","[]","[]",26,0
2.5,79,"[0.03498, 0.01383, 0.03622, 0.0505, 0.11066, 0.0704, 0.15457, 0.06502, 0.021]","[]","[]",9,0
2.5,80,"[0.03942, 0.0763, 0.01331, 0.07721, 0.01483, 0.12426, 0.02856, 0.01729, 0.17028, 0.00697, 0.09004, 0.04024, 0.19397, 0.08903]","[]","[]",14,0
2.5,81,"[0.00128, 0.04728, 0.0954, 0.01887, 0.0035, 0.06281, 0.07518, 0.03667, 0.02747, 0.15039, 0.06519, 0.14917]","[]","[]",12,0
2.5,82,"[0.02193, 0.0258, 0.01372, 0.03526, 0.0774, 0.01305]","[]","[]",6,0
2.5,83,"[0.01967, 0.08921, 0.06036, 0.02245, 0.09379, 0.05544, 0.00165, 0.01244, 0.13733, 0.03652, 0.01593, 0.1894, 0.12421, 0.05494, 0.03094, 0.22602, 0.20007, 0.0041, 0.10678, 0.09628, 0.00423]","[]","[]",21,0
2.5,84,"[0.001, 0.00799, 0.02645, 0.09346, 0.05346, 0.10826, 0.00168, 0.06277]","[]","[]",8,0
2.5,85,"[0.007, 0.05663, 0.02479, 0.00181, 0.12089, 0.03074, 0.1333, 0.02683, 0.11904, 0.04991, 0.13208]","[]","[]",11,0
2.5,86,"[0.04823, 0.07039, 0.05124, 0.09127, 0.03261, 0.00204, 0.0873, 0.09456, 0.17539, 0.15406, 0.04348, 0.02707, 0.00333, 0.01683, 0.05765, 0.2285, 0.01058, 0.21081, 0.15531]","[]","[]",19,0
2.5,87,"[0.00161, 0.05807, 0.10519, 0.0365, 0.0022, 0.00243, 0.00253, 0.08427, 0.00856, 0.06588, 0.01189, 0.18861, 0.02224, 0.05422, 0.00645, 0.01318, 0.09729, 0.17687, 0.13132, 0.10409, 0.1372]","[]","[]",21,0
2.5,88,"[0.03861, 0.06042, 0.00095, 0.04209, 0.06344, 0.02987, 0.01757, 0.02828, 0.00744, 0.1, 0.18002, 0.00285, 0.00877, 0.0177, 0.02698]","[]","[]",15,0
2.5,89,"[0.01355, 0.00342, 0.02679, 0.02966, 0.01246, 0.09572, 0.01471, 0.00853, 0.00684, 0.08429, 0.15545, 0.1208, 0.09202, 0.15231, 0.06434, 0.03543, 0.0071, 0.0723, 0.01111, 0.11516, 0.12715, 0.03373, 0.20278, 0.00826, 0.25656]","[]","[]",25,0
2.5,90,"[0.00849, 0.01017, 0.02502, 0.02748]","[]","[]",4,0
2.5,91,"[0.01932, 0.03579, 0.02215, 0.00707, 0.00891, 0.00932, 0.0755, 0.00537, 0.03269]","[]","[]",9,0
2.5,92,"[0.00218, 0.00355, 0.03543, 0.03346, 0.01298, 0.09757, 0.02142, 0.00232, 0.08418, 0.0075, 0.04765, 0.05568]","[]","[]",12,0
2.5,93,"[0.01522, 0.02999, 0.00735, 0.02811, 0.04674, 0.05129, 0.0483]","[]","[]",7,0
2.5,94,"[0.08296, 0.0118, 0.00645, 0.08039, 0.17548, 0.12886, 0.02197, 0.17299, 0.17868, 0.01503, 0.00387, 0.00403, 0.0988, 0.01255, 0.03781, 0.01268, 0.01269, 0.28585, 0.06041, 0.06917, 0.02265, 0.06323, 0.0049, 0.02479, 0.01508, 0.01523, 0.21226, 0.25989, 0.01593, 0.20361, 0.03305]","[]","[]",31,0
2.5,95,"[0.07884, 0.05738, 0.0875, 0.05684, 0.02477, 0.02849, 0.12675, 0.03838, 0.18022, 0.11342, 0.02028, 0.18939, 0.00336, 0.21947, 0.07122, 0.06084, 0.10131, 0.00403, 0.00405]","[]","[]",19,0
2.5,96,"[0.00306, 0.00162, 0.0077, 0.03252, 0.10673, 0.00782, 0.01889, 0.03323, 0.03932, 0.01825, 0.0032, 0.04994, 0.00398, 0.02494, 0.05014, 0.12837, 0.03132, 0.02264, 0.17286, 0.00942, 0.05201, 0.09289, 0.01479, 0.25325, 0.01585, 0.02742, 0.00553, 0.06607, 0.07905, 0.01838, 0.02482, 0.04999, 0.36263, 0.01916, 0.03198, 0.00641, 0.05193]","[]","[]",37,0
2.5,97,"[0.00869, 0.04568, 0.00166, 0.02566, 0.01518, 0.08402, 0.01066, 0.0324, 0.03923]","[]","[]",9,0
2.5,98,"[0.0237, 0.01082, 0.08366, 0.01247, 0.00216, 0.15356, 0.00495, 0.10895, 0.07911]","[]","[]",9,0
2.5,99,"[0.00785, 0.03535, 0.00296, 0.00337, 0.03429, 0.05247, 0.02749, 0.04421]","[]","[]",8,0

