2.5,0,"[0.01608, 0.04955, 0.00096, 0.00224, 0.00271, 0.02269, 0.00499, 0.03222, 0.00748, 0.06299, 0.08664, 0.02301, 0.00667, 0.15763, 0.02383, 0.11506, 0.01946]","[]","[]",17,0
2.5,1,"[0.04823, 0.0055, 0.05521, 0.00212, 0.14275, 0.04413, 0.08893, 0.0795, 0.00257, 0.03638, 0.12731]","[]","[]",11,0
2.5,2,"[0.00135, 0.01638, 0.10287, 0.0305, 0.04411, 0.00563, 0.05256, 0.0175, 0.06995, 0.01162, 0.15968, 0.08776, 0.21818, 0.17209, 0.01004, 0.00674, 0.00339, 0.01728, 0.0281, 0.03975, 0.10934, 0.1021, 0.05846, 0.18679, 0.00405, 0.02857, 0.17624]","[]","[]",27,0
2.5,3,"[0.00057, 0.05414, 0.02326, 0.05944, 0.05344]","[]","[]",5,0
2.5,4,"[0.00817, 0.00066, 0.01633, 0.00108, 0.08189, 0.00371, 0.01972, 0.09607, 0.05824, 0.11088, 0.00309, 0.04422, 0.058, 0.06512, 0.0209, 0.13476, 0.09317, 0.04013, 0.06628, 0.00745, 0.15705, 0.0722]","[]","[]",22,0
2.5,5,"[0.01795, 0.04145, 0.03637]","[]","[]",3,0
2.5,6,"[0.0053, 0.00365, 0.00855, 0.00906, 0.0197, 0.00163, 0.09952, 0.07599, 0.01029, 0.12209, 0.01832, 0.08196, 0.20248, 0.00936, 0.04419]","[]","[]",15,0
2.5,7,"[0.03572, 0.03303, 0.01776, 0.04041, 0.00381, 0.0788, 0.0103, 0.10781]","[]","[]",8,0
2.5,8,"[0.00125, 0.00097, 0.00356, 0.07756, 0.04203, 0.0084, 0.01892]","[]","[]",7,0
2.5,9,"[0.05014, 0.02281, 0.04133, 0.0788, 0.08464, 0.02318, 0.0094, 0.13056, 0.12888, 0.05588, 0.0056, 0.04926]","[]","[]",12,0
2.5,10,"[0.0037, 0.06975, 0.00583, 0.005, 0.00416, 0.0021, 0.03781, 0.00489, 0.0881, 0.01113, 0.03154, 0.05166, 0.00741, 0.25447, 0.03677]","[]","[]",15,0
2.5,11,"[0.02099, 0.0612, 0.00155, 0.00432, 0.07043, 0.05792, 0.02445, 0.03004]","[]","[]",8,0
2.5,12,"[0.00799, 0.08387, 0.1064, 0.01344, 0.01175, 0.02408, 0.08947, 0.11467, 0.00274, 0.00555, 0.0229, 0.13621, 0.00599, 0.00932, 0.02523, 0.1081]","[]","[]",16,0
2.5,13,"[0.01188, 0.0172, 0.06045, 0.08184, 0.15299, 0.03279, 0.1432, 0.05183]","[]","[]",8,0
2.5,14,"[0.00092, 0.00362, 0.06811, 0.01871, 0.03172, 0.04264, 0.09067, 0.08412]","[]","[]",8,0
2.5,15,"[0.01737, 0.00742, 0.00558, 0.08379, 0.05215, 0.00773, 0.01493, 0.03994, 0.07894, 0.02839, 0.00776, 0.18179, 0.13114, 0.02233, 0.05722, 0.03978, 0.00337, 0.11415, 0.24172, 0.13719, 0.07249, 0.09934, 0.10013, 0.20052, 0.22251, 0.12155, 0.00444]","[]","[]",27,0
2.5,16,"[0.00605, 0.00124, 0.10213, 0.02542, 0.05978, 0.10416, 0.09899, 0.00411, 0.03188]","[]","[]",9,0
2.5,17,"[0.00584, 0.0009, 0.04993, 0.0237, 0.04816, 0.0774, 0.03626, 0.00355, 0.0324, 0.09915]","[]","[]",10,0
2.5,18,"[0.005, 0.06159, 0.02454, 0.01175, 0.00924, 0.09707, 0.12693, 0.04119, 0.08796, 0.03626, 0.12512, 0.0089, 0.06965]","[]","[]",13,0
2.5,19,"[0.04701, 0.01421, 0.01954, 0.06532, 0.08557, 0.01475, 0.00252, 0.16771, 0.00554, 0.00321, 0.02396, 0.03002]","[]","[]",12,0
2.5,20,"[0.00232, 0.00153, 0.02624, 0.00194, 0.09762, 0.13877, 0.14687, 0.02229, 0.08733, 0.04849, 0.07624, 0.10708, 0.12441, 0.17499, 0.05827, 0.09629, 0.02419, 0.17383, 0.03016, 0.21809, 0.07014]","[]","[]",21,0
2.5,21,"[0.02318, 0.01657, 0.061, 0.00714, 0.02733, 0.01696, 0.02839, 0.11582, 0.03229, 0.00216]","[]","[]",10,0
2.5,22,"[0.00978, 0.00702, 0.00434, 0.03264, 0.00686, 0.0597, 0.01926, 0.11468, 0.0579]","[]","[]",9,0
2.5,23,"[0.0042, 0.03003, 0.0389, 0.02399, 0.03265, 0.08113, 0.06259, 0.01349, 0.15433, 0.10023, 0.07777, 0.03004, 0.14846, 0.03727, 0.00275, 0.12132, 0.00829, 0.01108, 0.01771, 0.09253, 0.02454, 0.17554, 0.12532, 0.00631, 0.06919, 0.16085]","[]","[]",26,0
2.5,24,"[0.01219, 0.06342, 0.04406, 0.03881, 0.00176, 0.07968, 0.01582, 0.01734, 0.0372, 0.04857, 0.17409, 0.18369, 0.0877, 0.01467]","[]","[]",14,0
2.5,25,"[0.0014, 0.00178, 0.13424, 0.04619, 0.0179, 0.00265, 0.04428, 0.11351, 0.12687, 0.01387, 0.00745, 0.01976, 0.01603, 0.00863, 0.11266, 0.16513, 0.07532, 0.06526, 0.08174]","[]","[]",19,0
2.5,26,"[0.00906, 0.08399, 0.00995, 0.05516, 0.01983, 0.00876, 0.08131, 0.14481, 0.04372, 0.01212, 0.15401, 0.13766, 0.03648, 0.04235, 0.07412, 0.02939, 0.01964, 0.00699, 0.19447, 0.08538, 0.00357, 0.18405]","[]","[]",22,0
2.5,27,"[0.00129, 0.001, 0.05531, 0.09343, 0.00794, 0.02145, 0.13227, 0.00419, 0.0233, 0.04954, 0.14359, 0.01869, 0.00857, 0.00292, 0.00301, 0.00303, 0.01226, 0.01231, 0.05955]","[]","[]",19,0
2.5,28,"[0.01576, 0.06723, 0.00601, 0.07769, 0.0017, 0.02161, 0.02251, 0.00902, 0.13847, 0.04805, 0.04831]","[]","[]",11,0
2.5,29,"[0.00594, 0.00746, 0.01249, 0.01046, 0.01998, 0.08078, 0.0782, 0.13243, 0.16582, 0.0086, 0.12479, 0.00627, 0.19083, 0.15476, 0.01366, 0.04208]","[]","[]",16,0
2.5,30,"[0.051, 0.03331, 0.00281, 0.03461, 0.00451, 0.00187, 0.00205, 0.09005, 0.00252, 0.00776, 0.13726, 0.03577, 0.01973, 0.12491, 0.02576]","[]","[]",15,0
2.5,31,"[0.0322, 0.02598, 0.01776, 0.06404, 0.09873, 0.09998, 0.16739, 0.01445, 0.02913, 0.02628, 0.02695]","[]","[]",11,0
2.5,32,"[0.0042, 0.01635, 0.00383, 0.01896, 0.00406, 0.00202, 0.06263, 0.11927]","[]","[]",8,0
2.5,33,"[0.01627, 0.00084, 0.04454, 0.0114, 0.07418, 0.03411, 0.01172, 0.02356]","[]","[]",8,0
2.5,34,"[0.00454, 0.01407, 0.00468, 0.11325, 0.10155, 0.00552, 0.05704, 0.00232, 0.00233, 0.07319, 0.13482, 0.00267, 0.02413, 0.10855, 0.08177, 0.00576, 0.01247, 0.06896, 0.06083]","[]","[]",19,0
2.5,35,"[0.08256, 0.11701, 0.09759, 0.00482, 0.00276, 0.05612, 0.02976, 0.15672, 0.1253, 0.01389]","[]","[]",10,0
2.5,36,"[0.04992, 0.07362, 0.00401, 0.04094, 0.08016, 0.11587, 0.03502, 0.23843]","[]","[]",8,0
2.5,37,"[0.01192, 0.03506, 0.01734, 0.0518, 0.03683, 0.00133, 0.04701]","[]","[]",7,0
2.5,38,"[0.00056, 0.00058, 0.01303, 0.00415, 0.00166, 0.12367, 0.09142, 0.12882, 0.13542, 0.01967, 0.02478, 0.12876]","[]","[]",12,0
2.5,39,"[0.0341, 0.00998, 0.039, 0.07182, 0.00171, 0.01491, 0.00199, 0.07393, 0.07055, 0.14379, 0.04057, 0.01274, 0.0105, 0.14466, 0.02877, 0.05983, 0.03796]","[]","[]",17,0
2.5,40,"[0.03209, 0.03689, 0.04978, 0.03939, 0.07027, 0.01082, 0.098, 0.00301, 0.04221]","[]","[]",9,0
2.5,41,"[0.06206, 0.01871, 0.0035, 0.01121, 0.0194, 0.00907, 0.00258, 0.18452, 0.01101, 0.00326, 0.17672, 0.00335, 0.11758, 0.00715, 0.22399, 0.08727, 0.21997, 0.22618, 0.00382, 0.09736, 0.01225, 0.06782, 0.06086, 0.2504, 0.11608, 0.07634, 0.04071, 0.09563, 0.01845]","[]","[]",29,0
2.5,42,"[0.00209, 0.0248, 0.00845, 0.09465, 0.00659, 0.08468, 0.15192, 0.03437, 0.00229, 0.07323, 0.07244, 0.09858, 0.09444, 0.00513]","[]","[]",14,0
2.5,43,"[0.00076, 0.03382, 0.00756, 0.0205, 0.03771, 0.01425, 0.07115, 0.01021, 0.0107, 0.07138, 0.06518, 0.03655, 0.1582, 0.10198, 0.00489, 0.11084, 0.0159, 0.01074, 0.15909, 0.03288, 0.06342, 0.00625, 0.17907, 0.02555]","[]","[]",24,0
2.5,44,"[0.02444, 0.00338, 0.00484, 0.01337, 0.00153, 0.11415, 0.00217, 0.11346, 0.03434, 0.00246, 0.09592, 0.11967, 0.00577, 0.02618, 0.05142]","[]","[]",15,0
2.5,45,"[0.00376, 0.04871, 0.05596, 0.00938, 0.07115, 0.03117, 0.06946, 0.00732, 0.08136, 0.00245, 0.06318, 0.11844, 0.11897, 0.02955]","[]","[]",14,0
2.5,46,"[0.01386, 0.01973, 0.02106, 0.03413]","[]","[]",4,0
2.5,47,"[0.10374, 0.00662, 0.05673, 0.17701, 0.00534, 0.00852, 0.16855, 0.02907, 0.19672, 0.21188, 0.08672, 0.00737, 0.21875, 0.03132, 0.06705, 0.08416, 0.20486, 0.24452, 0.05947, 0.29141]","[]","[]",20,0
2.5,48,"[0.0174, 0.02093, 0.00084, 0.00372, 0.0476, 0.02591, 0.00855, 0.00428]","[]","[]",8,0
2.5,49,"[0.00696, 0.03017, 0.01477, 0.01543, 0.05624, 0.08863, 0.01418, 0.0519, 0.0445, 0.17342, 0.17625, 0.15958, 0.02749, 0.03987]","[]","[]",14,0
2.5,50,"[0.04998, 0.04181, 0.00371, 0.00936, 0.00398, 0.06162, 0.06447, 0.0081, 0.08982, 0.07107]","[]","[]",10,0
2.5,51,"[0.00552, 0.00994, 0.01988, 0.03153, 0.0007, 0.01253, 0.00809, 0.01022, 0.01937]","[]","[]",9,0
2.5,52,"[0.00133, 0.02061, 0.01813, 0.04529, 0.08129, 0.02584, 0.00165, 0.0077, 0.01817]","[]","[]",9,0
2.5,53,"[0.002, 0.0167, 0.00607, 0.02816, 0.00735, 0.03346, 0.11456, 0.08279, 0.00674, 0.118, 0.08617, 0.06177, 0.08284, 0.14475]","[]","[]",14,0
2.5,54,"[0.00207, 0.01151, 0.03694, 0.00125, 0.01747, 0.10627, 0.00189, 0.04965, 0.00201, 0.00206, 0.00218, 0.00532, 0.05233, 0.03514, 0.15923, 0.09228, 0.05924, 0.10424, 0.21799, 0.03759, 0.0973, 0.17452, 0.00771, 0.10819, 0.20493, 0.05272, 0.28518, 0.00424, 0.12143, 0.16571, 0.01312, 0.03609, 0.00904, 0.00454, 0.01385]","[]","[]",35,0
2.5,55,"[0.01844, 0.0414, 0.01117, 0.07368, 0.01657, 0.00212, 0.01489, 0.01002, 0.09374, 0.02072, 0.02446, 0.17208, 0.13936]","[]","[]",13,0
2.5,56,"[0.059, 0.00779, 0.07349, 0.07805, 0.0529, 0.12048, 0.01507, 0.00486, 0.14043, 0.04471, 0.05066]","[]","[]",11,0
2.5,57,"[0.02265, 0.00122, 0.05625, 0.10508, 0.01375, 0.15297, 0.10017, 0.00728, 0.16731, 0.1452, 0.0355, 0.02136, 0.04831, 0.03728, 0.00339, 0.09234, 0.03997, 0.21206, 0.20495]","[]","[]",19,0
2.5,58,"[0.04317, 0.06046, 0.00747, 0.08014, 0.01348, 0.09287, 0.03185, 0.01022, 0.00259, 0.08047]","[]","[]",10,0
2.5,59,"[0.00189, 0.01175, 0.01986, 0.00149, 0.0511, 0.0161, 0.01645, 0.05188, 0.10254, 0.05577]","[]","[]",10,0
2.5,60,"[0.00085, 0.05347, 0.00739, 0.02272, 0.03506, 0.06812, 0.04133, 0.02115, 0.01058, 0.04253]","[]","[]",10,0
2.5,61,"[0.00098, 0.07143, 0.00262, 0.05012, 0.00264, 0.017, 0.00307, 0.00466, 0.03264, 0.00327, 0.00823, 0.07025, 0.03518, 0.0289, 0.0275]","[]","[]",15,0
2.5,62,"[0.0578, 0.02414, 0.12178, 0.1013, 0.09357, 0.09599, 0.15281, 0.00527, 0.0417, 0.15285, 0.03027]","[]","[]",11,0
2.5,63,"[0.01756, 0.00892, 0.00172, 0.0152, 0.07677, 0.00412, 0.00866, 0.12425, 0.00241, 0.07107, 0.08634, 0.00522, 0.02357, 0.12982, 0.1433, 0.00324, 0.00655]","[]","[]",17,0
2.5,64,"[0.00019, 0.01185, 0.00247, 0.09362, 0.05469, 0.00638, 0.00464, 0.01508, 0.05098, 0.01535, 0.12543, 0.00516, 0.18051, 0.02214, 0.00861, 0.0925, 0.07867, 0.05961, 0.1196, 0.2208, 0.1126, 0.03783, 0.01393]","[]","[]",23,0
2.5,65,"[0.01678, 0.05832, 0.00774, 0.05091, 0.02971, 0.05263, 0.04028, 0.12446, 0.08241, 0.03684, 0.00265, 0.01328, 0.00281, 0.0494, 0.16282, 0.05641, 0.03277, 0.03961]","[]","[]",18,0
2.5,66,"[0.03909, 0.0834, 0.00847, 0.05176, 0.02838, 0.09715, 0.09341, 0.01544, 0.04108, 0.00242, 0.06802, 0.04423, 0.05276]","[]","[]",13,0
2.5,67,"[0.01108, 0.00108, 0.06772, 0.04326, 0.08502, 0.05281, 0.12675, 0.02787, 0.05437]","[]","[]",9,0
2.5,68,"[0.02807, 0.0524, 0.00332, 0.00225, 0.00463, 0.12305, 0.00737, 0.15555, 0.0026, 0.05015, 0.06955, 0.00275]","[]","[]",12,0
2.5,69,"[0.01702, 0.02208, 0.01205, 0.04938, 0.10229, 0.01419, 0.00356, 0.05171]","[]","[]",8,0
2.5,70,"[0.04503, 0.05316, 0.07811, 0.07885, 0.01672, 0.00279, 0.03862, 0.031]","[]","[]",8,0
2.5,71,"[0.03957, 0.01884, 0.03259, 0.03439, 0.00971, 0.08082, 0.00488, 0.16703, 0.01624, 0.05853, 0.01155, 0.00592, 0.05752, 0.20869, 0.01927, 0.06118, 0.16217, 0.07176]","[]","[]",18,0
2.5,72,"[0.00402, 0.00595, 0.00169, 0.10858, 0.1099, 0.00201, 0.02317, 0.10106, 0.00477, 0.10481, 0.02932, 0.02336, 0.08088, 0.01256, 0.16673, 0.1291, 0.00745, 0.22946, 0.01131, 0.00387, 0.0314, 0.00401, 0.0287]","[]","[]",23,0
2.5,73,"[0.00697, 0.02177, 0.01159, 0.04237, 0.11798, 0.00665, 0.07003, 0.03181, 0.12138, 0.01647]","[]","[]",10,0
2.5,74,"[0.00039, 0.02533, 0.001, 0.07283, 0.09254, 0.05775, 0.07665, 0.16919, 0.03019, 0.02572, 0.1886, 0.17092, 0.04372, 0.16852]","[]","[]",14,0
2.5,75,"[0.0504, 0.00093, 0.02531, 0.01291, 0.01388, 0.02196]","[]","[]",6,0
2.5,76,"[0.00432, 0.03068, 0.11986, 0.03202, 0.00524, 0.1056, 0.11287, 0.00301, 0.00347, 0.02546, 0.00746, 0.1006, 0.15154, 0.07056, 0.0264, 0.01332, 0.09197, 0.04605, 0.06506, 0.02803, 0.0149]","[]","[]",21,0
2.5,77,"[0.04778, 0.00536, 0.11537, 0.01987, 0.11569, 0.00862, 0.0093, 0.02174, 0.16314, 0.01089, 0.06806, 0.01195, 0.21777, 0.01336]","[]","[]",14,0
2.5,78,"[0.03907, 0.00191, 0.02329, 0.02607, 0.02932, 0.02389, 0.02071, 0.08933, 0.05244, 0.04074]","[]","[]",10,0
2.5,79,"[0.01594, 0.02119, 0.00966, 0.03819]","[]","[]",4,0
2.5,80,"[0.03594, 0.08006, 0.05839, 0.03833, 0.03339, 0.05723, 0.00245, 0.05359, 0.00297, 0.0239, 0.00323, 0.00329, 0.06785, 0.09572, 0.18238, 0.05671]","[]","[]",16,0
2.5,81,"[0.00036, 0.03313, 0.02894, 0.07352, 0.0499, 0.0118, 0.02205, 0.00224, 0.14342, 0.02413, 0.04896]","[]","[]",11,0
2.5,82,"[0.02057, 0.00116, 0.09037, 0.01901, 0.0295, 0.06194, 0.06791, 0.01768, 0.00248, 0.01509, 0.01668, 0.19164, 0.14186, 0.04169, 0.10647, 0.01974, 0.0682, 0.09013, 0.00356, 0.00362, 0.13842, 0.18963, 0.24813, 0.01162, 0.10473, 0.03232, 0.0206, 0.02886]","[]","[]",28,0
2.5,83,"[0.06819, 0.02619, 0.00582, 0.03859, 0.00898, 0.0098, 0.09088, 0.02428, 0.03319, 0.00477, 0.01436, 0.03253, 0.01779, 0.00529, 0.01935, 0.01693, 0.04908, 0.02934, 0.00328, 0.13169, 0.19108]","[]","[]",21,0
2.5,84,"[0.02173, 0.03377, 0.00793, 0.0484]","[]","[]",4,0
2.5,85,"[0.00955, 0.01231, 0.05927, 0.07671, 0.00683, 0.00315, 0.02934, 0.00217, 0.04006, 0.05801, 0.02258, 0.00961, 0.00533, 0.0422, 0.05199, 0.07007]","[]","[]",16,0
2.5,86,"[0.0073, 0.08531, 0.12267, 0.01656, 0.06661, 0.14291, 0.00781, 0.0055, 0.11986, 0.14349, 0.00891, 0.00621, 0.00636, 0.01027, 0.01725, 0.03129, 0.07347, 0.0337]","[]","[]",18,0
2.5,87,"[0.01846, 0.00832, 0.00606, 0.00107, 0.0045, 0.0025, 0.00303, 0.00199, 0.01244, 0.08938, 0.05088, 0.02494, 0.04856, 0.12428]","[]","[]",14,0
2.5,88,"[0.02764, 0.06217, 0.03372, 0.01476, 0.11914, 0.16808, 0.03082, 0.15091, 0.09249, 0.03344, 0.1282, 0.00369, 0.00395, 0.00404, 0.04867, 0.12603, 0.03672, 0.10639, 0.12914, 0.23357, 0.02678, 0.23437, 0.03672, 0.03702, 0.21435]","[]","[]",25,0
2.5,89,"[0.02719, 0.06882, 0.06209, 0.03378, 0.02004, 0.00338, 0.062, 0.00232, 0.03508, 0.04946, 0.10863, 0.06131, 0.06284]","[]","[]",13,0
2.5,90,"[0.00552, 0.00086, 0.01335, 0.07213, 0.04814, 0.01907, 0.03077]","[]","[]",7,0
2.5,91,"[0.01177, 0.06969, 0.01304, 0.0029, 0.01244, 0.00187, 0.04935, 0.03975, 0.01212, 0.11292, 0.16449, 0.02515, 0.0032, 0.12375, 0.11495, 0.01025, 0.13404, 0.04493, 0.01052, 0.025, 0.01879, 0.00782, 0.09014]","[]","[]",23,0
2.5,92,"[0.01349, 0.00086, 0.00318, 0.10765, 0.09261, 0.0694, 0.10284, 0.14335, 0.00547, 0.15897, 0.00592, 0.09654, 0.07386, 0.00341, 0.00684, 0.18649, 0.02139, 0.03617]","[]","[]",18,0
2.5,93,"[0.01585, 0.01697, 0.02022, 0.00344, 0.08228, 0.1311, 0.0714, 0.07851, 0.16677, 0.1019, 0.10299, 0.00274, 0.07949, 0.03307, 0.06097, 0.13728]","[]","[]",16,0
2.5,94,"[0.01517, 0.01976, 0.00116, 0.03184, 0.01926, 0.03532, 0.08991, 0.00546, 0.04584]","[]","[]",9,0
2.5,95,"[0.00219, 0.02209, 0.01868, 0.01095, 0.00141, 0.01215, 0.03842, 0.00708, 0.00532, 0.12139, 0.09148, 0.03772, 0.0019, 0.02063]","[]","[]",14,0
2.5,96,"[0.00128, 0.05522, 0.06271, 0.10824, 0.02117, 0.03934]","[]","[]",6,0
2.5,97,"[0.00193, 0.05777, 0.00208, 0.06246, 0.1269, 0.15541, 0.10886, 0.06143, 0.00282, 0.04795, 0.08418]","[]","[]",11,0
2.5,98,"[0.02863, 0.01243, 0.07324, 0.10646, 0.03366, 0.00399, 0.03601, 0.01291]","[]","[]",8,0
2.5,99,"[0.03484, 0.07688, 0.01363, 0.05858, 0.00949, 0.01737, 0.1405, 0.03232, 0.1906, 0.07472, 0.02931, 0.09506, 0.09306, 0.0099, 0.16433, 0.06118, 0.20275, 0.05222, 0.02143, 0.07115, 0.15577, 0.19031, 0.0091, 0.13921, 0.1324, 0.32653, 0.26526, 0.14986, 0.01456, 0.00493, 0.00498, 0.00502, 0.23309]","[]","[]",33,0

