2.5,0,"[0.01766, 0.0282, 0.04412, 0.03276, 0.08257, 0.03792]","[]","[]",6,0
2.5,1,"[0.00531, 0.00478, 0.01419, 0.0142, 0.00147, 0.0157, 0.00591, 0.12647, 0.00657, 0.10819, 0.00498, 0.16187, 0.05731, 0.00273, 0.0392, 0.06514]","[]","[]",16,0
2.5,2,"[0.01399, 0.00097, 0.00064, 0.01182, 0.05401, 0.04554, 0.00279, 0.0277, 0.11558, 0.02173, 0.02743, 0.01261, 0.07544, 0.02619, 0.0308, 0.094, 0.1713, 0.04033]","[]","[]",18,0
2.5,3,"[0.05496, 0.02722, 0.05473, 0.00614, 0.00908, 0.13316, 0.14449, 0.13613, 0.0628, 0.18089, 0.16011, 0.00314, 0.21645, 0.1871, 0.09216, 0.1653, 0.05439, 0.00366, 0.0114]","[]","[]",19,0
2.5,4,"[0.00472, 0.05791, 0.08056, 0.00198, 0.11146, 0.0042, 0.05518, 0.04044, 0.06277, 0.0367, 0.02742, 0.00251, 0.01886]","[]","[]",13,0
2.5,5,"[0.00498, 0.00197, 0.02267, 0.00792, 0.05492, 0.00151, 0.00528, 0.00179, 0.00738, 0.03722]","[]","[]",10,0
2.5,6,"[0.0015, 0.00933, 0.02296, 0.04689, 0.00268, 0.08899, 0.03622, 0.00166, 0.05939, 0.12792, 0.06483, 0.16162, 0.05864, 0.10422]","[]","[]",14,0
2.5,7,"[0.00712, 0.00171, 0.03402, 0.0472, 0.04014, 0.00498, 0.04393, 0.07915, 0.15393, 0.14289, 0.0024, 0.1837, 0.03546, 0.09558, 0.16559, 0.08926, 0.2076, 0.06854, 0.00999]","[]","[]",19,0
2.5,8,"[0.01738, 0.01124, 0.06795, 0.01389, 0.02974, 0.01517, 0.02058, 0.00623, 0.12901, 0.13989, 0.00328, 0.04342]","[]","[]",12,0
2.5,9,"[0.04714, 0.04124, 0.01412, 0.05439, 0.0788, 0.03039, 0.00196, 0.0654, 0.06653, 0.05557, 0.05348, 0.01305, 0.14914, 0.0027, 0.00867, 0.00318, 0.06019]","[]","[]",17,0
2.5,10,"[0.00026, 0.0353, 0.02668, 0.02054, 0.04909, 0.02414, 0.12463, 0.05769, 0.12947]","[]","[]",9,0
2.5,11,"[0.04171, 0.03615, 0.00617, 0.02893, 0.06754, 0.02182, 0.04733, 0.08704, 0.0903, 0.01561, 0.01615, 0.04707]","[]","[]",12,0
2.5,12,"[0.01681, 0.02076, 0.00499, 0.0218, 0.00115, 0.05611]","[]","[]",6,0
2.5,13,"[0.0126, 0.02916, 0.011, 0.01525, 0.04647, 0.11534, 0.10223, 0.03578, 0.1211, 0.19158, 0.00312]","[]","[]",11,0
2.5,14,"[0.00771, 0.04174, 0.0075, 0.009, 0.07321, 0.04255, 0.02535, 0.04484]","[]","[]",8,0
2.5,15,"[0.0007, 0.04804, 0.02074, 0.04191, 0.05116, 0.07737, 0.00758, 0.14974, 0.05535, 0.08243, 0.15748, 0.10228, 0.07332, 0.07796, 0.05854, 0.00849, 0.18944, 0.19396, 0.21342, 0.195, 0.08669, 0.01978, 0.17992, 0.08139, 0.0294]","[]","[]",25,0
2.5,16,"[0.00223, 0.04794, 0.02462, 0.04999, 0.01899, 0.09075, 0.01098, 0.00194, 0.07342, 0.03009, 0.00219, 0.14146, 0.09057, 0.08284, 0.15357, 0.13662, 0.00777, 0.08118, 0.09464]","[]","[]",19,0
2.5,17,"[0.01003, 0.05915, 0.01914, 0.00219, 0.12574, 0.11216, 0.00465, 0.12835, 0.11605, 0.03618, 0.00798, 0.06678, 0.01036]","[]","[]",13,0
2.5,18,"[0.02332, 0.01921, 0.06183, 0.09787, 0.04592, 0.00407, 0.00778, 0.12893, 0.01995, 0.0183, 0.04189]","[]","[]",11,0
2.5,19,"[0.02113, 0.01534, 0.04071, 0.05138, 0.06493, 0.11296, 0.0897, 0.04945, 0.18983, 0.09373, 0.08849, 0.05904, 0.10736, 0.04211, 0.1729, 0.00343, 0.21718, 0.08352, 0.13376, 0.26988, 0.00405, 0.24702, 0.04927]","[]","[]",23,0
2.5,20,"[0.02426, 0.05577, 0.10395, 0.03161, 0.00565, 0.02947, 0.1517, 0.02093, 0.01907, 0.00823, 0.19253, 0.00303, 0.18223, 0.06016, 0.12283, 0.00356, 0.24506, 0.15144, 0.0149, 0.05338, 0.00385, 0.10447, 0.07746, 0.01183, 0.24519, 0.00813, 0.11174, 0.00828, 0.13293, 0.1714, 0.26511, 0.0622, 0.13785, 0.20956, 0.00898, 0.02774]","[]","[]",36,0
2.5,21,"[0.01847, 0.0125, 0.03379, 0.02498, 0.02885, 0.11589, 0.01332, 0.07252, 0.00219, 0.08132]","[]","[]",10,0
2.5,22,"[0.05736, 0.01754, 0.00604, 0.01867, 0.00911, 0.09573, 0.04337, 0.03888, 0.01071, 0.07381, 0.05413, 0.14731, 0.035, 0.14406]","[]","[]",14,0
2.5,23,"[0.03472, 0.0036, 0.00576, 0.11754, 0.10929, 0.10577, 0.06481]","[]","[]",7,0
2.5,24,"[0.06277, 0.03794, 0.01422, 0.08806, 0.07111, 0.02961, 0.13696, 0.08885, 0.13067, 0.0403, 0.19473, 0.08689, 0.03225, 0.01997, 0.12604, 0.0035, 0.04173, 0.07691, 0.11779, 0.02805, 0.24459, 0.18031, 0.24768, 0.02758]","[]","[]",24,0
2.5,25,"[0.00779, 0.01297, 0.04986, 0.09214, 0.11594, 0.01532, 0.0541, 0.03232, 0.11436, 0.06717, 0.03248, 0.02509]","[]","[]",12,0
2.5,26,"[0.00351, 0.00623, 0.01233, 0.06372, 0.04266, 0.06334, 0.05032, 0.03277, 0.07587, 0.08877, 0.0592, 0.00263, 0.14005, 0.17907, 0.00598, 0.00916, 0.01856, 0.01574, 0.00677, 0.00341, 0.21468, 0.03654, 0.02583, 0.05094, 0.01963, 0.2123, 0.04357, 0.27358]","[]","[]",28,0
2.5,27,"[0.04322, 0.00313, 0.09882, 0.08389, 0.12712, 0.05772, 0.00452, 0.01951, 0.09978, 0.02555]","[]","[]",10,0
2.5,28,"[0.00101, 0.01172, 0.00273, 0.01096, 0.00788, 0.04475, 0.00205, 0.00835, 0.00873, 0.13929, 0.08679, 0.04974, 0.08287, 0.13099, 0.003, 0.20224, 0.10447, 0.15743, 0.00973, 0.02934]","[]","[]",20,0
2.5,29,"[0.00049, 0.00083, 0.03206, 0.05389, 0.04171, 0.03421, 0.08545, 0.01199, 0.04847, 0.11442, 0.06598]","[]","[]",11,0
2.5,30,"[0.03999, 0.01364, 0.00121, 0.03631, 0.01829, 0.04932, 0.08386, 0.0347, 0.0239, 0.00218, 0.05886]","[]","[]",11,0
2.5,31,"[0.01241, 0.02096, 0.02511, 0.07321, 0.06944, 0.04705, 0.05732]","[]","[]",7,0
2.5,32,"[0.00271, 0.03657, 0.08179, 0.00186, 0.12947, 0.01437, 0.00628, 0.09148, 0.04025, 0.05522]","[]","[]",10,0
2.5,33,"[0.01221, 0.00333, 0.04546, 0.01449, 0.03554, 0.09815, 0.11618, 0.13348, 0.00216, 0.00671, 0.00731, 0.00245, 0.00259, 0.01303, 0.07146, 0.17974, 0.00272, 0.0028, 0.10502, 0.03805, 0.11545, 0.16535, 0.1988, 0.01098, 0.03079]","[]","[]",25,0
2.5,34,"[0.01313, 0.01501, 0.06703, 0.00174, 0.00736, 0.03912, 0.02051]","[]","[]",7,0
2.5,35,"[0.01949, 0.01337, 0.06243, 0.04271, 0.02274, 0.06421, 0.01475, 0.15611, 0.00471, 0.0589, 0.15644, 0.03596, 0.13755, 0.0061, 0.05492]","[]","[]",15,0
2.5,36,"[0.00411, 0.00236, 0.04782, 0.00148, 0.04448, 0.04744, 0.10136, 0.12542, 0.01434, 0.00227, 0.12744, 0.18405, 0.13559, 0.01697, 0.06302, 0.10863, 0.0187, 0.00321, 0.02664]","[]","[]",19,0
2.5,37,"[0.01103, 0.02368, 0.04947, 0.00524, 0.08415, 0.06036, 0.06261, 0.00538, 0.08357, 0.07198, 0.13727, 0.00466, 0.14519, 0.07426, 0.13414, 0.089]","[]","[]",16,0
2.5,38,"[0.03558, 0.00831, 0.02732, 0.00157, 0.0423, 0.00367, 0.08979, 0.06425, 0.00774]","[]","[]",9,0
2.5,39,"[0.05042, 0.01431, 0.04422, 0.00131, 0.05295, 0.02895, 0.08183, 0.00945, 0.06299, 0.06279, 0.05297, 0.0532, 0.14639, 0.00577, 0.02651, 0.05988]","[]","[]",16,0
2.5,40,"[0.00166, 0.0172, 0.05471, 0.02524, 0.08159, 0.00925, 0.07779, 0.06622, 0.02871, 0.00242, 0.17375, 0.00782, 0.07316, 0.16693]","[]","[]",14,0
2.5,41,"[0.00038, 0.04028, 0.0101, 0.01295, 0.08628, 0.00695, 0.11518, 0.02659, 0.14589, 0.0637]","[]","[]",10,0
2.5,42,"[0.00036, 0.02094, 0.0007, 0.00646, 0.00549, 0.00255, 0.0596, 0.03803, 0.01516]","[]","[]",9,0
2.5,43,"[0.00137, 0.04717, 0.00095, 0.00198, 0.03616, 0.04375, 0.03782, 0.00128, 0.10536, 0.10018, 0.00579, 0.08208, 0.11275, 0.13067, 0.11532, 0.00256, 0.0732, 0.07292]","[]","[]",18,0
2.5,44,"[0.02795, 0.02576, 0.07294, 0.05055, 0.06194, 0.00379, 0.08192, 0.04109, 0.00489, 0.02937, 0.01922]","[]","[]",11,0
2.5,45,"[0.00933, 0.05643, 0.11347, 0.05279, 0.11935, 0.01984, 0.18275, 0.05331, 0.0067, 0.08557, 0.12234, 0.06011, 0.0266, 0.01176, 0.07616, 0.07255]","[]","[]",16,0
2.5,46,"[0.02836, 0.00333, 0.0771, 0.0469, 0.08193, 0.14481, 0.07757, 0.00522, 0.09562, 0.18208, 0.04752, 0.01708]","[]","[]",12,0
2.5,47,"[0.02064, 0.01125, 0.01823, 0.07233, 0.02461, 0.0036, 0.06861, 0.01028, 0.07227, 0.07845, 0.07225, 0.06619]","[]","[]",12,0
2.5,48,"[0.0062, 0.07055, 0.02064, 0.00135, 0.0209, 0.05646, 0.00198, 0.02135, 0.00249, 0.01318, 0.02494, 0.02536, 0.17196, 0.07307]","[]","[]",14,0
2.5,49,"[0.00158, 0.04985, 0.07272, 0.04702, 0.10722, 0.03054, 0.08127, 0.02033, 0.00669, 0.016]","[]","[]",10,0
2.5,50,"[0.00772, 0.018, 0.09861, 0.10028, 0.08372, 0.01876, 0.16365, 0.0112, 0.00865, 0.14584, 0.08593, 0.09436]","[]","[]",12,0
2.5,51,"[0.01586, 0.0381, 0.06481, 0.00488, 0.01204, 0.0313, 0.02049, 0.04184, 0.04485, 0.00486, 0.00505, 0.05452]","[]","[]",12,0
2.5,52,"[0.00078, 0.02598, 0.05249, 0.03828, 0.00295, 0.03954, 0.00174, 0.01398, 0.04272, 0.11995, 0.0283, 0.00437, 0.04662, 0.10064]","[]","[]",14,0
2.5,53,"[0.00255, 0.02405, 0.00231, 0.01212, 0.0592, 0.01543, 0.04859, 0.00447, 0.04484, 0.02276, 0.07616, 0.16877, 0.11065]","[]","[]",13,0
2.5,54,"[0.00745, 0.0172, 0.01802, 0.01125, 0.00899, 0.00461, 0.01166, 0.00265, 0.01383, 0.05606, 0.08017, 0.00326, 0.02018]","[]","[]",13,0
2.5,55,"[0.00982, 0.08807, 0.008, 0.02053, 0.01718, 0.02762, 0.08835]","[]","[]",7,0
2.5,56,"[0.00288, 0.00935, 0.01862, 0.03636, 0.07001, 0.02926, 0.06972, 0.05279, 0.08046, 0.0859, 0.05691, 0.01242, 0.17278, 0.0089, 0.14604, 0.01878, 0.0032, 0.00325, 0.0238, 0.21631, 0.01745, 0.21457, 0.27524, 0.03852]","[]","[]",24,0
2.5,57,"[0.00626, 0.00626, 0.02775, 0.12289, 0.02397, 0.16786, 0.03178, 0.03033, 0.01211, 0.14924, 0.08568]","[]","[]",11,0
2.5,58,"[0.03826, 0.00496, 0.0439, 0.01029, 0.0335, 0.00567, 0.00286, 0.01871, 0.01883, 0.14943, 0.0823, 0.2426, 0.06689, 0.17626, 0.15692, 0.02705, 0.24414, 0.18221, 0.00464, 0.09317]","[]","[]",20,0
2.5,59,"[0.10362, 0.0532, 0.06143, 0.05188, 0.16245, 0.04608, 0.04166, 0.00788, 0.02911, 0.00606, 0.21081, 0.00659, 0.03766, 0.0666]","[]","[]",14,0
2.5,60,"[0.03445, 0.00544, 0.02005, 0.00726, 0.07603, 0.09142, 0.03691, 0.02548, 0.01831, 0.00918, 0.03913, 0.00461, 0.0049]","[]","[]",13,0
2.5,61,"[0.04269, 0.00953, 0.00446, 0.01358, 0.08262, 0.08622, 0.00546, 0.00829, 0.0804]","[]","[]",9,0
2.5,62,"[0.01067, 0.00213, 0.03751, 0.04698, 0.00125, 0.09579, 0.03855, 0.12538, 0.05269, 0.09178, 0.02558, 0.14254, 0.09209, 0.0025, 0.00767, 0.10712, 0.00523, 0.08685]","[]","[]",18,0
2.5,63,"[0.00342, 0.00393, 0.0719, 0.0143, 0.02112, 0.01603, 0.10094, 0.11372, 0.10567, 0.0335, 0.08149]","[]","[]",11,0
2.5,64,"[0.04652, 0.05853, 0.02585, 0.00297, 0.10248, 0.01833, 0.05333, 0.08255, 0.00239, 0.01536, 0.05657, 0.10467, 0.04664, 0.01501, 0.00926]","[]","[]",15,0
2.5,65,"[0.04241, 0.03787, 0.01365, 0.06809, 0.00192, 0.00193, 0.027]","[]","[]",7,0
2.5,66,"[0.01055, 0.04466, 0.06505, 0.07588, 0.05008, 0.01543, 0.02703, 0.0523]","[]","[]",8,0
2.5,67,"[0.00071, 0.01218, 0.00409, 0.03851, 0.01594, 0.00213, 0.05279, 0.09196]","[]","[]",8,0
2.5,68,"[0.02656, 0.01921, 0.00894, 0.04305, 0.01031, 0.0628, 0.0026, 0.00269, 0.11696, 0.06074, 0.00631, 0.01354, 0.00351, 0.0843]","[]","[]",14,0
2.5,69,"[0.00765, 0.06988, 0.00856, 0.0606, 0.05194, 0.04643]","[]","[]",6,0
2.5,70,"[0.01374, 0.01511, 0.01602, 0.03954, 0.07637, 0.01264, 0.05343, 0.06031, 0.12577, 0.01526, 0.00729, 0.00856, 0.14691, 0.00911, 0.17022, 0.0189]","[]","[]",16,0
2.5,71,"[0.02915, 0.01111, 0.00099, 0.0368, 0.0068, 0.0324, 0.00249, 0.08542, 0.02081, 0.04789, 0.08998, 0.00982, 0.09897, 0.17299, 0.01188, 0.02979, 0.03963, 0.16604, 0.02179, 0.09841, 0.23055, 0.00352, 0.0364, 0.03738, 0.23275, 0.0039, 0.05472, 0.22305, 0.1159]","[]","[]",29,0
2.5,72,"[0.00595, 0.00194, 0.02363, 0.03695, 0.01739, 0.03043]","[]","[]",6,0
2.5,73,"[0.0295, 0.01915, 0.03743, 0.00919, 0.00692, 0.07914, 0.06138, 0.10214, 0.17068, 0.15611, 0.10138, 0.05021, 0.06361, 0.11389]","[]","[]",14,0
2.5,74,"[0.00196, 0.00508, 0.03264, 0.07539, 0.01304, 0.04329, 0.07068, 0.09188, 0.01753, 0.00226, 0.09454, 0.06416]","[]","[]",12,0
2.5,75,"[0.00653, 0.02731, 0.04279, 0.00677, 0.04188, 0.03042, 0.04463, 0.01126, 0.01135, 0.09287]","[]","[]",10,0
2.5,76,"[0.00134, 0.03524, 0.01609, 0.02236, 0.06788, 0.03942, 0.03781]","[]","[]",7,0
2.5,77,"[0.0082, 0.00125, 0.02147, 0.06999, 0.00179, 0.07199, 0.00216, 0.12411, 0.0552, 0.01747, 0.07957, 0.13118, 0.03193, 0.0496]","[]","[]",14,0
2.5,78,"[0.01618, 0.00307, 0.00134, 0.09211, 0.00588, 0.06093, 0.02591, 0.12909, 0.05711, 0.0368, 0.1658, 0.00315, 0.21309, 0.01653, 0.05036, 0.1736, 0.03276, 0.22566, 0.01488, 0.11914, 0.24956, 0.07299, 0.01925, 0.1651, 0.00407, 0.16305, 0.26429, 0.12405]","[]","[]",28,0
2.5,79,"[0.01003, 0.02681, 0.03942, 0.15763, 0.02225, 0.18224, 0.02281, 0.06583, 0.05047]","[]","[]",9,0
2.5,80,"[0.03219, 0.00163, 0.00367, 0.05412, 0.05019, 0.0663, 0.11964, 0.02701, 0.06258, 0.01081]","[]","[]",10,0
2.5,81,"[0.004, 0.0081, 0.0365, 0.00896, 0.01809, 0.10698, 0.00335, 0.01611, 0.03495, 0.00797, 0.06524]","[]","[]",11,0
2.5,82,"[0.02606, 0.04237, 0.0812, 0.13399, 0.03651, 0.00437, 0.00893, 0.03649, 0.11687, 0.17157, 0.08423, 0.02125]","[]","[]",12,0
2.5,83,"[0.00037, 0.05703, 0.0186, 0.04541, 0.00741, 0.00898, 0.01035, 0.00353, 0.03541, 0.01868]","[]","[]",10,0
2.5,84,"[0.008, 0.00266, 0.00385, 0.00648, 0.13029, 0.01634, 0.04963, 0.01461, 0.12055, 0.00301, 0.02449]","[]","[]",11,0
2.5,85,"[0.00272, 0.01674, 0.00126, 0.01431, 0.07626, 0.0056, 0.00208, 0.09456, 0.0103, 0.10577, 0.08066, 0.02695, 0.11326, 0.01854, 0.05337]","[]","[]",15,0
2.5,86,"[0.0175, 0.00117, 0.03239, 0.02238, 0.04939, 0.06571, 0.11758, 0.00614, 0.08367, 0.04497, 0.08551, 0.1824, 0.10804, 0.09658, 0.07474, 0.06758, 0.21374, 0.17815, 0.05386, 0.04777, 0.06781, 0.00379, 0.26555, 0.24661, 0.192, 0.14118, 0.22433, 0.01695]","[]","[]",28,0
2.5,87,"[0.02001, 0.02342, 0.00469, 0.02196, 0.0256, 0.02803, 0.06234, 0.02578]","[]","[]",8,0
2.5,88,"[0.00931, 0.03293, 0.04745, 0.10907, 0.10514, 0.00523, 0.066, 0.07549, 0.05562, 0.00243, 0.1512, 0.01234, 0.00524, 0.10492, 0.17935, 0.15651, 0.00599, 0.13251, 0.12456, 0.16759, 0.07181, 0.12946, 0.11142, 0.01357]","[]","[]",24,0
2.5,89,"[0.00167, 0.00695, 0.02561, 0.05257, 0.06261, 0.00895, 0.04081, 0.12177, 0.0606, 0.05187, 0.06262, 0.16265, 0.09376, 0.13965, 0.18948, 0.07235, 0.04459, 0.08785, 0.06023, 0.02025]","[]","[]",20,0
2.5,90,"[0.01474, 0.06968, 0.00636, 0.00383, 0.14036, 0.03419, 0.0092, 0.14341, 0.09969, 0.06935, 0.01343, 0.00833, 0.0258, 0.09736, 0.20505, 0.00322, 0.06287, 0.14011, 0.0035, 0.00362, 0.05708, 0.19495, 0.03321, 0.11679, 0.29141, 0.0881]","[]","[]",26,0
2.5,91,"[0.03572, 0.0085, 0.06134, 0.00132, 0.01304, 0.00655, 0.08633, 0.01292, 0.00582, 0.05306]","[]","[]",10,0
2.5,92,"[0.01207, 0.06399, 0.00106, 0.07436, 0.0148, 0.00915, 0.14148, 0.07223, 0.03232, 0.00596, 0.01342, 0.07863, 0.00348, 0.0974, 0.03589, 0.02875]","[]","[]",16,0
2.5,93,"[0.0069, 0.01875, 0.0687, 0.01998, 0.05666, 0.00198, 0.02278, 0.01268, 0.02318, 0.02343, 0.00263, 0.17339, 0.19993, 0.20728, 0.07461]","[]","[]",15,0
2.5,94,"[0.00934, 0.00952, 0.01907, 0.00755, 0.02004, 0.00189, 0.12087, 0.04187, 0.00507, 0.16832, 0.06938, 0.18988, 0.08589, 0.0707, 0.00635, 0.00359, 0.00369, 0.00377, 0.00392, 0.00394, 0.00873, 0.21813, 0.28152, 0.05263]","[]","[]",24,0
2.5,95,"[0.09439, 0.1068, 0.04175, 0.00884, 0.00672, 0.07277, 0.00737, 0.04432, 0.03867, 0.15871, 0.10769, 0.01641, 0.12146, 0.00899, 0.0091, 0.08992, 0.01354, 0.1605, 0.04173, 0.23963, 0.10799, 0.01666]","[]","[]",22,0
2.5,96,"[0.00631, 0.06029, 0.00176, 0.00177, 0.0658, 0.00578, 0.04294, 0.11691, 0.06825, 0.03418]","[]","[]",10,0
2.5,97,"[0.06315, 0.00922, 0.06186, 0.01981, 0.12187, 0.05744, 0.00224, 0.00522, 0.13669, 0.04851, 0.00271, 0.13218, 0.1179, 0.10818, 0.04376, 0.12493, 0.0711, 0.00337, 0.00358, 0.09658, 0.05008, 0.09954]","[]","[]",22,0
2.5,98,"[0.04499, 0.0375, 0.05946, 0.0101, 0.0077, 0.10075, 0.08401]","[]","[]",7,0
2.5,99,"[0.00455, 0.05015, 0.0076, 0.0013, 0.04225, 0.03465, 0.11941, 0.00396, 0.08884]","[]","[]",9,0

